1660000 567
1660010 563
1660020 563
1660030 560
1660040 570
1660050 570
1660060 573
1660070 578
1660080 578
1660090 583
1660100 586
1660110 590
1660120 590
1660130 599
1660140 596
1660150 596
1660160 607
1660170 610
1660180 610
1660190 614
1660200 618
1660210 618
1660220 605
1660230 609
1660240 613
1660250 613
1660260 617
1660270 620
1660280 620
1660290 623
1660300 627
1660310 627
1660320 631
1660330 649
1660340 649
1660350 652
1660360 654
1660370 654
1660380 643
1660390 646
1660400 649
1660410 649
1660420 651
1660430 651
1660440 651
1660450 651
1660460 650
1660470 650
1660480 650
1660490 649
1660500 649
1660510 648
1660520 647
1660530 647
1660540 646
1660550 645
1660560 644
1660570 644
1660580 642
1660590 640
1660600 640
1660610 639
1660620 637
1660630 637
1660640 635
1660650 633
1660660 633
1660670 630
1660680 628
1660690 628
1660700 625
1660710 622
1660720 619
1660730 619
1660740 617
1660750 615
1660760 615
1660770 613
1660780 611
1660790 611
1660800 610
1660810 627
1660820 627
1660830 632
1660840 627
1660850 627
1660860 627
1660870 623
1660880 620
1660890 620
1660900 617
1660910 611
1660920 611
1660930 607
1660940 607
1660950 607
1660960 606
1660970 604
1660980 604
1660990 600
1661000 598
1661010 598
1661020 590
1661030 586
1661040 580
1661050 580
1661060 567
1661070 547
1661080 547
1661090 575
1661100 579
1661110 579
1661120 581
1661130 587
1661140 587
1661150 589
1661160 594
1661170 594
1661180 604
1661190 609
1661200 609
1661210 609
1661220 611
1661230 610
1661240 610
1661250 616
1661260 623
1661270 623
1661280 624
1661290 625
1661300 625
1661310 626
1661320 629
1661330 636
1661340 636
1661350 640
1661360 636
1661370 636
1661380 638
1661390 644
1661400 644
1661410 648
1661420 654
1661430 654
1661440 655
1661450 657
1661460 657
1661470 659
1661480 662
1661490 663
1661500 663
1661510 661
1661520 661
1661530 661
1661540 657
1661550 656
1661560 656
1661570 655
1661580 655
1661590 655
1661600 656
1661610 652
1661620 652
1661630 633
1661640 633
1661650 634
1661660 634
1661670 634
1661680 635
1661690 635
1661700 649
1661710 661
1661720 661
1661730 651
1661740 665
1661750 665
1661760 664
1661770 665
1661780 665
1661790 664
1661800 649
1661810 664
1661820 664
1661830 677
1661840 679
1661850 679
1661860 682
1661870 681
1661880 681
1661890 684
1661900 682
1661910 682
1661920 679
1661930 680
1661940 680
1661950 683
1661960 678
1661970 680
1661980 680
1661990 675
1662000 674
1662010 674
1662020 672
1662030 675
1662040 675
1662050 671
1662060 673
1662070 673
1662080 673
1662090 674
1662100 674
1662110 675
1662120 673
1662130 676
1662140 676
1662150 677
1662160 677
1662170 677
1662180 679
1662190 679
1662200 679
1662210 681
1662220 680
1662230 680
1662240 680
1662250 678
1662260 678
1662270 675
1662280 675
1662290 670
1662300 670
1662310 670
1662320 667
1662330 667
1662340 666
1662350 659
1662360 659
1662370 659
1662380 658
1662390 658
1662400 653
1662410 648
1662420 648
1662430 647
1662440 643
1662450 637
1662460 637
1662470 634
1662480 628
1662490 628
1662500 625
1662510 620
1662520 620
1662530 614
1662540 612
1662550 612
1662560 607
1662570 600
1662580 599
1662590 599
1662600 593
1662610 590
1662620 590
1662630 588
1662640 583
1662650 583
1662660 569
1662670 567
1662680 567
1662690 568
1662700 562
1662710 562
1662720 554
1662730 548
1662740 556
1662750 556
1662760 552
1662770 545
1662780 545
1662790 545
1662800 541
1662810 541
1662820 540
1662830 542
1662840 542
1662850 533
1662860 522
1662870 522
1662880 518
1662890 517
1662900 516
1662910 516
1662920 513
1662930 511
1662940 511
1662950 516
1662960 517
1662970 517
1662980 516
1662990 510
1663000 510
1663010 514
1663020 513
1663030 513
1663040 509
1663050 518
1663060 521
1663070 520
1663080 521
1663090 514
1663100 514
1663110 503
1663120 522
1663130 522
1663140 522
1663150 524
1663160 524
1663170 526
1663180 524
1663190 524
1663200 523
1663210 520
1663220 518
1663230 518
1663240 517
1663250 514
1663260 514
1663270 513
1663280 509
1663290 509
1663300 506
1663310 503
1663320 503
1663330 498
1663340 492
1663350 492
1663360 487
1663370 467
1663380 465
1663390 465
1663400 462
1663410 461
1663420 461
1663430 474
1663440 475
1663450 475
1663460 472
1663470 472
1663480 472
1663490 467
1663500 448
1663510 448
1666630 339
1666640 339
1666650 339
1666660 339
1666670 339
1666680 339
1666690 339
1666700 356
1666710 358
1666720 358
1666730 348
1666740 348
1666750 348
1666760 366
1666770 373
1666780 373
1666790 377
1666800 378
1666810 387
1666820 387
1666830 392
1666840 385
1666850 385
1666860 391
1666870 415
1666880 415
1666890 418
1666900 425
1666910 425
1666920 413
1666930 405
1666940 405
1666950 406
1666960 407
1666970 407
1666980 407
1666990 408
1667000 409
1667010 409
1667020 409
1667030 410
1667040 410
1667050 410
1667060 411
1667070 411
1667080 411
1667090 412
1667100 412
1667110 431
1667120 434
1667130 419
1667140 419
1667150 418
1667160 431
1667170 431
1667180 434
1667190 441
1667200 441
1667210 445
1667220 427
1667230 427
1667240 434
1667250 454
1667260 458
1667270 458
1667280 460
1667290 466
1667300 466
1667310 475
1667320 479
1667330 479
1667340 492
1667350 500
1667360 500
1667370 509
1667380 514
1667390 514
1667400 517
1667410 518
1667420 527
1667430 527
1667440 532
1667450 539
1667460 539
1667470 537
1667480 543
1667490 543
1667500 547
1667510 549
1667520 549
1667530 559
1667540 564
1667550 564
1667560 570
1667570 570
1667580 577
1667590 577
1667600 581
1667610 588
1667620 588
1667630 589
1667640 591
1667650 591
1667660 591
1667670 590
1667680 590
1667690 587
1667700 587
1667710 587
1667720 589
1667730 587
1667740 595
1667750 595
1667760 609
1667770 609
1667780 609
1667790 603
1667800 599
1667810 599
1667820 629
1667830 628
1667840 628
1667850 630
1667860 630
1667870 630
1667880 630
1667890 635
1667900 637
1667910 637
1667920 641
1667930 643
1667940 643
1667950 646
1667960 647
1667970 647
1667980 647
1667990 653
1668000 653
1668010 656
1668020 660
1668030 660
1668040 662
1668050 666
1668060 670
1668070 670
1668080 674
1668090 677
1668100 677
1668110 677
1668120 687
1668130 687
1668140 686
1668150 686
1668160 686
1668170 690
1668180 693
1668190 693
1668200 698
1668210 699
1668220 701
1668230 701
1668240 704
1668250 705
1668260 705
1668270 708
1668280 709
1668290 709
1668300 713
1668310 715
1668320 715
1668330 717
1668340 718
1668350 718
1668360 720
1668370 722
1668380 725
1668390 725
1668400 729
1668410 723
1668420 723
1668430 732
1668440 732
1668450 732
1668460 731
1668470 732
1668480 732
1668490 730
1668500 727
1668510 722
1668520 722
1668530 716
1668540 711
1668550 711
1668560 704
1668570 679
1668580 679
1668590 679
1668600 674
1668610 671
1668620 671
1668630 674
1668640 680
1668650 680
1668660 668
1668670 662
1668680 660
1668690 660
1668700 657
1668710 656
1668720 656
1668730 654
1668740 651
1668750 651
1668760 648
1668770 646
1668780 646
1668790 643
1668800 640
1668810 640
1668820 638
1668830 636
1668840 634
1668850 634
1668860 632
1668870 631
1668880 631
1668890 629
1668900 628
1668910 628
1668920 626
1668930 624
1668940 624
1668950 621
1668960 619
1668970 619
1668980 629
1668990 633
1669000 632
1669010 632
1669020 629
1669030 616
1669040 616
1669050 614
1669060 609
1669070 609
1669080 621
1669090 629
1669100 629
1669110 620
1669120 618
1669130 618
1669140 616
1669150 598
1669160 586
1669170 586
1669180 585
1669190 584
1669200 584
1669210 584
1669220 584
1669230 584
1669240 599
1669250 607
1669260 607
1669270 610
1669280 606
1669290 606
1669300 603
1669310 601
1669320 597
1669330 597
1669340 592
1669350 579
1669360 579
1669370 564
1669380 562
1669390 562
1669400 574
1669410 568
1669420 568
1669430 560
1669440 556
1669450 556
