1660000 570
1660010 570
1660020 573
1660030 576
1660040 579
1660050 579
1660060 582
1660070 586
1660080 586
1660090 588
1660100 591
1660110 591
1660120 595
1660130 597
1660140 597
1660150 600
1660160 602
1660170 602
1660180 608
1660190 610
1660200 616
1660210 616
1660220 627
1660230 624
1660240 624
1660250 627
1660260 632
1660270 632
1660280 635
1660290 639
1660300 639
1660310 643
1660320 645
1660330 645
1660340 652
1660350 652
1660360 644
1660370 644
1660380 653
1660390 653
1660400 653
1660410 651
1660420 647
1660430 647
1660440 647
1660450 647
1660460 647
1660470 660
1660480 654
1660490 654
1660500 655
1660510 655
1660520 648
1660530 648
1660540 656
1660550 658
1660560 658
1660570 660
1660580 660
1660590 660
1660600 653
1660610 640
1660620 640
1660630 640
1660640 650
1660650 650
1660660 644
1660670 639
1660680 615
1660690 615
1660700 612
1660710 609
1660720 609
1660730 606
1660740 609
1660750 609
1660760 601
1660770 599
1660780 599
1660790 602
1660800 620
1660810 620
1660820 620
1660830 619
1660840 615
1660850 615
1660860 610
1660870 588
1660880 588
1660890 605
1660900 612
1660910 612
1660920 609
1660930 606
1660940 606
1660950 597
1660960 593
1660970 590
1660980 590
1660990 586
1661000 580
1661010 580
1661020 580
1661030 576
1661040 576
1661050 570
1661060 573
1661070 573
1661080 573
1661090 565
1661100 565
1661110 560
1661120 556
1661130 564
1661140 564
1661150 577
1661160 585
1661170 585
1661180 595
1661190 595
1661200 595
1661210 598
1661220 599
1661230 599
1661240 604
1661250 609
1661260 609
1661270 609
1661280 616
1661290 618
1661300 618
1661310 617
1661320 617
1661330 617
1661340 619
1661350 623
1661360 623
1661370 629
1661380 629
1661390 629
1661400 622
1661410 632
1661420 632
1661430 632
1661440 635
1661450 640
1661460 640
1661470 640
1661480 639
1661490 639
1661500 638
1661510 616
1661520 616
1661530 616
1661540 616
1661550 616
1661560 616
1661570 619
1661580 619
1661590 620
1661600 621
1661610 612
1661620 612
1661630 612
1661640 612
1661650 610
1661660 611
1661670 611
1661680 611
1661690 611
1661700 617
1661710 617
1661720 618
1661730 614
1661740 614
1661750 623
1661760 622
1661770 621
1661780 621
1661790 620
1661800 618
1661810 618
1661820 619
1661830 615
1661840 615
1661850 613
1661860 614
1661870 614
1661880 615
1661890 613
1661900 613
1661910 613
1661920 629
1661930 632
1661940 632
1661950 625
1661960 611
1661970 611
1661980 611
1661990 610
1662000 610
1662010 609
1662020 608
1662030 608
1662040 608
1662050 608
1662060 610
1662070 610
1662080 623
1662090 638
1662100 638
1662110 643
1662120 643
1662130 643
1662140 627
1662150 628
1662160 628
1662170 630
1662180 629
1662190 629
1662200 629
1662210 630
1662220 654
1662230 654
1662240 656
1662250 656
1662260 656
1662270 655
1662280 653
1662290 653
1662300 655
1662310 654
1662320 654
1662330 652
1662340 650
1662350 650
1662360 648
1662370 643
1662380 643
1662390 643
1662400 643
1662410 640
1662420 640
1662430 636
1662440 635
1662450 635
1662460 630
1662470 627
1662480 627
1662490 621
1662500 621
1662510 621
1662520 617
1662530 611
1662540 607
1662550 607
1662560 600
1662570 595
1662580 595
1662590 590
1662600 586
1662610 586
1662620 580
1662630 572
1662640 572
1662650 561
1662660 556
1662670 556
1662680 547
1662690 539
1662700 545
1662710 545
1662720 547
1662730 546
1662740 546
1662750 536
1662760 531
1662770 531
1662780 532
1662790 528
1662800 528
1662810 522
1662820 520
1662830 520
1662840 518
1662850 514
1662860 512
1662870 512
1662880 509
1662890 506
1662900 506
1662910 501
1662920 500
1662930 500
1662940 500
1662950 497
1662960 497
1662970 474
1662980 490
1662990 490
1663000 491
1663010 489
1663020 469
1663030 469
1663040 469
1663050 468
1663060 468
1663070 468
1663080 467
1663090 465
1663100 464
1663110 464
1663120 464
1663130 491
1663140 491
1663150 491
1663160 471
1663170 460
1663180 459
1663190 459
1663200 459
1663210 457
1663220 457
1663230 457
1663240 456
1663250 456
1663260 455
1663270 454
1663280 454
1663290 452
1663300 450
1663310 448
1663320 448
1663330 452
1663340 447
1663350 447
1663360 443
1663370 442
1663380 442
1663390 440
1663400 438
1663410 438
1663420 439
1663430 438
1663440 438
1663450 436
1663460 434
1663470 433
1663480 433
1663490 433
1663500 432
1663510 432
1663520 431
1663530 430
1663540 430
1663550 430
1663560 429
1663570 429
1663580 429
1663590 435
1663600 435
1663610 427
1663620 427
1663630 427
1663640 427
1663650 427
1663660 427
1663670 427
1663680 427
1666560 339
1666570 339
1666580 339
1666590 339
1666600 339
1666610 339
1666620 339
1666630 358
1666640 361
1666650 361
1666660 355
1666670 347
1666680 347
1666690 348
1666700 374
1666710 374
1666720 378
1666730 380
1666740 380
1666750 386
1666760 386
1666770 401
1666780 401
1666790 403
1666800 404
1666810 404
1666820 404
1666830 409
1666840 409
1666850 414
1666860 418
1666870 418
1666880 422
1666890 413
1666900 405
1666910 405
1666920 406
1666930 407
1666940 407
1666950 407
1666960 408
1666970 408
1666980 408
1666990 409
1667000 409
1667010 410
1667020 410
1667030 410
1667040 411
1667050 412
1667060 413
1667070 413
1667080 414
1667090 415
1667100 415
1667110 416
1667120 417
1667130 417
1667140 427
1667150 423
1667160 423
1667170 422
1667180 430
1667190 430
1667200 457
1667210 463
1667220 474
1667230 474
1667240 476
1667250 482
1667260 482
1667270 487
1667280 489
1667290 489
1667300 488
1667310 476
1667320 477
1667330 479
1667340 460
1667350 460
1667360 483
1667370 498
1667380 502
1667390 502
1667400 508
1667410 510
1667420 510
1667430 517
1667440 522
1667450 522
1667460 523
1667470 525
1667480 525
1667490 515
1667500 506
1667510 506
1667520 508
1667530 517
1667540 517
1667550 517
1667560 521
1667570 519
1667580 519
1667590 526
1667600 537
1667610 537
1667620 544
1667630 550
1667640 550
1667650 581
1667660 581
1667670 581
1667680 589
1667690 596
1667700 600
1667710 600
1667720 600
1667730 613
1667740 613
1667750 615
1667760 620
1667770 620
1667780 617
1667790 620
1667800 620
1667810 624
1667820 620
1667830 620
1667840 625
1667850 622
1667860 627
1667870 627
1667880 627
1667890 635
1667900 635
1667910 637
1667920 640
1667930 640
1667940 644
1667950 643
1667960 643
1667970 648
1667980 651
1667990 651
1668000 651
1668010 650
1668020 662
1668030 662
1668040 667
1668050 664
1668060 664
1668070 665
1668080 677
1668090 677
1668100 681
1668110 686
1668120 686
1668130 689
1668140 691
1668150 698
1668160 698
1668170 701
1668180 702
1668190 702
1668200 706
1668210 712
1668220 712
1668230 713
1668240 712
1668250 712
1668260 715
1668270 720
1668280 720
1668290 719
1668300 726
1668310 728
1668320 728
1668330 729
1668340 732
1668350 732
1668360 735
1668370 736
1668380 736
1668390 722
1668400 719
1668410 719
1668420 720
1668430 720
1668440 720
1668450 741
1668460 747
1668470 745
1668480 745
1668490 742
1668500 733
1668510 733
1668520 722
1668530 709
1668540 709
1668550 697
1668560 701
1668570 701
1668580 695
1668590 695
1668600 693
1668610 693
1668620 689
1668630 689
1668640 688
1668650 688
1668660 692
1668670 695
1668680 695
1668690 682
1668700 690
1668710 690
1668720 695
1668730 680
1668740 680
1668750 672
1668760 670
1668770 670
1668780 667
1668790 663
1668800 660
1668810 660
1668820 658
1668830 656
1668840 656
1668850 655
1668860 653
1668870 653
1668880 652
1668890 650
1668900 650
1668910 656
1668920 650
1668930 650
1668940 649
1668950 649
1668960 654
1668970 654
1668980 656
1668990 653
1669000 653
1669010 652
1669020 654
1669030 654
1669040 643
1669050 642
1669060 642
1669070 660
1669080 669
1669090 669
1669100 665
1669110 668
1669120 669
1669130 669
1669140 658
1669150 659
1669160 659
1669170 658
1669180 659
1669190 659
1669200 650
1669210 647
1669220 647
1669230 647
1669240 649
1669250 649
1669260 657
1669270 657
1669280 652
1669290 652
1669300 651
1669310 648
1669320 648
1669330 646
1669340 645
1669350 645
1669360 637
1669370 634
1669380 634
1669390 634
1669400 635
1669410 631
1669420 635
1669430 638
1669440 625
1669450 625
1669460 627
1669470 617
1669480 617
1669490 614
1669500 612
1669510 612
1669520 612
1669530 610
1669540 610
1669550 609
1669560 604
1669570 592
1669580 592
1669590 594
1669600 595
1669610 595
1669620 595
1669630 584
1669640 584
