1675640 1003
1675650 1003
1675660 996
1675670 989
1675680 989
1675690 982
1675700 978
1675710 978
1675720 972
1675730 967
1675740 967
1675750 964
1675760 960
1675770 958
1675780 958
1675790 955
1675800 953
1675810 953
1675820 951
1675830 949
1675840 949
1675850 945
1675860 940
1675870 940
1675880 936
1675890 931
1675900 931
1675910 928
1675920 928
1675930 926
1675940 926
1675950 921
1675960 917
1675970 917
1675980 916
1675990 912
1676000 912
1676010 909
1676020 908
1676030 908
1676040 907
1676050 905
1676060 905
1676070 905
1676080 905
1676090 905
1676100 905
1676110 903
1676120 902
1676130 902
1676140 901
1676150 895
1676160 895
1676170 890
1676180 887
1676190 887
1676200 886
1676210 883
1676220 883
1676230 881
1676240 877
1676250 871
1676260 871
1676270 868
1676280 864
1676290 864
1676300 861
1676310 858
1676320 858
1676330 858
1676340 856
1676350 856
1676360 853
1676370 847
1676380 847
1676390 839
1676400 830
1676410 821
1676420 821
1676430 813
1676440 804
1676450 804
1676460 800
1676470 794
1676480 794
1676490 790
1676500 784
1676510 784
1676520 774
1676530 772
1676540 772
1676550 768
1676560 764
1676570 761
1676580 761
1676590 760
1676600 758
1676610 758
1676620 757
1676630 754
1676640 754
1676650 751
1676660 747
1676670 747
1676680 744
1676690 740
1676700 740
1676710 735
1676720 732
1676730 728
1676740 728
1676750 723
1676760 717
1676770 717
1676780 710
1676790 706
1676800 706
1676810 704
1676820 701
1676830 701
1676840 701
1676850 699
1676860 699
1676870 699
1676880 698
1676890 698
1676900 698
1676910 698
1676920 698
1676930 698
1676940 697
1676950 696
1676960 696
1676970 689
1676980 678
1676990 678
1677000 671
1677010 665
1677020 665
1677030 657
1677040 649
1677050 642
1677060 642
1677070 639
1677080 632
1677090 632
1677100 626
1677110 618
1677120 618
1677130 612
1677140 606
1677150 606
1677160 607
1677170 612
1677180 612
1677190 619
1677200 628
1677210 636
1677220 636
1677230 644
1677240 647
1677250 647
1677260 650
1677270 651
1677280 651
1677290 652
1677300 653
1677310 653
1677320 654
1677330 653
1677340 653
1677350 653
1677360 655
1677370 653
1677380 653
1677390 656
1677400 659
1677410 659
1677420 662
1677430 664
1677440 664
1677450 666
1677460 670
1677470 670
1677480 675
1677490 675
1677500 675
1677510 677
1677520 678
1677530 682
1677540 682
1677550 682
1677560 688
1677570 688
1677580 695
1677590 707
1677600 707
1677610 721
1677620 732
1677630 732
1677640 740
1677650 742
1677660 736
1677670 736
1677680 730
1677690 724
1677700 724
1677710 718
1677720 712
1677730 712
1677740 706
1677750 703
1677760 703
1677770 697
1677780 694
1677790 694
1677800 690
1677810 688
1677820 684
1677830 684
1677840 678
1677850 687
1677860 687
1677870 696
1677880 705
1677890 705
1677900 711
1677910 718
1677920 718
1677930 726
1677940 733
1677950 733
1677960 741
1677970 749
1677980 756
1677990 756
1678000 765
1678010 773
1678020 773
1678030 781
1678040 789
1678050 789
1678060 798
1678070 807
1678080 807
1678090 815
1678100 823
1678110 823
1678120 831
1678130 838
1678140 845
1678150 845
1678160 853
1678170 859
1678180 859
1678190 866
1678200 872
1678210 872
1678220 876
1678230 880
1678240 880
1678250 881
1678260 881
1678270 881
1678280 882
1678290 882
1678300 881
1678310 881
1678320 880
1678330 879
1678340 879
1678350 878
1678360 880
1678370 880
1678380 880
1678390 881
1678400 881
1678410 882
1678420 881
1678430 881
1678440 881
1678450 883
1678460 885
1678470 885
1678480 888
1678490 890
1678500 890
1678510 892
1678520 895
1678530 895
1678540 898
1678550 905
1678560 905
1678570 911
1678580 914
1678590 914
1678600 920
1678610 924
1678620 929
1678630 929
1678640 933
1678650 937
1678660 937
1678670 942
1678680 946
1678690 946
1678700 950
1678710 954
1678720 954
1678730 957
1678740 959
1678750 959
1678760 960
1678770 960
1678780 961
1678790 961
1678800 961
1678810 960
1678820 960
1678830 957
1678840 956
1678850 956
1678860 955
1678870 951
1678880 951
1678890 947
1678900 946
1678910 946
1678920 948
1678930 950
1678940 951
1678950 951
1678960 953
1678970 955
1678980 955
1678990 955
1679000 955
1679010 955
1679020 954
1679030 953
1679040 953
1679050 951
1679060 950
1679070 950
1679080 950
1679090 951
1679100 954
1679110 954
1679120 955
1679130 958
1679140 958
1679150 961
1679160 967
1679170 967
1679180 970
1679190 972
1679200 972
1679210 975
1679220 977
1679230 977
1679240 979
1679250 980
1679260 981
1679270 981
1679280 982
1679290 983
1679300 983
1679310 984
1679320 985
1679330 985
1679340 986
1679350 987
1679360 987
1679370 989
1679380 990
1679390 990
1679400 991
1679410 991
1679420 994
1679430 994
1679440 998
1679450 1001
1679460 1001
1679470 996
1679480 993
1679490 993
1679500 990
1679510 985
1679520 985
1679530 980
1679540 975
1679550 975
1679560 970
1679570 965
1679580 960
1679590 960
1679600 956
1679610 953
1679620 953
1679630 951
1679640 950
1679650 950
1679660 949
1679670 949
1679680 949
1679690 948
1679700 948
1679710 948
1679720 947
1679730 947
1679740 947
1679750 947
1679760 946
1679770 947
1679780 947
1679790 948
1679800 948
1679810 948
1679820 949
1679830 949
1679840 949
1679850 948
1679860 945
1679870 945
1679880 941
1679890 935
1679900 929
1679910 929
1679920 923
1679930 915
1679940 915
1679950 908
1679960 902
1679970 902
1679980 895
1679990 890
1660000 660
1660010 665
1660020 665
1660030 668
1660040 671
1660050 671
1660060 699
1660070 705
1660080 705
1660090 710
1660100 710
1660110 710
1660120 715
1660130 717
1660140 729
1660150 729
1660160 734
1660170 740
1660180 740
1660190 736
1660200 738
1660210 738
1660220 750
1660230 760
1660240 760
1660250 768
1660260 770
1660270 770
1660280 775
1660290 780
1660300 787
1660310 787
1660320 791
1660330 788
1660340 788
1660350 783
1660360 805
1660370 805
1660380 809
1660390 811
1660400 811
1660410 814
1660420 813
1660430 813
1660440 813
1660450 810
1660460 802
1660470 802
1660480 797
1660490 790
1660500 790
1660510 787
1660520 782
1660530 782
1660540 778
1660550 773
1660560 773
1660570 769
1660580 764
1660590 760
1660600 760
1660610 754
1660620 748
1660630 748
1660640 743
1660650 740
1660660 740
1660670 736
1660680 729
1660690 729
1660700 723
1660710 722
1660720 722
1660730 709
1660740 705
1660750 695
1660760 695
1660770 683
1660780 689
1660790 689
1660800 673
1660810 686
1660820 686
1660830 683
1660840 678
1660850 678
1660860 659
1660870 658
1660880 658
1660890 663
1660900 670
1660910 667
1660920 667
1660930 667
1660940 647
1660950 647
1660960 659
1660970 661
1660980 661
1660990 659
1661000 653
1661010 653
1661020 647
1661030 650
1661040 650
1661050 650
1661060 649
1661070 645
1661080 645
1661090 642
1661100 642
1661110 642
1661120 638
1661130 631
1661140 631
1661150 625
1661160 613
1661170 613
1661180 600
1661190 613
1661200 613
1661210 615
1661220 613
1661230 612
1661240 612
1661250 611
1661260 614
1661270 614
1661280 614
1661290 613
1661300 613
1661310 611
1661320 607
1661330 607
1661340 604
1661350 602
1661360 602
1661370 599
1661380 594
1661390 586
1661400 586
1661410 586
1661420 579
1661430 579
1661440 576
1661450 569
1661460 569
1661470 559
1661480 551
1661490 551
1661500 531
1661510 547
1661520 547
1661530 556
1661540 561
1661550 571
1661560 571
1661570 567
1661580 566
1661590 566
1661600 562
1661610 563
1661620 563
1661630 565
1661640 566
1661650 566
1661660 568
1661670 563
1661680 563
1661690 563
1661700 566
1661710 569
1661720 569
1661730 570
1661740 574
1661750 574
1661760 574
1661770 573
1661780 573
1661790 573
1661800 583
1661810 583
1661820 575
1661830 580
1661840 580
1661850 583
1661860 580
1661870 579
1661880 579
1661890 570
1661900 573
1661910 573
1661920 562
1661930 561
1661940 561
1661950 553
1661960 561
1661970 561
1661980 559
1661990 543
1662000 558
1662010 558
1662020 558
1662030 551
1662040 551
1662050 549
1662060 546
1662070 546
1662080 544
1662090 544
1662100 544
1662110 544
1662120 544
1662130 544
1662140 540
1662150 532
1662160 536
1662170 536
1662180 534
1662190 531
1662200 531
1662210 528
1662220 528
1662230 528
1662240 529
1662250 527
1662260 527
1662270 523
1662280 524
1662290 524
1662300 522
1662310 523
1662320 523
1662330 523
1662340 524
1662350 520
1662360 520
1662370 500
1662380 516
1662390 516
1662400 528
1662410 531
1662420 531
1662430 526
1662440 532
1662450 532
1662460 532
1662470 526
1662480 522
1662490 522
1662500 515
1662510 516
1662520 516
1662530 514
1662540 514
1662550 514
1662560 517
1662570 512
1662580 512
1662590 508
1662600 507
1662610 507
1662620 505
1662630 503
1662640 491
1662650 491
1662660 494
1662670 496
1662680 496
1662690 487
1662700 485
1662710 485
1662720 485
1662730 481
1662740 481
1662750 468
1662760 457
1662770 457
1662780 457
1662790 457
1662800 457
1662810 457
1662820 456
1662830 454
1662840 454
1662850 453
1662860 451
1662870 451
1662880 449
1662890 448
1662900 448
1662910 446
1662920 448
1662930 448
1662940 445
1662950 442
1662960 443
1662970 443
1662980 436
1662990 435
1663000 435
1663010 432
1663020 431
1663030 431
1663040 430
1663050 430
1663060 430
1663070 429
1663080 429
1663090 429
1663100 429
1663110 428
1663120 442
1663130 442
1663140 443
1663150 434
1663160 434
1663170 433
1663180 433
1663190 433
1663200 436
1663210 434
1663220 434
1663230 440
1663240 436
1663250 436
1663260 431
1663270 431
1663280 432
1663290 432
1663300 432
1663310 432
1663320 432
1663330 432
1663340 432
1663350 432
1663360 432
1663370 432
1663380 432
1663390 432
1663400 432
1663410 432
1663420 432
1663430 432
1663440 432
1663450 432
1663460 432
1663470 432
1663480 432
1663490 432
1663500 433
1663510 433
1663520 433
1663530 432
1663540 432
1663550 432
1663560 431
1663570 431
1663580 431
1663590 431
1663600 431
1663610 431
1663620 431
1663630 431
1663640 431
1663650 432
1663660 432
1663670 432
1663680 432
1663690 432
1663700 432
1663710 432
1663720 432
1663730 432
1663740 432
1663750 431
1663760 431
1663770 431
1663780 432
1663790 432
1663800 432
1663810 432
1663820 432
1663830 432
1663840 432
1663850 432
1663860 432
1663870 432
1663880 432
1663890 432
1663900 432
1663910 433
1663920 433
1663930 433
1663940 433
1663950 433
1663960 433
1663970 432
1663980 432
1663990 432
1664000 432
1664010 432
1664020 432
1664030 432
1664040 431
1664050 431
1664060 431
1664070 447
1664080 453
1664090 453
1664100 453
1664110 431
1664120 431
1664130 431
1664140 431
1664150 431
1664160 432
1664170 432
1664180 432
1664190 432
1664200 432
1664210 431
1664220 431
1664230 431
1664240 431
1664250 431
1666100 339
1666110 339
1666120 339
1666130 339
1666140 339
1666150 339
1666160 339
1666170 339
1666180 339
1666190 339
1666200 339
1666210 347
1666220 344
1666230 343
1666240 343
1666250 344
1666260 345
1666270 345
1666280 346
1666290 347
1666300 347
1666310 348
1666320 350
1666330 350
1666340 356
1666350 353
1666360 353
1666370 363
1666380 370
1666390 379
1666400 379
1666410 378
1666420 387
1666430 387
1666440 381
1666450 378
1666460 378
1666470 390
1666480 392
1666490 392
1666500 392
1666510 388
1666520 388
1666530 398
1666540 400
1666550 400
1666560 400
1666570 398
1666580 400
1666590 400
1666600 406
1666610 413
1666620 413
1666630 414
1666640 417
1666650 417
1666660 418
1666670 417
1666680 417
1666690 419
1666700 424
1666710 425
1666720 425
1666730 422
1666740 419
1666750 419
1666760 431
1666770 435
1666780 435
1666790 427
1666800 434
1666810 434
1666820 435
1666830 429
1666840 429
1666850 424
1666860 435
1666870 447
1666880 447
1666890 448
1666900 441
1666910 441
1666920 439
1666930 429
1666940 429
1666950 440
1666960 442
1666970 442
1666980 449
1666990 463
1667000 463
1667010 468
1667020 472
1667030 471
1667040 471
1667050 481
1667060 478
1667070 478
1667080 481
1667090 484
1667100 484
1667110 484
1667120 490
1667130 490
1667140 491
1667150 496
1667160 496
1667170 497
1667180 474
1667190 470
1667200 470
1667210 478
1667220 478
1667230 478
1667240 516
1667250 522
1667260 522
1667270 519
1667280 520
1667290 520
1667300 525
1667310 523
1667320 524
1667330 524
1667340 526
1667350 522
1667360 522
1667370 525
1667380 505
1667390 505
1667400 507
1667410 509
1667420 509
1667430 511
1667440 515
1667450 515
1667460 518
1667470 519
1667480 546
1667490 546
1667500 549
1667510 534
1667520 534
1667530 559
1667540 559
1667550 559
1667560 557
1667570 554
1667580 554
1667590 551
1667600 568
1667610 568
1667620 576
1667630 571
1667640 562
1667650 562
1667660 560
1667670 572
1667680 572
1667690 579
1667700 578
1667710 578
1667720 580
1667730 572
1667740 572
1667750 576
1667760 588
1667770 588
1667780 585
1667790 596
1667800 599
1667810 599
1667820 601
1667830 607
1667840 607
1667850 643
1667860 625
1667870 625
1667880 628
1667890 645
1667900 645
1667910 637
1667920 647
1667930 647
1667940 649
1667950 655
1667960 665
1667970 665
1667980 672
1667990 676
1668000 676
1668010 681
1668020 681
1668030 681
1668040 685
1668050 690
1668060 690
1668070 691
1668080 680
1668090 680
1668100 684
1668110 688
1668120 698
1668130 698
1668140 692
1668150 692
1668160 692
1668170 705
1668180 717
1668190 717
1668200 728
1668210 725
1668220 725
1668230 739
1668240 750
1668250 750
1668260 759
1668270 761
1668280 767
1668290 767
1668300 771
1668310 778
1668320 778
1668330 786
1668340 790
1668350 790
1668360 792
1668370 796
1668380 796
1668390 800
1668400 802
1668410 802
1668420 792
1668430 790
1668440 795
1668450 795
1668460 795
1668470 798
1668480 798
1668490 799
1668500 807
1668510 807
1668520 801
1668530 803
1668540 803
1668550 805
1668560 811
1668570 807
1668580 811
1668590 811
1668600 810
1668610 808
1668620 808
1668630 808
1668640 819
1668650 819
1668660 815
1668670 815
1668680 815
1668690 813
1668700 829
1668710 829
1668720 834
1668730 835
1668740 833
1668750 833
1668760 830
1668770 811
1668780 811
1668790 811
1668800 810
1668810 810
1668820 808
1668830 807
1668840 807
1668850 806
1668860 804
1668870 804
1668880 802
1668890 800
1668900 798
1668910 798
1668920 796
1668930 792
1668940 792
1668950 788
1668960 787
1668970 787
1668980 785
1668990 785
1669000 785
1669010 779
1669020 778
1669030 778
1669040 773
1669050 770
1669060 768
1669070 768
1669080 766
1669090 764
1669100 764
1669110 759
1669120 755
1669130 755
1669140 751
1669150 773
1669160 773
1669170 771
1669180 768
1669190 768
1669200 760
1669210 750
1669220 740
1669230 740
1669240 737
1669250 736
1669260 736
1669270 740
1669280 753
1669290 753
1669300 759
1669310 759
1669320 759
1669330 756
1669340 752
1669350 752
1669360 744
1669370 746
1669380 745
1669390 745
1669400 741
1669410 739
1669420 739
1669430 735
1669440 730
1669450 730
1669460 719
1669470 716
1669480 716
1669490 708
1669500 704
1669510 704
1669520 698
1669530 687
1669540 690
1669550 690
1669560 685
1669570 695
1669580 695
1669590 694
1669600 693
1669610 693
1669620 687
1669630 676
1669640 676
1669650 679
1669660 681
1669670 681
1669680 682
1669690 683
1669700 683
1669710 683
1669720 684
1669730 685
1669740 685
1669750 685
1669760 687
1669770 687
1669780 688
1669790 689
1669800 689
1669810 690
1669820 689
1669830 689
1669840 689
1669850 688
1669860 691
1669870 691
1669880 691
1669890 696
1669900 696
1669910 702
1669920 695
1669930 695
1669940 686
1669950 666
1669960 672
1669970 683
1669980 682
1669990 682
1670000 667
1670010 677
1670020 677
1670030 677
1670040 675
1670050 664
1670060 664
1670070 666
