1660000 600
1660010 605
1660020 606
1660030 608
1660040 608
1660050 614
1660060 622
1660070 622
1660080 627
1660090 633
1660100 633
1660110 633
1660120 622
1660130 622
1660140 628
1660150 630
1660160 630
1660170 633
1660180 635
1660190 638
1660200 638
1660210 640
1660220 642
1660230 642
1660240 663
1660250 669
1660260 669
1660270 672
1660280 673
1660290 673
1660300 666
1660310 677
1660320 677
1660330 681
1660340 682
1660350 690
1660360 690
1660370 702
1660380 706
1660390 706
1660400 710
1660410 709
1660420 709
1660430 709
1660440 711
1660450 711
1660460 707
1660470 698
1660480 698
1660490 691
1660500 685
1660510 686
1660520 686
1660530 682
1660540 677
1660550 677
1660560 661
1660570 654
1660580 654
1660590 651
1660600 649
1660610 649
1660620 647
1660630 646
1660640 646
1660650 646
1660660 646
1660670 645
1660680 645
1660690 644
1660700 643
1660710 643
1660720 642
1660730 640
1660740 640
1660750 638
1660760 636
1660770 636
1660780 634
1660790 631
1660800 631
1660810 629
1660820 627
1660830 624
1660840 624
1660850 622
1660860 619
1660870 619
1660880 615
1660890 612
1660900 612
1660910 609
1660920 606
1660930 606
1660940 603
1660950 605
1660960 601
1660970 601
1660980 596
1660990 592
1661000 592
1661010 590
1661020 588
1661030 588
1661040 585
1661050 583
1661060 583
1661070 581
1661080 585
1661090 580
1661100 594
1661110 601
1661120 594
1661130 594
1661140 593
1661150 585
1661160 585
1661170 585
1661180 580
1661190 580
1661200 574
1661210 567
1661220 567
1661230 573
1661240 572
1661250 572
1661260 569
1661270 565
1661280 556
1661290 556
1661300 556
1661310 551
1661320 551
1661330 550
1661340 551
1661350 551
1661360 562
1661370 566
1661380 566
1661390 566
1661400 569
1661410 569
1661420 572
1661430 574
1661440 570
1661450 570
1661460 571
1661470 568
1661480 568
1661490 566
1661500 570
1661510 570
1661520 572
1661530 571
1661540 571
1661550 580
1661560 582
1661570 582
1661580 587
1661590 587
1661600 590
1661610 590
1661620 572
1661630 574
1661640 574
1661650 575
1661660 575
1661670 575
1661680 575
1661690 575
1661700 575
1661710 575
1661720 575
1661730 575
1661740 575
1661750 584
1661760 581
1661770 581
1661780 575
1661790 574
1661800 574
1661810 574
1661820 572
1661830 572
1661840 571
1661850 571
1661860 571
1661870 571
1661880 570
1661890 570
1661900 570
1661910 570
1661920 569
1661930 569
1661940 568
1661950 567
1661960 567
1661970 566
1661980 565
1661990 565
1662000 568
1662010 581
1662020 581
1662030 591
1662040 596
1662050 596
1662060 598
1662070 591
1662080 593
1662090 593
1662100 596
1662110 607
1662120 607
1662130 621
1662140 622
1662150 622
1662160 624
1662170 627
1662180 627
1662190 626
1662200 620
1662210 628
1662220 628
1662230 626
1662240 626
1662250 626
1662260 626
1662270 625
1662280 625
1662290 623
1662300 622
1662310 622
1662320 621
1662330 616
1662340 616
1662350 615
1662360 613
1662370 616
1662380 616
1662390 606
1662400 603
1662410 603
1662420 599
1662430 595
1662440 595
1662450 593
1662460 588
1662470 588
1662480 583
1662490 581
1662500 581
1662510 582
1662520 579
1662530 571
1662540 571
1662550 570
1662560 570
1662570 570
1662580 567
1662590 565
1662600 565
1662610 564
1662620 563
1662630 563
1662640 562
1662650 560
1662660 560
1662670 556
1662680 558
1662690 559
1662700 559
1662710 559
1662720 558
1662730 558
1662740 556
1662750 553
1662760 553
1662770 547
1662780 552
1662790 552
1662800 550
1662810 547
1662820 547
1662830 541
1662840 541
1662850 533
1662860 533
1662870 533
1662880 532
1662890 532
1662900 527
1662910 524
1662920 524
1662930 518
1662940 509
1662950 509
1662960 506
1662970 505
1662980 505
1662990 498
1663000 480
1663010 472
1663020 472
1663030 469
1663040 478
1663050 478
1663060 484
1663070 480
1663080 480
1663090 473
1663100 465
1663110 465
1663120 472
1663130 475
1663140 475
1663150 470
1663160 451
1663170 447
1663180 447
1663190 447
1663200 453
1663210 453
1663220 453
1663230 446
1663240 446
1663250 447
1663260 446
1663270 446
1663280 442
1663290 449
1663300 449
1663310 441
1663320 440
1663330 438
1663340 438
1663350 437
1663360 437
1663370 437
1663380 436
1663390 436
1663400 436
1663410 435
1663420 456
1663430 456
1663440 456
1663450 433
1663460 433
1663470 433
1663480 432
1663490 431
1663500 431
1663510 431
1663520 430
1663530 430
1663540 430
1663550 429
1663560 429
1663570 429
1663580 429
1663590 429
1663600 429
1663610 429
1663620 429
1663630 429
1663640 429
1663650 429
1663660 429
1663670 429
1663680 429
1663690 429
1663700 429
1663710 429
1663720 429
1663730 430
1663740 430
1663750 430
1663760 442
1663770 447
1663780 438
1663790 438
1663800 430
1663810 429
1663820 429
1663830 429
1663840 430
1663850 430
1663860 430
1663870 430
1663880 430
1663890 430
1663900 430
1663910 430
1663920 430
1666430 339
1666440 339
1666450 339
1666460 339
1666470 339
1666480 339
1666490 355
1666500 359
1666510 359
1666520 358
1666530 348
1666540 348
1666550 367
1666560 379
1666570 379
1666580 386
1666590 395
1666600 398
1666610 398
1666620 390
1666630 396
1666640 396
1666650 398
1666660 402
1666670 402
1666680 402
1666690 397
1666700 397
1666710 400
1666720 394
1666730 394
1666740 389
1666750 391
1666760 394
1666770 394
1666780 397
1666790 400
1666800 400
1666810 402
1666820 403
1666830 403
1666840 404
1666850 405
1666860 405
1666870 406
1666880 406
1666890 406
1666900 407
1666910 407
1666920 408
1666930 408
1666940 409
1666950 410
1666960 410
1666970 411
1666980 419
1666990 419
1667000 422
1667010 418
1667020 418
1667030 420
1667040 424
1667050 424
1667060 453
1667070 463
1667080 466
1667090 466
1667100 473
1667110 474
1667120 474
1667130 481
1667140 486
1667150 486
1667160 488
1667170 503
1667180 503
1667190 505
1667200 509
1667210 502
1667220 502
1667230 495
1667240 530
1667250 530
1667260 540
1667270 540
1667280 540
1667290 538
1667300 542
1667310 542
1667320 546
1667330 551
1667340 551
1667350 549
1667360 532
1667370 534
1667380 534
1667390 536
1667400 539
1667410 539
1667420 555
1667430 565
1667440 565
1667450 568
1667460 570
1667470 570
1667480 576
1667490 581
1667500 581
1667510 587
1667520 590
1667530 592
1667540 592
1667550 597
1667560 599
1667570 599
1667580 601
1667590 608
1667600 608
1667610 607
1667620 611
1667630 611
1667640 610
1667650 592
1667660 592
1667670 595
1667680 599
1667690 602
1667700 602
1667710 605
1667720 608
1667730 608
1667740 611
1667750 614
1667760 614
1667770 617
1667780 620
1667790 620
1667800 629
1667810 634
1667820 634
1667830 647
1667840 650
1667850 658
1667860 658
1667870 659
1667880 659
1667890 659
1667900 657
1667910 656
1667920 656
1667930 655
1667940 656
1667950 656
1667960 657
1667970 657
1667980 657
1667990 659
1668000 660
1668010 666
1668020 666
1668030 669
1668040 677
1668050 677
1668060 684
1668070 687
1668080 687
1668090 693
1668100 699
1668110 699
1668120 704
1668130 708
1668140 708
1668150 710
1668160 709
1668170 713
1668180 718
1668190 721
1668200 724
1668210 724
1668220 727
1668230 732
1668240 732
1668250 738
1668260 739
1668270 739
1668280 741
1668290 742
1668300 742
1668310 745
1668320 752
1668330 758
1668340 758
1668350 759
1668360 760
1668370 760
1668380 765
1668390 767
1668400 767
1668410 760
1668420 766
1668430 766
1668440 770
1668450 768
1668460 771
1668470 771
1668480 776
1668490 769
1668500 769
1668510 776
1668520 776
1668530 776
1668540 775
1668550 774
1668560 774
1668570 773
1668580 771
1668590 771
1668600 771
1668610 765
1668620 770
1668630 767
1668640 767
1668650 766
1668660 766
1668670 766
1668680 766
1668690 766
1668700 766
1668710 762
1668720 761
1668730 761
1668740 756
1668750 738
1668760 738
1668770 737
1668780 736
1668790 734
1668800 734
1668810 732
1668820 754
1668830 754
1668840 756
1668850 750
1668860 750
1668870 745
1668880 742
1668890 742
1668900 745
1668910 748
1668920 748
1668930 748
1668940 753
1668950 741
1668960 741
1668970 721
1668980 718
1668990 718
1669000 716
1669010 713
1669020 713
1669030 710
1669040 715
1669050 715
1669060 709
1669070 712
1669080 712
1669090 703
1669100 702
1669110 702
1669120 702
1669130 704
1669140 704
1669150 704
1669160 699
1669170 697
1669180 697
1669190 696
1669200 692
1669210 692
1669220 690
1669230 688
1669240 688
1669250 689
1669260 692
1669270 680
1669280 680
1669290 680
1669300 685
1669310 685
1669320 692
1669330 698
1669340 698
1669350 699
1669360 696
1669370 696
1669380 693
1669390 686
1669400 686
1669410 683
1669420 687
1669430 685
1669440 685
1669450 685
1669460 681
1669470 681
1669480 684
1669490 674
1669500 674
1669510 657
1669520 670
1669530 670
1669540 670
1669550 673
1669560 673
1669570 676
1669580 669
1669590 668
1669600 668
1669610 670
1669620 666
1669630 666
1669640 669
1669650 660
1669660 660
1669670 647
1669680 647
1669690 647
1669700 643
1669710 641
1669720 633
1669730 633
1669740 616
1669750 631
1669760 631
