1669710 1150
1669720 1150
1669730 1154
1669740 1158
1669750 1161
1669760 1161
1669770 1163
1669780 1165
1669790 1165
1669800 1168
1669810 1170
1669820 1170
1669830 1172
1669840 1174
1669850 1174
1669860 1176
1669870 1177
1669880 1177
1669890 1179
1669900 1181
1669910 1184
1669920 1184
1669930 1186
1669940 1188
1669950 1188
1669960 1190
1669970 1193
1669980 1193
1669990 1196
1670000 1199
1670010 1199
1670020 1205
1670030 1210
1670040 1210
1670050 1215
1670060 1221
1670070 1228
1670080 1228
1670090 1233
1670100 1239
1670110 1239
1670120 1243
1670130 1248
1670140 1248
1670150 1252
1670160 1256
1670170 1256
1670180 1260
1670190 1265
1670200 1265
1670210 1269
1670220 1273
1670230 1276
1670240 1276
1670250 1280
1670260 1283
1670270 1283
1670280 1286
1670290 1290
1670300 1290
1670310 1293
1670320 1296
1670330 1296
1670340 1301
1670350 1305
1670360 1305
1670370 1309
1670380 1314
1670390 1317
1670400 1317
1670410 1322
1670420 1324
1670430 1324
1670440 1328
1670450 1332
1670460 1332
1670470 1333
1670480 1336
1670490 1336
1670500 1338
1670510 1342
1670520 1342
1670530 1346
1670540 1348
1670550 1350
1670560 1350
1670570 1352
1670580 1355
1670590 1355
1670600 1359
1670610 1364
1670620 1364
1670630 1372
1670640 1377
1670650 1377
1670660 1380
1670670 1383
1670680 1383
1670690 1384
1670700 1385
1670710 1386
1670720 1386
1670730 1387
1670740 1388
1670750 1388
1670760 1389
1670770 1389
1670780 1389
1670790 1389
1670800 1388
1670810 1388
1670820 1387
1670830 1386
1670840 1386
1670850 1384
1670860 1383
1670870 1381
1670880 1381
1670890 1379
1670900 1377
1670910 1377
1670920 1374
1670930 1372
1670940 1372
1670950 1369
1670960 1366
1670970 1366
1670980 1364
1670990 1361
1671000 1361
1671010 1358
1671020 1356
1671030 1353
1671040 1353
1671050 1351
1671060 1349
1671070 1349
1671080 1346
1671090 1344
1671100 1344
1671110 1342
1671120 1340
1671130 1340
1671140 1338
1671150 1335
1671160 1335
1671170 1332
1671180 1331
1671190 1331
1671200 1329
1671210 1328
1671220 1326
1671230 1326
1671240 1324
1671250 1322
1671260 1322
1671270 1321
1671280 1318
1671290 1318
1671300 1316
1671310 1313
1671320 1313
1671330 1311
1671340 1308
1671350 1308
1671360 1305
1671370 1302
1671380 1299
1671390 1299
1671400 1294
1671410 1292
1671420 1292
1671430 1288
1671440 1286
1671450 1286
1671460 1283
1671470 1280
1671480 1280
1671490 1277
1671500 1275
1671510 1275
1671520 1271
1671530 1266
1671540 1262
1671550 1262
1671560 1258
1671570 1255
1671580 1255
1671590 1252
1671600 1250
1671610 1250
1671620 1249
1671630 1247
1671640 1247
1671650 1246
1671660 1244
1671670 1244
1671680 1242
1671690 1241
1671700 1239
1671710 1239
1671720 1237
1671730 1235
1671740 1235
1671750 1234
1671760 1232
1671770 1232
1671780 1230
1671790 1228
1671800 1228
1671810 1228
1671820 1229
1671830 1229
1671840 1230
1671850 1232
1671860 1233
1671870 1233
1671880 1234
1671890 1234
1671900 1234
1671910 1233
1671920 1231
1671930 1231
1671940 1230
1671950 1229
1671960 1229
1671970 1228
1671980 1227
1671990 1227
1672000 1226
1672010 1224
1672020 1222
1672030 1222
1672040 1220
1672050 1218
1672060 1218
1672070 1215
1672080 1212
1672090 1212
1672100 1209
1672110 1207
1672120 1207
1672130 1206
1672140 1203
1672150 1203
1672160 1201
1672170 1198
1672180 1196
1672190 1196
1672200 1192
1672210 1190
1672220 1190
1672230 1187
1672240 1185
1672250 1185
1672260 1183
1672270 1181
1672280 1181
1672290 1181
1672300 1182
1672310 1182
1672320 1182
1672330 1182
1672340 1182
1672350 1182
1672360 1183
1672370 1183
1672380 1183
1672390 1184
1672400 1183
1672410 1183
1672420 1183
1672430 1182
1672440 1182
1672450 1181
1672460 1179
1672470 1179
1672480 1178
1672490 1178
1672500 1179
1672510 1179
1672520 1179
1672530 1180
1672540 1180
1672550 1179
1672560 1178
1672570 1178
1672580 1177
1672590 1173
1672600 1173
1672610 1167
1672620 1160
1672630 1160
1672640 1154
1672650 1152
1672660 1152
1672670 1154
1672680 1161
1672690 1170
1672700 1170
1672710 1176
1672720 1178
1672730 1178
1672740 1181
1672750 1183
1672760 1183
1672770 1185
1672780 1186
1672790 1186
1672800 1188
1672810 1188
1672820 1188
1672830 1188
1672840 1186
1672850 1186
1672860 1186
1672870 1184
1672880 1182
1672890 1182
1672900 1180
1672910 1177
1672920 1177
1672930 1174
1672940 1171
1672950 1171
1672960 1167
1672970 1164
1672980 1164
1672990 1162
1673000 1161
1673010 1160
1673020 1160
1673030 1158
1673040 1157
1673050 1154
1673060 1154
1673070 1153
1673080 1153
1673090 1154
1673100 1153
1673110 1153
1673120 1154
1673130 1153
1673140 1153
1673150 1154
1673160 1154
1673170 1154
1673180 1154
1673190 1153
1673200 1153
1673210 1153
1673220 1153
1673230 1154
1673240 1154
1673250 1155
1673260 1155
1673270 1155
1673280 1155
1673290 1155
1673300 1155
1673310 1155
1673320 1155
1673330 1154
1673340 1154
1673350 1154
1673360 1153
1673370 1153
1673380 1153
1673390 1153
1673400 1153
1673410 1152
1673420 1152
1673430 1152
1673440 1152
1673450 1152
1673460 1152
1673470 1152
1673480 1152
1673490 1152
1673500 1152
1673510 1152
1673520 1151
1673530 1151
1673540 1150
1673550 1149
1673560 1149
1673570 1148
1673580 1147
1673590 1147
1673600 1144
1673610 1143
1673620 1143
1673630 1144
1673640 1143
1673650 1139
1673660 1139
1673670 1137
1673680 1135
1673690 1135
1673700 1133
1673710 1131
1673720 1131
1673730 1129
1673740 1126
1673750 1126
1673760 1124
1673770 1122
1673780 1122
1673790 1120
1673800 1118
1673810 1114
1673820 1114
1673830 1114
1673840 1110
1673850 1110
1673860 1108
1673870 1106
1673880 1106
1673890 1104
1673900 1100
1673910 1100
1673920 1097
1673930 1094
1673940 1094
1673950 1090
1673960 1085
1673970 1082
1673980 1082
1673990 1079
1674000 1077
1674010 1077
1674020 1073
1674030 1069
1674040 1069
1674050 1064
1674060 1058
1674070 1058
1674080 1054
1674090 1052
1674100 1052
1674110 1049
1674120 1046
1674130 1044
1674140 1044
1674150 1041
1674160 1036
1674170 1036
1674180 1030
1674190 1024
1674200 1024
1674210 1018
1674220 1013
1674230 1013
1674240 1008
1674250 1003
1674260 1003
1674270 998
1674280 992
1674290 992
1674300 987
1674310 983
1674320 979
1674330 979
1674340 975
1674350 972
1674360 972
1674370 969
1674380 968
1674390 968
1674400 966
1674410 962
1674420 962
1674430 962
1674440 966
1674450 966
1674460 969
1674470 973
1674480 977
1674490 977
1674500 980
1674510 982
1674520 982
1674530 982
1674540 984
1674550 984
1674560 988
1674570 993
1674580 993
1674590 998
1674600 1004
1674610 1004
1674620 1010
1674630 1016
1674640 1022
1674650 1022
1674660 1027
1674670 1032
1674680 1032
1674690 1036
1674700 1041
1674710 1041
1674720 1045
1674730 1049
1674740 1049
1674750 1052
1674760 1055
1674770 1055
1674780 1059
1674790 1061
1674800 1062
1674810 1062
1674820 1065
1674830 1067
1674840 1067
1674850 1068
1674860 1069
1674870 1069
1674880 1069
1674890 1069
1674900 1069
1674910 1068
1674920 1067
1674930 1067
1674940 1065
1674950 1063
1674960 1062
1674970 1062
1674980 1058
1674990 1054
1675000 1054
1675010 1049
1675020 1043
1675030 1043
1675040 1037
1675050 1031
1675060 1031
1675070 1026
1675080 1021
1675090 1021
1675100 1014
1675110 1011
1675120 1004
1675130 1004
1675140 997
1675150 990
1675160 990
1675170 983
1675180 978
1675190 978
1675200 974
1675210 971
1675220 971
1675230 968
1675240 965
1675250 965
1675260 963
1675270 959
1675280 957
1675290 957
1675300 950
1675310 943
1675320 943
1675330 939
1675340 938
1675350 938
1675360 935
1675370 931
1675380 931
1675390 927
1675400 924
1675410 924
1675420 921
1675430 917
1675440 913
1675450 913
1675460 909
1675470 905
1675480 905
1675490 899
1675500 896
1675510 896
1675520 892
1675530 888
1675540 888
1675550 883
1675560 884
1675570 884
1675580 881
1675590 874
1675600 868
1675610 868
1675620 865
1675630 862
1675640 862
1675650 861
1675660 860
1675670 860
1675680 856
1675690 853
1675700 853
1675710 852
1675720 850
1675730 850
1675740 847
1675750 847
1675760 849
1675770 849
1675780 850
1675790 851
1675800 851
1675810 851
1675820 851
1675830 851
1675840 849
1675850 843
1675860 843
1675870 846
1675880 853
1675890 853
1675900 858
1675910 863
1675920 863
1675930 866
1675940 867
1675950 866
1675960 866
1675970 865
1675980 863
1675990 863
1676000 859
1676010 854
1676020 854
1676030 848
1676040 845
1676050 845
1676060 841
1676070 836
1676080 836
1676090 830
1676100 826
1676110 824
1676120 824
1676130 821
1676140 818
1676150 818
1676160 815
1676170 810
1676180 810
1676190 807
1676200 799
1676210 799
1676220 802
1676230 804
1676240 804
1676250 804
1676260 805
1676270 808
1676280 808
1676290 811
1676300 815
1676310 815
1676320 818
1676330 818
1676340 818
1676350 817
1676360 816
1676370 816
1676380 813
1676390 812
1676400 812
1676410 808
1676420 806
1676430 805
1676440 805
1676450 803
1676460 803
1676470 803
1676480 803
1676490 805
1676500 805
1676510 806
1676520 807
1676530 807
1676540 807
1676550 805
1676560 805
1676570 805
1676580 806
1676590 806
1676600 806
1676610 806
1676620 804
1676630 804
1676640 802
1676650 799
1676660 799
1676670 798
1676680 797
1676690 797
1676700 795
1676710 792
1676720 792
1676730 788
1676740 783
1676750 778
1676760 778
1676770 777
1676780 779
1676790 779
1676800 773
1676810 763
1676820 763
1676830 761
1676840 761
1676850 761
1676860 759
1676870 756
1676880 756
1676890 752
1676900 747
1676910 745
1676920 745
1676930 739
1676940 734
1676950 734
1676960 732
1676970 733
1676980 733
1676990 731
1677000 730
1677010 730
1677020 729
1677030 728
1677040 728
1677050 728
1677060 729
1677070 729
1677080 729
1677090 725
1677100 728
1677110 728
1677120 726
1677130 724
1677140 724
1677150 720
1677160 721
1677170 721
1677180 719
1677190 719
1677200 719
1677210 719
1677220 717
1677230 715
1677240 715
1677250 714
1677260 715
1677270 715
1677280 713
1677290 714
1677300 714
1677310 719
1677320 727
1677330 727
1677340 740
1677350 741
1677360 741
1677370 746
1677380 748
1677390 748
1677400 754
1677410 759
1677420 761
1677430 761
1677440 761
1677450 761
1677460 761
1677470 762
1677480 762
1677490 762
1677500 760
1677510 760
1677520 760
1677530 760
1677540 759
1677550 759
1677560 758
1677570 758
1677580 756
1677590 756
1677600 757
1677610 757
1677620 757
1677630 758
1677640 761
1677650 761
1677660 761
1677670 762
1677680 762
1677690 763
1677700 764
1677710 764
1677720 765
1677730 765
1677740 766
1677750 766
1677760 764
1677770 764
1677780 764
1677790 767
1677800 769
1677810 769
1677820 767
1677830 766
1677840 766
1677850 765
1677860 766
1677870 766
1677880 764
1677890 769
1677900 774
1677910 774
1677920 777
1677930 779
1677940 779
1677950 782
1677960 784
1677970 784
1677980 787
1677990 790
1678000 790
1678010 792
1678020 791
1678030 791
1678040 790
1678050 786
1678060 783
1678070 783
1678080 779
1678090 772
1678100 772
1678110 769
1678120 770
1678130 770
1678140 771
1678150 768
1678160 768
1678170 767
1678180 766
1678190 766
1678200 766
1678210 765
1678220 764
1678230 764
1678240 764
1678250 765
1678260 765
1678270 766
1678280 766
1678290 766
1678300 767
1678310 768
1678320 768
1678330 769
1678340 769
1678350 769
1678360 769
1678370 771
1678380 773
1678390 773
1678400 774
1678410 776
1678420 776
1678430 776
1678440 776
1678450 776
1678460 776
1678470 776
1678480 776
1678490 776
1678500 775
1678510 775
1678520 774
1678530 773
1678540 773
1678550 773
1678560 774
1678570 774
1678580 774
1678590 773
1678600 773
1678610 773
1678620 772
1678630 771
1678640 771
1678650 770
1678660 771
1678670 771
1678680 770
1678690 769
1678700 769
1678710 769
1678720 766
1678730 762
1678740 762
1678750 759
1678760 757
1678770 757
1678780 756
1678790 755
1678800 755
1678810 754
1678820 757
1678830 757
1678840 759
1678850 764
1678860 769
1678870 769
1678880 771
1678890 769
1678900 769
1678910 767
1678920 768
1678930 768
1678940 769
1678950 768
1678960 768
1678970 762
1678980 756
1678990 756
1679000 750
1679010 746
1679020 746
1679030 743
1679040 742
1679050 737
1679060 737
1679070 733
1679080 730
1679090 730
1679100 727
1679110 723
1679120 723
1679130 720
1679140 713
1679150 713
1679160 705
1679170 696
1679180 696
1679190 703
1679200 711
1679210 717
1679220 717
1679230 722
1679240 726
1679250 726
1679260 733
1679270 737
1679280 737
1679290 741
1679300 745
1679310 745
1679320 750
1679330 755
1679340 755
1679350 759
1679360 763
1679370 769
1679380 769
1679390 771
1679400 775
1679410 775
1679420 777
1679430 778
1679440 778
1679450 779
1679460 779
1679470 779
1679480 777
1679490 776
1679500 776
1679510 776
1679520 778
1679530 778
1679540 778
1679550 778
1679560 782
1679570 782
1679580 786
1679590 791
1679600 791
1679610 794
1679620 798
1679630 798
1679640 802
1679650 806
1679660 806
1679670 809
1679680 812
1679690 814
1679700 814
1679710 816
1679720 816
1679730 816
1679740 817
1679750 815
1679760 815
1679770 812
1679780 808
1679790 808
1679800 803
1679810 797
1679820 797
1679830 792
1679840 786
1679850 782
1679860 782
1679870 774
1679880 767
1679890 767
1679900 760
1679910 752
1679920 752
1679930 748
1679940 755
1679950 755
1679960 757
1679970 760
1679980 760
1679990 762
1660000 494
1660010 494
1660020 494
1660030 492
1660040 488
1660050 488
1660060 460
1660070 482
1660080 482
1660090 475
1660100 451
1660110 451
1660120 442
1660130 462
1660140 462
1660150 463
1660160 464
1660170 462
1660180 462
1660190 459
1660200 458
1660210 458
1660220 455
1660230 453
1660240 453
1660250 448
1660260 435
1660270 435
1660280 430
1660290 432
1660300 432
1660310 430
1660320 429
1660330 429
1660340 429
1660350 431
1660360 428
1660370 428
1660380 428
1660390 426
1660400 426
1660410 426
1660420 424
1660430 424
1660440 423
1660450 420
1660460 420
1660470 413
1660480 412
1660490 408
1660500 408
1660510 402
1660520 399
1660530 399
1660540 403
1660550 394
1660560 394
1660570 391
1660580 387
1660590 387
1660600 388
1660610 389
1660620 389
1660630 395
1660640 403
1660650 410
1660660 410
1660670 416
1660680 416
1660690 416
1660700 417
1660710 415
1660720 415
1660730 414
1660740 412
1660750 412
1660760 406
1660770 402
1660780 402
1660790 393
1660800 387
1660810 387
1660820 387
1660830 387
1660840 382
1660850 382
1660860 372
1660870 371
1660880 371
1660890 370
1660900 369
1660910 369
1660920 369
1660930 368
1660940 368
1660950 368
1660960 368
1660970 367
1660980 367
1660990 367
1661000 367
1661010 367
1661020 367
1661030 367
1661040 367
1661050 367
1661060 367
1661070 367
1661080 367
1661090 367
1661100 367
1661110 366
1661120 366
1661130 381
1661140 381
1661150 385
1661160 384
1661170 384
1661180 385
1661190 385
1661200 385
1661210 383
1661220 384
1661230 384
1661240 378
1661250 362
1661260 362
1661270 377
1661280 375
1661290 361
1661300 361
1661310 364
1661320 363
1661330 363
1661340 363
1661350 361
1661360 361
1661370 361
1661380 361
1661390 361
1661400 361
1661410 361
1661420 361
1661430 361
1661440 360
1661450 360
1661460 360
1661470 361
1661480 361
1661490 361
1661500 361
1661510 361
1661520 361
1661530 361
1661540 361
1661550 361
1661560 361
1661570 360
1661580 360
1661590 360
1661600 360
1661610 360
1661620 360
1661630 360
1661640 360
1661650 360
1661660 360
1661670 360
1661680 360
1661690 361
1661700 374
1661710 374
1661720 375
1661730 373
1661740 373
1661750 367
1661760 372
1661770 376
1661780 376
1661790 376
1661800 373
1661810 373
1661820 361
1661830 361
1661840 361
1661850 360
1661860 360
1661870 360
1661880 360
1661890 360
1661900 360
1661910 360
1661920 360
1661930 361
1661940 361
1661950 361
1661960 360
1661970 360
1661980 360
1661990 360
1662000 360
1662010 360
1662020 360
1662030 360
1662040 360
1662050 360
1662060 360
1662070 360
1662080 360
1662090 360
1662100 360
1662110 360
1662120 360
1662130 360
1662140 361
1662150 361
1662160 361
1662170 361
1662180 361
1662190 361
1662200 360
1662210 360
1662220 360
1662230 360
1662240 360
1662250 367
1662260 367
1662270 365
1662280 360
1662290 360
1662300 360
1662310 360
1662320 360
1662330 360
1662340 360
1662350 360
1662360 360
1662370 360
1662380 360
1662390 360
1662400 360
1662410 359
1662420 359
1662430 359
1662440 360
1662450 360
1662460 360
1662470 361
1662480 361
1662490 361
1662500 362
1662510 362
1662520 363
1662530 364
1662540 364
1662550 364
1662560 365
1662570 370
1662580 370
1662590 368
1662600 365
1662610 365
1662620 366
1662630 370
1662640 370
1662650 369
1662660 366
1662670 366
1662680 366
1662690 367
1662700 367
1662710 369
1662720 375
1662730 370
1662740 370
1662750 369
1662760 369
1662770 369
1662780 370
1662790 370
1662800 370
1662810 371
1662820 372
1662830 372
1662840 374
1662850 376
1662860 376
1662870 379
1662880 395
1662890 403
1662900 403
1662910 404
1662920 402
1662930 402
1662940 392
1662950 395
1662960 395
1662970 398
1662980 400
1662990 400
1663000 402
1663010 404
1663020 404
1663030 404
1663040 405
1663050 405
1663060 405
1663070 406
1663080 406
1663090 406
1663100 407
1663110 407
1663120 407
1663130 407
1663140 408
1663150 408
1663160 409
1663170 409
1663180 409
1663190 410
1663200 411
1663210 411
1663220 411
1663230 412
1663240 413
1663250 413
1663260 413
1663270 414
1663280 414
1663290 414
1663300 415
1663310 415
1663320 416
1663330 416
1663340 416
1663350 417
1663360 417
1663370 418
1663380 418
1663390 418
1663400 419
1663410 419
1663420 419
1663430 434
1663440 434
1663450 426
1663460 419
1663470 419
1663480 420
1663490 420
1663500 420
1663510 420
1663520 420
1663530 420
1663540 420
1663550 420
1663560 420
1663570 420
1663580 420
1663590 420
1663600 420
1663610 421
1663620 422
1663630 422
1663640 421
1663650 421
1663660 421
1663670 421
1663680 421
1663690 422
1663700 422
1663710 422
1663720 428
1663730 428
1663740 430
1663750 423
1663760 423
1663770 424
1663780 428
1663790 428
1663800 432
1663810 432
1663820 432
1663830 434
1663840 433
1663850 434
1663860 434
1663870 433
1663880 430
1663890 430
1663900 432
1663910 436
1663920 436
1663930 436
1663940 438
1663950 438
1663960 439
1663970 438
1663980 438
1663990 439
1664000 436
1664010 438
1664020 438
1664030 432
1664040 432
1664050 432
1664060 444
1664070 445
1664080 445
1664090 441
1664100 439
1664110 439
1664120 436
1664130 442
1664140 442
1664150 445
1664160 444
1664170 440
1664180 440
1664190 434
1664200 447
1664210 447
1664220 456
1664230 460
1664240 460
1664250 471
1664260 474
1664270 474
1664280 481
1664290 490
1664300 490
1664310 490
1664320 484
1664330 490
1664340 490
1664350 508
1664360 517
1664370 517
1664380 520
1664390 524
1664400 524
1664410 526
1664420 525
1664430 525
1664440 530
1664450 534
1664460 534
1664470 535
1664480 538
1664490 539
1664500 539
1664510 542
1664520 553
1664530 553
1664540 545
1664550 557
1664560 557
1664570 544
1664580 557
1664590 557
1664600 545
1664610 534
1664620 534
1664630 547
1664640 547
1664650 552
1664660 552
1664670 556
1664680 559
1664690 559
1664700 561
1664710 560
1664720 560
1664730 562
1664740 567
1664750 567
1664760 570
1664770 581
1664780 581
1664790 578
1664800 569
1664810 571
1664820 571
1664830 575
1664840 592
1664850 592
1664860 595
1664870 599
1664880 599
1664890 600
1664900 596
1664910 596
1664920 588
1664930 588
1664940 588
1664950 590
1664960 592
1664970 599
1664980 599
1664990 600
1665000 597
1665010 597
1665020 597
1665030 597
1665040 597
1665050 599
1665060 600
1665070 600
1665080 602
1665090 604
1665100 604
1665110 606
1665120 608
1665130 609
1665140 609
1665150 611
1665160 612
1665170 612
1665180 614
1665190 617
1665200 617
1665210 618
1665220 620
1665230 620
1665240 622
1665250 625
1665260 625
1665270 628
1665280 631
1665290 631
1665300 633
1665310 636
1665320 640
1665330 640
1665340 643
1665350 646
1665360 646
1665370 648
1665380 658
1665390 658
1665400 675
1665410 676
1665420 676
1665430 673
1665440 656
1665450 656
1665460 651
1665470 627
1665480 626
1665490 626
1665500 626
1665510 626
1665520 626
1665530 627
1665540 628
1665550 628
1665560 628
1665570 630
1665580 630
1665590 647
1665600 646
1665610 646
1665620 651
1665630 648
1665640 651
1665650 651
1665660 666
1665670 669
1665680 669
1665690 655
1665700 658
1665710 658
1665720 672
1665730 672
1665740 672
1665750 687
1665760 699
1665770 699
1665780 703
1665790 702
1665800 709
1665810 709
1665820 707
1665830 717
1665840 717
1665850 718
1665860 720
1665870 720
1665880 719
1665890 693
1665900 693
1665910 696
1665920 698
1665930 698
1665940 702
1665950 704
1665960 706
1665970 706
1665980 709
1665990 712
1666000 712
1666010 715
1666020 716
1666030 716
1666040 718
1666050 721
1666060 721
1666070 723
1666080 727
1666090 727
1666100 731
1666110 736
1666120 740
1666130 740
1666140 744
1666150 751
1666160 751
1666170 776
1666180 777
1666190 777
1666200 780
1666210 781
1666220 781
1666230 779
1666240 766
1666250 766
1666260 768
1666270 770
1666280 772
1666290 772
1666300 774
1666310 775
1666320 775
1666330 776
1666340 777
1666350 777
1666360 777
1666370 778
1666380 778
1666390 778
1666400 778
1666410 778
1666420 778
1666430 778
1666440 778
1666450 778
1666460 779
1666470 779
1666480 779
1666490 780
1666500 780
1666510 780
1666520 780
1666530 781
1666540 781
1666550 781
1666560 780
1666570 780
1666580 791
1666590 795
1666600 795
1666610 795
1666620 796
1666630 801
1666640 801
1666650 800
1666660 795
1666670 795
1666680 813
1666690 817
1666700 817
1666710 817
1666720 820
1666730 820
1666740 824
1666750 824
1666760 828
1666770 828
1666780 832
1666790 834
1666800 834
1666810 837
1666820 838
1666830 838
1666840 838
1666850 831
1666860 831
1666870 844
1666880 845
1666890 845
1666900 848
1666910 851
1666920 851
1666930 851
1666940 836
1666950 847
1666960 847
1666970 849
1666980 857
1666990 857
1667000 837
1667010 839
1667020 839
1667030 839
1667040 844
1667050 844
1667060 852
1667070 859
1667080 861
1667090 861
1667100 862
1667110 867
1667120 867
1667130 873
1667140 876
1667150 876
1667160 879
1667170 877
1667180 877
1667190 878
1667200 874
1667210 874
1667220 886
1667230 892
1667240 895
1667250 895
1667260 906
1667270 905
1667280 905
1667290 917
1667300 918
1667310 918
1667320 920
1667330 926
1667340 924
1667350 929
1667360 931
1667370 931
1667380 938
1667390 940
1667400 944
1667410 944
1667420 944
1667430 951
1667440 951
1667450 950
1667460 951
1667470 951
1667480 953
1667490 954
1667500 954
1667510 959
1667520 958
1667530 958
1667540 955
1667550 953
1667560 946
1667570 946
1667580 954
1667590 952
1667600 952
1667610 951
1667620 953
1667630 953
1667640 950
1667650 946
1667660 946
1667670 947
1667680 954
1667690 954
1667700 962
1667710 961
1667720 959
1667730 959
1667740 954
1667750 959
1667760 959
1667770 965
1667780 963
1667790 963
1667800 965
1667810 964
1667820 964
1667830 973
1667840 973
1667850 973
1667860 963
1667870 964
1667880 965
1667890 965
1667900 965
1667910 965
1667920 965
1667930 965
1667940 964
1667950 964
1667960 963
1667970 961
1667980 961
1667990 959
1668000 958
1668010 958
1668020 956
1668030 958
1668040 963
1668050 963
1668060 954
1668070 961
1668080 961
1668090 966
1668100 947
1668110 947
1668120 944
1668130 956
1668140 956
1668150 963
1668160 966
1668170 966
1668180 968
1668190 964
1668200 963
1668210 963
1668220 968
1668230 970
1668240 970
1668250 971
1668260 972
1668270 972
1668280 960
1668290 955
1668300 955
1668310 977
1668320 979
1668330 979
1668340 982
1668350 976
1668360 982
1668370 982
1668380 980
1668390 984
1668400 984
1668410 981
1668420 978
1668430 978
1668440 975
1668450 976
1668460 976
1668470 977
1668480 979
1668490 979
1668500 980
1668510 981
1668520 982
1668530 982
1668540 985
1668550 987
1668560 987
1668570 989
1668580 992
1668590 992
1668600 992
1668610 994
1668620 995
1668630 995
1668640 997
1668650 998
1668660 998
1668670 999
1668680 999
1668690 999
1668700 999
1668710 998
1668720 997
1668730 997
1668740 1000
1668750 1001
1668760 1001
1668770 1001
1668780 1006
1668790 1006
1668800 1006
1668810 998
1668820 998
1668830 996
1668840 1011
1668850 1019
1668860 1019
1668870 1021
1668880 1020
1668890 1020
1668900 1016
1668910 1003
1668920 1003
1668930 1025
1668940 1018
1668950 1018
1668960 1022
1668970 1028
1668980 1028
1668990 1027
1669000 1030
1669010 1032
1669020 1032
1669030 1038
1669040 1044
1669050 1044
1669060 1036
1669070 1047
1669080 1047
1669090 1044
1669100 1033
1669110 1033
1669120 1037
1669130 1050
1669140 1050
1669150 1050
1669160 1048
1669170 1043
1669180 1043
1669190 1040
1669200 1048
1669210 1048
1669220 1055
1669230 1056
1669240 1056
1669250 1065
1669260 1067
1669270 1067
1669280 1073
1669290 1078
1669300 1078
1669310 1082
1669320 1077
1669330 1074
1669340 1074
1669350 1071
1669360 1085
1669370 1085
1669380 1087
1669390 1087
1669400 1087
1669410 1097
1669420 1101
1669430 1101
1669440 1096
1669450 1100
1669460 1100
1669470 1104
1669480 1113
1669490 1130
1669500 1130
1669510 1135
1669520 1140
1669530 1140
1669540 1142
1669550 1146
1669560 1146
1669570 1145
1669580 1156
1669590 1156
1669600 1156
1669610 1158
1669620 1158
1669630 1159
1669640 1158
1669650 1148
1669660 1148
1669670 1163
1669680 1171
1669690 1171
1669700 1161
1669710 1180
1669720 1180
1669730 1178
1669740 1178
1669750 1178
1669760 1185
1669770 1190
1669780 1190
1669790 1192
1669800 1191
1669810 1193
1669820 1193
1669830 1200
1669840 1201
1669850 1201
1669860 1203
1669870 1203
1669880 1203
1669890 1207
1669900 1205
1669910 1205
1669920 1211
1669930 1216
1669940 1216
1669950 1219
1669960 1224
1669970 1225
1669980 1225
1669990 1226
1670000 1226
1670010 1226
1670020 1225
1670030 1236
1670040 1236
1670050 1244
1670060 1252
1670070 1252
1670080 1256
1670090 1267
1670100 1267
1670110 1271
1670120 1273
1670130 1274
1670140 1274
1670150 1282
1670160 1286
1670170 1286
1670180 1288
1670190 1285
1670200 1285
1670210 1287
1670220 1292
1670230 1292
1670240 1292
1670250 1298
1670260 1298
1670270 1299
1670280 1302
1670290 1302
1670300 1302
1670310 1315
1670320 1319
1670330 1319
1670340 1315
1670350 1326
1670360 1326
1670370 1328
1670380 1332
1670390 1332
1670400 1337
1670410 1343
1670420 1343
1670430 1343
1670440 1341
1670450 1353
1670460 1353
1670470 1351
1670480 1355
1670490 1355
1670500 1354
1670510 1354
1670520 1354
1670530 1362
1670540 1363
1670550 1363
1670560 1372
1670570 1380
1670580 1380
1670590 1382
1670600 1381
1670610 1392
1670620 1392
1670630 1393
1670640 1399
1670650 1399
1670660 1403
1670670 1408
1670680 1408
1670690 1408
1670700 1387
1670710 1387
1670720 1406
1670730 1405
1670740 1405
1670750 1411
1670760 1412
1670770 1411
1670780 1411
1670790 1411
1670800 1410
1670810 1410
1670820 1399
1670830 1410
1670840 1410
1670850 1407
1670860 1407
1670870 1407
1670880 1399
1670890 1400
1670900 1400
1670910 1401
1670920 1392
1670930 1392
1670940 1396
1670950 1393
1670960 1389
1670970 1389
1670980 1382
1670990 1383
1671000 1383
1671010 1382
1671020 1381
1671030 1381
1671040 1380
1671050 1375
1671060 1375
1671070 1371
1671080 1372
1671090 1372
1671100 1368
1671110 1367
1671120 1367
1671130 1367
1671140 1365
1671150 1362
1671160 1362
1671170 1356
1671180 1358
1671190 1358
1671200 1353
1671210 1356
1671220 1356
1671230 1353
1671240 1352
1671250 1352
1671260 1350
1671270 1346
1671280 1341
1671290 1341
1671300 1340
1671310 1341
1671320 1341
1671330 1340
1671340 1333
1671350 1333
1671360 1332
1671370 1331
1671380 1331
1671390 1327
1671400 1323
1671410 1323
1671420 1322
1671430 1322
1671440 1316
1671450 1316
1671460 1312
1671470 1307
1671480 1307
1671490 1303
1671500 1301
1671510 1301
1671520 1294
1671530 1292
1671540 1292
1671550 1287
1671560 1284
1671570 1284
1671580 1281
1671590 1277
1671600 1252
1671610 1252
1671620 1250
1671630 1256
1671640 1256
1671650 1257
1671660 1259
1671670 1259
1671680 1266
1671690 1265
1671700 1265
1671710 1263
1671720 1260
1671730 1260
1671740 1258
1671750 1252
1671760 1234
1671770 1234
1671780 1246
1671790 1249
1671800 1249
1671810 1252
1671820 1253
1671830 1253
1671840 1253
1671850 1257
1671860 1257
1671870 1257
1671880 1256
1671890 1256
1671900 1255
1671910 1254
1671920 1252
1671930 1252
1671940 1252
1671950 1252
1671960 1252
1671970 1249
1671980 1250
1671990 1250
1672000 1247
1672010 1244
1672020 1244
1672030 1243
1672040 1241
1672050 1241
1672060 1238
1672070 1236
1672080 1232
1672090 1232
1672100 1230
1672110 1226
1672120 1226
1672130 1222
1672140 1223
1672150 1223
1672160 1222
1672170 1219
1672180 1219
1672190 1215
1672200 1212
1672210 1212
1672220 1213
1672230 1212
1672240 1213
1672250 1213
1672260 1215
1672270 1209
1672280 1209
