1669710 1187
1669720 1187
1669730 1191
1669740 1195
1669750 1200
1669760 1200
1669770 1204
1669780 1209
1669790 1209
1669800 1215
1669810 1221
1669820 1221
1669830 1225
1669840 1229
1669850 1229
1669860 1233
1669870 1238
1669880 1238
1669890 1243
1669900 1248
1669910 1252
1669920 1252
1669930 1256
1669940 1259
1669950 1259
1669960 1262
1669970 1264
1669980 1264
1669990 1267
1670000 1270
1670010 1270
1670020 1273
1670030 1277
1670040 1277
1670050 1281
1670060 1283
1670070 1286
1670080 1286
1670090 1287
1670100 1289
1670110 1289
1670120 1293
1670130 1295
1670140 1295
1670150 1296
1670160 1298
1670170 1298
1670180 1300
1670190 1302
1670200 1302
1670210 1304
1670220 1307
1670230 1310
1670240 1310
1670250 1311
1670260 1313
1670270 1313
1670280 1315
1670290 1316
1670300 1316
1670310 1318
1670320 1319
1670330 1319
1670340 1321
1670350 1325
1670360 1325
1670370 1329
1670380 1332
1670390 1337
1670400 1337
1670410 1342
1670420 1347
1670430 1347
1670440 1353
1670450 1358
1670460 1358
1670470 1363
1670480 1367
1670490 1367
1670500 1370
1670510 1372
1670520 1372
1670530 1375
1670540 1377
1670550 1378
1670560 1378
1670570 1379
1670580 1380
1670590 1380
1670600 1381
1670610 1381
1670620 1381
1670630 1382
1670640 1381
1670650 1381
1670660 1381
1670670 1381
1670680 1381
1670690 1381
1670700 1381
1670710 1381
1670720 1381
1670730 1380
1670740 1379
1670750 1379
1670760 1378
1670770 1376
1670780 1376
1670790 1375
1670800 1373
1670810 1373
1670820 1371
1670830 1369
1670840 1369
1670850 1367
1670860 1365
1670870 1363
1670880 1363
1670890 1362
1670900 1360
1670910 1360
1670920 1358
1670930 1356
1670940 1356
1670950 1354
1670960 1351
1670970 1351
1670980 1349
1670990 1347
1671000 1347
1671010 1345
1671020 1344
1671030 1344
1671040 1342
1671050 1340
1671060 1339
1671070 1339
1671080 1337
1671090 1336
1671100 1336
1671110 1334
1671120 1332
1671130 1332
1671140 1328
1671150 1326
1671160 1326
1671170 1325
1671180 1324
1671190 1324
1671200 1323
1671210 1323
1671220 1322
1671230 1322
1671240 1321
1671250 1321
1671260 1321
1671270 1321
1671280 1320
1671290 1320
1671300 1320
1671310 1320
1671320 1320
1671330 1319
1671340 1319
1671350 1319
1671360 1318
1671370 1318
1671380 1318
1671390 1318
1671400 1317
1671410 1317
1671420 1317
1671430 1317
1671440 1316
1671450 1316
1671460 1315
1671470 1314
1671480 1314
1671490 1313
1671500 1312
1671510 1312
1671520 1311
1671530 1310
1671540 1309
1671550 1309
1671560 1308
1671570 1306
1671580 1306
1671590 1304
1671600 1302
1671610 1302
1671620 1300
1671630 1298
1671640 1298
1671650 1296
1671660 1293
1671670 1293
1671680 1292
1671690 1290
1671700 1287
1671710 1287
1671720 1284
1671730 1283
1671740 1283
1671750 1282
1671760 1280
1671770 1280
1671780 1279
1671790 1277
1671800 1277
1671810 1275
1671820 1273
1671830 1273
1671840 1270
1671850 1267
1671860 1265
1671870 1265
1671880 1264
1671890 1263
1671900 1263
1671910 1262
1671920 1261
1671930 1261
1671940 1260
1671950 1259
1671960 1259
1671970 1258
1671980 1256
1671990 1256
1672000 1255
1672010 1253
1672020 1252
1672030 1252
1672040 1250
1672050 1248
1672060 1248
1672070 1246
1672080 1245
1672090 1245
1672100 1242
1672110 1240
1672120 1240
1672130 1238
1672140 1235
1672150 1235
1672160 1230
1672170 1229
1672180 1225
1672190 1225
1672200 1223
1672210 1221
1672220 1221
1672230 1221
1672240 1221
1672250 1221
1672260 1222
1672270 1222
1672280 1222
1672290 1221
1672300 1221
1672310 1221
1672320 1220
1672330 1218
1672340 1215
1672350 1215
1672360 1212
1672370 1210
1672380 1210
1672390 1207
1672400 1204
1672410 1204
1672420 1201
1672430 1199
1672440 1199
1672450 1197
1672460 1194
1672470 1194
1672480 1191
1672490 1187
1672500 1187
1672510 1185
1672520 1183
1672530 1181
1672540 1181
1672550 1179
1672560 1178
1672570 1178
1672580 1176
1672590 1174
1672600 1174
1672610 1171
1672620 1168
1672630 1168
1672640 1163
1672650 1159
1672660 1159
1672670 1156
1672680 1154
1672690 1151
1672700 1151
1672710 1149
1672720 1146
1672730 1146
1672740 1142
1672750 1136
1672760 1136
1672770 1131
1672780 1125
1672790 1125
1672800 1119
1672810 1116
1672820 1116
1672830 1116
1672840 1115
1672850 1115
1672860 1115
1672870 1116
1672880 1117
1672890 1117
1672900 1118
1672910 1118
1672920 1118
1672930 1117
1672940 1117
1672950 1117
1672960 1117
1672970 1117
1672980 1117
1672990 1116
1673000 1114
1673010 1113
1673020 1113
1673030 1112
1673040 1112
1673050 1112
1673060 1110
1673070 1101
1673080 1101
1673090 1097
1673100 1093
1673110 1093
1673120 1088
1673130 1086
1673140 1086
1673150 1087
1673160 1088
1673170 1093
1673180 1093
1673190 1097
1673200 1096
1673210 1096
1673220 1090
1673230 1085
1673240 1085
1673250 1080
1673260 1073
1673270 1073
1673280 1068
1673290 1069
1673300 1069
1673310 1072
1673320 1079
1673330 1083
1673340 1083
1673350 1082
1673360 1082
1673370 1082
1673380 1083
1673390 1084
1673400 1084
1673410 1085
1673420 1086
1673430 1086
1673440 1086
1673450 1087
1673460 1087
1673470 1087
1673480 1087
1673490 1085
1673500 1085
1673510 1084
1673520 1082
1673530 1082
1673540 1082
1673550 1080
1673560 1080
1673570 1079
1673580 1078
1673590 1078
1673600 1077
1673610 1076
1673620 1076
1673630 1074
1673640 1073
1673650 1072
1673660 1072
1673670 1071
1673680 1070
1673690 1070
1673700 1067
1673710 1063
1673720 1063
1673730 1060
1673740 1058
1673750 1058
1673760 1054
1673770 1052
1673780 1052
1673790 1050
1673800 1048
1673810 1046
1673820 1046
1673830 1043
1673840 1042
1673850 1042
1673860 1040
1673870 1041
1673880 1041
1673890 1042
1673900 1042
1673910 1042
1673920 1042
1673930 1039
1673940 1039
1673950 1034
1673960 1030
1673970 1030
1673980 1026
1673990 1021
1674000 1016
1674010 1016
1674020 1012
1674030 1007
1674040 1007
1674050 1003
1674060 998
1674070 998
1674080 993
1674090 991
1674100 991
1674110 989
1674120 988
1674130 988
1674140 984
1674150 982
1674160 978
1674170 978
1674180 981
1674190 990
1674200 990
1674210 999
1674220 1005
1674230 1005
1674240 1010
1674250 1017
1674260 1017
1674270 1021
1674280 1026
1674290 1026
1674300 1032
1674310 1033
1674320 1038
1674330 1038
1674340 1041
1674350 1045
1674360 1045
1674370 1048
1674380 1050
1674390 1050
1674400 1052
1674410 1054
1674420 1054
1674430 1057
1674440 1059
1674450 1059
1674460 1061
1674470 1062
1674480 1066
1674490 1066
1674500 1066
1674510 1068
1674520 1068
1674530 1070
1674540 1073
1674550 1073
1674560 1075
1674570 1079
1674580 1079
1674590 1081
1674600 1085
1674610 1085
1674620 1092
1674630 1095
1674640 1096
1674650 1096
1674660 1099
1674670 1100
1674680 1100
1674690 1101
1674700 1102
1674710 1102
1674720 1103
1674730 1103
1674740 1103
1674750 1104
1674760 1103
1674770 1103
1674780 1102
1674790 1100
1674800 1098
1674810 1098
1674820 1096
1674830 1092
1674840 1092
1674850 1089
1674860 1083
1674870 1083
1674880 1079
1674890 1074
1674900 1074
1674910 1073
1674920 1069
1674930 1069
1674940 1067
1674950 1066
1674960 1064
1674970 1064
1674980 1061
1674990 1057
1675000 1057
1675010 1052
1675020 1048
1675030 1048
1675040 1044
1675050 1040
1675060 1040
1675070 1036
1675080 1032
1675090 1032
1675100 1029
1675110 1025
1675120 1021
1675130 1021
1675140 1017
1675150 1015
1675160 1015
1675170 1013
1675180 1012
1675190 1012
1675200 1010
1675210 1004
1675220 1004
1675230 1002
1675240 1001
1675250 1001
1675260 1001
1675270 1001
1675280 1002
1675290 1002
1675300 1002
1675310 1001
1675320 1001
1675330 1000
1675340 999
1675350 999
1675360 998
1675370 995
1675380 995
1675390 992
1675400 989
1675410 989
1675420 984
1675430 978
1675440 976
1675450 976
1675460 976
1675470 976
1675480 976
1675490 976
1675500 976
1675510 976
1675520 976
1675530 976
1675540 976
1675550 975
1675560 974
1675570 974
1675580 972
1675590 971
1675600 971
1675610 969
1675620 967
1675630 963
1675640 963
1675650 960
1675660 956
1675670 956
1675680 953
1675690 950
1675700 950
1675710 946
1675720 943
1675730 943
1675740 942
1675750 944
1675760 944
1675770 946
1675780 947
1675790 947
1675800 947
1675810 946
1675820 944
1675830 944
1675840 941
1675850 942
1675860 942
1675870 943
1675880 943
1675890 943
1675900 938
1675910 934
1675920 934
1675930 931
1675940 928
1675950 927
1675960 927
1675970 926
1675980 926
1675990 926
1676000 925
1676010 925
1676020 925
1676030 924
1676040 923
1676050 923
1676060 923
1676070 923
1676080 923
1676090 921
1676100 920
1676110 917
1676120 917
1676130 915
1676140 913
1676150 913
1676160 910
1676170 908
1676180 908
1676190 909
1676200 908
1676210 908
1676220 906
1676230 906
1676240 906
1676250 905
1676260 905
1676270 902
1676280 902
1676290 901
1676300 899
1676310 899
1676320 896
1676330 894
1676340 894
1676350 895
1676360 894
1676370 894
1676380 899
1676390 906
1676400 906
1676410 911
1676420 912
1676430 912
1676440 912
1676450 913
1676460 912
1676470 912
1676480 911
1676490 911
1676500 911
1676510 909
1676520 909
1676530 909
1676540 906
1676550 902
1676560 902
1676570 903
1676580 899
1676590 896
1676600 896
1676610 892
1676620 888
1676630 888
1676640 883
1676650 879
1676660 879
1676670 875
1676680 870
1676690 870
1676700 866
1676710 863
1676720 863
1676730 861
1676740 860
1676750 857
1676760 857
1676770 855
1676780 854
1676790 854
1676800 852
1676810 848
1676820 848
1676830 843
1676840 838
1676850 838
1676860 831
1676870 827
1676880 827
1676890 826
1676900 825
1676910 820
1676920 820
1676930 814
1676940 809
1676950 809
1676960 803
1676970 797
1676980 797
1676990 791
1677000 786
1677010 786
1677020 784
1677030 779
1677040 779
1677050 776
1677060 777
1677070 777
1677080 786
1677090 793
1677100 797
1677110 797
1677120 799
1677130 802
1677140 802
1677150 806
1677160 810
1677170 810
1677180 815
1677190 817
1677200 817
1677210 820
1677220 822
1677230 822
1677240 825
1677250 826
1677260 828
1677270 828
1677280 829
1677290 828
1677300 828
1677310 831
1677320 834
1677330 834
1677340 837
1677350 838
1677360 838
1677370 840
1677380 843
1677390 843
1677400 845
1677410 847
1677420 848
1677430 848
1677440 849
1677450 851
1677460 851
1677470 853
1677480 856
1677490 856
1677500 857
1677510 859
1677520 859
1677530 860
1677540 861
1677550 861
1677560 864
1677570 867
1677580 870
1677590 870
1677600 872
1677610 871
1677620 871
1677630 872
1677640 873
1677650 873
1677660 873
1677670 872
1677680 872
1677690 871
1677700 866
1677710 866
1677720 859
1677730 855
1677740 855
1677750 855
1677760 853
1677770 852
1677780 852
1677790 851
1677800 851
1677810 851
1677820 852
1677830 852
1677840 852
1677850 853
1677860 853
1677870 853
1677880 851
1677890 848
1677900 842
1677910 842
1677920 837
1677930 839
1677940 839
1677950 846
1677960 851
1677970 851
1677980 853
1677990 851
1678000 851
1678010 852
1678020 851
1678030 851
1678040 847
1678050 847
1678060 847
1678070 847
1678080 847
1678090 848
1678100 848
1678110 850
1678120 851
1678130 851
1678140 850
1678150 851
1678160 851
1678170 853
1678180 855
1678190 855
1678200 856
1678210 856
1678220 857
1678230 857
1678240 860
1678250 861
1678260 861
1678270 866
1678280 866
1678290 866
1678300 867
1678310 867
1678320 867
1678330 865
1678340 865
1678350 865
1678360 866
1678370 867
1678380 867
1678390 867
1678400 866
1678410 863
1678420 863
1678430 858
1678440 853
1678450 853
1678460 852
1678470 851
1678480 851
1678490 853
1678500 856
1678510 856
1678520 860
1678530 863
1678540 863
1678550 865
1678560 864
1678570 864
1678580 864
1678590 864
1678600 865
1678610 865
1678620 867
1678630 870
1678640 870
1678650 869
1678660 866
1678670 866
1678680 861
1678690 858
1678700 858
1678710 856
1678720 855
1678730 855
1678740 855
1678750 855
1678760 855
1678770 855
1678780 855
1678790 854
1678800 854
1678810 853
1678820 852
1678830 852
1678840 850
1678850 847
1678860 847
1678870 845
1678880 845
1678890 845
1678900 845
1678910 843
1678920 840
1678930 840
1678940 836
1678950 832
1678960 832
1678970 828
1678980 824
1678990 824
1679000 817
1679010 813
1679020 813
1679030 811
1679040 804
1679050 800
1679060 800
1679070 796
1679080 789
1679090 789
1679100 778
1679110 772
1679120 772
1679130 764
1679140 762
1679150 762
1679160 772
1679170 780
1679180 780
1679190 785
1679200 791
1679210 797
1679220 797
1679230 803
1679240 810
1679250 810
1679260 816
1679270 822
1679280 822
1679290 828
1679300 832
1679310 832
1679320 835
1679330 838
1679340 838
1679350 840
1679360 842
1679370 844
1679380 844
1679390 847
1679400 850
1679410 850
1679420 855
1679430 856
1679440 856
1679450 859
1679460 861
1679470 861
1679480 862
1679490 864
1679500 864
1679510 865
1679520 865
1679530 865
1679540 865
1679550 864
1679560 864
1679570 864
1679580 865
1679590 866
1679600 866
1679610 867
1679620 868
1679630 868
1679640 868
1679650 869
1679660 869
1679670 869
1679680 869
1679690 868
1679700 868
1679710 864
1679720 859
1679730 859
1679740 855
1679750 856
1679760 856
1679770 860
1679780 864
1679790 864
1679800 868
1679810 870
1679820 870
1679830 870
1679840 868
1679850 866
1679860 866
1679870 866
1679880 866
1679890 866
1679900 866
1679910 866
1679920 866
1679930 866
1679940 865
1679950 865
1679960 864
1679970 864
1679980 864
1679990 862
1660000 443
1660010 440
1660020 436
1660030 432
1660040 432
1660050 427
1660060 426
1660070 426
1660080 429
1660090 434
1660100 434
1660110 435
1660120 436
1660130 436
1660140 415
1660150 415
1660160 415
1660170 426
1660180 422
1660190 423
1660200 423
1660210 392
1660220 390
1660230 390
1660240 392
1660250 421
1660260 421
1660270 423
1660280 390
1660290 390
1660300 388
1660310 378
1660320 378
1660330 375
1660340 373
1660350 376
1660360 376
1660370 376
1660380 375
1660390 375
1660400 374
1660410 374
1660420 374
1660430 373
1660440 376
1660450 376
1660460 377
1660470 374
1660480 374
1660490 374
1660500 370
1660510 377
1660520 377
1660530 374
1660540 376
1660550 376
1660560 376
1660570 374
1660580 374
1660590 373
1660600 372
1660610 372
1660620 368
1660630 367
1660640 367
1660650 367
1660660 368
1660670 378
1660680 378
1660690 376
1660700 366
1660710 366
1660720 365
1660730 365
1660740 365
1660750 364
1660760 364
1660770 364
1660780 364
1660790 364
1660800 364
1660810 364
1660820 364
1660830 363
1660840 363
1660850 363
1660860 363
1660870 363
1660880 363
1660890 363
1660900 363
1660910 363
1660920 364
1660930 364
1660940 364
1660950 364
1660960 364
1660970 364
1660980 364
1660990 363
1661000 363
1661010 362
1661020 362
1661030 362
1661040 364
1661050 364
1661060 364
1661070 364
1661080 362
1661090 362
1661100 362
1661110 361
1661120 361
1661130 361
1661140 361
1661150 361
1661160 361
1661170 361
1661180 361
1661190 361
1661200 361
1661210 361
1661220 361
1661230 361
1661240 361
1661250 361
1661260 361
1661270 368
1661280 368
1661290 368
1661300 361
1661310 361
1661320 361
1661330 361
1661340 361
1661350 361
1661360 371
1661370 371
1661380 371
1661390 364
1661400 363
1661410 363
1661420 372
1661430 373
1661440 373
1661450 369
1661460 371
1661470 374
1661480 374
1661490 380
1661500 373
1661510 373
1661520 371
1661530 361
1661540 361
1661550 361
1661560 361
1661570 361
1661580 361
1661590 361
1661600 361
1661610 361
1661620 361
1661630 361
1661640 361
1661650 361
1661660 361
1661670 361
1661680 361
1661690 361
1661700 361
1661710 361
1661720 361
1661730 361
1661740 361
1661750 361
1661760 361
1661770 361
1661780 361
1661790 361
1661800 361
1661810 361
1661820 361
1661830 361
1661840 361
1661850 361
1661860 361
1661870 361
1661880 361
1661890 361
1661900 361
1661910 368
1661920 368
1661930 372
1661940 363
1661950 363
1661960 363
1661970 363
1661980 361
1661990 361
1662000 361
1662010 362
1662020 362
1662030 362
1662040 362
1662050 362
1662060 362
1662070 362
1662080 362
1662090 363
1662100 364
1662110 364
1662120 365
1662130 366
1662140 367
1662150 367
1662160 368
1662170 368
1662180 368
1662190 369
1662200 369
1662210 369
1662220 369
1662230 369
1662240 369
1662250 369
1662260 368
1662270 368
1662280 368
1662290 368
1662300 368
1662310 368
1662320 367
1662330 367
1662340 367
1662350 366
1662360 366
1662370 366
1662380 365
1662390 365
1662400 365
1662410 365
1662420 365
1662430 365
1662440 366
1662450 366
1662460 367
1662470 367
1662480 368
1662490 370
1662500 370
1662510 372
1662520 375
1662530 375
1662540 378
1662550 382
1662560 382
1662570 385
1662580 388
1662590 388
1662600 391
1662610 395
1662620 402
1662630 402
1662640 406
1662650 406
1662660 406
1662670 406
1662680 404
1662690 404
1662700 407
1662710 406
1662720 406
1662730 405
1662740 403
1662750 403
1662760 401
1662770 399
1662780 398
1662790 398
1662800 396
1662810 395
1662820 395
1662830 393
1662840 391
1662850 391
1662860 390
1662870 389
1662880 389
1662890 388
1662900 387
1662910 387
1662920 387
1662930 387
1662940 384
1662950 384
1662960 383
1662970 402
1662980 402
1662990 405
1663000 403
1663010 403
1663020 402
1663030 406
1663040 406
1663050 405
1663060 388
1663070 388
1663080 389
1663090 390
1663100 392
1663110 392
1663120 394
1663130 395
1663140 395
1663150 396
1663160 398
1663170 398
1663180 400
1663190 402
1663200 402
1663210 404
1663220 409
1663230 409
1663240 415
1663250 415
1663260 417
1663270 417
1663280 418
1663290 419
1663300 419
1663310 420
1663320 420
1663330 420
1663340 420
1663350 420
1663360 420
1663370 420
1663380 420
1663390 420
1663400 420
1663410 420
1663420 423
1663430 423
1663440 428
1663450 434
1663460 434
1663470 425
1663480 427
1663490 427
1663500 430
1663510 429
1663520 429
1663530 430
1663540 427
1663550 427
1663560 429
1663570 437
1663580 436
1663590 436
1663600 426
1663610 427
1663620 427
1663630 428
1663640 429
1663650 429
1663660 431
1663670 433
1663680 433
1663690 435
1663700 437
1663710 437
1663720 440
1663730 441
1663740 454
1663750 454
1663760 469
1663770 474
1663780 474
1663790 477
1663800 474
1663810 474
1663820 481
1663830 481
1663840 481
1663850 481
1663860 481
1663870 481
1663880 501
1663890 503
1663900 511
1663910 511
1663920 513
1663930 512
1663940 512
1663950 517
1663960 519
1663970 519
1663980 524
1663990 525
1664000 525
1664010 532
1664020 536
1664030 536
1664040 534
1664050 535
1664060 535
1664070 535
1664080 537
1664090 536
1664100 536
1664110 532
1664120 536
1664130 539
1664140 539
1664150 540
1664160 540
1664170 540
1664180 541
1664190 541
1664200 539
1664210 536
1664220 526
1664230 526
1664240 515
1664250 514
1664260 514
1664270 514
1664280 519
1664290 519
1664300 525
1664310 521
1664320 521
1664330 521
1664340 520
1664350 520
1664360 520
1664370 517
1664380 499
1664390 499
1664400 499
1664410 502
1664420 502
1664430 510
1664440 506
1664450 506
1664460 498
1664470 480
1664480 480
1664490 475
1664500 469
1664510 469
1664520 481
1664530 483
1664540 491
1664550 491
1664560 487
1664570 502
1664580 502
1664590 498
1664600 496
1664610 496
1664620 499
1664630 504
1664640 504
1664650 509
1664660 510
1664670 510
1664680 514
1664690 518
1664700 519
1664710 519
1664720 522
1664730 521
1664740 521
1664750 526
1664760 529
1664770 529
1664780 535
1664790 535
1664800 535
1664810 537
1664820 535
1664830 535
1664840 535
1664850 536
1664860 538
1664870 538
1664880 540
1664890 541
1664900 541
1664910 542
1664920 544
1664930 544
1664940 540
1664950 533
1664960 533
1664970 525
1664980 530
1664990 530
1665000 552
1665010 560
1665020 563
1665030 563
1665040 565
1665050 558
1665060 558
1665070 578
1665080 578
1665090 578
1665100 582
1665110 568
1665120 568
1665130 571
1665140 578
1665150 578
1665160 577
1665170 593
1665180 597
1665190 597
1665200 600
1665210 606
1665220 606
1665230 605
1665240 607
1665250 607
1665260 616
1665270 617
1665280 617
1665290 620
1665300 626
1665310 626
1665320 631
1665330 640
1665340 643
1665350 643
1665360 648
1665370 651
1665380 651
1665390 650
1665400 654
1665410 654
1665420 658
1665430 668
1665440 668
1665450 673
1665460 675
1665470 675
1665480 678
1665490 681
1665500 672
1665510 672
1665520 658
1665530 662
1665540 662
1665550 674
1665560 699
1665570 699
1665580 699
1665590 704
1665600 704
1665610 707
1665620 685
1665630 685
1665640 690
1665650 704
1665660 705
1665670 705
1665680 706
1665690 699
1665700 699
1665710 694
1665720 698
1665730 698
1665740 709
1665750 726
1665760 726
1665770 725
1665780 714
1665790 714
1665800 715
1665810 718
1665820 720
1665830 720
1665840 722
1665850 724
1665860 724
1665870 725
1665880 728
1665890 728
1665900 731
1665910 734
1665920 734
1665930 737
1665940 739
1665950 739
1665960 750
1665970 749
1665980 752
1665990 752
1666000 749
1666010 749
1666020 749
1666030 750
1666040 758
1666050 758
1666060 762
1666070 766
1666080 766
1666090 762
1666100 772
1666110 772
1666120 789
1666130 792
1666140 795
1666150 795
1666160 800
1666170 800
1666180 800
1666190 802
1666200 805
1666210 805
1666220 803
1666230 808
1666240 808
1666250 814
1666260 819
1666270 819
1666280 821
1666290 823
1666300 823
1666310 823
1666320 818
1666330 817
1666340 817
1666350 806
1666360 802
1666370 802
1666380 803
1666390 808
1666400 808
1666410 806
1666420 808
1666430 808
1666440 809
1666450 811
1666460 811
1666470 812
1666480 812
1666490 818
1666500 818
1666510 818
1666520 818
1666530 818
1666540 824
1666550 824
1666560 824
1666570 823
1666580 824
1666590 824
1666600 819
1666610 822
1666620 822
1666630 822
1666640 824
1666650 821
1666660 821
1666670 844
1666680 837
1666690 837
1666700 833
1666710 859
1666720 859
1666730 864
1666740 863
1666750 863
1666760 866
1666770 860
1666780 860
1666790 865
1666800 862
1666810 869
1666820 869
1666830 865
1666840 855
1666850 855
1666860 859
1666870 889
1666880 889
1666890 892
1666900 894
1666910 894
1666920 896
1666930 896
1666940 896
1666950 902
1666960 899
1666970 906
1666980 906
1666990 905
1667000 910
1667010 910
1667020 905
1667030 911
1667040 911
1667050 912
1667060 912
1667070 912
1667080 909
1667090 909
1667100 909
1667110 908
1667120 892
1667130 899
1667140 899
1667150 901
1667160 893
1667170 893
1667180 897
1667190 888
1667200 888
1667210 892
1667220 896
1667230 896
1667240 931
1667250 938
1667260 938
1667270 941
1667280 937
1667290 942
1667300 942
1667310 944
1667320 947
1667330 947
1667340 940
1667350 933
1667360 933
1667370 936
1667380 939
1667390 939
1667400 941
1667410 944
1667420 944
1667430 957
1667440 967
1667450 954
1667460 954
1667470 955
1667480 956
1667490 956
1667500 958
1667510 960
1667520 960
1667530 961
1667540 962
1667550 962
1667560 970
1667570 971
1667580 971
1667590 965
1667600 988
1667610 994
1667620 994
1667630 992
1667640 1004
1667650 1005
1667660 1005
1667670 1014
1667680 1014
1667690 1017
1667700 1019
1667710 1019
1667720 1022
1667730 1027
1667740 1027
1667750 1027
1667760 1023
1667770 1027
1667780 1027
1667790 1020
1667800 1027
1667810 1027
1667820 1025
1667830 1030
1667840 1030
1667850 1031
1667860 1032
1667870 1032
1667880 1036
1667890 1010
1667900 1010
1667910 1010
1667920 1009
1667930 1016
1667940 1016
1667950 1027
1667960 1027
1667970 1027
1667980 1035
1667990 1034
1668000 1034
1668010 1032
1668020 1029
1668030 1029
1668040 1026
1668050 1029
1668060 1029
1668070 1028
1668080 1031
1668090 1030
1668100 1030
1668110 1032
1668120 1030
1668130 1030
1668140 1025
1668150 1021
1668160 1021
1668170 1023
1668180 1023
1668190 1023
1668200 1027
1668210 1025
1668220 1025
1668230 1026
1668240 1023
1668250 1022
1668260 1022
1668270 1022
1668280 989
1668290 989
1668300 1015
1668310 1026
1668320 1026
1668330 1026
1668340 1035
1668350 1035
1668360 1037
1668370 1035
1668380 1035
1668390 1036
1668400 1040
1668410 1037
1668420 1037
1668430 1044
1668440 1043
1668450 1043
1668460 1046
1668470 1027
1668480 1027
1668490 1029
1668500 1046
1668510 1046
1668520 1058
1668530 1056
1668540 1056
1668550 1064
1668560 1067
1668570 1071
1668580 1071
1668590 1071
1668600 1073
1668610 1065
1668620 1065
1668630 1076
1668640 1055
1668650 1055
1668660 1050
1668670 1077
1668680 1077
1668690 1063
1668700 1074
1668710 1074
1668720 1064
1668730 1064
1668740 1066
1668750 1066
1668760 1063
1668770 1060
1668780 1060
1668790 1065
1668800 1067
1668810 1067
1668820 1069
1668830 1069
1668840 1069
1668850 1065
1668860 1064
1668870 1064
1668880 1062
1668890 1065
1668900 1068
1668910 1068
1668920 1072
1668930 1069
1668940 1069
1668950 1058
1668960 1058
1668970 1058
1668980 1068
1668990 1065
1669000 1065
1669010 1065
1669020 1065
1669030 1065
1669040 1071
1669050 1071
1669060 1072
1669070 1072
1669080 1074
1669090 1077
1669100 1077
1669110 1081
1669120 1083
1669130 1083
1669140 1087
1669150 1094
1669160 1094
1669170 1095
1669180 1097
1669190 1097
1669200 1107
1669210 1111
1669220 1115
1669230 1115
1669240 1114
1669250 1110
1669260 1110
1669270 1119
1669280 1107
1669290 1107
1669300 1106
1669310 1106
1669320 1106
1669330 1109
1669340 1111
1669350 1111
1669360 1129
1669370 1130
1669380 1123
1669390 1123
1669400 1128
1669410 1138
1669420 1138
1669430 1143
1669440 1145
1669450 1145
1669460 1143
1669470 1156
1669480 1156
1669490 1158
1669500 1160
1669510 1160
1669520 1161
1669530 1166
1669540 1166
1669550 1166
1669560 1174
1669570 1179
1669580 1179
1669590 1185
1669600 1187
1669610 1187
1669620 1190
1669630 1185
1669640 1185
1669650 1197
1669660 1192
1669670 1192
1669680 1199
1669690 1204
1669700 1209
1669710 1209
1669720 1211
1669730 1221
1669740 1221
1669750 1219
1669760 1223
1669770 1223
1669780 1218
1669790 1224
1669800 1224
1669810 1232
1669820 1233
1669830 1233
1669840 1246
1669850 1255
1669860 1259
1669870 1259
1669880 1259
1669890 1262
1669900 1262
1669910 1270
1669920 1279
1669930 1279
1669940 1281
1669950 1275
1669960 1275
1669970 1278
1669980 1282
1669990 1282
1670000 1291
1670010 1287
1670020 1293
1670030 1293
1670040 1296
1670050 1297
1670060 1297
1670070 1301
1670080 1303
1670090 1303
1670100 1308
1670110 1314
1670120 1314
1670130 1313
1670140 1316
1670150 1316
1670160 1320
1670170 1312
1670180 1321
1670190 1321
1670200 1326
1670210 1328
1670220 1328
1670230 1332
1670240 1333
1670250 1333
1670260 1336
1670270 1337
1670280 1337
1670290 1338
1670300 1342
1670310 1342
1670320 1329
1670330 1335
1670340 1341
1670350 1341
1670360 1342
1670370 1352
1670380 1352
1670390 1358
1670400 1364
1670410 1364
1670420 1369
1670430 1372
1670440 1372
1670450 1381
1670460 1383
1670470 1383
1670480 1387
1670490 1392
1670500 1393
1670510 1393
1670520 1394
1670530 1402
1670540 1402
1670550 1402
1670560 1402
1670570 1402
1670580 1408
1670590 1405
1670600 1405
1670610 1384
1670620 1386
1670630 1386
1670640 1401
1670650 1391
1670660 1395
1670670 1395
1670680 1390
1670690 1399
1670700 1399
1670710 1389
1670720 1390
1670730 1390
1670740 1392
1670750 1391
1670760 1391
1670770 1391
1670780 1389
1670790 1389
1670800 1389
1670810 1388
1670820 1389
1670830 1389
1670840 1388
1670850 1387
1670860 1387
1670870 1384
1670880 1381
1670890 1381
1670900 1378
1670910 1387
1670920 1387
1670930 1382
1670940 1378
1670950 1378
1670960 1376
1670970 1380
1670980 1380
1670990 1374
1671000 1374
1671010 1372
1671020 1372
1671030 1362
1671040 1360
1671050 1360
1671060 1365
1671070 1363
1671080 1363
1671090 1359
1671100 1362
1671110 1363
1671120 1361
1671130 1359
1671140 1359
1671150 1356
1671160 1354
1671170 1352
1671180 1352
1671190 1353
1671200 1350
1671210 1350
1671220 1347
1671230 1348
1671240 1348
1671250 1343
1671260 1341
1671270 1341
1671280 1339
1671290 1340
1671300 1340
1671310 1338
1671320 1337
1671330 1337
1671340 1337
1671350 1334
1671360 1332
1671370 1332
1671380 1332
1671390 1332
1671400 1332
1671410 1332
1671420 1332
1671430 1332
1671440 1331
1671450 1331
1671460 1331
1671470 1331
1671480 1330
1671490 1329
1671500 1329
1671510 1329
1671520 1329
1671530 1329
1671540 1328
1671550 1328
1671560 1328
1671570 1329
1671580 1330
1671590 1330
1671600 1329
1671610 1329
1671620 1329
1671630 1323
1671640 1318
1671650 1316
1671660 1316
1671670 1310
1671680 1308
1671690 1308
1671700 1308
1671710 1302
1671720 1302
1671730 1300
1671740 1300
1671750 1300
1671760 1298
1671770 1299
1671780 1299
1671790 1297
1671800 1295
1671810 1292
1671820 1292
1671830 1291
1671840 1289
1671850 1289
1671860 1285
1671870 1286
1671880 1286
1671890 1288
1671900 1289
1671910 1289
1671920 1288
1671930 1285
1671940 1285
1671950 1285
1671960 1282
1671970 1275
1671980 1275
1671990 1273
1672000 1272
1672010 1272
1672020 1270
1672030 1274
1672040 1274
1672050 1271
1672060 1273
1672070 1273
1672080 1270
1672090 1270
1672100 1270
1672110 1266
1672120 1264
1672130 1261
1672140 1261
1672150 1258
1672160 1255
1672170 1255
1672180 1254
1672190 1252
1672200 1252
1672210 1251
1672220 1247
1672230 1247
1672240 1246
1672250 1246
1672260 1246
1672270 1244
1672280 1244
1672290 1246
1672300 1246
1672310 1245
1672320 1243
1672330 1243
1672340 1243
1672350 1245
1672360 1245
1672370 1239
1672380 1236
1672390 1236
1672400 1234
1672410 1229
1672420 1229
1672430 1227
1672440 1225
1672450 1222
1672460 1222
1672470 1223
1672480 1222
1672490 1222
1672500 1220
1672510 1216
1672520 1216
1672530 1214
1672540 1211
1672550 1211
