1672520 1359
1672530 1359
1672540 1358
1672550 1358
1672560 1358
1672570 1357
1672580 1357
1672590 1355
1672600 1355
1672610 1354
1672620 1353
1672630 1353
1672640 1354
1672650 1355
1672660 1355
1672670 1355
1672680 1355
1672690 1355
1672700 1354
1672710 1354
1672720 1354
1672730 1353
1672740 1352
1672750 1351
1672760 1351
1672770 1351
1672780 1351
1672790 1351
1672800 1351
1672810 1351
1672820 1351
1672830 1350
1672840 1349
1672850 1349
1672860 1348
1672870 1346
1672880 1346
1672890 1343
1672900 1340
1672910 1337
1672920 1337
1672930 1335
1672940 1332
1672950 1332
1672960 1328
1672970 1324
1672980 1324
1672990 1321
1673000 1316
1673010 1316
1673020 1311
1673030 1307
1673040 1307
1673050 1303
1673060 1299
1673070 1294
1673080 1294
1673090 1296
1673100 1299
1673110 1299
1673120 1302
1673130 1297
1673140 1297
1673150 1295
1673160 1298
1673170 1298
1673180 1304
1673190 1305
1673200 1305
1673210 1307
1673220 1311
1673230 1311
1673240 1313
1673250 1316
1673260 1317
1673270 1317
1673280 1319
1673290 1321
1673300 1321
1673310 1324
1673320 1326
1673330 1326
1673340 1330
1673350 1331
1673360 1331
1673370 1335
1673380 1339
1673390 1339
1673400 1342
1673410 1346
1673420 1349
1673430 1349
1673440 1353
1673450 1356
1673460 1356
1673470 1358
1673480 1361
1673490 1361
1673500 1366
1673510 1369
1673520 1369
1673530 1371
1673540 1373
1673550 1373
1673560 1377
1673570 1380
1673580 1384
1673590 1384
1673600 1387
1673610 1390
1673620 1390
1673630 1392
1673640 1394
1673650 1394
1673660 1396
1673670 1398
1673680 1398
1673690 1399
1673700 1401
1673710 1401
1673720 1403
1673730 1404
1673740 1406
1673750 1406
1673760 1409
1673770 1411
1673780 1411
1673790 1414
1673800 1417
1673810 1417
1673820 1419
1673830 1421
1673840 1421
1673850 1423
1673860 1424
1673870 1424
1673880 1426
1673890 1427
1673900 1429
1673910 1429
1673920 1430
1673930 1431
1673940 1431
1673950 1433
1673960 1434
1673970 1434
1673980 1435
1673990 1436
1674000 1436
1674010 1437
1674020 1438
1674030 1438
1674040 1440
1674050 1441
1674060 1441
1674070 1441
1674080 1442
1674090 1443
1674100 1443
1674110 1443
1674120 1443
1674130 1443
1674140 1443
1674150 1443
1674160 1443
1674170 1443
1674180 1443
1674190 1443
1674200 1443
1674210 1443
1674220 1443
1674230 1443
1674240 1442
1674250 1442
1674260 1442
1674270 1442
1674280 1442
1674290 1442
1674300 1442
1674310 1442
1674320 1442
1674330 1443
1674340 1443
1674350 1443
1674360 1443
1674370 1444
1674380 1444
1674390 1444
1674400 1445
1674410 1446
1674420 1446
1674430 1446
1674440 1447
1674450 1447
1674460 1448
1674470 1448
1674480 1448
1674490 1449
1674500 1450
1674510 1450
1674520 1451
1674530 1451
1674540 1451
1674550 1452
1674560 1453
1674570 1454
1674580 1454
1674590 1455
1674600 1456
1674610 1456
1674620 1457
1674630 1458
1674640 1458
1674650 1459
1674660 1460
1674670 1460
1674680 1461
1674690 1462
1674700 1462
1674710 1463
1674720 1464
1674730 1464
1674740 1465
1674750 1468
1674760 1469
1674770 1469
1674780 1469
1674790 1470
1674800 1470
1674810 1471
1674820 1471
1674830 1471
1674840 1471
1674850 1471
1674860 1471
1674870 1471
1674880 1471
1674890 1471
1674900 1470
1674910 1470
1674920 1469
1674930 1469
1674940 1468
1674950 1467
1674960 1467
1674970 1466
1674980 1465
1674990 1465
1675000 1463
1675010 1462
1675020 1462
1675030 1461
1675040 1460
1675050 1460
1675060 1458
1675070 1456
1675080 1455
1675090 1455
1675100 1453
1675110 1452
1675120 1452
1675130 1450
1675140 1448
1675150 1448
1675160 1447
1675170 1444
1675180 1444
1675190 1443
1675200 1440
1675210 1440
1675220 1438
1675230 1436
1675240 1435
1675250 1435
1675260 1434
1675270 1432
1675280 1432
1675290 1431
1675300 1429
1675310 1429
1675320 1427
1675330 1425
1675340 1425
1675350 1424
1675360 1422
1675370 1422
1675380 1421
1675390 1420
1675400 1420
1675410 1419
1675420 1415
1675430 1414
1675440 1414
1675450 1411
1675460 1411
1675470 1411
1675480 1409
1675490 1406
1675500 1406
1675510 1404
1675520 1403
1675530 1403
1675540 1402
1675550 1401
1675560 1401
1675570 1399
1675580 1397
1675590 1397
1675600 1397
1675610 1397
1675620 1398
1675630 1398
1675640 1398
1675650 1398
1675660 1398
1675670 1398
1675680 1398
1675690 1398
1675700 1397
1675710 1398
1675720 1398
1675730 1399
1675740 1401
1675750 1401
1675760 1401
1675770 1401
1675780 1402
1675790 1402
1675800 1402
1675810 1403
1675820 1403
1675830 1404
1675840 1403
1675850 1403
1675860 1404
1675870 1404
1675880 1404
1675890 1404
1675900 1404
1675910 1404
1675920 1404
1675930 1404
1675940 1403
1675950 1403
1675960 1403
1675970 1402
1675980 1402
1675990 1400
1676000 1399
1676010 1399
1676020 1398
1676030 1397
1676040 1397
1676050 1395
1676060 1394
1676070 1394
1676080 1391
1676090 1390
1676100 1387
1676110 1387
1676120 1385
1676130 1384
1676140 1384
1676150 1382
1676160 1380
1676170 1380
1676180 1377
1676190 1375
1676200 1375
1676210 1373
1676220 1371
1676230 1371
1676240 1369
1676250 1366
1676260 1364
1676270 1362
1676280 1360
1676290 1358
1676300 1358
1676310 1356
1676320 1354
1676330 1354
1676340 1352
1676350 1350
1676360 1350
1676370 1348
1676380 1344
1676390 1344
1676400 1342
1676410 1339
1676420 1336
1676430 1336
1676440 1333
1676450 1329
1676460 1329
1676470 1326
1676480 1323
1676490 1323
1676500 1321
1676510 1319
1676520 1319
1676530 1317
1676540 1315
1676550 1315
1676560 1314
1676570 1312
1676580 1309
1676590 1309
1676600 1307
1676610 1305
1676620 1305
1676630 1303
1676640 1300
1676650 1300
1676660 1298
1676670 1295
1676680 1295
1676690 1292
1676700 1289
1676710 1289
1676720 1285
1676730 1282
1676740 1282
1676750 1280
1676760 1278
1676770 1276
1676780 1276
1676790 1275
1676800 1273
1676810 1273
1676820 1271
1676830 1269
1676840 1269
1676850 1267
1676860 1265
1676870 1265
1676880 1263
1676890 1261
1676900 1261
1676910 1258
1676920 1255
1676930 1252
1676940 1252
1676950 1249
1676960 1246
1676970 1246
1676980 1244
1676990 1241
1677000 1241
1677010 1239
1677020 1236
1677030 1236
1677040 1233
1677050 1229
1677060 1229
1677070 1227
1677080 1225
1677090 1222
1677100 1222
1677110 1220
1677120 1217
1677130 1217
1677140 1215
1677150 1212
1677160 1212
1677170 1210
1677180 1207
1677190 1207
1677200 1205
1677210 1201
1677220 1201
1677230 1198
1677240 1197
1677250 1195
1677260 1195
1677270 1193
1677280 1190
1677290 1190
1677300 1186
1677310 1183
1677320 1183
1677330 1179
1677340 1175
1677350 1175
1677360 1170
1677370 1167
1677380 1167
1677390 1167
1677400 1167
1677410 1167
1677420 1167
1677430 1167
1677440 1164
1677450 1164
1677460 1161
1677470 1157
1677480 1157
1677490 1154
1677500 1153
1677510 1153
1677520 1153
1677530 1152
1677540 1152
1677550 1151
1677560 1149
1677570 1149
1677580 1147
1677590 1144
1677600 1140
1677610 1140
1677620 1137
1677630 1133
1677640 1133
1677650 1129
1677660 1123
1677670 1123
1677680 1117
1677690 1112
1677700 1112
1677710 1108
1677720 1102
1677730 1102
1677740 1098
1677750 1092
1677760 1086
1677770 1086
1677780 1084
1677790 1084
1677800 1084
1677810 1085
1677820 1085
1677830 1085
1677840 1086
1677850 1088
1677860 1088
1677870 1088
1677880 1088
1677890 1088
1677900 1086
1677910 1083
1677920 1082
1677930 1082
1677940 1081
1677950 1080
1677960 1080
1677970 1077
1677980 1073
1677990 1073
1678000 1070
1678010 1067
1678020 1067
1678030 1065
1678040 1062
1678050 1062
1678060 1059
1678070 1057
1678080 1057
1678090 1057
1678100 1057
1678110 1056
1678120 1056
1678130 1053
1678140 1050
1678150 1050
1678160 1046
1678170 1042
1678180 1042
1678190 1040
1678200 1035
1678210 1035
1678220 1032
1678230 1029
1678240 1029
1678250 1026
1678260 1024
1678270 1024
1678280 1024
1678290 1022
1678300 1020
1678310 1020
1678320 1017
1678330 1013
1678340 1013
1678350 1009
1678360 1006
1678370 1006
1678380 1002
1678390 995
1678400 995
1678410 987
1678420 979
1678430 973
1678440 973
1678450 971
1678460 972
1678470 972
1678480 969
1678490 966
1678500 966
1678510 964
1678520 963
1678530 963
1678540 963
1678550 958
1678560 958
1678570 950
1678580 943
1678590 934
1678600 934
1678610 935
1678620 936
1678630 936
1678640 936
1678650 935
1678660 935
1678670 933
1678680 931
1678690 931
1678700 930
1678710 928
1678720 928
1678730 923
1678740 915
1678750 915
1678760 915
1678770 918
1678780 917
1678790 917
1678800 917
1678810 917
1678820 917
1678830 917
1678840 918
1678850 918
1678860 920
1678870 920
1678880 920
1678890 919
1678900 920
1678910 920
1678920 922
1678930 923
1678940 922
1678950 922
1678960 921
1678970 921
1678980 921
1678990 922
1679000 922
1679010 922
1679020 921
1679030 917
1679040 917
1679050 914
1679060 911
1679070 911
1679080 905
1679090 898
1679100 891
1679110 891
1679120 888
1679130 884
1679140 884
1679150 885
1679160 884
1679170 884
1679180 877
1679190 871
1679200 871
1679210 865
1679220 857
1679230 857
1679240 858
1679250 861
1679260 869
1679270 869
1679280 879
1679290 882
1679300 882
1679310 885
1679320 883
1679330 883
1679340 877
1679350 876
1679360 876
1679370 875
1679380 876
1679390 876
1679400 879
1679410 879
1679420 878
1679430 878
1679440 877
1679450 877
1679460 877
1679470 878
1679480 878
1679490 878
1679500 879
1679510 877
1679520 877
1679530 875
1679540 877
1679550 877
1679560 883
1679570 886
1679580 886
1679590 891
1679600 896
1679610 900
1679620 900
1679630 904
1679640 906
1679650 906
1679660 908
1679670 910
1679680 910
1679690 912
1679700 912
1679710 912
1679720 911
1679730 910
1679740 910
1679750 911
1679760 910
1679770 914
1679780 914
1679790 917
1679800 918
1679810 918
1679820 920
1679830 922
1679840 922
1679850 924
1679860 929
1679870 929
1679880 931
1679890 934
1679900 934
1679910 936
1679920 938
1679930 939
1679940 939
1679950 941
1679960 944
1679970 944
1679980 946
1679990 949
1660000 428
1660010 429
1660020 430
1660030 430
1660040 431
1660050 432
1660060 432
1660070 433
1660080 433
1660090 434
1660100 434
1660110 438
1660120 439
1660130 439
1660140 437
1660150 438
1660160 438
1660170 438
1660180 436
1660190 436
1660200 436
1660210 435
1660220 435
1660230 435
1660240 435
1660250 435
1660260 435
1660270 434
1660280 434
1660290 434
1660300 434
1660310 434
1660320 434
1660330 434
1660340 434
1660350 434
1660360 434
1660370 434
1660380 434
1660390 434
1660400 434
1660410 434
1660420 434
1660430 435
1660440 435
1660450 435
1660460 435
1660470 436
1660480 436
1660490 436
1660500 436
1660510 436
1660520 437
1660530 437
1660540 437
1660550 438
1660560 438
1660570 439
1660580 439
1660590 440
1660600 441
1660610 441
1660620 441
1660630 442
1660640 442
1660650 441
1660660 442
1660670 442
1660680 442
1660690 443
1660700 443
1660710 443
1660720 444
1660730 444
1660740 444
1660750 445
1660760 445
1660770 445
1660780 445
1660790 445
1660800 445
1660810 446
1660820 446
1660830 446
1660840 446
1660850 446
1660860 446
1660870 447
1660880 447
1660890 447
1660900 448
1660910 459
1660920 449
1660930 449
1660940 449
1660950 449
1660960 449
1660970 450
1660980 450
1660990 450
1661000 450
1661010 451
1661020 451
1661030 451
1661040 452
1661050 452
1661060 452
1661070 452
1661080 452
1661090 452
1661100 453
1661110 457
1661120 457
1661130 457
1661140 457
1661150 457
1661160 453
1661170 453
1661180 453
1661190 453
1661200 454
1661210 454
1661220 465
1661230 471
1661240 473
1661250 473
1661260 453
1661270 455
1661280 455
1661290 457
1661300 460
1661310 460
1661320 470
1661330 470
1661340 470
1661350 474
1661360 473
1661370 473
1661380 484
1661390 502
1661400 505
1661410 505
1661420 508
1661430 507
1661440 507
1661450 509
1661460 512
1661470 512
1661480 513
1661490 513
1661500 513
1661510 513
1661520 515
1661530 515
1661540 515
1661550 516
1661560 516
1661570 516
1661580 509
1661590 519
1661600 519
1661610 522
1661620 518
1661630 518
1661640 517
1661650 523
1661660 523
1661670 504
1661680 519
1661690 519
1661700 524
1661710 525
1661720 525
1661730 524
1661740 524
1661750 521
1661760 521
1661770 515
1661780 526
1661790 526
1661800 529
1661810 530
1661820 530
1661830 531
1661840 534
1661850 534
1661860 536
1661870 539
1661880 539
1661890 541
1661900 540
1661910 537
1661920 537
1661930 522
1661940 523
1661950 523
1661960 525
1661970 526
1661980 526
1661990 527
1662000 527
1662010 527
1662020 528
1662030 529
1662040 529
1662050 533
1662060 534
1662070 540
1662080 540
1662090 550
1662100 552
1662110 552
1662120 555
1662130 554
1662140 554
1662150 555
1662160 553
1662170 553
1662180 556
1662190 559
1662200 559
1662210 558
1662220 559
1662230 556
1662240 556
1662250 562
1662260 564
1662270 564
1662280 566
1662290 544
1662300 544
1662310 542
1662320 538
1662330 538
1662340 540
1662350 576
1662360 576
1662370 544
1662380 544
1662390 580
1662400 580
1662410 581
1662420 571
1662430 571
1662440 587
1662450 590
1662460 590
1662470 586
1662480 593
1662490 593
1662500 592
1662510 585
1662520 585
1662530 582
1662540 580
1662550 573
1662560 573
1662570 565
1662580 566
1662590 566
1662600 587
1662610 593
1662620 593
1662630 598
1662640 600
1662650 600
1662660 600
1662670 603
1662680 603
1662690 601
1662700 602
1662710 603
1662720 603
1662730 605
1662740 611
1662750 611
1662760 607
1662770 607
1662780 607
1662790 607
1662800 616
1662810 616
1662820 619
1662830 618
1662840 618
1662850 619
1662860 626
1662870 626
1662880 627
1662890 630
1662900 632
1662910 632
1662920 634
1662930 634
1662940 634
1662950 637
1662960 639
1662970 639
1662980 641
1662990 643
1663000 643
1663010 645
1663020 645
1663030 645
1663040 643
1663050 642
1663060 646
1663070 642
1663080 642
1663090 646
1663100 646
1663110 651
1663120 648
1663130 648
1663140 657
1663150 657
1663160 657
1663170 663
1663180 665
1663190 665
1663200 667
1663210 673
1663220 669
1663230 669
1663240 667
1663250 678
1663260 678
1663270 683
1663280 684
1663290 684
1663300 686
1663310 692
1663320 692
1663330 695
1663340 697
1663350 697
1663360 703
1663370 682
1663380 675
1663390 675
1663400 675
1663410 694
1663420 694
1663430 710
1663440 715
1663450 715
1663460 711
1663470 718
1663480 718
1663490 725
1663500 726
1663510 726
1663520 708
1663530 714
1663540 719
1663550 719
1663560 720
1663570 737
1663580 737
1663590 745
1663600 728
1663610 728
1663620 752
1663630 757
1663640 757
1663650 767
1663660 773
1663670 773
1663680 775
1663690 780
1663700 784
1663710 784
1663720 789
1663730 790
1663740 790
1663750 797
1663760 794
1663770 794
1663780 797
1663790 806
1663800 806
1663810 806
1663820 806
1663830 806
1663840 807
1663850 801
1663860 801
1663870 807
1663880 821
1663890 823
1663900 823
1663910 827
1663920 836
1663930 836
1663940 844
1663950 847
1663960 847
1663970 849
1663980 852
1663990 852
1664000 857
1664010 868
1664020 868
1664030 873
1664040 876
1664050 881
1664060 881
1664070 884
1664080 882
1664090 882
1664100 885
1664110 891
1664120 891
1664130 898
1664140 905
1664150 905
1664160 906
1664170 908
1664180 908
1664190 915
1664200 918
1664210 928
1664220 928
1664230 932
1664240 934
1664250 934
1664260 947
1664270 950
1664280 950
1664290 956
1664300 962
1664310 962
1664320 973
1664330 975
1664340 975
1664350 979
1664360 985
1664370 990
1664380 990
1664390 993
1664400 997
1664410 997
1664420 1002
1664430 1009
1664440 1009
1664450 1017
1664460 1019
1664470 1019
1664480 1023
1664490 1028
1664500 1028
1664510 1031
1664520 1035
1664530 1037
1664540 1037
1664550 1040
1664560 1044
1664570 1044
1664580 1048
1664590 1049
1664600 1049
1664610 1040
1664620 1029
1664630 1029
1664640 1030
1664650 1031
1664660 1031
1664670 1030
1664680 1030
1664690 1031
1664700 1031
1664710 1032
1664720 1033
1664730 1033
1664740 1035
1664750 1038
1664760 1038
1664770 1041
1664780 1045
1664790 1045
1664800 1047
1664810 1049
1664820 1049
1664830 1053
1664840 1055
1664850 1055
1664860 1057
1664870 1058
1664880 1060
1664890 1060
1664900 1069
1664910 1075
1664920 1075
1664930 1073
1664940 1072
1664950 1072
1664960 1073
1664970 1073
1664980 1073
1664990 1075
1665000 1078
1665010 1078
1665020 1078
1665030 1070
1665040 1070
1665050 1070
1665060 1072
1665070 1097
1665080 1097
1665090 1110
1665100 1116
1665110 1116
1665120 1119
1665130 1123
1665140 1123
1665150 1128
1665160 1131
1665170 1131
1665180 1133
1665190 1135
1665200 1141
1665210 1141
1665220 1142
1665230 1139
1665240 1139
1665250 1136
1665260 1131
1665270 1131
1665280 1132
1665290 1125
1665300 1125
1665310 1120
1665320 1122
1665330 1122
1665340 1128
1665350 1133
1665360 1138
1665370 1138
1665380 1141
1665390 1145
1665400 1145
1665410 1135
1665420 1156
1665430 1156
1665440 1161
1665450 1163
1665460 1163
1665470 1167
1665480 1174
1665490 1174
1665500 1172
1665510 1178
1665520 1177
1665530 1177
1665540 1180
1665550 1185
1665560 1185
1665570 1190
1665580 1192
1665590 1192
1665600 1194
1665610 1197
1665620 1197
1665630 1202
1665640 1207
1665650 1207
1665660 1209
1665670 1211
1665680 1212
1665690 1212
1665700 1210
1665710 1210
1665720 1210
1665730 1219
1665740 1219
1665750 1219
1665760 1218
1665770 1218
1665780 1218
1665790 1218
1665800 1225
1665810 1225
1665820 1224
1665830 1228
1665840 1229
1665850 1229
1665860 1226
1665870 1222
1665880 1222
1665890 1229
1665900 1227
1665910 1227
1665920 1228
1665930 1233
1665940 1233
1665950 1236
1665960 1240
1665970 1240
1665980 1243
1665990 1254
1666000 1254
1666010 1256
1666020 1253
1666030 1252
1666040 1252
1666050 1264
1666060 1265
1666070 1265
1666080 1271
1666090 1267
1666100 1267
1666110 1273
1666120 1276
1666130 1276
1666140 1282
1666150 1259
1666160 1259
1666170 1273
1666180 1276
1666190 1292
1666200 1292
1666210 1297
1666220 1301
1666230 1301
1666240 1306
1666250 1299
1666260 1299
1666270 1296
1666280 1297
1666290 1297
1666300 1302
1666310 1303
1666320 1303
1666330 1299
1666340 1306
1666350 1308
1666360 1308
1666370 1317
1666380 1321
1666390 1321
1666400 1326
1666410 1326
1666420 1326
1666430 1327
1666440 1333
1666450 1333
1666460 1338
1666470 1344
1666480 1344
1666490 1343
1666500 1353
1666510 1354
1666520 1354
1666530 1356
1666540 1361
1666550 1361
1666560 1363
1666570 1358
1666580 1358
1666590 1371
1666600 1373
1666610 1373
1666620 1376
1666630 1378
1666640 1378
1666650 1381
1666660 1385
1666670 1388
1666680 1388
1666690 1391
1666700 1392
1666710 1392
1666720 1396
1666730 1397
1666740 1397
1666750 1392
1666760 1387
1666770 1387
1666780 1407
1666790 1405
1666800 1405
1666810 1403
1666820 1407
1666830 1407
1666840 1407
1666850 1405
1666860 1410
1666870 1410
1666880 1412
1666890 1410
1666900 1410
1666910 1412
1666920 1412
1666930 1412
1666940 1410
1666950 1412
1666960 1412
1666970 1413
1666980 1412
1666990 1412
1667000 1409
1667010 1411
1667020 1410
1667030 1410
1667040 1405
1667050 1400
1667060 1400
1667070 1405
1667080 1402
1667090 1402
1667100 1394
1667110 1376
1667120 1376
1667130 1373
1667140 1393
1667150 1393
1667160 1392
1667170 1389
1667180 1387
1667190 1387
1667200 1384
1667210 1379
1667220 1379
1667230 1380
1667240 1379
1667250 1379
1667260 1379
1667270 1378
1667280 1378
1667290 1374
1667300 1375
1667310 1373
1667320 1370
1667330 1371
1667340 1366
1667350 1366
1667360 1366
1667370 1364
1667380 1364
1667390 1365
1667400 1363
1667410 1363
1667420 1359
1667430 1358
1667440 1358
1667450 1357
1667460 1352
1667470 1352
1667480 1351
1667490 1330
1667500 1324
1667510 1324
1667520 1321
1667530 1337
1667540 1337
1667550 1337
1667560 1334
1667570 1334
1667580 1335
1667590 1333
1667600 1333
1667610 1326
1667620 1326
1667630 1326
1667640 1322
1667650 1318
1667660 1315
1667670 1315
1667680 1312
1667690 1297
1667700 1297
1667710 1300
1667720 1298
1667730 1298
1667740 1275
1667750 1271
1667760 1271
1667770 1282
1667780 1288
1667790 1288
1667800 1273
1667810 1279
1667820 1288
1667830 1288
1667840 1293
1667850 1295
1667860 1295
1667870 1296
1667880 1279
1667890 1279
1667900 1300
1667910 1302
1667920 1302
1667930 1305
1667940 1307
1667950 1307
1667960 1304
1667970 1307
1667980 1307
1667990 1311
1668000 1303
1668010 1308
1668020 1308
1668030 1319
1668040 1320
1668050 1320
1668060 1302
1668070 1316
1668080 1316
1668090 1319
1668100 1319
1668110 1319
1668120 1320
1668130 1320
1668140 1320
1668150 1323
1668160 1306
1668170 1310
1668180 1310
1668190 1308
1668200 1300
1668210 1300
1668220 1306
1668230 1306
1668240 1306
1668250 1298
1668260 1296
1668270 1296
1668280 1311
1668290 1311
1668300 1311
1668310 1306
1668320 1314
1668330 1313
1668340 1313
1668350 1314
1668360 1317
1668370 1317
1668380 1314
1668390 1313
1668400 1313
1668410 1310
1668420 1311
1668430 1311
1668440 1303
1668450 1299
1668460 1299
1668470 1301
1668480 1308
1668490 1306
1668500 1306
1668510 1306
1668520 1307
1668530 1307
1668540 1300
1668550 1302
1668560 1302
1668570 1304
1668580 1294
1668590 1294
1668600 1294
1668610 1297
1668620 1291
1668630 1291
1668640 1281
1668650 1281
1668660 1282
1668670 1282
1668680 1281
1668690 1296
1668700 1296
1668710 1298
1668720 1300
1668730 1300
1668740 1300
1668750 1301
1668760 1301
1668770 1302
1668780 1303
1668790 1303
1668800 1307
1668810 1306
1668820 1310
1668830 1310
1668840 1313
1668850 1315
1668860 1315
1668870 1322
1668880 1322
1668890 1322
1668900 1321
1668910 1326
1668920 1326
1668930 1328
1668940 1331
1668950 1331
1668960 1332
1668970 1334
1668980 1332
1668990 1332
1669000 1331
1669010 1332
1669020 1332
1669030 1336
1669040 1334
1669050 1334
1669060 1331
1669070 1328
1669080 1328
1669090 1329
1669100 1327
1669110 1327
1669120 1325
1669130 1321
1669140 1321
1669150 1324
1669160 1315
1669170 1315
1669180 1315
1669190 1313
1669200 1309
1669210 1309
1669220 1308
1669230 1308
1669240 1308
1669250 1304
1669260 1302
1669270 1302
1669280 1298
1669290 1296
1669300 1296
1669310 1291
1669320 1289
1669330 1290
1669340 1290
1669350 1290
1669360 1286
1669370 1286
1669380 1283
1669390 1281
1669400 1281
1669410 1279
1669420 1277
1669430 1277
1669440 1274
1669450 1273
1669460 1273
1669470 1270
1669480 1270
1669490 1266
1669500 1266
1669510 1263
1669520 1267
1669530 1267
1669540 1265
1669550 1258
1669560 1258
1669570 1254
1669580 1233
1669590 1233
1669600 1230
1669610 1240
1669620 1240
1669630 1241
1669640 1240
1669650 1237
1669660 1237
1669670 1232
1669680 1232
1669690 1232
1669700 1231
1669710 1227
1669720 1227
1669730 1223
1669740 1222
1669750 1222
1669760 1220
1669770 1213
1669780 1213
1669790 1214
1669800 1215
1669810 1209
1669820 1209
1669830 1199
1669840 1210
1669850 1210
1669860 1214
1669870 1211
1669880 1211
1669890 1215
1669900 1222
1669910 1222
1669920 1225
1669930 1224
1669940 1224
1669950 1221
1669960 1224
1669970 1225
1669980 1225
1669990 1222
1670000 1226
1670010 1226
1670020 1229
1670030 1229
1670040 1229
1670050 1228
1670060 1230
1670070 1230
1670080 1233
1670090 1233
1670100 1233
1670110 1211
1670120 1212
1670130 1212
1670140 1235
1670150 1237
1670160 1237
1670170 1237
1670180 1238
1670190 1235
1670200 1235
1670210 1234
1670220 1230
1670230 1230
1670240 1233
1670250 1231
1670260 1231
1670270 1228
1670280 1227
1670290 1227
1670300 1221
1670310 1214
1670320 1208
1670330 1208
1670340 1213
1670350 1215
1670360 1215
1670370 1244
1670380 1250
1670390 1250
1670400 1255
1670410 1258
1670420 1258
1670430 1262
1670440 1263
1670450 1263
1670460 1263
1670470 1247
1670480 1250
1670490 1250
1670500 1255
1670510 1257
1670520 1257
1670530 1258
1670540 1265
1670550 1265
1670560 1270
1670570 1271
1670580 1271
1670590 1272
1670600 1277
1670610 1277
1670620 1279
1670630 1293
1670640 1296
1670650 1296
1670660 1296
1670670 1299
1670680 1299
1670690 1304
1670700 1303
1670710 1303
1670720 1305
1670730 1304
1670740 1304
1670750 1309
1670760 1312
1670770 1311
1670780 1313
1670790 1316
1670800 1295
1670810 1295
1670820 1302
1670830 1306
1670840 1306
1670850 1313
1670860 1315
1670870 1315
1670880 1316
1670890 1318
1670900 1318
1670910 1318
1670920 1319
1670930 1319
1670940 1320
1670950 1324
1670960 1323
1670970 1323
1670980 1323
1670990 1326
1671000 1326
1671010 1327
1671020 1326
1671030 1326
1671040 1332
1671050 1332
1671060 1332
1671070 1335
1671080 1338
1671090 1338
1671100 1343
1671110 1343
1671120 1343
1671130 1345
1671140 1349
1671150 1352
1671160 1352
1671170 1362
1671180 1368
1671190 1368
1671200 1371
1671210 1375
1671220 1375
1671230 1376
1671240 1379
1671250 1379
1671260 1378
1671270 1381
1671280 1381
1671290 1382
1671300 1383
1671310 1384
1671320 1384
1671330 1385
1671340 1389
1671350 1389
1671360 1393
1671370 1396
1671380 1396
1671390 1394
1671400 1398
1671410 1398
1671420 1396
1671430 1397
1671440 1397
1671450 1373
1671460 1378
1671470 1378
1671480 1378
1671490 1379
1671500 1379
1671510 1379
1671520 1381
1671530 1383
1671540 1383
1671550 1383
1671560 1383
1671570 1383
1671580 1379
1671590 1382
1671600 1382
1671610 1379
1671620 1376
1671630 1375
1671640 1375
1671650 1375
1671660 1378
1671670 1378
1671680 1375
1671690 1358
1671700 1358
1671710 1369
1671720 1369
1671730 1369
1671740 1363
1671750 1361
1671760 1361
1671770 1358
1671780 1355
1671790 1350
1671800 1350
1671810 1352
1671820 1352
1671830 1352
1671840 1353
1671850 1354
1671860 1354
1671870 1358
1671880 1358
1671890 1358
1671900 1364
1671910 1362
1671920 1362
1671930 1364
1671940 1367
1671950 1370
1671960 1370
1671970 1368
1671980 1372
1671990 1372
1672000 1373
1672010 1372
1672020 1372
1672030 1372
1672040 1370
1672050 1370
1672060 1371
1672070 1372
1672080 1372
1672090 1372
1672100 1370
1672110 1372
1672120 1372
1672130 1372
1672140 1373
1672150 1373
1672160 1373
1672170 1375
1672180 1375
1672190 1371
1672200 1369
1672210 1369
1672220 1371
1672230 1365
1672240 1365
1672250 1355
1672260 1367
1672270 1367
1672280 1382
1672290 1381
1672300 1386
1672310 1386
1672320 1387
1672330 1388
1672340 1388
1672350 1378
1672360 1387
1672370 1387
1672380 1385
1672390 1390
1672400 1390
1672410 1392
1672420 1391
1672430 1391
1672440 1394
1672450 1391
1672460 1391
1672470 1391
1672480 1396
1672490 1395
1672500 1395
1672510 1389
1672520 1392
1672530 1392
1672540 1375
1672550 1381
1672560 1381
1672570 1384
1672580 1387
1672590 1387
1672600 1385
1672610 1375
1672620 1379
1672630 1379
1672640 1376
1672650 1386
1672660 1386
1672670 1382
1672680 1385
1672690 1385
1672700 1390
1672710 1384
1672720 1384
1672730 1382
1672740 1381
1672750 1381
1672760 1382
1672770 1382
1672780 1381
1672790 1381
1672800 1381
1672810 1381
1672820 1381
1672830 1386
1672840 1384
1672850 1384
1672860 1376
1672870 1365
1672880 1365
1672890 1347
1672900 1351
1672910 1351
1672920 1374
1672930 1370
1672940 1340
1672950 1340
1672960 1362
1672970 1360
1672980 1360
1672990 1353
1673000 1349
1673010 1349
1673020 1343
1673030 1367
1673040 1367
1673050 1320
1673060 1325
1673070 1325
1673080 1308
1673090 1315
1673100 1312
1673110 1312
1673120 1317
1673130 1321
1673140 1321
1673150 1316
1673160 1316
1673170 1316
1673180 1346
1673190 1316
1673200 1316
1673210 1327
1673220 1339
1673230 1339
1673240 1342
1673250 1348
1673260 1348
1673270 1351
1673280 1353
1673290 1356
1673300 1356
1673310 1357
1673320 1360
1673330 1360
1673340 1356
1673350 1341
1673360 1341
1673370 1365
1673380 1368
1673390 1368
1673400 1371
1673410 1376
1673420 1376
1673430 1355
1673440 1358
1673450 1362
1673460 1362
1673470 1365
1673480 1383
1673490 1383
1673500 1373
1673510 1380
1673520 1380
1673530 1380
1673540 1383
1673550 1383
1673560 1386
1673570 1389
1673580 1389
1673590 1403
1673600 1407
1673610 1407
1673620 1407
1673630 1393
1673640 1395
1673650 1395
1673660 1415
1673670 1417
1673680 1417
1673690 1425
1673700 1419
1673710 1419
1673720 1420
1673730 1422
1673740 1422
1673750 1428
1673760 1429
1673770 1434
1673780 1434
1673790 1438
1673800 1439
1673810 1439
1673820 1442
1673830 1445
1673840 1445
1673850 1449
1673860 1446
1673870 1446
1673880 1443
1673890 1445
1673900 1445
1673910 1446
1673920 1448
1673930 1452
1673940 1452
1673950 1451
1673960 1454
1673970 1454
1673980 1454
1673990 1455
1674000 1455
1674010 1456
1674020 1456
1674030 1456
1674040 1458
1674050 1457
1674060 1457
1674070 1455
1674080 1459
1674090 1461
1674100 1461
1674110 1459
1674120 1459
1674130 1459
1674140 1462
1674150 1459
1674160 1459
1674170 1458
1674180 1459
1674190 1459
1674200 1461
1674210 1465
1674220 1465
1674230 1461
1674240 1442
1674250 1442
1674260 1442
