1672490 1429
1672500 1429
1672510 1429
1672520 1428
1672530 1428
1672540 1427
1672550 1426
1672560 1426
1672570 1425
1672580 1423
1672590 1423
1672600 1423
1672610 1422
1672620 1421
1672630 1421
1672640 1420
1672650 1419
1672660 1419
1672670 1418
1672680 1418
1672690 1418
1672700 1418
1672710 1418
1672720 1418
1672730 1417
1672740 1415
1672750 1413
1672760 1413
1672770 1412
1672780 1411
1672790 1411
1672800 1410
1672810 1410
1672820 1410
1672830 1409
1672840 1408
1672850 1408
1672860 1407
1672870 1407
1672880 1407
1672890 1406
1672900 1405
1672910 1405
1672920 1401
1672930 1398
1672940 1395
1672950 1395
1672960 1393
1672970 1391
1672980 1391
1672990 1390
1673000 1388
1673010 1388
1673020 1387
1673030 1384
1673040 1384
1673050 1382
1673060 1379
1673070 1379
1673080 1376
1673090 1373
1673100 1371
1673110 1371
1673120 1369
1673130 1368
1673140 1368
1673150 1368
1673160 1369
1673170 1369
1673180 1370
1673190 1371
1673200 1371
1673210 1373
1673220 1375
1673230 1375
1673240 1377
1673250 1380
1673260 1382
1673270 1382
1673280 1385
1673290 1387
1673300 1387
1673310 1390
1673320 1393
1673330 1393
1673340 1395
1673350 1398
1673360 1398
1673370 1400
1673380 1402
1673390 1402
1673400 1403
1673410 1405
1673420 1405
1673430 1407
1673440 1409
1673450 1412
1673460 1412
1673470 1414
1673480 1415
1673490 1415
1673500 1418
1673510 1419
1673520 1419
1673530 1421
1673540 1423
1673550 1423
1673560 1424
1673570 1426
1673580 1426
1673590 1428
1673600 1430
1673610 1432
1673620 1432
1673630 1434
1673640 1437
1673650 1437
1673660 1439
1673670 1442
1673680 1442
1673690 1444
1673700 1446
1673710 1446
1673720 1449
1673730 1451
1673740 1451
1673750 1453
1673760 1454
1673770 1456
1673780 1456
1673790 1458
1673800 1460
1673810 1460
1673820 1462
1673830 1464
1673840 1464
1673850 1466
1673860 1468
1673870 1468
1673880 1470
1673890 1472
1673900 1472
1673910 1474
1673920 1476
1673930 1479
1673940 1479
1673950 1480
1673960 1483
1673970 1483
1673980 1485
1673990 1487
1674000 1487
1674010 1489
1674020 1491
1674030 1491
1674040 1492
1674050 1494
1674060 1494
1674070 1496
1674080 1499
1674090 1499
1674100 1500
1674110 1502
1674120 1504
1674130 1504
1674140 1506
1674150 1507
1674160 1507
1674170 1509
1674180 1510
1674190 1510
1674200 1512
1674210 1514
1674220 1514
1674230 1515
1674240 1516
1674250 1516
1674260 1517
1674270 1518
1674280 1519
1674290 1519
1674300 1520
1674310 1521
1674320 1521
1674330 1521
1674340 1522
1674350 1522
1674360 1522
1674370 1523
1674380 1523
1674390 1523
1674400 1522
1674410 1522
1674420 1522
1674430 1522
1674440 1522
1674450 1522
1674460 1521
1674470 1521
1674480 1521
1674490 1520
1674500 1519
1674510 1519
1674520 1518
1674530 1517
1674540 1517
1674550 1516
1674560 1515
1674570 1515
1674580 1513
1674590 1512
1674600 1511
1674610 1511
1674620 1509
1674630 1508
1674640 1508
1674650 1507
1674660 1504
1674670 1504
1674680 1502
1674690 1500
1674700 1500
1674710 1498
1674720 1496
1674730 1496
1674740 1494
1674750 1492
1674760 1492
1674770 1490
1674780 1488
1674790 1485
1674800 1485
1674810 1482
1674820 1479
1674830 1479
1674840 1475
1674850 1472
1674860 1472
1674870 1468
1674880 1463
1674890 1463
1674900 1459
1674910 1455
1674920 1455
1674930 1451
1674940 1445
1674950 1440
1674960 1440
1674970 1436
1674980 1431
1674990 1431
1675000 1425
1675010 1420
1675020 1420
1675030 1417
1675040 1414
1675050 1414
1675060 1411
1675070 1407
1675080 1407
1675090 1402
1675100 1397
1675110 1392
1675120 1392
1675130 1388
1675140 1383
1675150 1383
1675160 1378
1675170 1372
1675180 1372
1675190 1369
1675200 1364
1675210 1364
1675220 1360
1675230 1356
1675240 1356
1675250 1353
1675260 1349
1675270 1345
1675280 1345
1675290 1342
1675300 1338
1675310 1338
1675320 1334
1675330 1332
1675340 1332
1675350 1330
1675360 1328
1675370 1328
1675380 1327
1675390 1325
1675400 1325
1675410 1324
1675420 1322
1675430 1322
1675440 1321
1675450 1318
1675460 1314
1675470 1314
1675480 1309
1675490 1305
1675500 1305
1675510 1301
1675520 1296
1675530 1296
1675540 1289
1675550 1285
1675560 1285
1675570 1281
1675580 1278
1675590 1278
1675600 1277
1675610 1276
1675620 1275
1675630 1275
1675640 1274
1675650 1272
1675660 1272
1675670 1269
1675680 1266
1675690 1266
1675700 1265
1675710 1266
1675720 1266
1675730 1267
1675740 1269
1675750 1269
1675760 1270
1675770 1271
1675780 1272
1675790 1272
1675800 1273
1675810 1275
1675820 1275
1675830 1276
1675840 1276
1675850 1276
1675860 1276
1675870 1276
1675880 1276
1675890 1276
1675900 1274
1675910 1274
1675920 1273
1675930 1271
1675940 1271
1675950 1270
1675960 1267
1675970 1266
1675980 1266
1675990 1264
1676000 1263
1676010 1263
1676020 1261
1676030 1260
1676040 1260
1676050 1258
1676060 1257
1676070 1257
1676080 1258
1676090 1258
1676100 1258
1676110 1257
1676120 1257
1676130 1257
1676140 1257
1676150 1255
1676160 1254
1676170 1254
1676180 1252
1676190 1250
1676200 1250
1676210 1247
1676220 1245
1676230 1245
1676240 1243
1676250 1240
1676260 1240
1676270 1237
1676280 1234
1676290 1232
1676300 1232
1676310 1229
1676320 1225
1676330 1225
1676340 1222
1676350 1220
1676360 1220
1676370 1216
1676380 1212
1676390 1212
1676400 1209
1676410 1207
1676420 1207
1676430 1203
1676440 1200
1676450 1198
1676460 1198
1676470 1196
1676480 1192
1676490 1192
1676500 1191
1676510 1189
1676520 1189
1676530 1188
1676540 1185
1676550 1185
1676560 1183
1676570 1181
1676580 1181
1676590 1180
1676600 1178
1676610 1178
1676620 1177
1676630 1175
1676640 1173
1676650 1173
1676660 1171
1676670 1169
1676680 1169
1676690 1166
1676700 1166
1676710 1166
1676720 1164
1676730 1162
1676740 1162
1676750 1159
1676760 1156
1676770 1156
1676780 1153
1676790 1150
1676800 1147
1676810 1147
1676820 1144
1676830 1139
1676840 1139
1676850 1138
1676860 1133
1676870 1133
1676880 1129
1676890 1126
1676900 1126
1676910 1124
1676920 1123
1676930 1123
1676940 1121
1676950 1120
1676960 1118
1676970 1118
1676980 1116
1676990 1116
1677000 1116
1677010 1114
1677020 1111
1677030 1111
1677040 1110
1677050 1106
1677060 1106
1677070 1102
1677080 1098
1677090 1098
1677100 1095
1677110 1092
1677120 1088
1677130 1088
1677140 1083
1677150 1078
1677160 1078
1677170 1072
1677180 1069
1677190 1069
1677200 1065
1677210 1062
1677220 1062
1677230 1058
1677240 1054
1677250 1054
1677260 1051
1677270 1048
1677280 1048
1677290 1047
1677300 1046
1677310 1044
1677320 1044
1677330 1042
1677340 1039
1677350 1039
1677360 1035
1677370 1031
1677380 1031
1677390 1027
1677400 1023
1677410 1023
1677420 1020
1677430 1018
1677440 1018
1677450 1015
1677460 1014
1677470 1012
1677480 1012
1677490 1009
1677500 1007
1677510 1007
1677520 1005
1677530 1004
1677540 1004
1677550 1002
1677560 1001
1677570 1001
1677580 999
1677590 997
1677600 997
1677610 994
1677620 992
1677630 988
1677640 988
1677650 986
1677660 984
1677670 984
1677680 983
1677690 981
1677700 981
1677710 979
1677720 976
1677730 976
1677740 974
1677750 972
1677760 972
1677770 967
1677780 963
1677790 963
1677800 959
1677810 953
1677820 948
1677830 948
1677840 945
1677850 942
1677860 942
1677870 938
1677880 935
1677890 935
1677900 932
1677910 929
1677920 929
1677930 927
1677940 923
1677950 923
1677960 918
1677970 914
1677980 928
1677990 928
1678000 930
1678010 928
1678020 928
1678030 926
1678040 924
1678050 924
1678060 927
1678070 930
1678080 930
1678090 937
1678100 944
1678110 944
1678120 944
1678130 943
1678140 943
1678150 943
1678160 953
1678170 962
1678180 962
1678190 966
1678200 971
1678210 971
1678220 974
1678230 977
1678240 977
1678250 981
1678260 985
1678270 985
1678280 988
1678290 992
1678300 995
1678310 995
1678320 998
1678330 1001
1678340 1001
1678350 1003
1678360 1005
1678370 1005
1678380 1008
1678390 1009
1678400 1009
1678410 1011
1678420 1013
1678430 1013
1678440 1015
1678450 1017
1678460 1017
1678470 1020
1678480 1021
1678490 1021
1678500 1021
1678510 1022
1678520 1023
1678530 1023
1678540 1024
1678550 1024
1678560 1024
1678570 1022
1678580 1021
1678590 1021
1678600 1020
1678610 1019
1678620 1019
1678630 1019
1678640 1019
1678650 1020
1678660 1020
1678670 1021
1678680 1021
1678690 1021
1678700 1022
1678710 1023
1678720 1023
1678730 1024
1678740 1026
1678750 1026
1678760 1029
1678770 1033
1678780 1033
1678790 1036
1678800 1040
1678810 1044
1678820 1044
1678830 1047
1678840 1049
1678850 1049
1678860 1051
1678870 1050
1678880 1050
1678890 1049
1678900 1048
1678910 1048
1678920 1045
1678930 1041
1678940 1041
1678950 1042
1678960 1043
1678970 1045
1678980 1045
1678990 1051
1679000 1051
1679010 1051
1679020 1056
1679030 1059
1679040 1059
1679050 1062
1679060 1063
1679070 1063
1679080 1063
1679090 1065
1679100 1065
1679110 1070
1679120 1070
1679130 1070
1679140 1076
1679150 1084
1679160 1091
1679170 1091
1679180 1095
1679190 1102
1679200 1102
1679210 1107
1679220 1113
1679230 1113
1679240 1116
1679250 1115
1679260 1115
1679270 1115
1679280 1114
1679290 1114
1679300 1114
1679310 1115
1679320 1116
1679330 1116
1679340 1117
1679350 1117
1679360 1117
1679370 1117
1679380 1118
1679390 1118
1679400 1119
1679410 1120
1679420 1120
1679430 1117
1679440 1113
1679450 1113
1679460 1112
1679470 1112
1679480 1113
1679490 1113
1679500 1114
1679510 1115
1679520 1115
1679530 1115
1679540 1116
1679550 1116
1679560 1117
1679570 1117
1679580 1117
1679590 1117
1679600 1118
1679610 1118
1679620 1118
1679630 1117
1679640 1116
1679650 1116
1679660 1115
1679670 1115
1679680 1115
1679690 1114
1679700 1113
1679710 1113
1679720 1112
1679730 1111
1679740 1111
1679750 1110
1679760 1109
1679770 1109
1679780 1107
1679790 1106
1679800 1106
1679810 1104
1679820 1103
1679830 1101
1679840 1101
1679850 1099
1679860 1096
1679870 1096
1679880 1096
1679890 1093
1679900 1093
1679910 1091
1679920 1088
1679930 1088
1679940 1086
1679950 1081
1679960 1081
1679970 1081
1679980 1080
1679990 1078
1660000 454
1660010 454
1660020 455
1660030 455
1660040 456
1660050 456
1660060 456
1660070 456
1660080 458
1660090 458
1660100 462
1660110 465
1660120 465
1660130 467
1660140 462
1660150 464
1660160 464
1660170 459
1660180 460
1660190 460
1660200 460
1660210 460
1660220 460
1660230 461
1660240 461
1660250 461
1660260 461
1660270 462
1660280 462
1660290 461
1660300 466
1660310 465
1660320 465
1660330 468
1660340 467
1660350 467
1660360 468
1660370 466
1660380 466
1660390 463
1660400 463
1660410 463
1660420 464
1660430 462
1660440 462
1660450 463
1660460 468
1660470 470
1660480 470
1660490 473
1660500 465
1660510 465
1660520 469
1660530 470
1660540 470
1660550 468
1660560 467
1660570 467
1660580 467
1660590 469
1660600 469
1660610 473
1660620 478
1660630 473
1660640 473
1660650 475
1660660 479
1660670 479
1660680 479
1660690 474
1660700 474
1660710 472
1660720 476
1660730 476
1660740 479
1660750 478
1660760 478
1660770 486
1660780 489
1660790 489
1660800 489
1660810 481
1660820 477
1660830 477
1660840 478
1660850 486
1660860 486
1660870 488
1660880 480
1660890 480
1660900 481
1660910 482
1660920 482
1660930 482
1660940 483
1660950 483
1660960 484
1660970 484
1660980 484
1660990 484
1661000 484
1661010 485
1661020 485
1661030 485
1661040 485
1661050 485
1661060 486
1661070 497
1661080 497
1661090 497
1661100 488
1661110 488
1661120 488
1661130 488
1661140 488
1661150 488
1661160 489
1661170 489
1661180 489
1661190 489
1661200 506
1661210 506
1661220 518
1661230 523
1661240 523
1661250 526
1661260 526
1661270 526
1661280 532
1661290 533
1661300 532
1661310 532
1661320 533
1661330 535
1661340 535
1661350 536
1661360 538
1661370 538
1661380 540
1661390 537
1661400 537
1661410 539
1661420 536
1661430 536
1661440 537
1661450 539
1661460 539
1661470 539
1661480 540
1661490 540
1661500 540
1661510 545
1661520 545
1661530 545
1661540 548
1661550 551
1661560 551
1661570 550
1661580 549
1661590 549
1661600 554
1661610 554
1661620 549
1661630 549
1661640 551
1661650 556
1661660 556
1661670 558
1661680 561
1661690 561
1661700 562
1661710 562
1661720 562
1661730 564
1661740 536
1661750 536
1661760 538
1661770 538
1661780 538
1661790 538
1661800 539
1661810 543
1661820 543
1661830 545
1661840 545
1661850 545
1661860 553
1661870 580
1661880 580
1661890 578
1661900 577
1661910 577
1661920 586
1661930 588
1661940 588
1661950 588
1661960 585
1661970 587
1661980 587
1661990 589
1662000 594
1662010 594
1662020 598
1662030 601
1662040 601
1662050 601
1662060 610
1662070 610
1662080 616
1662090 617
1662100 617
1662110 619
1662120 625
1662130 626
1662140 626
1662150 624
1662160 621
1662170 621
1662180 624
1662190 628
1662200 628
1662210 628
1662220 630
1662230 630
1662240 631
1662250 631
1662260 631
1662270 632
1662280 630
1662290 629
1662300 629
1662310 632
1662320 631
1662330 631
1662340 630
1662350 628
1662360 628
1662370 626
1662380 627
1662390 627
1662400 631
1662410 633
1662420 633
1662430 636
1662440 637
1662450 645
1662460 645
1662470 647
1662480 651
1662490 651
1662500 654
1662510 654
1662520 654
1662530 662
1662540 664
1662550 664
1662560 664
1662570 666
1662580 666
1662590 669
1662600 670
1662610 674
1662620 674
1662630 670
1662640 670
1662650 670
1662660 679
1662670 681
1662680 681
1662690 683
1662700 683
1662710 683
1662720 660
1662730 653
1662740 653
1662750 668
1662760 674
1662770 674
1662780 674
1662790 677
1662800 681
1662810 681
1662820 687
1662830 689
1662840 689
1662850 691
1662860 689
1662870 689
1662880 689
1662890 687
1662900 687
1662910 686
1662920 688
1662930 688
1662940 684
1662950 683
1662960 680
1662970 680
1662980 673
1662990 675
1663000 675
1663010 673
1663020 651
1663030 651
1663040 667
1663050 675
1663060 675
1663070 677
1663080 675
1663090 675
1663100 658
1663110 657
1663120 657
1663130 657
1663140 655
1663150 664
1663160 664
1663170 666
1663180 673
1663190 673
1663200 674
1663210 675
1663220 675
1663230 671
1663240 674
1663250 674
1663260 672
1663270 673
1663280 677
1663290 677
1663300 682
1663310 692
1663320 692
1663330 693
1663340 693
1663350 693
1663360 686
1663370 687
1663380 687
1663390 678
1663400 680
1663410 680
1663420 683
1663430 699
1663440 704
1663450 704
1663460 703
1663470 711
1663480 711
1663490 715
1663500 718
1663510 718
1663520 721
1663530 721
1663540 721
1663550 728
1663560 736
1663570 736
1663580 737
1663590 725
1663600 725
1663610 720
1663620 731
1663630 742
1663640 742
1663650 745
1663660 741
1663670 741
1663680 741
1663690 762
1663700 762
1663710 773
1663720 782
1663730 782
1663740 782
1663750 757
1663760 757
1663770 757
1663780 759
1663790 776
1663800 776
1663810 761
1663820 762
1663830 762
1663840 764
1663850 765
1663860 765
1663870 766
1663880 767
1663890 767
1663900 769
1663910 770
1663920 770
1663930 772
1663940 790
1663950 794
1663960 794
1663970 797
1663980 800
1663990 800
1664000 800
1664010 804
1664020 804
1664030 809
1664040 808
1664050 808
1664060 809
1664070 813
1664080 813
1664090 818
1664100 818
1664110 816
1664120 816
1664130 806
1664140 808
1664150 808
1664160 810
1664170 813
1664180 813
1664190 823
1664200 839
1664210 839
1664220 838
1664230 840
1664240 840
1664250 858
1664260 867
1664270 880
1664280 880
1664290 874
1664300 891
1664310 891
1664320 896
1664330 902
1664340 902
1664350 911
1664360 912
1664370 912
1664380 920
1664390 932
1664400 932
1664410 929
1664420 935
1664430 935
1664440 946
1664450 949
1664460 952
1664470 952
1664480 952
1664490 960
1664500 960
1664510 960
1664520 955
1664530 955
1664540 961
1664550 968
1664560 968
1664570 967
1664580 973
1664590 973
1664600 980
1664610 984
1664620 990
1664630 990
1664640 996
1664650 1002
1664660 1001
1664670 1004
1664680 1015
1664690 1015
1664700 1019
1664710 1027
1664720 1027
1664730 1031
1664740 1034
1664750 1034
1664760 1046
1664770 1045
1664780 1048
1664790 1048
1664800 1046
1664810 1056
1664820 1056
1664830 1064
1664840 1070
1664850 1070
1664860 1075
1664870 1076
1664880 1076
1664890 1064
1664900 1068
1664910 1068
1664920 1093
1664930 1096
1664940 1098
1664950 1098
1664960 1092
1664970 1090
1664980 1090
1664990 1093
1665000 1110
1665010 1110
1665020 1118
1665030 1119
1665040 1119
1665050 1122
1665060 1136
1665070 1136
1665080 1142
1665090 1138
1665100 1139
1665110 1139
1665120 1155
1665130 1161
1665140 1161
1665150 1166
1665160 1166
1665170 1166
1665180 1171
1665190 1175
1665200 1175
1665210 1179
1665220 1189
1665230 1189
1665240 1185
1665250 1199
1665260 1204
1665270 1204
1665280 1205
1665290 1212
1665300 1212
1665310 1216
1665320 1219
1665330 1219
1665340 1227
1665350 1227
1665360 1227
1665370 1224
1665380 1221
1665390 1221
1665400 1224
1665410 1226
1665420 1226
1665430 1227
1665440 1227
1665450 1230
1665460 1230
1665470 1236
1665480 1238
1665490 1238
1665500 1241
1665510 1254
1665520 1254
1665530 1256
1665540 1253
1665550 1253
1665560 1261
1665570 1263
1665580 1263
1665590 1264
1665600 1266
1665610 1273
1665620 1273
1665630 1280
1665640 1282
1665650 1282
1665660 1286
1665670 1289
1665680 1289
1665690 1295
1665700 1302
1665710 1302
1665720 1310
1665730 1314
1665740 1314
1665750 1318
1665760 1322
1665770 1328
1665780 1328
1665790 1332
1665800 1335
1665810 1335
1665820 1339
1665830 1339
1665840 1339
1665850 1342
1665860 1347
1665870 1347
1665880 1349
1665890 1358
1665900 1358
1665910 1363
1665920 1363
1665930 1370
1665940 1370
1665950 1373
1665960 1375
1665970 1375
1665980 1380
1665990 1387
1666000 1387
1666010 1388
1666020 1393
1666030 1393
1666040 1392
1666050 1397
1666060 1397
1666070 1400
1666080 1408
1666090 1410
1666100 1410
1666110 1413
1666120 1416
1666130 1416
1666140 1420
1666150 1423
1666160 1423
1666170 1420
1666180 1427
1666190 1427
1666200 1432
1666210 1436
1666220 1436
1666230 1441
1666240 1444
1666250 1444
1666260 1447
1666270 1449
1666280 1446
1666290 1446
1666300 1449
1666310 1455
1666320 1455
1666330 1456
1666340 1455
1666350 1455
1666360 1451
1666370 1450
1666380 1450
1666390 1453
1666400 1451
1666410 1451
1666420 1450
1666430 1447
1666440 1448
1666450 1448
1666460 1445
1666470 1444
1666480 1444
1666490 1444
1666500 1440
1666510 1440
1666520 1432
1666530 1415
1666540 1415
1666550 1412
1666560 1407
1666570 1407
1666580 1404
1666590 1403
1666600 1401
1666610 1401
1666620 1399
1666630 1398
1666640 1398
1666650 1396
1666660 1394
1666670 1394
1666680 1392
1666690 1391
1666700 1391
1666710 1389
1666720 1388
1666730 1388
1666740 1387
1666750 1386
1666760 1385
1666770 1385
1666780 1384
1666790 1385
1666800 1385
1666810 1385
1666820 1386
1666830 1386
1666840 1386
1666850 1385
1666860 1385
1666870 1385
1666880 1384
1666890 1384
1666900 1401
1666910 1401
1666920 1395
1666930 1395
1666940 1392
1666950 1393
1666960 1393
1666970 1402
1666980 1395
1666990 1395
1667000 1404
1667010 1399
1667020 1399
1667030 1412
1667040 1393
1667050 1393
1667060 1390
1667070 1390
1667080 1390
1667090 1391
1667100 1392
1667110 1392
1667120 1392
1667130 1392
1667140 1392
1667150 1392
1667160 1392
1667170 1406
1667180 1406
1667190 1409
1667200 1391
1667210 1391
1667220 1391
1667230 1390
1667240 1390
1667250 1390
1667260 1389
1667270 1389
1667280 1389
1667290 1388
1667300 1387
1667310 1387
1667320 1387
1667330 1385
1667340 1385
1667350 1383
1667360 1380
1667370 1380
1667380 1391
1667390 1395
1667400 1395
1667410 1394
1667420 1391
1667430 1377
1667440 1377
1667450 1376
1667460 1384
1667470 1384
1667480 1390
1667490 1394
1667500 1394
1667510 1388
1667520 1391
1667530 1391
1667540 1397
1667550 1397
1667560 1397
1667570 1403
1667580 1409
1667590 1392
1667600 1392
1667610 1395
1667620 1396
1667630 1396
1667640 1398
1667650 1400
1667660 1400
1667670 1402
1667680 1404
1667690 1404
1667700 1406
1667710 1408
1667720 1408
1667730 1412
1667740 1428
1667750 1437
1667760 1437
1667770 1436
1667780 1436
1667790 1436
1667800 1442
1667810 1445
1667820 1445
1667830 1447
1667840 1448
1667850 1448
1667860 1452
1667870 1454
1667880 1454
1667890 1458
1667900 1461
1667910 1461
1667920 1463
1667930 1466
1667940 1461
1667950 1461
1667960 1467
1667970 1470
1667980 1470
1667990 1467
1668000 1470
1668010 1470
1668020 1449
1668030 1465
1668040 1465
1668050 1473
1668060 1476
1668070 1476
1668080 1478
1668090 1479
1668100 1481
1668110 1481
1668120 1479
1668130 1482
1668140 1482
1668150 1484
1668160 1484
1668170 1482
1668180 1487
1668190 1484
1668200 1484
1668210 1486
1668220 1485
1668230 1485
1668240 1482
1668250 1485
1668260 1481
1668270 1481
1668280 1481
1668290 1482
1668300 1482
1668310 1479
1668320 1481
1668330 1481
1668340 1481
1668350 1479
1668360 1479
1668370 1480
1668380 1482
1668390 1482
1668400 1483
1668410 1478
1668420 1485
1668430 1485
1668440 1481
1668450 1468
1668460 1468
1668470 1465
1668480 1460
1668490 1460
1668500 1473
1668510 1463
1668520 1463
1668530 1459
1668540 1457
1668550 1457
1668560 1459
1668570 1456
1668580 1462
1668590 1462
1668600 1462
1668610 1449
1668620 1438
1668630 1438
1668640 1457
1668650 1455
1668660 1455
1668670 1437
1668680 1428
1668690 1428
1668700 1449
1668710 1430
1668720 1430
1668730 1443
1668740 1444
1668750 1443
1668760 1443
1668770 1436
1668780 1432
1668790 1432
1668800 1428
1668810 1424
1668820 1424
1668830 1423
1668840 1416
1668850 1416
1668860 1414
1668870 1414
1668880 1407
1668890 1402
1668900 1398
1668910 1398
1668920 1399
1668930 1392
1668940 1392
1668950 1392
1668960 1392
1668970 1391
1668980 1391
1668990 1393
1669000 1391
1669010 1391
1669020 1389
1669030 1383
1669040 1383
1669050 1380
1669060 1372
1669070 1372
1669080 1374
1669090 1351
1669100 1356
1669110 1356
1669120 1350
1669130 1357
1669140 1357
1669150 1355
1669160 1354
1669170 1354
1669180 1353
1669190 1350
1669200 1350
1669210 1347
1669220 1343
1669230 1343
1669240 1343
1669250 1337
1669260 1333
1669270 1333
1669280 1330
1669290 1328
1669300 1328
1669310 1327
1669320 1318
1669330 1318
1669340 1336
1669350 1317
1669360 1317
1669370 1318
1669380 1324
1669390 1324
1669400 1325
1669410 1325
1669420 1322
1669430 1322
1669440 1323
1669450 1314
1669460 1314
1669470 1310
1669480 1317
1669490 1317
1669500 1324
1669510 1332
1669520 1332
1669530 1327
1669540 1339
1669550 1339
1669560 1341
1669570 1352
1669580 1346
1669590 1346
1669600 1361
1669610 1349
1669620 1349
1669630 1362
1669640 1365
1669650 1365
1669660 1373
1669670 1377
1669680 1377
1669690 1380
1669700 1374
1669710 1374
1669720 1369
1669730 1364
1669740 1364
1669750 1369
1669760 1366
1669770 1371
1669780 1371
1669790 1368
1669800 1368
1669810 1368
1669820 1368
1669830 1369
1669840 1369
1669850 1370
1669860 1370
1669870 1370
1669880 1371
1669890 1370
1669900 1370
1669910 1371
1669920 1371
1669930 1371
1669940 1371
1669950 1370
1669960 1370
1669970 1370
1669980 1371
1669990 1371
1670000 1371
1670010 1372
1670020 1372
1670030 1372
1670040 1373
1670050 1372
1670060 1372
1670070 1370
1670080 1379
1670090 1379
1670100 1379
1670110 1370
1670120 1369
1670130 1369
1670140 1369
1670150 1368
1670160 1368
1670170 1368
1670180 1367
1670190 1367
1670200 1367
1670210 1366
1670220 1366
1670230 1364
1670240 1361
1670250 1358
1670260 1370
1670270 1374
1670280 1356
1670290 1356
1670300 1368
1670310 1368
1670320 1368
1670330 1355
1670340 1359
1670350 1359
1670360 1361
1670370 1362
1670380 1362
1670390 1366
1670400 1368
1670410 1372
1670420 1372
1670430 1373
1670440 1372
1670450 1372
1670460 1375
1670470 1373
1670480 1373
1670490 1359
1670500 1358
1670510 1358
1670520 1388
1670530 1390
1670540 1390
1670550 1395
1670560 1395
1670570 1395
1670580 1397
1670590 1397
1670600 1394
1670610 1394
1670620 1402
1670630 1400
1670640 1400
1670650 1402
1670660 1397
1670670 1397
1670680 1399
1670690 1398
1670700 1398
1670710 1397
1670720 1402
1670730 1402
1670740 1397
1670750 1375
1670760 1378
1670770 1378
1670780 1384
1670790 1382
1670800 1382
1670810 1380
1670820 1376
1670830 1376
1670840 1372
1670850 1371
1670860 1371
1670870 1368
1670880 1361
1670890 1361
1670900 1358
1670910 1360
1670920 1357
1670930 1357
1670940 1359
1670950 1364
1670960 1364
1670970 1370
1670980 1367
1670990 1367
1671000 1382
1671010 1391
1671020 1391
1671030 1398
1671040 1396
1671050 1396
1671060 1400
1671070 1405
1671080 1401
1671090 1401
1671100 1409
1671110 1407
1671120 1407
1671130 1412
1671140 1413
1671150 1413
1671160 1417
1671170 1415
1671180 1415
1671190 1418
1671200 1417
1671210 1417
1671220 1418
1671230 1422
1671240 1421
1671250 1421
1671260 1422
1671270 1425
1671280 1425
1671290 1428
1671300 1431
1671310 1431
1671320 1432
1671330 1436
1671340 1436
1671350 1434
1671360 1416
1671370 1416
1671380 1415
1671390 1425
1671400 1425
1671410 1426
1671420 1428
1671430 1430
1671440 1430
1671450 1432
1671460 1437
1671470 1437
1671480 1436
1671490 1425
1671500 1425
1671510 1424
1671520 1425
1671530 1425
1671540 1442
1671550 1442
1671560 1442
1671570 1443
1671580 1442
1671590 1438
1671600 1438
1671610 1443
1671620 1446
1671630 1446
1671640 1449
1671650 1452
1671660 1452
1671670 1448
1671680 1446
1671690 1446
1671700 1449
1671710 1446
1671720 1446
1671730 1452
1671740 1449
1671750 1454
1671760 1454
1671770 1450
1671780 1454
1671790 1454
1671800 1454
1671810 1457
1671820 1457
1671830 1458
1671840 1461
1671850 1461
1671860 1463
1671870 1462
1671880 1462
1671890 1465
1671900 1466
1671910 1470
1671920 1470
1671930 1469
1671940 1470
1671950 1470
1671960 1471
1671970 1466
1671980 1466
1671990 1481
1672000 1476
1672010 1476
1672020 1470
1672030 1471
1672040 1471
1672050 1481
1672060 1479
1672070 1480
1672080 1480
1672090 1483
1672100 1466
1672110 1466
1672120 1459
1672130 1459
1672140 1459
1672150 1458
1672160 1457
1672170 1457
1672180 1455
1672190 1457
1672200 1457
1672210 1455
1672220 1455
1672230 1455
1672240 1455
1672250 1454
1672260 1453
1672270 1453
1672280 1452
1672290 1449
1672300 1449
1672310 1446
1672320 1447
1672330 1447
1672340 1445
1672350 1466
1672360 1466
1672370 1467
1672380 1464
1672390 1464
1672400 1465
1672410 1461
1672420 1461
1672430 1461
1672440 1444
1672450 1444
1672460 1444
1672470 1444
1672480 1442
1672490 1442
1672500 1442
1672510 1442
1672520 1442
1672530 1442
1672540 1440
1672550 1440
1672560 1439
1672570 1437
1672580 1435
1672590 1435
1672600 1435
1672610 1433
1672620 1433
1672630 1432
1672640 1432
1672650 1432
1672660 1433
1672670 1436
1672680 1436
1672690 1434
1672700 1435
1672710 1435
1672720 1433
1672730 1433
1672740 1433
1672750 1433
1672760 1430
1672770 1430
1672780 1430
1672790 1429
1672800 1428
1672810 1428
1672820 1427
1672830 1426
1672840 1426
1672850 1425
1672860 1422
1672870 1422
1672880 1421
1672890 1419
1672900 1421
1672910 1421
1672920 1420
1672930 1412
1672940 1412
1672950 1412
1672960 1410
1672970 1410
1672980 1408
1672990 1405
1673000 1405
1673010 1405
1673020 1404
1673030 1404
1673040 1401
1673050 1398
1673060 1394
1673070 1394
1673080 1387
1673090 1384
1673100 1384
1673110 1383
1673120 1382
1673130 1382
1673140 1378
1673150 1383
1673160 1383
1673170 1393
1673180 1396
1673190 1396
1673200 1399
1673210 1404
1673220 1404
1673230 1406
1673240 1408
1673250 1411
1673260 1411
1673270 1420
1673280 1420
1673290 1420
1673300 1421
1673310 1421
1673320 1421
1673330 1425
1673340 1425
1673350 1425
1673360 1433
1673370 1431
1673380 1431
1673390 1432
1673400 1428
1673410 1432
1673420 1432
1673430 1427
1673440 1429
1673450 1429
1673460 1434
1673470 1434
1673480 1434
1673490 1437
1673500 1440
1673510 1440
1673520 1438
1673530 1441
1673540 1441
1673550 1441
1673560 1447
1673570 1446
1673580 1446
1673590 1450
1673600 1453
1673610 1453
1673620 1454
1673630 1457
1673640 1457
1673650 1462
1673660 1458
1673670 1458
1673680 1465
1673690 1467
1673700 1467
1673710 1467
1673720 1471
1673730 1471
1673740 1471
1673750 1472
1673760 1471
1673770 1471
1673780 1463
1673790 1466
1673800 1466
1673810 1467
1673820 1468
1673830 1468
1673840 1472
1673850 1474
1673860 1474
1673870 1475
1673880 1477
1673890 1480
1673900 1480
1673910 1482
1673920 1482
1673930 1482
1673940 1484
1673950 1485
1673960 1485
1673970 1489
1673980 1489
1673990 1489
1674000 1492
1674010 1494
1674020 1494
1674030 1495
1674040 1497
1674050 1497
1674060 1499
1674070 1502
1674080 1505
1674090 1505
1674100 1505
1674110 1507
1674120 1507
1674130 1509
1674140 1509
1674150 1509
1674160 1510
1674170 1511
1674180 1511
1674190 1512
1674200 1514
1674210 1514
1674220 1516
1674230 1517
1674240 1518
1674250 1518
1674260 1527
1674270 1530
1674280 1530
1674290 1533
1674300 1535
1674310 1535
1674320 1536
1674330 1530
1674340 1530
1674350 1522
1674360 1525
1674370 1525
1674380 1527
1674390 1523
1674400 1523
1674410 1523
1674420 1523
1674430 1529
1674440 1529
1674450 1531
1674460 1532
1674470 1532
1674480 1528
1674490 1524
1674500 1524
