1672450 1414
1672460 1408
1672470 1408
1672480 1403
1672490 1398
1672500 1398
1672510 1396
1672520 1395
1672530 1395
1672540 1393
1672550 1390
1672560 1390
1672570 1387
1672580 1383
1672590 1383
1672600 1378
1672610 1373
1672620 1369
1672630 1369
1672640 1366
1672650 1363
1672660 1363
1672670 1361
1672680 1359
1672690 1359
1672700 1357
1672710 1356
1672720 1356
1672730 1353
1672740 1348
1672750 1348
1672760 1347
1672770 1348
1672780 1349
1672790 1349
1672800 1350
1672810 1350
1672820 1350
1672830 1349
1672840 1349
1672850 1349
1672860 1349
1672870 1349
1672880 1349
1672890 1348
1672900 1347
1672910 1347
1672920 1346
1672930 1345
1672940 1345
1672950 1343
1672960 1341
1672970 1338
1672980 1338
1672990 1335
1673000 1332
1673010 1332
1673020 1329
1673030 1327
1673040 1327
1673050 1325
1673060 1323
1673070 1323
1673080 1322
1673090 1326
1673100 1326
1673110 1333
1673120 1339
1673130 1346
1673140 1346
1673150 1352
1673160 1356
1673170 1356
1673180 1359
1673190 1362
1673200 1362
1673210 1365
1673220 1370
1673230 1370
1673240 1372
1673250 1373
1673260 1373
1673270 1373
1673280 1374
1673290 1375
1673300 1375
1673310 1377
1673320 1379
1673330 1379
1673340 1380
1673350 1381
1673360 1381
1673370 1382
1673380 1384
1673390 1384
1673400 1384
1673410 1385
1673420 1385
1673430 1386
1673440 1387
1673450 1387
1673460 1387
1673470 1388
1673480 1388
1673490 1388
1673500 1388
1673510 1386
1673520 1386
1673530 1386
1673540 1385
1673550 1385
1673560 1385
1673570 1384
1673580 1384
1673590 1383
1673600 1383
1673610 1383
1673620 1382
1673630 1382
1673640 1381
1673650 1381
1673660 1380
1673670 1380
1673680 1380
1673690 1379
1673700 1378
1673710 1378
1673720 1378
1673730 1377
1673740 1377
1673750 1377
1673760 1377
1673770 1377
1673780 1378
1673790 1378
1673800 1378
1673810 1378
1673820 1379
1673830 1380
1673840 1380
1673850 1380
1673860 1380
1673870 1380
1673880 1381
1673890 1381
1673900 1381
1673910 1381
1673920 1381
1673930 1381
1673940 1382
1673950 1382
1673960 1382
1673970 1381
1673980 1381
1673990 1381
1674000 1381
1674010 1379
1674020 1377
1674030 1377
1674040 1375
1674050 1372
1674060 1372
1674070 1370
1674080 1367
1674090 1367
1674100 1365
1674110 1363
1674120 1363
1674130 1361
1674140 1359
1674150 1357
1674160 1357
1674170 1354
1674180 1352
1674190 1352
1674200 1350
1674210 1349
1674220 1349
1674230 1346
1674240 1344
1674250 1344
1674260 1342
1674270 1341
1674280 1341
1674290 1339
1674300 1338
1674310 1335
1674320 1335
1674330 1335
1674340 1335
1674350 1335
1674360 1333
1674370 1330
1674380 1330
1674390 1327
1674400 1323
1674410 1323
1674420 1319
1674430 1316
1674440 1316
1674450 1313
1674460 1311
1674470 1307
1674480 1307
1674490 1303
1674500 1299
1674510 1299
1674520 1295
1674530 1295
1674540 1295
1674550 1294
1674560 1294
1674570 1294
1674580 1293
1674590 1293
1674600 1293
1674610 1293
1674620 1293
1674630 1293
1674640 1294
1674650 1294
1674660 1294
1674670 1294
1674680 1294
1674690 1294
1674700 1294
1674710 1295
1674720 1295
1674730 1295
1674740 1295
1674750 1294
1674760 1294
1674770 1293
1674780 1293
1674790 1293
1674800 1293
1674810 1293
1674820 1293
1674830 1293
1674840 1293
1674850 1293
1674860 1293
1674870 1294
1674880 1294
1674890 1294
1674900 1294
1674910 1294
1674920 1294
1674930 1294
1674940 1294
1674950 1294
1674960 1294
1674970 1294
1674980 1294
1674990 1294
1675000 1293
1675010 1293
1675020 1293
1675030 1293
1675040 1293
1675050 1293
1675060 1292
1675070 1292
1675080 1292
1675090 1291
1675100 1290
1675110 1290
1675120 1289
1675130 1288
1675140 1288
1675150 1287
1675160 1285
1675170 1284
1675180 1284
1675190 1283
1675200 1282
1675210 1282
1675220 1281
1675230 1280
1675240 1280
1675250 1278
1675260 1277
1675270 1277
1675280 1276
1675290 1275
1675300 1275
1675310 1275
1675320 1275
1675330 1274
1675340 1274
1675350 1274
1675360 1273
1675370 1273
1675380 1273
1675390 1272
1675400 1272
1675410 1270
1675420 1269
1675430 1269
1675440 1268
1675450 1267
1675460 1267
1675470 1267
1675480 1266
1675490 1265
1675500 1265
1675510 1263
1675520 1262
1675530 1262
1675540 1261
1675550 1259
1675560 1259
1675570 1257
1675580 1255
1675590 1255
1675600 1252
1675610 1250
1675620 1250
1675630 1247
1675640 1244
1675650 1244
1675660 1241
1675670 1239
1675680 1237
1675690 1237
1675700 1235
1675710 1233
1675720 1233
1675730 1231
1675740 1228
1675750 1228
1675760 1225
1675770 1223
1675780 1223
1675790 1220
1675800 1218
1675810 1218
1675820 1216
1675830 1213
1675840 1211
1675850 1211
1675860 1209
1675870 1207
1675880 1207
1675890 1205
1675900 1203
1675910 1203
1675920 1200
1675930 1198
1675940 1198
1675950 1196
1675960 1194
1675970 1194
1675980 1193
1675990 1192
1676000 1191
1676010 1191
1676020 1190
1676030 1189
1676040 1189
1676050 1189
1676060 1188
1676070 1188
1676080 1186
1676090 1184
1676100 1184
1676110 1183
1676120 1181
1676130 1181
1676140 1179
1676150 1178
1676160 1178
1676170 1176
1676180 1175
1676190 1173
1676200 1173
1676210 1172
1676220 1170
1676230 1170
1676240 1170
1676250 1171
1676260 1171
1676270 1172
1676280 1171
1676290 1171
1676300 1171
1676310 1169
1676320 1169
1676330 1168
1676340 1165
1676350 1163
1676360 1163
1676370 1160
1676380 1156
1676390 1156
1676400 1153
1676410 1150
1676420 1150
1676430 1147
1676440 1144
1676450 1144
1676460 1142
1676470 1140
1676480 1140
1676490 1139
1676500 1137
1676510 1136
1676520 1136
1676530 1133
1676540 1130
1676550 1130
1676560 1127
1676570 1124
1676580 1124
1676590 1120
1676600 1116
1676610 1116
1676620 1113
1676630 1111
1676640 1111
1676650 1108
1676660 1105
1676670 1105
1676680 1103
1676690 1102
1676700 1100
1676710 1100
1676720 1098
1676730 1097
1676740 1097
1676750 1095
1676760 1093
1676770 1093
1676780 1090
1676790 1087
1676800 1087
1676810 1082
1676820 1078
1676830 1078
1676840 1074
1676850 1075
1676860 1076
1676870 1076
1676880 1077
1676890 1076
1676900 1076
1676910 1073
1676920 1068
1676930 1068
1676940 1064
1676950 1061
1676960 1061
1676970 1057
1676980 1058
1676990 1058
1677000 1060
1677010 1059
1677020 1059
1677030 1059
1677040 1059
1677050 1053
1677060 1053
1677070 1047
1677080 1043
1677090 1043
1677100 1040
1677110 1035
1677120 1035
1677130 1029
1677140 1027
1677150 1027
1677160 1018
1677170 1013
1677180 1013
1677190 1006
1677200 1000
1677210 995
1677220 995
1677230 988
1677240 984
1677250 984
1677260 987
1677270 992
1677280 992
1677290 997
1677300 1002
1677310 1002
1677320 1008
1677330 1016
1677340 1016
1677350 1025
1677360 1035
1677370 1045
1677380 1045
1677390 1054
1677400 1061
1677410 1061
1677420 1066
1677430 1072
1677440 1072
1677450 1083
1677460 1087
1677470 1087
1677480 1092
1677490 1097
1677500 1097
1677510 1102
1677520 1107
1677530 1112
1677540 1112
1677550 1116
1677560 1122
1677570 1122
1677580 1127
1677590 1135
1677600 1135
1677610 1140
1677620 1144
1677630 1144
1677640 1148
1677650 1153
1677660 1153
1677670 1157
1677680 1161
1677690 1161
1677700 1166
1677710 1169
1677720 1174
1677730 1174
1677740 1179
1677750 1185
1677760 1185
1677770 1186
1677780 1187
1677790 1187
1677800 1188
1677810 1189
1677820 1189
1677830 1190
1677840 1191
1677850 1191
1677860 1192
1677870 1193
1677880 1194
1677890 1194
1677900 1195
1677910 1195
1677920 1195
1677930 1198
1677940 1200
1677950 1200
1677960 1203
1677970 1205
1677980 1205
1677990 1207
1678000 1209
1678010 1209
1678020 1211
1678030 1213
1678040 1215
1678050 1215
1678060 1216
1678070 1218
1678080 1218
1678090 1219
1678100 1221
1678110 1221
1678120 1222
1678130 1224
1678140 1224
1678150 1228
1678160 1230
1678170 1230
1678180 1232
1678190 1235
1678200 1235
1678210 1237
1678220 1238
1678230 1240
1678240 1240
1678250 1241
1678260 1242
1678270 1242
1678280 1244
1678290 1245
1678300 1245
1678310 1247
1678320 1250
1678330 1250
1678340 1253
1678350 1256
1678360 1256
1678370 1257
1678380 1260
1678390 1261
1678400 1261
1678410 1259
1678420 1260
1678430 1260
1678440 1261
1678450 1262
1678460 1262
1678470 1262
1678480 1262
1678490 1262
1678500 1262
1678510 1262
1678520 1262
1678530 1261
1678540 1261
1678550 1261
1678560 1261
1678570 1260
1678580 1260
1678590 1260
1678600 1259
1678610 1259
1678620 1259
1678630 1259
1678640 1259
1678650 1259
1678660 1258
1678670 1258
1678680 1258
1678690 1257
1678700 1256
1678710 1255
1678720 1255
1678730 1254
1678740 1254
1678750 1254
1678760 1250
1678770 1246
1678780 1246
1678790 1240
1678800 1238
1678810 1238
1678820 1234
1678830 1230
1678840 1230
1678850 1227
1678860 1222
1678870 1222
1678880 1218
1678890 1213
1678900 1209
1678910 1209
1678920 1206
1678930 1203
1678940 1203
1678950 1198
1678960 1195
1678970 1195
1678980 1189
1678990 1187
1679000 1187
1679010 1185
1679020 1183
1679030 1183
1679040 1182
1679050 1179
1679060 1175
1679070 1175
1679080 1170
1679090 1165
1679100 1165
1679110 1163
1679120 1160
1679130 1160
1679140 1158
1679150 1155
1679160 1155
1679170 1150
1679180 1150
1679190 1150
1679200 1154
1679210 1159
1679220 1163
1679230 1163
1679240 1167
1679250 1172
1679260 1172
1679270 1176
1679280 1180
1679290 1180
1679300 1183
1679310 1185
1679320 1185
1679330 1188
1679340 1188
1679350 1188
1679360 1188
1679370 1188
1679380 1188
1679390 1188
1679400 1188
1679410 1189
1679420 1189
1679430 1189
1679440 1188
1679450 1188
1679460 1187
1679470 1186
1679480 1186
1679490 1184
1679500 1182
1679510 1182
1679520 1180
1679530 1178
1679540 1178
1679550 1175
1679560 1171
1679570 1167
1679580 1167
1679590 1162
1679600 1159
1679610 1159
1679620 1156
1679630 1153
1679640 1153
1679650 1149
1679660 1143
1679670 1143
1679680 1138
1679690 1139
1679700 1139
1679710 1137
1679720 1139
1679730 1144
1679740 1144
1679750 1148
1679760 1151
1679770 1151
1679780 1155
1679790 1157
1679800 1157
1679810 1158
1679820 1158
1679830 1158
1679840 1156
1679850 1155
1679860 1155
1679870 1152
1679880 1150
1679890 1150
1679900 1147
1679910 1145
1679920 1143
1679930 1143
1679940 1141
1679950 1137
1679960 1137
1679970 1136
1679980 1135
1679990 1135
