1666520 1856
1666530 1857
1666540 1857
1666550 1857
1666560 1857
1666570 1857
1666580 1857
1666590 1857
1666600 1857
1666610 1857
1666620 1858
1666630 1859
1666640 1859
1666650 1859
1666660 1859
1666670 1859
1666680 1859
1666690 1860
1666700 1860
1666710 1860
1666720 1860
1666730 1860
1666740 1860
1666750 1862
1666760 1862
1666770 1864
1666780 1865
1666790 1865
1666800 1865
1666810 1865
1666820 1865
1666830 1865
1666840 1866
1666850 1867
1666860 1867
1666870 1868
1666880 1869
1666890 1869
1666900 1869
1666910 1870
1666920 1870
1666930 1872
1666940 1873
1666950 1875
1666960 1875
1666970 1878
1666980 1879
1666990 1879
1667000 1879
1667010 1880
1667020 1880
1667030 1880
1667040 1880
1667050 1880
1667060 1880
1667070 1879
1667080 1879
1667090 1879
1667100 1879
1667110 1879
1667120 1879
1667130 1878
1667140 1878
1667150 1878
1667160 1878
1667170 1877
1667180 1877
1667190 1876
1667200 1876
1667210 1876
1667220 1875
1667230 1875
1667240 1875
1667250 1874
1667260 1873
1667270 1873
1667280 1873
1667290 1873
1667300 1873
1667310 1873
1667320 1872
1667330 1871
1667340 1871
1667350 1869
1667360 1868
1667370 1868
1667380 1868
1667390 1867
1667400 1867
1667410 1866
1667420 1864
1667430 1864
1667440 1862
1667450 1861
1667460 1861
1667470 1860
1667480 1859
1667490 1857
1667500 1857
1667510 1856
1667520 1854
1667530 1854
1667540 1852
1667550 1850
1667560 1850
1667570 1847
1667580 1844
1667590 1844
1667600 1842
1667610 1840
1667620 1840
1667630 1838
1667640 1835
1667650 1832
1667660 1832
1667670 1828
1667680 1825
1667690 1825
1667700 1821
1667710 1818
1667720 1818
1667730 1813
1667740 1808
1667750 1808
1667760 1803
1667770 1797
1667780 1797
1667790 1796
1667800 1799
1667810 1802
1667820 1802
1667830 1806
1667840 1808
1667850 1808
1667860 1810
1667870 1810
1667880 1810
1667890 1810
1667900 1811
1667910 1811
1667920 1812
1667930 1813
1667940 1813
1667950 1814
1667960 1816
1667970 1816
1667980 1818
1667990 1819
1668000 1821
1668010 1821
1668020 1823
1668030 1824
1668040 1824
1668050 1826
1668060 1829
1668070 1829
1668080 1832
1668090 1835
1668100 1835
1668110 1838
1668120 1837
1668130 1837
1668140 1835
1668150 1832
1668160 1830
1668170 1830
1668180 1828
1668190 1826
1668200 1826
1668210 1824
1668220 1823
1668230 1823
1668240 1821
1668250 1820
1668260 1820
1668270 1818
1668280 1817
1668290 1817
1668300 1816
1668310 1815
1668320 1815
1668330 1813
1668340 1811
1668350 1808
1668360 1808
1668370 1806
1668380 1805
1668390 1805
1668400 1801
1668410 1798
1668420 1798
1668430 1797
1668440 1795
1668450 1795
1668460 1792
1668470 1791
1668480 1791
1668490 1792
1668500 1791
1668510 1790
1668520 1790
1668530 1788
1668540 1785
1668550 1785
1668560 1783
1668570 1783
1668580 1783
1668590 1778
1668600 1773
1668610 1773
1668620 1769
1668630 1766
1668640 1766
1668650 1766
1668660 1766
1668670 1766
1668680 1768
1668690 1772
1668700 1779
1668710 1779
1668720 1785
1668730 1790
1668740 1790
1668750 1795
1668760 1799
1668770 1799
1668780 1802
1668790 1805
1668800 1805
1668810 1808
1668820 1810
1668830 1810
1668840 1813
1668850 1815
1668860 1818
1668870 1818
1668880 1821
1668890 1824
1668900 1824
1668910 1827
1668920 1831
1668930 1831
1668940 1834
1668950 1839
1668960 1839
1668970 1844
1668980 1848
1668990 1848
1669000 1852
1669010 1856
1669020 1856
1669030 1860
1669040 1865
1669050 1869
1669060 1869
1669070 1871
1669080 1872
1669090 1872
1669100 1873
1669110 1874
1669120 1874
1669130 1875
1669140 1876
1669150 1876
1669160 1877
1669170 1877
1669180 1877
1669190 1878
1669200 1878
1669210 1878
1669220 1878
1669230 1877
1669240 1875
1669250 1875
1669260 1873
1669270 1871
1669280 1871
1669290 1869
1669300 1867
1669310 1867
1669320 1865
1669330 1862
1669340 1862
1669350 1860
1669360 1857
1669370 1857
1669380 1855
1669390 1852
1669400 1850
1669410 1850
1669420 1849
1669430 1846
1669440 1846
1669450 1845
1669460 1843
1669470 1843
1669480 1841
1669490 1839
1669500 1839
1669510 1837
1669520 1835
1669530 1835
1669540 1833
1669550 1831
1669560 1829
1669570 1829
1669580 1827
1669590 1824
1669600 1824
1669610 1822
1669620 1820
1669630 1820
1669640 1818
1669650 1816
1669660 1816
1669670 1813
1669680 1811
1669690 1811
1669700 1809
1669710 1807
1669720 1807
1669730 1804
1669740 1802
1669750 1800
1669760 1800
1669770 1798
1669780 1795
1669790 1795
1669800 1793
1669810 1791
1669820 1791
1669830 1789
1669840 1786
1669850 1786
1669860 1784
1669870 1781
1669880 1781
1669890 1779
1669900 1776
1669910 1773
1669920 1773
1669930 1770
1669940 1767
1669950 1767
1669960 1765
1669970 1763
1669980 1763
1669990 1761
1670000 1758
1670010 1758
1670020 1756
1670030 1753
1670040 1753
1670050 1750
1670060 1748
1670070 1746
1670080 1746
1670090 1743
1670100 1741
1670110 1741
1670120 1740
1670130 1736
1670140 1736
1670150 1733
1670160 1731
1670170 1731
1670180 1729
1670190 1726
1670200 1726
1670210 1724
1670220 1718
1670230 1718
1670240 1716
1670250 1715
1670260 1711
1670270 1711
1670280 1708
1670290 1704
1670300 1704
1670310 1699
1670320 1694
1670330 1694
1670340 1694
1670350 1695
1670360 1695
1670370 1696
1670380 1696
1670390 1696
1670400 1696
1670410 1694
1670420 1694
1670430 1694
1670440 1696
1670450 1696
1670460 1696
1670470 1697
1670480 1697
1670490 1697
1670500 1696
1670510 1692
1670520 1692
1670530 1690
1670540 1691
1670550 1691
1670560 1693
1670570 1693
1670580 1693
1670590 1693
1670600 1692
1670610 1693
1670620 1693
1670630 1694
1670640 1695
1670650 1695
1670660 1695
1670670 1695
1670680 1695
1670690 1695
1670700 1696
1670710 1696
1670720 1696
1670730 1695
1670740 1695
1670750 1695
1670760 1694
1670770 1693
1670780 1693
1670790 1692
1670800 1692
1670810 1692
1670820 1691
1670830 1690
1670840 1690
1670850 1690
1670860 1689
1670870 1689
1670880 1688
1670890 1687
1670900 1687
1670910 1685
1670920 1683
1670930 1683
1670940 1682
1670950 1682
1670960 1683
1670970 1683
1670980 1682
1670990 1681
1671000 1681
1671010 1680
1671020 1680
1671030 1680
1671040 1680
1671050 1681
1671060 1681
1671070 1681
1671080 1680
1671090 1680
1671100 1680
1671110 1680
1671120 1681
1671130 1681
1671140 1683
1671150 1683
1671160 1683
1671170 1683
1671180 1683
1671190 1683
1671200 1683
1671210 1684
1671220 1684
1671230 1685
1671240 1686
1671250 1686
1671260 1687
1671270 1687
1671280 1687
1671290 1688
1671300 1689
1671310 1690
1671320 1690
1671330 1690
1671340 1692
1671350 1692
1671360 1693
1671370 1694
1671380 1694
1671390 1695
1671400 1698
1671410 1698
1671420 1698
1671430 1698
1671440 1698
1671450 1699
1671460 1700
1671470 1703
1671480 1703
1671490 1704
1671500 1705
1671510 1705
1671520 1707
1671530 1709
1671540 1709
1671550 1711
1671560 1713
1671570 1713
1671580 1716
1671590 1718
1671600 1718
1671610 1719
1671620 1720
1671630 1720
1671640 1721
1671650 1721
1671660 1720
1671670 1720
1671680 1719
1671690 1720
1671700 1720
1671710 1720
1671720 1721
1671730 1721
1671740 1721
1671750 1720
1671760 1720
1671770 1721
1671780 1723
1671790 1723
1671800 1723
1671810 1725
1671820 1726
1671830 1726
1671840 1727
1671850 1727
1671860 1727
1671870 1727
1671880 1727
1671890 1727
1671900 1727
1671910 1726
1671920 1726
1671930 1727
1671940 1727
1671950 1727
1671960 1726
1671970 1724
1671980 1724
1671990 1723
1672000 1720
1672010 1719
1672020 1719
1672030 1717
1672040 1715
1672050 1715
1672060 1712
1672070 1709
1672080 1709
1672090 1706
1672100 1703
1672110 1703
1672120 1702
1672130 1701
1672140 1701
1672150 1700
1672160 1701
1672170 1700
1672180 1700
1672190 1697
1672200 1693
1672210 1693
1672220 1690
1672230 1686
1672240 1686
1672250 1683
1672260 1680
1672270 1680
1672280 1678
1672290 1675
1672300 1675
1672310 1671
1672320 1668
1672330 1667
1672340 1667
1672350 1667
1672360 1667
1672370 1667
1672380 1667
1672390 1667
1672400 1667
1672410 1666
1672420 1665
1672430 1665
1672440 1664
1672450 1662
1672460 1662
1672470 1659
1672480 1656
1672490 1656
1672500 1654
1672510 1650
1672520 1646
1672530 1646
1672540 1641
1672550 1636
1672560 1636
1672570 1631
1672580 1624
1672590 1624
1672600 1618
1672610 1612
1672620 1612
1672630 1605
1672640 1598
1672650 1598
1672660 1591
1672670 1584
1672680 1578
1672690 1578
1672700 1570
1672710 1564
1672720 1564
1672730 1557
1672740 1549
1672750 1549
1672760 1543
1672770 1536
1672780 1536
1672790 1533
1672800 1530
1672810 1530
1672820 1533
1672830 1539
1672840 1539
1672850 1545
1672860 1552
1672870 1557
1672880 1557
1672890 1565
1672900 1571
1672910 1571
1672920 1576
1672930 1580
1672940 1580
1672950 1585
1672960 1589
1672970 1589
1672980 1593
1672990 1597
1673000 1597
1673010 1598
1673020 1597
1673030 1594
1673040 1594
1673050 1592
1673060 1590
1673070 1590
1673080 1588
1673090 1585
1673100 1585
1673110 1583
1673120 1581
1673130 1581
1673140 1579
1673150 1576
1673160 1576
1673170 1573
1673180 1571
1673190 1571
1673200 1571
1673210 1571
1673220 1570
1673230 1570
1673240 1570
1673250 1570
1673260 1570
1673270 1570
1673280 1570
1673290 1570
1673300 1570
1673310 1570
1673320 1570
1673330 1570
1673340 1571
1673350 1571
1673360 1572
1673370 1573
1673380 1574
1673390 1574
1673400 1574
1673410 1575
1673420 1575
1673430 1576
1673440 1576
1673450 1576
1673460 1578
1673470 1579
1673480 1579
1673490 1580
1673500 1581
1673510 1581
1673520 1582
1673530 1583
1673540 1583
1673550 1585
1673560 1586
1673570 1587
1673580 1587
1673590 1589
1673600 1590
1673610 1590
1673620 1591
1673630 1593
1673640 1593
1673650 1594
1673660 1595
1673670 1595
1673680 1597
1673690 1599
1673700 1599
1673710 1601
1673720 1604
1673730 1607
1673740 1607
1673750 1609
1673760 1611
1673770 1611
1673780 1614
1673790 1617
1673800 1617
1673810 1620
1673820 1622
1673830 1622
1673840 1626
1673850 1629
1673860 1629
1673870 1632
1673880 1635
1673890 1635
1673900 1638
1673910 1641
1673920 1643
1673930 1643
1673940 1646
1673950 1650
1673960 1650
1673970 1652
1673980 1655
1673990 1655
1674000 1657
1674010 1658
1674020 1658
1674030 1660
1674040 1661
1674050 1661
1674060 1663
1674070 1666
1674080 1668
1674090 1668
1674100 1670
1674110 1672
1674120 1672
1674130 1673
1674140 1674
1674150 1674
1674160 1675
1674170 1676
1674180 1676
1674190 1676
1674200 1677
1674210 1677
1674220 1678
1674230 1679
1674240 1679
1674250 1679
1674260 1679
1674270 1678
1674280 1678
1674290 1677
1674300 1676
1674310 1676
1674320 1675
1674330 1673
1674340 1673
1674350 1671
1674360 1668
1674370 1668
1674380 1666
1674390 1663
1674400 1663
1674410 1661
1674420 1659
1674430 1657
1674440 1657
1674450 1654
1674460 1652
1674470 1652
1674480 1650
1674490 1648
1674500 1648
1674510 1646
1674520 1643
1674530 1643
1674540 1640
1674550 1636
1674560 1636
1674570 1634
1674580 1630
1674590 1628
1674600 1628
1674610 1626
1674620 1624
1674630 1624
1674640 1622
1674650 1620
1674660 1620
1674670 1618
1674680 1615
1674690 1615
1674700 1612
1674710 1609
1674720 1609
1674730 1606
1674740 1603
1674750 1603
1674760 1600
1674770 1597
1674780 1594
1674790 1594
1674800 1591
1674810 1589
1674820 1589
1674830 1587
1674840 1585
1674850 1585
1674860 1582
1674870 1580
1674880 1580
1674890 1578
1674900 1576
1674910 1576
1674920 1574
1674930 1572
1674940 1570
1674950 1570
1674960 1567
1674970 1565
1674980 1565
1674990 1560
1675000 1558
1675010 1558
1675020 1556
1675030 1554
1675040 1554
1675050 1551
1675060 1550
1675070 1550
1675080 1548
1675090 1546
1675100 1546
1675110 1544
1675120 1544
1675130 1543
1675140 1543
1675150 1540
1675160 1537
1675170 1537
1675180 1535
1675190 1533
1675200 1533
1675210 1531
1675220 1529
1675230 1529
1675240 1527
1675250 1524
1675260 1524
1675270 1522
1675280 1520
1675290 1518
1675300 1518
1675310 1516
1675320 1513
1675330 1513
1675340 1512
1675350 1510
1675360 1510
1675370 1508
1675380 1507
1675390 1507
1675400 1506
1675410 1506
1675420 1506
1675430 1504
1675440 1501
1675450 1501
1675460 1499
1675470 1496
1675480 1493
1675490 1493
1675500 1492
1675510 1490
1675520 1490
1675530 1489
1675540 1488
1675550 1488
1675560 1487
1675570 1485
1675580 1485
1675590 1483
1675600 1482
1675610 1482
1675620 1481
1675630 1480
1675640 1480
1675650 1480
1675660 1478
1675670 1476
1675680 1476
1675690 1474
1675700 1475
1675710 1475
1675720 1475
1675730 1475
1675740 1475
1675750 1473
1675760 1472
1675770 1472
1675780 1472
1675790 1471
1675800 1471
1675810 1472
1675820 1472
1675830 1472
1675840 1472
1675850 1473
1675860 1474
1675870 1474
1675880 1475
1675890 1475
1675900 1475
1675910 1475
1675920 1473
1675930 1473
1675940 1472
1675950 1473
1675960 1473
1675970 1473
1675980 1473
1675990 1472
1676000 1472
1676010 1471
1676020 1468
1676030 1468
1676040 1468
1676050 1467
1676060 1467
1676070 1467
1676080 1467
1676090 1467
1676100 1467
1676110 1467
1676120 1467
1676130 1467
1676140 1467
1676150 1467
1676160 1466
1676170 1465
1676180 1464
1676190 1464
1676200 1464
1676210 1462
1676220 1462
1676230 1462
1676240 1460
1676250 1460
1676260 1457
1676270 1450
1676280 1450
1676290 1450
1676300 1453
1676310 1453
1676320 1456
1676330 1457
1676340 1458
1676350 1458
1676360 1459
1676370 1461
1676380 1461
1676390 1462
1676400 1463
1676410 1463
1676420 1463
1676430 1463
1676440 1463
1676450 1464
1676460 1466
1676470 1466
1676480 1467
1676490 1468
1676500 1468
1676510 1469
1676520 1470
1676530 1471
1676540 1471
1676550 1472
1676560 1473
1676570 1473
1676580 1474
1676590 1475
1676600 1475
1676610 1476
1676620 1477
1676630 1477
1676640 1478
1676650 1479
1676660 1479
1676670 1480
1676680 1480
1676690 1483
1676700 1483
1676710 1483
1676720 1484
1676730 1484
1676740 1485
1676750 1486
1676760 1486
1676770 1488
1676780 1487
1676790 1487
1676800 1485
1676810 1483
1676820 1483
1676830 1482
1676840 1482
1676850 1481
1676860 1481
1676870 1481
1676880 1481
1676890 1481
1676900 1481
1676910 1480
1676920 1480
1676930 1480
1676940 1479
1676950 1479
1676960 1478
1676970 1479
1676980 1479
1676990 1482
1677000 1483
1677010 1483
1677020 1483
1677030 1484
1677040 1483
1677050 1483
1677060 1482
1677070 1481
1677080 1481
1677090 1480
1677100 1479
1677110 1479
1677120 1478
1677130 1478
1677140 1478
1677150 1478
1677160 1478
1677170 1478
1677180 1477
1677190 1477
1677200 1476
1677210 1476
1677220 1475
1677230 1476
1677240 1476
1677250 1475
1677260 1475
1677270 1475
1677280 1474
1677290 1474
1677300 1474
1677310 1475
1677320 1475
1677330 1475
1677340 1474
1677350 1472
1677360 1472
1677370 1471
1677380 1469
1677390 1465
1677400 1465
1677410 1463
1677420 1466
1677430 1466
1677440 1468
1677450 1471
1677460 1471
1677470 1472
1677480 1473
1677490 1473
1677500 1474
1677510 1475
1677520 1475
1677530 1476
1677540 1477
1677550 1478
1677560 1478
1677570 1480
1677580 1482
1677590 1482
1677600 1483
1677610 1485
1677620 1485
1677630 1487
1677640 1489
1677650 1489
1677660 1490
1677670 1492
1677680 1492
1677690 1493
1677700 1495
1677710 1495
1677720 1496
1677730 1498
1677740 1500
1677750 1500
1677760 1502
1677770 1503
1677780 1503
1677790 1504
1677800 1505
1677810 1505
1677820 1506
1677830 1507
1677840 1507
1677850 1507
1677860 1508
1677870 1508
1677880 1508
1677890 1509
1677900 1509
1677910 1509
1677920 1509
1677930 1509
1677940 1509
1677950 1508
1677960 1509
1677970 1509
1677980 1508
1677990 1508
1678000 1508
1678010 1508
1678020 1508
1678030 1508
1678040 1507
1678050 1505
1678060 1505
1678070 1505
1678080 1503
1678090 1501
1678100 1501
1678110 1499
1678120 1497
1678130 1497
1678140 1495
1678150 1493
1678160 1493
1678170 1492
1678180 1490
1678190 1490
1678200 1489
1678210 1487
1678220 1487
1678230 1486
1678240 1484
1678250 1482
1678260 1482
1678270 1480
1678280 1479
1678290 1479
1678300 1477
1678310 1476
1678320 1476
1678330 1474
1678340 1472
1678350 1472
1678360 1469
1678370 1467
1678380 1467
1678390 1465
1678400 1464
1678410 1464
1678420 1461
1678430 1460
1678440 1458
1678450 1458
1678460 1455
1678470 1452
1678480 1452
1678490 1449
1678500 1446
1678510 1446
1678520 1444
1678530 1442
1678540 1442
1678550 1440
1678560 1437
1678570 1437
1678580 1434
1678590 1431
1678600 1428
1678610 1428
1678620 1424
1678630 1423
1678640 1423
1678650 1420
1678660 1417
1678670 1417
1678680 1417
1678690 1416
1678700 1416
1678710 1415
1678720 1414
1678730 1414
1678740 1413
1678750 1412
1678760 1412
1678770 1411
1678780 1409
1678790 1408
1678800 1408
1678810 1407
1678820 1406
1678830 1406
1678840 1405
1678850 1403
1678860 1403
1678870 1402
1678880 1400
1678890 1400
1678900 1399
1678910 1398
1678920 1398
1678930 1397
1678940 1395
1678950 1394
1678960 1394
1678970 1393
1678980 1392
1678990 1392
1679000 1390
1679010 1389
1679020 1389
1679030 1387
1679040 1386
1679050 1386
1679060 1384
1679070 1383
1679080 1383
1679090 1381
1679100 1380
1679110 1379
1679120 1379
1679130 1378
1679140 1377
1679150 1377
1679160 1376
1679170 1375
1679180 1375
1679190 1374
1679200 1374
1679210 1374
1679220 1373
1679230 1371
1679240 1371
1679250 1369
1679260 1368
1679270 1368
1679280 1366
1679290 1365
1679300 1364
1679310 1364
1679320 1364
1679330 1363
1679340 1363
1679350 1360
1679360 1358
1679370 1358
1679380 1356
1679390 1354
1679400 1354
1679410 1352
1679420 1349
1679430 1349
1679440 1347
1679450 1345
1679460 1344
1679470 1344
1679480 1342
1679490 1341
1679500 1341
1679510 1338
1679520 1335
1679530 1335
1679540 1332
1679550 1331
1679560 1331
1679570 1328
1679580 1325
1679590 1325
1679600 1322
1679610 1320
1679620 1320
1679630 1319
1679640 1317
1679650 1316
1679660 1316
1679670 1315
1679680 1314
1679690 1314
1679700 1313
1679710 1311
1679720 1311
1679730 1311
1679740 1309
1679750 1309
1679760 1309
1679770 1308
1679780 1308
1679790 1307
1679800 1308
1679810 1307
1679820 1307
1679830 1307
1679840 1306
1679850 1306
1679860 1306
1679870 1305
1679880 1305
1679890 1304
1679900 1303
1679910 1303
1679920 1302
1679930 1302
1679940 1302
1679950 1300
1679960 1299
1679970 1299
1679980 1296
1679990 1295
1660000 848
1660010 848
1660020 853
1660030 856
1660040 856
1660050 856
1660060 853
1660070 853
1660080 856
1660090 858
1660100 877
1660110 877
1660120 882
1660130 892
1660140 892
1660150 900
1660160 905
1660170 905
1660180 916
1660190 918
1660200 918
1660210 920
1660220 927
1660230 927
1660240 933
1660250 937
1660260 943
1660270 943
1660280 949
1660290 955
1660300 955
1660310 955
1660320 957
1660330 957
1660340 959
1660350 954
1660360 954
1660370 953
1660380 947
1660390 947
1660400 941
1660410 938
1660420 938
1660430 935
1660440 944
1660450 948
1660460 948
1660470 946
1660480 946
1660490 946
1660500 944
1660510 940
1660520 940
1660530 941
1660540 947
1660550 947
1660560 961
1660570 967
1660580 967
1660590 977
1660600 984
1660610 990
1660620 990
1660630 995
1660640 999
1660650 999
1660660 1003
1660670 1001
1660680 1001
1660690 1008
1660700 1013
1660710 1013
1660720 1019
1660730 1022
1660740 1022
1660750 1025
1660760 1028
1660770 1028
1660780 1027
1660790 1054
1660800 1057
1660810 1057
1660820 1057
1660830 1064
1660840 1064
1660850 1067
1660860 1054
1660870 1054
1660880 1069
1660890 1089
1660900 1089
1660910 1093
1660920 1095
1660930 1095
1660940 1102
1660950 1106
1660960 1100
1660970 1100
1660980 1100
1660990 1099
1661000 1099
1661010 1086
1661020 1090
1661030 1090
1661040 1093
1661050 1097
1661060 1097
1661070 1099
1661080 1102
1661090 1102
1661100 1103
1661110 1121
1661120 1135
1661130 1135
1661140 1140
1661150 1150
1661160 1150
1661170 1151
1661180 1153
1661190 1153
1661200 1149
1661210 1142
1661220 1142
1661230 1148
1661240 1149
1661250 1149
1661260 1157
1661270 1155
1661280 1155
1661290 1150
1661300 1153
1661310 1157
1661320 1157
1661330 1162
1661340 1165
1661350 1165
1661360 1170
1661370 1174
1661380 1174
1661390 1193
1661400 1189
1661410 1189
1661420 1188
1661430 1187
1661440 1187
1661450 1186
1661460 1175
1661470 1174
1661480 1174
1661490 1176
1661500 1177
1661510 1177
1661520 1177
1661530 1171
1661540 1171
1661550 1169
1661560 1168
1661570 1168
1661580 1166
1661590 1164
1661600 1164
1661610 1169
1661620 1171
1661630 1158
1661640 1158
1661650 1151
1661660 1150
1661670 1150
1661680 1161
1661690 1159
1661700 1159
1661710 1155
1661720 1154
1661730 1154
1661740 1160
1661750 1161
1661760 1161
1661770 1161
1661780 1156
1661790 1156
1661800 1158
1661810 1154
1661820 1151
1661830 1151
1661840 1125
1661850 1117
1661860 1117
1661870 1114
1661880 1112
1661890 1142
1661900 1142
1661910 1141
1661920 1141
1661930 1140
1661940 1142
1661950 1142
1661960 1131
1661970 1149
1661980 1154
1661990 1154
1662000 1156
1662010 1159
1662020 1159
1662030 1161
1662040 1158
1662050 1158
1662060 1151
1662070 1146
1662080 1146
1662090 1142
1662100 1146
1662110 1146
1662120 1145
1662130 1125
1662140 1125
1662150 1119
1662160 1114
1662170 1110
1662180 1110
1662190 1104
1662200 1095
1662210 1095
1662220 1092
1662230 1098
1662240 1098
1662250 1090
1662260 1095
1662270 1095
1662280 1087
1662290 1068
1662300 1068
1662310 1066
1662320 1069
1662330 1061
1662340 1061
1662350 1063
1662360 1050
1662370 1050
1662380 1051
1662390 1046
1662400 1046
1662410 1040
1662420 1035
1662430 1035
1662440 1036
1662450 1032
1662460 1032
1662470 1027
1662480 1021
1662490 1013
1662500 1013
1662510 1010
1662520 1010
1662530 1010
1662540 1010
1662550 1018
1662560 1018
1662570 1021
1662580 1033
1662590 1033
1662600 1041
1662610 1043
1662620 1043
1662630 1053
1662640 1053
1662650 1053
1662660 1060
1662670 1072
1662680 1079
1662690 1079
1662700 1098
1662710 1112
1662720 1112
1662730 1121
1662740 1140
1662750 1140
1662760 1141
1662770 1151
1662780 1151
1662790 1158
1662800 1165
1662810 1165
1662820 1168
1662830 1169
1662840 1175
1662850 1175
1662860 1184
1662870 1190
1662880 1190
1662890 1193
1662900 1197
1662910 1197
1662920 1196
1662930 1182
1662940 1182
1662950 1208
1662960 1218
1662970 1218
1662980 1199
1662990 1205
1663000 1205
1663010 1200
1663020 1195
1663030 1209
1663040 1209
1663050 1233
1663060 1243
1663070 1243
1663080 1238
1663090 1249
1663100 1249
1663110 1224
1663120 1253
1663130 1253
1663140 1258
1663150 1264
1663160 1264
1663170 1272
1663180 1277
1663190 1282
1663200 1282
1663210 1288
1663220 1293
1663230 1293
1663240 1298
1663250 1278
1663260 1278
1663270 1313
1663280 1315
1663290 1315
1663300 1319
1663310 1325
1663320 1322
1663330 1326
1663340 1330
1663350 1334
1663360 1334
1663370 1337
1663380 1340
1663390 1340
1663400 1341
1663410 1315
1663420 1315
1663430 1322
1663440 1325
1663450 1325
1663460 1323
1663470 1351
1663480 1351
1663490 1357
1663500 1362
1663510 1362
1663520 1366
1663530 1371
1663540 1371
1663550 1371
1663560 1379
1663570 1379
1663580 1379
1663590 1380
1663600 1381
1663610 1381
1663620 1385
1663630 1384
1663640 1384
1663650 1386
1663660 1384
1663670 1384
1663680 1387
1663690 1390
1663700 1370
1663710 1370
1663720 1390
1663730 1374
1663740 1374
1663750 1375
1663760 1380
1663770 1380
1663780 1378
1663790 1374
1663800 1374
1663810 1373
1663820 1373
1663830 1373
1663840 1370
1663850 1366
1663860 1363
1663870 1363
1663880 1360
1663890 1357
1663900 1357
1663910 1356
1663920 1343
1663930 1343
1663940 1328
1663950 1333
1663960 1333
1663970 1326
1663980 1330
1663990 1330
1664000 1326
1664010 1323
1664020 1323
1664030 1317
1664040 1298
1664050 1300
1664060 1300
1664070 1311
1664080 1309
1664090 1309
1664100 1297
1664110 1300
1664120 1300
1664130 1309
1664140 1321
1664150 1321
1664160 1323
1664170 1329
1664180 1329
1664190 1325
1664200 1333
1664210 1336
1664220 1336
1664230 1340
1664240 1341
1664250 1341
1664260 1314
1664270 1316
1664280 1316
1664290 1316
1664300 1319
1664310 1319
1664320 1319
1664330 1319
1664340 1319
1664350 1320
1664360 1333
1664370 1333
1664380 1331
1664390 1338
1664400 1338
1664410 1338
1664420 1332
1664430 1343
1664440 1343
1664450 1346
1664460 1347
1664470 1347
1664480 1372
1664490 1383
1664500 1383
1664510 1393
1664520 1403
1664530 1403
1664540 1411
1664550 1413
1664560 1422
1664570 1422
1664580 1425
1664590 1439
1664600 1439
1664610 1440
1664620 1432
1664630 1432
1664640 1443
1664650 1449
1664660 1449
1664670 1459
1664680 1465
1664690 1465
1664700 1470
1664710 1480
1664720 1481
1664730 1481
1664740 1487
1664750 1495
1664760 1495
1664770 1500
1664780 1504
1664790 1504
1664800 1511
1664810 1513
1664820 1513
1664830 1521
1664840 1526
1664850 1526
1664860 1534
1664870 1536
1664880 1536
1664890 1543
1664900 1549
1664910 1552
1664920 1552
1664930 1557
1664940 1564
1664950 1564
1664960 1567
1664970 1572
1664980 1572
1664990 1578
1665000 1585
1665010 1585
1665020 1581
1665030 1593
1665040 1593
1665050 1600
1665060 1603
1665070 1611
1665080 1611
1665090 1617
1665100 1617
1665110 1617
1665120 1624
1665130 1629
1665140 1629
1665150 1634
1665160 1641
1665170 1641
1665180 1648
1665190 1655
1665200 1655
1665210 1660
1665220 1673
1665230 1673
1665240 1689
1665250 1696
1665260 1702
1665270 1702
1665280 1707
1665290 1711
1665300 1711
1665310 1715
1665320 1719
1665330 1719
1665340 1723
1665350 1722
1665360 1722
1665370 1729
1665380 1733
1665390 1733
1665400 1740
1665410 1738
1665420 1750
1665430 1750
1665440 1758
1665450 1761
1665460 1761
1665470 1767
1665480 1758
1665490 1758
1665500 1765
1665510 1772
1665520 1772
1665530 1782
1665540 1790
1665550 1790
1665560 1790
1665570 1789
1665580 1792
1665590 1792
1665600 1795
1665610 1791
1665620 1791
1665630 1780
1665640 1790
1665650 1790
1665660 1793
1665670 1787
1665680 1787
1665690 1786
1665700 1790
1665710 1790
1665720 1791
1665730 1784
1665740 1784
1665750 1787
1665760 1798
1665770 1802
1665780 1802
1665790 1807
1665800 1807
1665810 1807
1665820 1809
1665830 1812
1665840 1812
1665850 1814
1665860 1817
1665870 1817
1665880 1818
1665890 1823
1665900 1823
1665910 1819
1665920 1819
1665930 1822
1665940 1822
1665950 1823
1665960 1827
1665970 1827
1665980 1829
1665990 1833
1666000 1833
1666010 1832
1666020 1834
1666030 1834
1666040 1834
1666050 1835
1666060 1835
1666070 1839
1666080 1842
1666090 1844
1666100 1844
1666110 1849
1666120 1848
1666130 1848
1666140 1848
1666150 1852
1666160 1852
1666170 1851
1666180 1851
1666190 1851
1666200 1855
1666210 1857
1666220 1857
1666230 1858
1666240 1860
1666250 1860
1666260 1859
1666270 1857
1666280 1858
1666290 1858
1666300 1856
1666310 1856
1666320 1856
1666330 1857
1666340 1857
1666350 1857
1666360 1857
1666370 1857
1666380 1857
1666390 1857
1666400 1856
1666410 1856
1666420 1856
1666430 1857
1666440 1859
1666450 1859
1666460 1857
1666470 1857
1666480 1857
1666490 1857
1666500 1857
1666510 1857
1666520 1857
1666530 1857
1666540 1857
1666550 1857
1666560 1858
1666570 1858
1666580 1858
1666590 1859
1666600 1859
1666610 1857
1666620 1858
1666630 1858
1666640 1858
1666650 1859
1666660 1859
1666670 1859
1666680 1859
1666690 1859
1666700 1859
1666710 1859
1666720 1861
1666730 1861
1666740 1861
1666750 1863
1666760 1863
1666770 1864
1666780 1864
1666790 1864
1666800 1864
1666810 1864
1666820 1864
1666830 1864
1666840 1866
1666850 1869
1666860 1869
1666870 1870
1666880 1871
1666890 1871
1666900 1874
1666910 1873
1666920 1873
1666930 1874
1666940 1876
1666950 1878
1666960 1878
1666970 1880
1666980 1880
1666990 1880
1667000 1881
1667010 1881
1667020 1881
1667030 1881
1667040 1881
1667050 1881
1667060 1880
1667070 1879
1667080 1879
1667090 1879
1667100 1879
1667110 1879
1667120 1879
1667130 1879
1667140 1879
1667150 1879
1667160 1878
1667170 1877
1667180 1877
1667190 1877
1667200 1876
1667210 1876
1667220 1875
1667230 1874
1667240 1874
1667250 1874
1667260 1873
1667270 1873
1667280 1873
1667290 1873
1667300 1872
1667310 1872
1667320 1872
1667330 1871
1667340 1871
1667350 1869
1667360 1867
1667370 1867
1667380 1867
1667390 1866
1667400 1866
1667410 1865
1667420 1864
1667430 1864
1667440 1862
1667450 1860
1667460 1859
1667470 1859
1667480 1858
1667490 1857
1667500 1857
1667510 1855
1667520 1852
1667530 1852
1667540 1850
1667550 1851
1667560 1851
1667570 1848
1667580 1846
1667590 1846
1667600 1843
1667610 1841
1667620 1841
1667630 1839
1667640 1835
1667650 1833
1667660 1833
1667670 1830
1667680 1825
1667690 1825
1667700 1822
1667710 1819
1667720 1819
1667730 1814
1667740 1809
1667750 1809
1667760 1805
1667770 1799
1667780 1799
1667790 1799
1667800 1802
1667810 1805
1667820 1805
1667830 1808
1667840 1810
1667850 1810
1667860 1810
1667870 1810
1667880 1810
1667890 1815
1667900 1817
1667910 1817
1667920 1816
1667930 1814
1667940 1814
1667950 1816
1667960 1820
1667970 1820
1667980 1821
1667990 1820
1668000 1822
1668010 1822
1668020 1823
1668030 1825
1668040 1825
1668050 1827
1668060 1830
1668070 1830
1668080 1833
1668090 1838
1668100 1838
1668110 1837
1668120 1837
1668130 1837
1668140 1834
1668150 1831
1668160 1829
1668170 1829
1668180 1827
1668190 1825
1668200 1825
1668210 1823
1668220 1822
1668230 1822
1668240 1820
1668250 1821
1668260 1821
1668270 1819
1668280 1818
1668290 1818
1668300 1817
1668310 1816
1668320 1815
1668330 1815
1668340 1812
1668350 1809
1668360 1809
1668370 1808
1668380 1806
1668390 1806
1668400 1802
1668410 1800
1668420 1800
1668430 1798
1668440 1796
1668450 1796
1668460 1814
1668470 1825
1668480 1825
1668490 1834
1668500 1842
1668510 1830
1668520 1830
1668530 1813
1668540 1785
1668550 1785
1668560 1784
1668570 1783
1668580 1783
1668590 1783
1668600 1780
1668610 1778
1668620 1778
1668630 1770
1668640 1766
1668650 1766
1668660 1766
1668670 1767
1668680 1771
1668690 1771
1668700 1779
1668710 1783
1668720 1783
1668730 1788
1668740 1793
1668750 1793
1668760 1797
1668770 1801
1668780 1801
1668790 1804
1668800 1807
1668810 1807
1668820 1810
1668830 1812
1668840 1815
1668850 1815
1668860 1817
1668870 1820
1668880 1820
1668890 1823
1668900 1826
1668910 1826
1668920 1830
1668930 1833
1668940 1833
1668950 1838
1668960 1843
1668970 1843
1668980 1847
1668990 1851
1669000 1851
1669010 1855
1669020 1859
1669030 1864
1669040 1864
1669050 1870
1669060 1871
1669070 1871
1669080 1872
1669090 1874
1669100 1874
1669110 1875
1669120 1876
1669130 1876
1669140 1877
1669150 1878
1669160 1878
1669170 1878
1669180 1879
1669190 1879
1669200 1879
1669210 1879
1669220 1879
1669230 1879
1669240 1878
1669250 1876
1669260 1876
1669270 1875
1669280 1872
1669290 1872
1669300 1870
1669310 1868
1669320 1868
1669330 1866
1669340 1864
1669350 1864
1669360 1862
1669370 1859
1669380 1857
1669390 1857
1669400 1854
1669410 1852
1669420 1852
1669430 1849
1669440 1847
1669450 1847
1669460 1845
1669470 1844
1669480 1844
1669490 1842
1669500 1840
1669510 1840
1669520 1838
1669530 1836
1669540 1834
1669550 1834
1669560 1832
1669570 1831
1669580 1831
1669590 1828
1669600 1826
1669610 1826
1669620 1824
1669630 1822
1669640 1821
1669650 1819
1669660 1816
1669670 1816
1669680 1814
1669690 1812
1669700 1810
1669710 1810
1669720 1807
1669730 1805
1669740 1805
1669750 1803
1669760 1800
1669770 1800
1669780 1798
1669790 1796
1669800 1796
1669810 1794
1669820 1792
1669830 1792
1669840 1790
1669850 1787
1669860 1787
1669870 1785
1669880 1783
1669890 1780
1669900 1780
1669910 1778
1669920 1775
1669930 1775
1669940 1771
1669950 1769
1669960 1769
1669970 1766
1669980 1764
1669990 1764
1670000 1762
1670010 1760
1670020 1760
1670030 1757
1670040 1755
1670050 1752
1670060 1752
1670070 1750
1670080 1747
1670090 1747
1670100 1745
1670110 1743
1670120 1743
1670130 1741
1670140 1738
1670150 1738
1670160 1735
1670170 1733
1670180 1733
1670190 1731
1670200 1728
1670210 1728
1670220 1725
1670230 1722
1670240 1719
1670250 1719
1670260 1717
1670270 1714
1670280 1714
1670290 1712
1670300 1711
1670310 1711
1670320 1707
1670330 1699
1670340 1699
1670350 1699
1670360 1704
1670370 1704
1670380 1706
1670390 1698
1670400 1698
1670410 1698
1670420 1698
1670430 1701
1670440 1701
1670450 1701
1670460 1699
1670470 1699
1670480 1699
1670490 1699
1670500 1699
1670510 1698
1670520 1694
1670530 1694
1670540 1693
1670550 1695
1670560 1695
1670570 1695
1670580 1695
1670590 1697
1670600 1697
1670610 1694
1670620 1694
1670630 1694
1670640 1695
1670650 1695
1670660 1695
1670670 1695
1670680 1695
1670690 1695
1670700 1695
1670710 1696
1670720 1696
1670730 1696
1670740 1695
1670750 1695
1670760 1695
1670770 1694
1670780 1693
1670790 1693
1670800 1692
1670810 1691
1670820 1691
1670830 1691
1670840 1690
1670850 1690
1670860 1690
1670870 1688
1670880 1688
1670890 1687
1670900 1686
1670910 1683
1670920 1683
1670930 1681
1670940 1680
1670950 1680
1670960 1681
1670970 1681
1670980 1681
1670990 1681
1671000 1680
1671010 1682
1671020 1682
1671030 1681
1671040 1681
1671050 1682
1671060 1682
1671070 1682
1671080 1682
1671090 1681
1671100 1681
1671110 1681
1671120 1681
1671130 1683
1671140 1683
1671150 1684
1671160 1684
1671170 1684
1671180 1688
1671190 1684
1671200 1684
1671210 1684
1671220 1685
1671230 1685
1671240 1686
1671250 1687
1671260 1687
1671270 1687
1671280 1688
1671290 1689
1671300 1689
1671310 1689
1671320 1694
1671330 1694
1671340 1699
1671350 1693
1671360 1693
1671370 1694
1671380 1695
1671390 1695
1671400 1697
1671410 1698
1671420 1698
1671430 1698
1671440 1699
1671450 1702
1671460 1702
1671470 1701
1671480 1703
1671490 1703
1671500 1711
1671510 1709
1671520 1709
1671530 1709
1671540 1716
1671550 1716
1671560 1727
1671570 1733
1671580 1733
1671590 1723
1671600 1727
1671610 1727
1671620 1727
1671630 1724
1671640 1733
1671650 1733
1671660 1719
1671670 1732
1671680 1732
1671690 1729
1671700 1722
1671710 1722
1671720 1724
1671730 1729
1671740 1729
1671750 1728
1671760 1729
1671770 1743
1671780 1743
1671790 1740
1671800 1741
1671810 1741
1671820 1741
1671830 1743
1671840 1743
1671850 1743
1671860 1740
1671870 1740
1671880 1733
1671890 1729
1671900 1729
1671910 1731
1671920 1732
1671930 1729
1671940 1729
1671950 1728
1671960 1727
1671970 1727
1671980 1726
1671990 1723
1672000 1723
1672010 1721
1672020 1719
1672030 1719
1672040 1717
1672050 1715
1672060 1715
1672070 1713
1672080 1709
1672090 1709
1672100 1706
1672110 1703
1672120 1702
1672130 1702
1672140 1701
1672150 1700
1672160 1700
1672170 1701
1672180 1699
1672190 1699
1672200 1697
1672210 1693
1672220 1693
1672230 1690
1672240 1687
1672250 1687
1672260 1683
1672270 1681
1672280 1685
1672290 1685
1672300 1675
1672310 1671
1672320 1671
1672330 1668
1672340 1666
1672350 1666
1672360 1666
1672370 1668
1672380 1673
1672390 1680
1672400 1677
1672410 1677
1672420 1670
1672430 1670
1672440 1670
1672450 1680
1672460 1679
