1666500 2065
1666510 2065
1666520 2064
1666530 2058
1666540 2058
1666550 2056
1666560 2055
1666570 2055
1666580 2053
1666590 2051
1666600 2051
1666610 2051
1666620 2049
1666630 2048
1666640 2048
1666650 2047
1666660 2045
1666670 2045
1666680 2044
1666690 2043
1666700 2043
1666710 2042
1666720 2040
1666730 2040
1666740 2038
1666750 2036
1666760 2035
1666770 2035
1666780 2034
1666790 2032
1666800 2032
1666810 2030
1666820 2029
1666830 2029
1666840 2027
1666850 2025
1666860 2025
1666870 2023
1666880 2021
1666890 2021
1666900 2019
1666910 2018
1666920 2018
1666930 2015
1666940 2013
1666950 2010
1666960 2010
1666970 2008
1666980 2007
1666990 2007
1667000 2006
1667010 2003
1667020 2003
1667030 2001
1667040 1999
1667050 1999
1667060 1997
1667070 1994
1667080 1994
1667090 1992
1667100 1991
1667110 1989
1667120 1989
1667130 1988
1667140 1987
1667150 1987
1667160 1986
1667170 1985
1667180 1985
1667190 1983
1667200 1981
1667210 1981
1667220 1979
1667230 1977
1667240 1977
1667250 1977
1667260 1977
1667270 1977
1667280 1976
1667290 1975
1667300 1974
1667310 1974
1667320 1973
1667330 1972
1667340 1972
1667350 1970
1667360 1969
1667370 1969
1667380 1967
1667390 1965
1667400 1965
1667410 1963
1667420 1962
1667430 1962
1667440 1962
1667450 1963
1667460 1963
1667470 1963
1667480 1962
1667490 1961
1667500 1961
1667510 1961
1667520 1961
1667530 1961
1667540 1960
1667550 1960
1667560 1960
1667570 1960
1667580 1961
1667590 1961
1667600 1961
1667610 1961
1667620 1961
1667630 1961
1667640 1961
1667650 1961
1667660 1961
1667670 1961
1667680 1961
1667690 1961
1667700 1961
1667710 1961
1667720 1961
1667730 1961
1667740 1960
1667750 1960
1667760 1959
1667770 1959
1667780 1959
1667790 1958
1667800 1957
1667810 1957
1667820 1957
1667830 1956
1667840 1956
1667850 1956
1667860 1955
1667870 1954
1667880 1954
1667890 1954
1667900 1953
1667910 1953
1667920 1953
1667930 1952
1667940 1952
1667950 1952
1667960 1951
1667970 1951
1667980 1951
1667990 1950
1668000 1949
1668010 1949
1668020 1948
1668030 1948
1668040 1948
1668050 1947
1668060 1946
1668070 1946
1668080 1945
1668090 1944
1668100 1944
1668110 1943
1668120 1942
1668130 1942
1668140 1941
1668150 1940
1668160 1939
1668170 1939
1668180 1939
1668190 1938
1668200 1938
1668210 1937
1668220 1936
1668230 1936
1668240 1935
1668250 1934
1668260 1934
1668270 1933
1668280 1932
1668290 1932
1668300 1931
1668310 1930
1668320 1930
1668330 1929
1668340 1929
1668350 1928
1668360 1928
1668370 1927
1668380 1925
1668390 1925
1668400 1925
1668410 1922
1668420 1922
1668430 1922
1668440 1919
1668450 1919
1668460 1919
1668470 1919
1668480 1919
1668490 1919
1668500 1920
1668510 1919
1668520 1919
1668530 1919
1668540 1918
1668550 1918
1668560 1919
1668570 1919
1668580 1919
1668590 1919
1668600 1918
1668610 1918
1668620 1917
1668630 1916
1668640 1916
1668650 1916
1668660 1915
1668670 1915
1668680 1915
1668690 1914
1668700 1914
1668710 1914
1668720 1914
1668730 1913
1668740 1913
1668750 1913
1668760 1914
1668770 1914
1668780 1914
1668790 1914
1668800 1914
1668810 1914
1668820 1914
1668830 1914
1668840 1914
1668850 1914
1668860 1915
1668870 1915
1668880 1915
1668890 1917
1668900 1917
1668910 1919
1668920 1922
1668930 1922
1668940 1923
1668950 1927
1668960 1927
1668970 1926
1668980 1928
1668990 1928
1669000 1930
1669010 1930
1669020 1930
1669030 1931
1669040 1930
1669050 1929
1669060 1929
1669070 1929
1669080 1928
1669090 1928
1669100 1927
1669110 1927
1669120 1927
1669130 1926
1669140 1926
1669150 1926
1669160 1925
1669170 1924
1669180 1924
1669190 1924
1669200 1924
1669210 1923
1669220 1923
1669230 1924
1669240 1926
1669250 1926
1669260 1927
1669270 1927
1669280 1927
1669290 1928
1669300 1929
1669310 1929
1669320 1930
1669330 1931
1669340 1931
1669350 1932
1669360 1933
1669370 1933
1669380 1934
1669390 1935
1669400 1936
1669410 1936
1669420 1938
1669430 1939
1669440 1939
1669450 1940
1669460 1941
1669470 1941
1669480 1941
1669490 1941
1669500 1941
1669510 1941
1669520 1941
1669530 1941
1669540 1940
1669550 1939
1669560 1938
1669570 1938
1669580 1937
1669590 1936
1669600 1936
1669610 1935
1669620 1933
1669630 1933
1669640 1931
1669650 1930
1669660 1930
1669670 1928
1669680 1927
1669690 1927
1669700 1926
1669710 1924
1669720 1924
1669730 1921
1669740 1918
1669750 1916
1669760 1916
1669770 1914
1669780 1913
1669790 1913
1669800 1911
1669810 1909
1669820 1909
1669830 1907
1669840 1905
1669850 1905
1669860 1903
1669870 1901
1669880 1901
1669890 1899
1669900 1897
1669910 1895
1669920 1895
1669930 1893
1669940 1891
1669950 1891
1669960 1889
1669970 1887
1669980 1887
1669990 1886
1670000 1884
1670010 1884
1670020 1883
1670030 1881
1670040 1881
1670050 1879
1670060 1877
1670070 1875
1670080 1875
1670090 1873
1670100 1872
1670110 1872
1670120 1870
1670130 1869
1670140 1869
1670150 1868
1670160 1866
1670170 1866
1670180 1865
1670190 1863
1670200 1863
1670210 1861
1670220 1860
1670230 1860
1670240 1858
1670250 1856
1670260 1855
1670270 1855
1670280 1853
1670290 1851
1670300 1851
1670310 1849
1670320 1847
1670330 1847
1670340 1846
1670350 1844
1670360 1844
1670370 1843
1670380 1841
1670390 1841
1670400 1839
1670410 1837
1670420 1835
1670430 1835
1670440 1832
1670450 1831
1670460 1831
1670470 1829
1670480 1827
1670490 1827
1670500 1824
1670510 1822
1670520 1822
1670530 1819
1670540 1816
1670550 1816
1670560 1813
1670570 1808
1670580 1808
1670590 1804
1670600 1802
1670610 1800
1670620 1800
1670630 1798
1670640 1796
1670650 1796
1670660 1794
1670670 1793
1670680 1793
1670690 1791
1670700 1789
1670710 1789
1670720 1787
1670730 1785
1670740 1785
1670750 1783
1670760 1781
1670770 1777
1670780 1777
1670790 1775
1670800 1773
1670810 1773
1670820 1770
1670830 1768
1670840 1768
1670850 1764
1670860 1760
1670870 1760
1670880 1758
1670890 1756
1670900 1756
1670910 1754
1670920 1751
1670930 1751
1670940 1749
1670950 1748
1670960 1746
1670970 1746
1670980 1743
1670990 1741
1671000 1741
1671010 1740
1671020 1740
1671030 1740
1671040 1741
1671050 1742
1671060 1742
1671070 1740
1671080 1740
1671090 1740
1671100 1740
1671110 1739
1671120 1739
1671130 1739
1671140 1739
1671150 1739
1671160 1739
1671170 1739
1671180 1738
1671190 1738
1671200 1738
1671210 1737
1671220 1737
1671230 1737
1671240 1737
1671250 1737
1671260 1736
1671270 1737
1671280 1737
1671290 1737
1671300 1736
1671310 1736
1671320 1736
1671330 1736
1671340 1735
1671350 1735
1671360 1735
1671370 1734
1671380 1734
1671390 1734
1671400 1734
1671410 1734
1671420 1733
1671430 1732
1671440 1732
1671450 1732
1671460 1732
1671470 1731
1671480 1731
1671490 1730
1671500 1730
1671510 1730
1671520 1730
1671530 1729
1671540 1729
1671550 1728
1671560 1728
1671570 1728
1671580 1727
1671590 1726
1671600 1726
1671610 1725
1671620 1725
1671630 1725
1671640 1725
1671650 1724
1671660 1724
1671670 1724
1671680 1723
1671690 1723
1671700 1723
1671710 1722
1671720 1721
1671730 1721
1671740 1720
1671750 1720
1671760 1720
1671770 1719
1671780 1719
1671790 1719
1671800 1718
1671810 1718
1671820 1717
1671830 1717
1671840 1717
1671850 1716
1671860 1716
1671870 1715
1671880 1715
1671890 1715
1671900 1715
1671910 1715
1671920 1715
1671930 1714
1671940 1713
1671950 1713
1671960 1712
1671970 1711
1671980 1711
1671990 1712
1672000 1711
1672010 1711
1672020 1711
1672030 1711
1672040 1710
1672050 1710
1672060 1710
1672070 1709
1672080 1709
1672090 1709
1672100 1709
1672110 1709
1672120 1708
1672130 1709
1672140 1709
1672150 1709
1672160 1709
1672170 1710
1672180 1710
1672190 1711
1672200 1711
1672210 1711
1672220 1711
1672230 1712
1672240 1712
1672250 1712
1672260 1712
1672270 1712
1672280 1712
1672290 1713
1672300 1713
1672310 1713
1672320 1715
1672330 1715
1672340 1716
1672350 1716
1672360 1718
1672370 1718
1672380 1719
1672390 1720
1672400 1720
1672410 1720
1672420 1722
1672430 1722
1672440 1724
1672450 1726
1672460 1726
1672470 1726
1672480 1727
1672490 1727
1672500 1729
1672510 1731
1672520 1733
1672530 1733
1672540 1736
1672550 1739
1672560 1739
1672570 1741
1672580 1743
1672590 1743
1672600 1746
1672610 1747
1672620 1747
1672630 1750
1672640 1752
1672650 1752
1672660 1753
1672670 1756
1672680 1756
1672690 1759
1672700 1761
1672710 1762
1672720 1762
1672730 1763
1672740 1764
1672750 1764
1672760 1766
1672770 1768
1672780 1768
1672790 1770
1672800 1771
1672810 1771
1672820 1772
1672830 1774
1672840 1774
1672850 1775
1672860 1776
1672870 1777
1672880 1777
1672890 1777
1672900 1778
1672910 1778
1672920 1780
1672930 1780
1672940 1780
1672950 1782
1672960 1779
1672970 1779
1672980 1777
1672990 1775
1673000 1775
1673010 1775
1673020 1774
1673030 1774
1673040 1774
1673050 1774
1673060 1773
1673070 1773
1673080 1773
1673090 1774
1673100 1774
1673110 1774
1673120 1774
1673130 1774
1673140 1773
1673150 1774
1673160 1774
1673170 1775
1673180 1775
1673190 1775
1673200 1776
1673210 1776
1673220 1776
1673230 1776
1673240 1775
1673250 1774
1673260 1774
1673270 1774
1673280 1773
1673290 1773
1673300 1772
1673310 1771
1673320 1771
1673330 1770
1673340 1769
1673350 1769
1673360 1769
1673370 1768
1673380 1768
1673390 1768
1673400 1768
1673410 1767
1673420 1767
1673430 1767
1673440 1767
1673450 1767
1673460 1767
1673470 1767
1673480 1767
1673490 1766
1673500 1766
1673510 1766
1673520 1764
1673530 1762
1673540 1762
1673550 1761
1673560 1758
1673570 1756
1673580 1756
1673590 1754
1673600 1752
1673610 1752
1673620 1750
1673630 1748
1673640 1748
1673650 1745
1673660 1742
1673670 1742
1673680 1739
1673690 1737
1673700 1737
1673710 1734
1673720 1732
1673730 1732
1673740 1729
1673750 1727
1673760 1724
1673770 1724
1673780 1722
1673790 1720
1673800 1720
1673810 1717
1673820 1714
1673830 1714
1673840 1712
1673850 1709
1673860 1709
1673870 1706
1673880 1703
1673890 1703
1673900 1700
1673910 1697
1673920 1694
1673930 1694
1673940 1691
1673950 1687
1673960 1687
1673970 1684
1673980 1681
1673990 1681
1674000 1679
1674010 1676
1674020 1676
1674030 1673
1674040 1670
1674050 1670
1674060 1668
1674070 1665
1674080 1665
1674090 1663
1674100 1660
1674110 1656
1674120 1656
1674130 1652
1674140 1650
1674150 1650
1674160 1648
1674170 1645
1674180 1645
1674190 1642
1674200 1639
1674210 1639
1674220 1638
1674230 1635
1674240 1635
1674250 1632
1674260 1630
1674270 1627
1674280 1627
1674290 1624
1674300 1621
1674310 1621
1674320 1618
1674330 1616
1674340 1616
1674350 1613
1674360 1609
1674370 1609
1674380 1604
1674390 1599
1674400 1599
1674410 1594
1674420 1590
1674430 1590
1674440 1587
1674450 1582
1674460 1578
1674470 1578
1674480 1574
1674490 1571
1674500 1571
1674510 1571
1674520 1568
1674530 1568
1674540 1565
1674550 1564
1674560 1564
1674570 1562
1674580 1560
1674590 1560
1674600 1558
1674610 1557
1674620 1555
1674630 1555
1674640 1553
1674650 1550
1674660 1550
1674670 1547
1674680 1545
1674690 1545
1674700 1542
1674710 1539
1674720 1539
1674730 1537
1674740 1535
1674750 1535
1674760 1533
1674770 1531
1674780 1531
1674790 1528
1674800 1527
1674810 1527
1674820 1527
1674830 1525
1674840 1524
1674850 1524
1674860 1523
1674870 1523
1674880 1523
1674890 1522
1674900 1521
1674910 1521
1674920 1519
1674930 1517
1674940 1517
1674950 1515
1674960 1513
1674970 1512
1674980 1512
1674990 1509
1675000 1507
1675010 1507
1675020 1505
1675030 1502
1675040 1502
1675050 1499
1675060 1497
1675070 1497
1675080 1495
1675090 1493
1675100 1493
1675110 1490
1675120 1488
1675130 1488
1675140 1487
1675150 1486
1675160 1485
1675170 1485
1675180 1483
1675190 1481
1675200 1481
1675210 1479
1675220 1477
1675230 1477
1675240 1473
1675250 1470
1675260 1470
1675270 1468
1675280 1464
1675290 1464
1675300 1462
1675310 1459
1675320 1456
1675330 1456
1675340 1453
1675350 1451
1675360 1451
1675370 1448
1675380 1445
1675390 1445
1675400 1443
1675410 1441
1675420 1441
1675430 1438
1675440 1434
1675450 1434
1675460 1432
1675470 1429
1675480 1429
1675490 1427
1675500 1424
1675510 1421
1675520 1421
1675530 1420
1675540 1415
1675550 1415
1675560 1411
1675570 1407
1675580 1407
1675590 1404
1675600 1401
1675610 1401
1675620 1398
1675630 1394
1675640 1394
1675650 1392
1675660 1386
1675670 1382
1675680 1382
1675690 1378
1675700 1375
1675710 1375
1675720 1371
1675730 1371
1675740 1371
1675750 1372
1675760 1373
1675770 1373
1675780 1374
1675790 1375
1675800 1375
1675810 1376
1675820 1379
1675830 1379
1675840 1381
1675850 1380
1675860 1381
1675870 1381
1675880 1382
1675890 1381
1675900 1381
1675910 1382
1675920 1380
1675930 1380
1675940 1380
1675950 1381
1675960 1381
1675970 1381
1675980 1382
1675990 1382
1676000 1382
1676010 1380
1676020 1379
1676030 1379
1676040 1379
1676050 1379
1676060 1379
1676070 1378
1676080 1376
1676090 1376
1676100 1373
1676110 1371
1676120 1371
1676130 1368
1676140 1364
1676150 1364
1676160 1360
1676170 1357
1676180 1357
1676190 1353
1676200 1349
1676210 1343
1676220 1343
1676230 1339
1676240 1333
1676250 1333
1676260 1328
1676270 1321
1676280 1321
1676290 1313
1676300 1310
1676310 1310
1676320 1313
1676330 1316
1676340 1316
1676350 1318
1676360 1322
1676370 1329
1676380 1329
1676390 1334
1676400 1342
1676410 1342
1676420 1342
1676430 1340
1676440 1340
1676450 1336
1676460 1331
1676470 1331
1676480 1331
1676490 1329
1676500 1329
1676510 1328
1676520 1326
1676530 1326
1676540 1324
1676550 1323
1676560 1322
1676570 1322
1676580 1322
1676590 1323
1676600 1323
1676610 1323
1676620 1324
1676630 1324
1676640 1323
1676650 1324
1676660 1324
1676670 1323
1676680 1324
1676690 1324
1676700 1323
1676710 1322
1676720 1320
1676730 1320
1676740 1318
1676750 1316
1676760 1316
1676770 1314
1676780 1313
1676790 1313
1676800 1312
1676810 1311
1676820 1311
1676830 1309
1676840 1307
1676850 1307
1676860 1305
1676870 1303
1676880 1302
1676890 1302
1676900 1299
1676910 1296
1676920 1296
1676930 1293
1676940 1290
1676950 1290
1676960 1288
1676970 1288
1676980 1288
1676990 1287
1677000 1288
1677010 1288
1677020 1288
1677030 1289
1677040 1289
1677050 1289
1677060 1290
1677070 1290
1677080 1290
1677090 1289
1677100 1289
1677110 1289
1677120 1287
1677130 1284
1677140 1284
1677150 1277
1677160 1275
1677170 1275
1677180 1279
1677190 1282
1677200 1282
1677210 1286
1677220 1291
1677230 1296
1677240 1296
1677250 1300
1677260 1304
1677270 1304
1677280 1308
1677290 1310
1677300 1310
1677310 1313
1677320 1315
1677330 1315
1677340 1317
1677350 1319
1677360 1319
1677370 1322
1677380 1324
1677390 1324
1677400 1325
1677410 1327
1677420 1329
1677430 1329
1677440 1331
1677450 1332
1677460 1332
1677470 1333
1677480 1334
1677490 1334
1677500 1336
1677510 1336
1677520 1336
1677530 1338
1677540 1339
1677550 1339
1677560 1340
1677570 1341
1677580 1341
1677590 1341
1677600 1342
1677610 1342
1677620 1342
1677630 1341
1677640 1341
1677650 1341
1677660 1341
1677670 1341
1677680 1341
1677690 1341
1677700 1341
1677710 1341
1677720 1341
1677730 1340
1677740 1340
1677750 1339
1677760 1338
1677770 1339
1677780 1339
1677790 1339
1677800 1339
1677810 1339
1677820 1340
1677830 1341
1677840 1341
1677850 1343
1677860 1344
1677870 1344
1677880 1345
1677890 1347
1677900 1347
1677910 1349
1677920 1351
1677930 1353
1677940 1353
1677950 1354
1677960 1353
1677970 1353
1677980 1355
1677990 1357
1678000 1357
1678010 1359
1678020 1360
1678030 1360
1678040 1362
1678050 1363
1678060 1363
1678070 1364
1678080 1367
1678090 1367
1678100 1372
1678110 1376
1678120 1381
1678130 1381
1678140 1385
1678150 1388
1678160 1388
1678170 1390
1678180 1386
1678190 1386
1678200 1382
1678210 1380
1678220 1380
1678230 1378
1678240 1377
1678250 1377
1678260 1375
1678270 1374
1678280 1374
1678290 1374
1678300 1374
1678310 1373
1678320 1373
1678330 1373
1678340 1373
1678350 1373
1678360 1374
1678370 1373
1678380 1373
1678390 1373
1678400 1373
1678410 1373
1678420 1373
1678430 1373
1678440 1373
1678450 1373
1678460 1372
1678470 1372
1678480 1372
1678490 1371
1678500 1371
1678510 1371
1678520 1370
1678530 1370
1678540 1370
1678550 1369
1678560 1369
1678570 1369
1678580 1368
1678590 1367
1678600 1367
1678610 1366
1678620 1364
1678630 1363
1678640 1363
1678650 1361
1678660 1361
1678670 1361
1678680 1359
1678690 1358
1678700 1358
1678710 1358
1678720 1357
1678730 1357
1678740 1355
1678750 1354
1678760 1354
1678770 1354
1678780 1353
1678790 1353
1678800 1351
1678810 1350
1678820 1348
1678830 1348
1678840 1346
1678850 1344
1678860 1344
1678870 1342
1678880 1340
1678890 1340
1678900 1338
1678910 1336
1678920 1336
1678930 1334
1678940 1333
1678950 1333
1678960 1332
1678970 1331
1678980 1329
1678990 1329
1679000 1328
1679010 1326
1679020 1326
1679030 1324
1679040 1322
1679050 1322
1679060 1320
1679070 1315
1679080 1315
1679090 1313
1679100 1310
1679110 1310
1679120 1309
1679130 1308
1679140 1308
1679150 1307
1679160 1305
1679170 1303
1679180 1303
1679190 1301
1679200 1300
1679210 1300
1679220 1299
1679230 1299
1679240 1299
1679250 1301
1679260 1302
1679270 1302
1679280 1303
1679290 1305
1679300 1305
1679310 1306
1679320 1308
1679330 1310
1679340 1310
1679350 1311
1679360 1312
1679370 1312
1679380 1312
1679390 1313
1679400 1313
1679410 1315
1679420 1316
1679430 1316
1679440 1317
1679450 1317
1679460 1317
1679470 1317
1679480 1317
1679490 1317
1679500 1317
1679510 1318
1679520 1318
1679530 1318
1679540 1317
1679550 1317
1679560 1317
1679570 1318
1679580 1318
1679590 1318
1679600 1319
1679610 1320
1679620 1320
1679630 1322
1679640 1322
1679650 1322
1679660 1321
1679670 1319
1679680 1317
1679690 1317
1679700 1316
1679710 1315
1679720 1315
1679730 1315
1679740 1315
1679750 1315
1679760 1315
1679770 1316
1679780 1316
1679790 1316
1679800 1317
1679810 1317
1679820 1317
1679830 1318
1679840 1318
1679850 1318
1679860 1317
1679870 1317
1679880 1317
1679890 1316
1679900 1315
1679910 1315
1679920 1314
1679930 1314
1679940 1314
1679950 1314
1679960 1313
1679970 1313
1679980 1313
1679990 1313
