1666490 2054
1666500 2056
1666510 2056
1666520 2058
1666530 2060
1666540 2060
1666550 2062
1666560 2065
1666570 2067
1666580 2067
1666590 2069
1666600 2071
1666610 2071
1666620 2072
1666630 2074
1666640 2074
1666650 2076
1666660 2078
1666670 2078
1666680 2080
1666690 2082
1666700 2082
1666710 2083
1666720 2086
1666730 2086
1666740 2088
1666750 2090
1666760 2093
1666770 2093
1666780 2094
1666790 2096
1666800 2096
1666810 2098
1666820 2100
1666830 2100
1666840 2101
1666850 2104
1666860 2104
1666870 2106
1666880 2108
1666890 2108
1666900 2110
1666910 2112
1666920 2114
1666930 2114
1666940 2115
1666950 2117
1666960 2117
1666970 2118
1666980 2121
1666990 2121
1667000 2122
1667010 2123
1667020 2123
1667030 2123
1667040 2124
1667050 2124
1667060 2122
1667070 2121
1667080 2121
1667090 2117
1667100 2114
1667110 2111
1667120 2111
1667130 2108
1667140 2104
1667150 2104
1667160 2102
1667170 2097
1667180 2097
1667190 2088
1667200 2079
1667210 2079
1667220 2074
1667230 2068
1667240 2068
1667250 2064
1667260 2057
1667270 2053
1667280 2053
1667290 2049
1667300 2044
1667310 2044
1667320 2041
1667330 2036
1667340 2036
1667350 2034
1667360 2031
1667370 2031
1667380 2026
1667390 2018
1667400 2018
1667410 2014
1667420 2009
1667430 2009
1667440 2007
1667450 2004
1667460 1997
1667470 1997
1667480 1981
1667490 1978
1667500 1978
1667510 1978
1667520 1974
1667530 1974
1667540 1969
1667550 1968
1667560 1968
1667570 1966
1667580 1964
1667590 1964
1667600 1962
1667610 1960
1667620 1958
1667630 1958
1667640 1956
1667650 1951
1667660 1951
1667670 1946
1667680 1941
1667690 1941
1667700 1937
1667710 1934
1667720 1934
1667730 1932
1667740 1928
1667750 1928
1667760 1921
1667770 1917
1667780 1917
1667790 1911
1667800 1907
1667810 1893
1667820 1893
1667830 1882
1667840 1874
1667850 1874
1667860 1873
1667870 1873
1667880 1873
1667890 1870
1667900 1872
1667910 1872
1667920 1873
1667930 1871
1667940 1871
1667950 1869
1667960 1869
1667970 1869
1667980 1869
1667990 1865
1668000 1862
1668010 1862
1668020 1859
1668030 1851
1668040 1851
1668050 1844
1668060 1838
1668070 1838
1668080 1832
1668090 1827
1668100 1827
1668110 1820
1668120 1816
1668130 1816
1668140 1815
1668150 1814
1668160 1815
1668170 1815
1668180 1815
1668190 1815
1668200 1815
1668210 1815
1668220 1817
1668230 1817
1668240 1818
1668250 1820
1668260 1820
1668270 1822
1668280 1824
1668290 1824
1668300 1825
1668310 1827
1668320 1829
1668330 1829
1668340 1835
1668350 1841
1668360 1841
1668370 1846
1668380 1851
1668390 1851
1668400 1862
1668410 1866
1668420 1866
1668430 1869
1668440 1874
1668450 1874
1668460 1877
1668470 1878
1668480 1878
1668490 1879
1668500 1879
1668510 1879
1668520 1879
1668530 1880
1668540 1881
1668550 1881
1668560 1883
1668570 1884
1668580 1884
1668590 1884
1668600 1885
1668610 1885
1668620 1885
1668630 1885
1668640 1885
1668650 1885
1668660 1883
1668670 1875
1668680 1875
1668690 1866
1668700 1862
1668710 1862
1668720 1854
1668730 1848
1668740 1848
1668750 1840
1668760 1836
1668770 1836
1668780 1831
1668790 1819
1668800 1819
1668810 1814
1668820 1809
1668830 1809
1668840 1804
1668850 1799
1668860 1796
1668870 1796
1668880 1791
1668890 1787
1668900 1787
1668910 1783
1668920 1781
1668930 1781
1668940 1779
1668950 1781
1668960 1781
1668970 1782
1668980 1781
1668990 1781
1669000 1780
1669010 1779
1669020 1779
1669030 1779
1669040 1777
1669050 1776
1669060 1776
1669070 1776
1669080 1779
1669090 1779
1669100 1782
1669110 1784
1669120 1784
1669130 1788
1669140 1792
1669150 1792
1669160 1799
1669170 1806
1669180 1806
1669190 1816
1669200 1823
1669210 1828
1669220 1828
1669230 1831
1669240 1834
1669250 1834
1669260 1840
1669270 1846
1669280 1846
1669290 1852
1669300 1857
1669310 1857
1669320 1861
1669330 1865
1669340 1865
1669350 1869
1669360 1873
1669370 1877
1669380 1877
1669390 1881
1669400 1885
1669410 1885
1669420 1888
1669430 1890
1669440 1890
1669450 1893
1669460 1896
1669470 1896
1669480 1899
1669490 1900
1669500 1900
1669510 1900
1669520 1901
1669530 1901
1669540 1901
1669550 1902
1669560 1902
1669570 1902
1669580 1902
1669590 1902
1669600 1902
1669610 1901
1669620 1900
1669630 1900
1669640 1900
1669650 1899
1669660 1899
1669670 1898
1669680 1897
1669690 1897
1669700 1897
1669710 1895
1669720 1894
1669730 1894
1669740 1893
1669750 1891
1669760 1891
1669770 1889
1669780 1888
1669790 1888
1669800 1886
1669810 1884
1669820 1884
1669830 1882
1669840 1879
1669850 1879
1669860 1877
1669870 1875
1669880 1875
1669890 1873
1669900 1870
1669910 1868
1669920 1868
1669930 1866
1669940 1863
1669950 1863
1669960 1861
1669970 1859
1669980 1859
1669990 1856
1670000 1853
1670010 1853
1670020 1851
1670030 1848
1670040 1848
1670050 1846
1670060 1843
1670070 1843
1670080 1841
1670090 1839
1670100 1836
1670110 1836
1670120 1832
1670130 1830
1670140 1830
1670150 1827
1670160 1825
1670170 1825
1670180 1822
1670190 1819
1670200 1819
1670210 1816
1670220 1813
1670230 1813
1670240 1810
1670250 1807
1670260 1805
1670270 1805
1670280 1802
1670290 1799
1670300 1799
1670310 1797
1670320 1794
1670330 1794
1670340 1793
1670350 1791
1670360 1791
1670370 1788
1670380 1787
1670390 1787
1670400 1785
1670410 1783
1670420 1783
1670430 1781
1670440 1779
1670450 1776
1670460 1776
1670470 1774
1670480 1770
1670490 1770
1670500 1769
1670510 1767
1670520 1767
1670530 1765
1670540 1763
1670550 1763
1670560 1761
1670570 1759
1670580 1759
1670590 1757
1670600 1755
1670610 1753
1670620 1753
1670630 1753
1670640 1751
1670650 1751
1670660 1749
1670670 1749
1670680 1749
1670690 1746
1670700 1745
1670710 1745
1670720 1744
1670730 1743
1670740 1743
1670750 1742
1670760 1739
1670770 1739
1670780 1739
1670790 1739
1670800 1738
1670810 1738
1670820 1737
1670830 1737
1670840 1737
1670850 1737
1670860 1736
1670870 1736
1670880 1736
1670890 1736
1670900 1736
1670910 1735
1670920 1735
1670930 1735
1670940 1734
1670950 1733
1670960 1732
1670970 1732
1670980 1731
1670990 1730
1671000 1730
1671010 1730
1671020 1729
1671030 1729
1671040 1728
1671050 1727
1671060 1727
1671070 1726
1671080 1726
1671090 1726
1671100 1725
1671110 1724
1671120 1724
1671130 1723
1671140 1722
1671150 1720
1671160 1720
1671170 1718
1671180 1716
1671190 1716
1671200 1715
1671210 1714
1671220 1714
1671230 1713
1671240 1711
1671250 1711
1671260 1710
1671270 1709
1671280 1709
1671290 1707
1671300 1705
1671310 1703
1671320 1703
1671330 1701
1671340 1701
1671350 1701
1671360 1700
1671370 1700
1671380 1700
1671390 1698
1671400 1697
1671410 1697
1671420 1695
1671430 1695
1671440 1695
1671450 1694
1671460 1692
1671470 1692
1671480 1692
1671490 1691
1671500 1690
1671510 1690
1671520 1689
1671530 1690
1671540 1690
1671550 1690
1671560 1690
1671570 1690
1671580 1690
1671590 1690
1671600 1690
1671610 1690
1671620 1690
1671630 1690
1671640 1690
1671650 1690
1671660 1689
1671670 1689
1671680 1689
1671690 1689
1671700 1689
1671710 1689
1671720 1689
1671730 1686
1671740 1685
1671750 1685
1671760 1685
1671770 1685
1671780 1685
1671790 1685
1671800 1684
1671810 1683
1671820 1683
1671830 1683
1671840 1683
1671850 1682
1671860 1682
1671870 1682
1671880 1682
1671890 1682
1671900 1682
1671910 1682
1671920 1682
1671930 1682
1671940 1683
1671950 1683
1671960 1683
1671970 1684
1671980 1684
1671990 1684
1672000 1684
1672010 1684
1672020 1684
1672030 1683
1672040 1683
1672050 1683
1672060 1683
1672070 1682
1672080 1682
1672090 1682
1672100 1682
1672110 1682
1672120 1681
1672130 1681
1672140 1681
1672150 1680
1672160 1679
1672170 1679
1672180 1679
1672190 1678
1672200 1677
1672210 1677
1672220 1676
1672230 1674
1672240 1674
1672250 1673
1672260 1672
1672270 1672
1672280 1671
1672290 1670
1672300 1670
1672310 1667
1672320 1665
1672330 1665
1672340 1666
1672350 1666
1672360 1666
1672370 1666
1672380 1665
1672390 1663
1672400 1663
1672410 1663
1672420 1663
1672430 1663
1672440 1662
1672450 1661
1672460 1661
1672470 1661
1672480 1661
1672490 1661
1672500 1661
1672510 1661
1672520 1661
1672530 1660
1672540 1659
1672550 1659
1672560 1659
1672570 1658
1672580 1658
1672590 1658
1672600 1658
1672610 1658
1672620 1658
1672630 1658
1672640 1658
1672650 1658
1672660 1657
1672670 1657
1672680 1657
1672690 1658
1672700 1658
1672710 1657
1672720 1657
1672730 1657
1672740 1657
1672750 1657
1672760 1657
1672770 1657
1672780 1657
1672790 1656
1672800 1655
1672810 1655
1672820 1654
1672830 1653
1672840 1653
1672850 1651
1672860 1649
1672870 1649
1672880 1647
1672890 1645
1672900 1643
1672910 1643
1672920 1641
1672930 1639
1672940 1639
1672950 1637
1672960 1634
1672970 1634
1672980 1632
1672990 1629
1673000 1629
1673010 1627
1673020 1625
1673030 1625
1673040 1622
1673050 1620
1673060 1619
1673070 1619
1673080 1616
1673090 1613
1673100 1613
1673110 1608
1673120 1603
1673130 1603
1673140 1597
1673150 1593
1673160 1593
1673170 1591
1673180 1588
1673190 1588
1673200 1587
1673210 1585
1673220 1585
1673230 1585
1673240 1583
1673250 1583
1673260 1583
1673270 1581
1673280 1580
1673290 1580
1673300 1579
1673310 1578
1673320 1578
1673330 1577
1673340 1576
1673350 1576
1673360 1575
1673370 1574
1673380 1574
1673390 1573
1673400 1572
1673410 1572
1673420 1572
1673430 1571
1673440 1572
1673450 1572
1673460 1573
1673470 1572
1673480 1572
1673490 1572
1673500 1572
1673510 1572
1673520 1573
1673530 1573
1673540 1573
1673550 1574
1673560 1573
1673570 1573
1673580 1572
1673590 1571
1673600 1570
1673610 1570
1673620 1569
1673630 1569
1673640 1569
1673650 1567
1673660 1566
1673670 1566
1673680 1565
1673690 1562
1673700 1562
1673710 1560
1673720 1559
1673730 1559
1673740 1558
1673750 1556
1673760 1551
1673770 1551
1673780 1545
1673790 1539
1673800 1539
1673810 1534
1673820 1530
1673830 1530
1673840 1527
1673850 1523
1673860 1523
1673870 1525
1673880 1526
1673890 1526
1673900 1525
1673910 1528
1673920 1528
1673930 1530
1673940 1534
1673950 1536
1673960 1536
1673970 1538
1673980 1540
1673990 1540
1674000 1542
1674010 1543
1674020 1543
1674030 1544
1674040 1547
1674050 1547
1674060 1549
1674070 1551
1674080 1551
1674090 1553
1674100 1555
1674110 1557
1674120 1557
1674130 1558
1674140 1559
1674150 1559
1674160 1561
1674170 1562
1674180 1562
1674190 1563
1674200 1564
1674210 1564
1674220 1565
1674230 1565
1674240 1565
1674250 1564
1674260 1564
1674270 1564
1674280 1564
1674290 1564
1674300 1563
1674310 1563
1674320 1562
1674330 1561
1674340 1561
1674350 1560
1674360 1560
1674370 1560
1674380 1559
1674390 1558
1674400 1558
1674410 1558
1674420 1558
1674430 1558
1674440 1557
1674450 1557
1674460 1557
1674470 1557
1674480 1556
1674490 1556
1674500 1556
1674510 1555
1674520 1554
1674530 1554
1674540 1552
1674550 1550
1674560 1550
1674570 1549
1674580 1548
1674590 1548
1674600 1547
1674610 1546
1674620 1546
1674630 1545
1674640 1544
1674650 1543
1674660 1543
1674670 1542
1674680 1540
1674690 1540
1674700 1538
1674710 1536
1674720 1536
1674730 1535
1674740 1535
1674750 1535
1674760 1533
1674770 1533
1674780 1533
1674790 1533
1674800 1533
1674810 1532
1674820 1532
1674830 1532
1674840 1532
1674850 1532
1674860 1532
1674870 1532
1674880 1532
1674890 1532
1674900 1533
1674910 1533
1674920 1533
1674930 1533
1674940 1533
1674950 1533
1674960 1533
1674970 1533
1674980 1533
1674990 1533
1675000 1532
1675010 1532
1675020 1531
1675030 1530
1675040 1530
1675050 1530
1675060 1529
1675070 1529
1675080 1528
1675090 1527
1675100 1527
1675110 1526
1675120 1525
1675130 1525
1675140 1523
1675150 1521
1675160 1519
1675170 1519
1675180 1517
1675190 1516
1675200 1516
1675210 1514
1675220 1513
1675230 1513
1675240 1511
1675250 1510
1675260 1510
1675270 1508
1675280 1507
1675290 1507
1675300 1505
1675310 1504
1675320 1504
1675330 1502
1675340 1501
1675350 1500
1675360 1500
1675370 1499
1675380 1497
1675390 1497
1675400 1495
1675410 1494
1675420 1494
1675430 1492
1675440 1490
1675450 1490
1675460 1488
1675470 1485
1675480 1485
1675490 1483
1675500 1482
1675510 1481
1675520 1481
1675530 1480
1675540 1477
1675550 1477
1675560 1474
1675570 1473
1675580 1473
1675590 1469
1675600 1467
1675610 1467
1675620 1465
1675630 1464
1675640 1464
1675650 1461
1675660 1458
1675670 1458
1675680 1457
1675690 1455
1675700 1452
1675710 1452
1675720 1449
1675730 1447
1675740 1447
1675750 1446
1675760 1445
1675770 1445
1675780 1443
1675790 1441
1675800 1441
1675810 1440
1675820 1437
1675830 1437
1675840 1435
1675850 1433
1675860 1431
1675870 1431
1675880 1429
1675890 1428
1675900 1428
1675910 1426
1675920 1424
1675930 1424
1675940 1423
1675950 1421
1675960 1421
1675970 1419
1675980 1417
1675990 1417
1676000 1415
1676010 1413
1676020 1413
1676030 1411
1676040 1408
1676050 1406
1676060 1406
1676070 1404
1676080 1402
1676090 1402
1676100 1401
1676110 1400
1676120 1400
1676130 1398
1676140 1395
1676150 1395
1676160 1392
1676170 1389
1676180 1389
1676190 1386
1676200 1384
1676210 1382
1676220 1382
1676230 1380
1676240 1377
1676250 1377
1676260 1372
1676270 1369
1676280 1369
1676290 1367
1676300 1365
1676310 1365
1676320 1363
1676330 1361
1676340 1361
1676350 1359
1676360 1357
1676370 1357
1676380 1354
1676390 1350
1676400 1347
1676410 1347
1676420 1345
1676430 1343
1676440 1343
1676450 1341
1676460 1339
1676470 1339
1676480 1337
1676490 1335
1676500 1335
1676510 1333
1676520 1331
1676530 1331
1676540 1329
1676550 1328
1676560 1327
1676570 1327
1676580 1324
1676590 1322
1676600 1322
1676610 1319
1676620 1317
1676630 1317
1676640 1315
1676650 1314
1676660 1314
1676670 1311
1676680 1308
1676690 1308
1676700 1305
1676710 1303
1676720 1303
1676730 1302
1676740 1300
1676750 1299
1676760 1299
1676770 1297
1676780 1296
1676790 1296
1676800 1294
1676810 1293
1676820 1293
1676830 1292
1676840 1290
1676850 1290
1676860 1289
1676870 1289
1676880 1289
1676890 1289
1676900 1288
1676910 1288
1676920 1288
1676930 1288
1676940 1289
1676950 1289
1676960 1288
1676970 1288
1676980 1288
1676990 1287
1677000 1285
1677010 1285
1677020 1283
1677030 1282
1677040 1282
1677050 1280
1677060 1279
1677070 1279
1677080 1277
1677090 1274
1677100 1272
1677110 1272
1677120 1269
1677130 1267
1677140 1267
1677150 1265
1677160 1263
1677170 1263
1677180 1261
1677190 1260
1677200 1260
1677210 1259
1677220 1259
1677230 1259
1677240 1258
1677250 1258
1677260 1257
1677270 1257
1677280 1257
1677290 1255
1677300 1255
1677310 1254
1677320 1252
1677330 1252
1677340 1251
1677350 1249
1677360 1249
1677370 1247
1677380 1245
1677390 1245
1677400 1243
1677410 1241
1677420 1241
1677430 1239
1677440 1237
1677450 1234
1677460 1234
1677470 1231
1677480 1227
1677490 1227
1677500 1222
1677510 1218
1677520 1218
1677530 1214
1677540 1209
1677550 1209
1677560 1205
1677570 1200
1677580 1200
1677590 1195
1677600 1190
1677610 1186
1677620 1186
1677630 1183
1677640 1178
1677650 1178
1677660 1174
1677670 1170
1677680 1170
1677690 1165
1677700 1161
1677710 1161
1677720 1159
1677730 1159
1677740 1159
1677750 1157
1677760 1156
1677770 1156
1677780 1155
1677790 1154
1677800 1154
1677810 1154
1677820 1156
1677830 1161
1677840 1161
1677850 1168
1677860 1169
1677870 1169
1677880 1173
1677890 1175
1677900 1175
1677910 1176
1677920 1178
1677930 1178
1677940 1179
1677950 1181
1677960 1182
1677970 1182
1677980 1183
1677990 1185
1678000 1185
1678010 1187
1678020 1189
1678030 1189
1678040 1192
1678050 1195
1678060 1195
1678070 1198
1678080 1202
1678090 1202
1678100 1206
1678110 1210
1678120 1210
1678130 1217
1678140 1225
1678150 1230
1678160 1230
1678170 1234
1678180 1234
1678190 1234
1678200 1235
1678210 1238
1678220 1238
1678230 1238
1678240 1237
1678250 1237
1678260 1238
1678270 1238
1678280 1238
1678290 1240
1678300 1242
1678310 1242
1678320 1243
1678330 1245
1678340 1245
1678350 1245
1678360 1246
1678370 1245
1678380 1245
1678390 1246
1678400 1245
1678410 1245
1678420 1243
1678430 1240
1678440 1240
1678450 1239
1678460 1239
1678470 1239
1678480 1239
1678490 1239
1678500 1239
1678510 1239
1678520 1237
1678530 1234
1678540 1234
1678550 1232
1678560 1230
1678570 1230
1678580 1228
1678590 1226
1678600 1226
1678610 1224
1678620 1222
1678630 1222
1678640 1221
1678650 1219
1678660 1219
1678670 1217
1678680 1216
1678690 1215
1678700 1215
1678710 1213
1678720 1211
1678730 1211
1678740 1210
1678750 1208
1678760 1208
1678770 1206
1678780 1204
1678790 1204
1678800 1201
1678810 1198
1678820 1198
1678830 1196
1678840 1193
1678850 1188
1678860 1188
1678870 1186
1678880 1183
1678890 1183
1678900 1179
1678910 1175
1678920 1175
1678930 1170
1678940 1166
1678950 1166
1678960 1161
1678970 1158
1678980 1158
1678990 1154
1679000 1151
1679010 1151
1679020 1147
1679030 1146
1679040 1144
1679050 1144
1679060 1142
1679070 1139
1679080 1139
1679090 1135
1679100 1133
1679110 1133
1679120 1133
1679130 1134
1679140 1134
1679150 1134
1679160 1137
1679170 1137
1679180 1140
1679190 1141
1679200 1143
1679210 1143
1679220 1144
1679230 1145
1679240 1145
1679250 1145
1679260 1146
1679270 1146
1679280 1147
1679290 1147
1679300 1147
1679310 1148
1679320 1148
1679330 1148
1679340 1148
1679350 1148
1679360 1148
1679370 1148
1679380 1148
1679390 1148
1679400 1148
1679410 1149
1679420 1149
1679430 1149
1679440 1149
1679450 1149
1679460 1149
1679470 1150
1679480 1150
1679490 1150
1679500 1150
1679510 1151
1679520 1151
1679530 1153
1679540 1154
1679550 1154
1679560 1154
1679570 1155
1679580 1156
1679590 1156
1679600 1156
1679610 1155
1679620 1155
1679630 1154
1679640 1152
1679650 1152
1679660 1150
1679670 1148
1679680 1148
1679690 1146
1679700 1145
1679710 1145
1679720 1143
1679730 1141
1679740 1138
1679750 1138
1679760 1136
1679770 1133
1679780 1133
1679790 1130
1679800 1123
1679810 1123
1679820 1116
1679830 1117
1679840 1117
1679850 1116
1679860 1117
1679870 1117
1679880 1118
1679890 1122
1679900 1125
1679910 1125
1679920 1127
1679930 1129
1679940 1129
1679950 1131
1679960 1132
1679970 1132
1679980 1135
1679990 1137
