1666460 1884
1666470 1885
1666480 1885
1666490 1885
1666500 1885
1666510 1885
1666520 1885
1666530 1884
1666540 1884
1666550 1883
1666560 1882
1666570 1881
1666580 1881
1666590 1881
1666600 1882
1666610 1882
1666620 1885
1666630 1886
1666640 1886
1666650 1886
1666660 1887
1666670 1887
1666680 1887
1666690 1888
1666700 1888
1666710 1888
1666720 1888
1666730 1888
1666740 1888
1666750 1888
1666760 1889
1666770 1889
1666780 1889
1666790 1889
1666800 1889
1666810 1889
1666820 1889
1666830 1889
1666840 1889
1666850 1889
1666860 1889
1666870 1890
1666880 1890
1666890 1890
1666900 1891
1666910 1891
1666920 1892
1666930 1892
1666940 1892
1666950 1893
1666960 1893
1666970 1893
1666980 1893
1666990 1893
1667000 1893
1667010 1894
1667020 1894
1667030 1894
1667040 1894
1667050 1894
1667060 1894
1667070 1894
1667080 1894
1667090 1894
1667100 1894
1667110 1894
1667120 1894
1667130 1894
1667140 1893
1667150 1893
1667160 1891
1667170 1890
1667180 1890
1667190 1890
1667200 1893
1667210 1893
1667220 1899
1667230 1906
1667240 1906
1667250 1920
1667260 1930
1667270 1938
1667280 1938
1667290 1944
1667300 1949
1667310 1949
1667320 1954
1667330 1959
1667340 1959
1667350 1965
1667360 1970
1667370 1970
1667380 1975
1667390 1980
1667400 1980
1667410 1984
1667420 1987
1667430 1991
1667440 1991
1667450 1989
1667460 1987
1667470 1987
1667480 1986
1667490 1984
1667500 1984
1667510 1982
1667520 1979
1667530 1979
1667540 1976
1667550 1973
1667560 1973
1667570 1970
1667580 1967
1667590 1967
1667600 1963
1667610 1960
1667620 1956
1667630 1956
1667640 1953
1667650 1950
1667660 1950
1667670 1947
1667680 1943
1667690 1943
1667700 1940
1667710 1936
1667720 1936
1667730 1933
1667740 1929
1667750 1929
1667760 1926
1667770 1922
1667780 1918
1667790 1918
1667800 1913
1667810 1907
1667820 1907
1667830 1902
1667840 1898
1667850 1898
1667860 1893
1667870 1889
1667880 1889
1667890 1884
1667900 1879
1667910 1879
1667920 1873
1667930 1865
1667940 1865
1667950 1864
1667960 1862
1667970 1858
1667980 1858
1667990 1855
1668000 1852
1668010 1852
1668020 1847
1668030 1846
1668040 1846
1668050 1840
1668060 1833
1668070 1833
1668080 1829
1668090 1826
1668100 1826
1668110 1822
1668120 1818
1668130 1818
1668140 1814
1668150 1813
1668160 1810
1668170 1810
1668180 1806
1668190 1806
1668200 1806
1668210 1805
1668220 1803
1668230 1803
1668240 1800
1668250 1796
1668260 1796
1668270 1793
1668280 1789
1668290 1789
1668300 1786
1668310 1783
1668320 1781
1668330 1781
1668340 1779
1668350 1778
1668360 1778
1668370 1777
1668380 1775
1668390 1775
1668400 1773
1668410 1771
1668420 1771
1668430 1770
1668440 1767
1668450 1767
1668460 1765
1668470 1762
1668480 1762
1668490 1759
1668500 1758
1668510 1757
1668520 1757
1668530 1756
1668540 1754
1668550 1754
1668560 1751
1668570 1747
1668580 1747
1668590 1746
1668600 1744
1668610 1744
1668620 1742
1668630 1741
1668640 1741
1668650 1739
1668660 1737
1668670 1735
1668680 1735
1668690 1734
1668700 1732
1668710 1732
1668720 1730
1668730 1728
1668740 1728
1668750 1726
1668760 1724
1668770 1724
1668780 1721
1668790 1718
1668800 1718
1668810 1714
1668820 1710
1668830 1710
1668840 1708
1668850 1706
1668860 1704
1668870 1704
1668880 1702
1668890 1700
1668900 1700
1668910 1699
1668920 1698
1668930 1698
1668940 1697
1668950 1696
1668960 1696
1668970 1695
1668980 1695
1668990 1695
1669000 1694
1669010 1694
1669020 1693
1669030 1693
1669040 1692
1669050 1691
1669060 1691
1669070 1691
1669080 1690
1669090 1690
1669100 1689
1669110 1688
1669120 1688
1669130 1686
1669140 1684
1669150 1684
1669160 1682
1669170 1681
1669180 1681
1669190 1679
1669200 1678
1669210 1676
1669220 1676
1669230 1673
1669240 1670
1669250 1670
1669260 1666
1669270 1663
1669280 1663
1669290 1661
1669300 1660
1669310 1660
1669320 1658
1669330 1656
1669340 1656
1669350 1655
1669360 1652
1669370 1650
1669380 1650
1669390 1648
1669400 1645
1669410 1645
1669420 1643
1669430 1641
1669440 1641
1669450 1638
1669460 1634
1669470 1634
1669480 1631
1669490 1629
1669500 1629
1669510 1628
1669520 1626
1669530 1626
1669540 1625
1669550 1623
1669560 1621
1669570 1621
1669580 1620
1669590 1618
1669600 1618
1669610 1616
1669620 1615
1669630 1615
1669640 1614
1669650 1612
1669660 1612
1669670 1609
1669680 1608
1669690 1608
1669700 1606
1669710 1603
1669720 1601
1669730 1601
1669740 1600
1669750 1599
1669760 1599
1669770 1597
1669780 1596
1669790 1596
1669800 1594
1669810 1591
1669820 1591
1669830 1586
1669840 1583
1669850 1583
1669860 1580
1669870 1578
1669880 1578
1669890 1574
1669900 1572
1669910 1571
1669920 1571
1669930 1567
1669940 1564
1669950 1564
1669960 1561
1669970 1559
1669980 1559
1669990 1558
1670000 1556
1670010 1556
1670020 1555
1670030 1553
1670040 1553
1670050 1551
1670060 1549
1670070 1549
1670080 1546
1670090 1543
1670100 1538
1670110 1538
1670120 1534
1670130 1531
1670140 1531
1670150 1531
1670160 1532
1670170 1532
1670180 1531
1670190 1530
1670200 1530
1670210 1528
1670220 1528
1670230 1528
1670240 1527
1670250 1525
1670260 1524
1670270 1524
1670280 1523
1670290 1522
1670300 1522
1670310 1521
1670320 1519
1670330 1519
1670340 1518
1670350 1518
1670360 1518
1670370 1517
1670380 1518
1670390 1518
1670400 1517
1670410 1517
1670420 1517
1670430 1516
1670440 1516
1670450 1514
1670460 1514
1670470 1512
1670480 1510
1670490 1510
1670500 1509
1670510 1507
1670520 1507
1670530 1505
1670540 1504
1670550 1504
1670560 1504
1670570 1503
1670580 1503
1670590 1502
1670600 1501
1670610 1500
1670620 1500
1670630 1498
1670640 1496
1670650 1496
1670660 1493
1670670 1492
1670680 1492
1670690 1491
1670700 1489
1670710 1489
1670720 1487
1670730 1484
1670740 1484
1670750 1483
1670760 1481
1670770 1481
1670780 1480
1670790 1479
1670800 1477
1670810 1477
1670820 1476
1670830 1475
1670840 1475
1670850 1474
1670860 1473
1670870 1473
1670880 1471
1670890 1470
1670900 1470
1670910 1468
1670920 1467
1670930 1467
1670940 1465
1670950 1465
1670960 1463
1670970 1463
1670980 1462
1670990 1461
1671000 1461
1671010 1459
1671020 1457
1671030 1457
1671040 1455
1671050 1454
1671060 1454
1671070 1453
1671080 1452
1671090 1452
1671100 1451
1671110 1451
1671120 1451
1671130 1450
1671140 1448
1671150 1447
1671160 1447
1671170 1445
1671180 1444
1671190 1444
1671200 1443
1671210 1442
1671220 1442
1671230 1441
1671240 1440
1671250 1440
1671260 1439
1671270 1438
1671280 1438
1671290 1439
1671300 1439
1671310 1439
1671320 1439
1671330 1437
1671340 1437
1671350 1437
1671360 1437
1671370 1435
1671380 1435
1671390 1435
1671400 1434
1671410 1434
1671420 1433
1671430 1432
1671440 1432
1671450 1430
1671460 1428
1671470 1428
1671480 1432
1671490 1432
1671500 1431
1671510 1431
1671520 1431
1671530 1432
1671540 1432
1671550 1430
1671560 1430
1671570 1430
1671580 1429
1671590 1428
1671600 1428
1671610 1426
1671620 1424
1671630 1424
1671640 1423
1671650 1422
1671660 1422
1671670 1426
1671680 1425
1671690 1424
1671700 1424
1671710 1423
1671720 1423
1671730 1423
1671740 1422
1671750 1421
1671760 1421
1671770 1421
1671780 1421
1671790 1421
1671800 1420
1671810 1420
1671820 1420
1671830 1418
1671840 1417
1671850 1415
1671860 1415
1671870 1412
1671880 1411
1671890 1411
1671900 1411
1671910 1411
1671920 1411
1671930 1410
1671940 1407
1671950 1407
1671960 1404
1671970 1404
1671980 1404
1671990 1402
1672000 1402
1672010 1402
1672020 1404
1672030 1404
1672040 1402
1672050 1402
1672060 1402
1672070 1402
1672080 1402
1672090 1403
1672100 1403
1672110 1403
1672120 1406
1672130 1406
1672140 1406
1672150 1407
1672160 1407
1672170 1407
1672180 1407
1672190 1407
1672200 1406
1672210 1406
1672220 1406
1672230 1407
1672240 1407
1672250 1407
1672260 1404
1672270 1404
1672280 1404
1672290 1405
1672300 1405
1672310 1406
1672320 1407
1672330 1407
1672340 1408
1672350 1410
1672360 1410
1672370 1408
1672380 1406
1672390 1407
1672400 1407
1672410 1407
1672420 1407
1672430 1407
1672440 1407
1672450 1408
1672460 1408
1672470 1409
1672480 1409
1672490 1409
1672500 1411
1672510 1412
1672520 1412
1672530 1413
1672540 1414
1672550 1415
1672560 1415
1672570 1416
1672580 1414
1672590 1414
1672600 1413
1672610 1413
1672620 1413
1672630 1413
1672640 1413
1672650 1413
1672660 1413
1672670 1414
1672680 1414
1672690 1414
1672700 1415
1672710 1415
1672720 1414
1672730 1413
1672740 1414
1672750 1414
1672760 1413
1672770 1413
1672780 1413
1672790 1412
1672800 1413
1672810 1413
1672820 1412
1672830 1412
1672840 1412
1672850 1410
1672860 1409
1672870 1409
1672880 1407
1672890 1405
1672900 1403
1672910 1403
1672920 1402
1672930 1401
1672940 1401
1672950 1398
1672960 1395
1672970 1395
1672980 1392
1672990 1390
1673000 1390
1673010 1387
1673020 1384
1673030 1384
1673040 1382
1673050 1377
1673060 1377
1673070 1375
1673080 1373
1673090 1372
1673100 1372
1673110 1371
1673120 1370
1673130 1370
1673140 1369
1673150 1366
1673160 1366
1673170 1364
1673180 1362
1673190 1362
1673200 1361
1673210 1360
1673220 1360
1673230 1359
1673240 1357
1673250 1358
1673260 1358
1673270 1358
1673280 1357
1673290 1357
1673300 1357
1673310 1356
1673320 1356
1673330 1355
1673340 1354
1673350 1354
1673360 1353
1673370 1352
1673380 1352
1673390 1351
1673400 1349
1673410 1349
1673420 1348
1673430 1347
1673440 1346
1673450 1346
1673460 1342
1673470 1340
1673480 1340
1673490 1338
1673500 1336
1673510 1336
1673520 1335
1673530 1333
1673540 1333
1673550 1331
1673560 1329
1673570 1329
1673580 1326
1673590 1323
1673600 1323
1673610 1321
1673620 1318
1673630 1317
1673640 1317
1673650 1318
1673660 1317
1673670 1317
1673680 1317
1673690 1316
1673700 1316
1673710 1314
1673720 1314
1673730 1314
1673740 1313
1673750 1312
1673760 1312
1673770 1311
1673780 1310
1673790 1309
1673800 1309
1673810 1308
1673820 1307
1673830 1307
1673840 1307
1673850 1306
1673860 1306
1673870 1305
1673880 1304
1673890 1304
1673900 1303
1673910 1303
1673920 1303
1673930 1303
1673940 1302
1673950 1302
1673960 1297
1673970 1292
1673980 1288
1673990 1288
1674000 1287
1674010 1288
1674020 1288
1674030 1287
1674040 1286
1674050 1286
1674060 1284
1674070 1283
1674080 1283
1674090 1283
1674100 1283
1674110 1283
1674120 1281
1674130 1280
1674140 1279
1674150 1279
1674160 1278
1674170 1277
1674180 1277
1674190 1276
1674200 1275
1674210 1275
1674220 1275
1674230 1273
1674240 1273
1674250 1270
1674260 1266
1674270 1266
1674280 1266
1674290 1265
1674300 1265
1674310 1265
1674320 1265
1674330 1266
1674340 1266
1674350 1265
1674360 1263
1674370 1263
1674380 1262
1674390 1259
1674400 1259
1674410 1258
1674420 1257
1674430 1257
1674440 1257
1674450 1256
1674460 1256
1674470 1255
1674480 1255
1674490 1254
1674500 1254
1674510 1253
1674520 1253
1674530 1253
1674540 1254
1674550 1257
1674560 1257
1674570 1262
1674580 1262
1674590 1262
1674600 1262
1674610 1259
1674620 1259
1674630 1262
1674640 1264
1674650 1264
1674660 1267
1674670 1271
1674680 1273
1674690 1273
1674700 1276
1674710 1278
1674720 1278
1674730 1280
1674740 1283
1674750 1283
1674760 1287
1674770 1292
1674780 1292
1674790 1297
1674800 1298
1674810 1298
1674820 1297
1674830 1298
1674840 1299
1674850 1299
1674860 1299
1674870 1299
1674880 1299
1674890 1300
1674900 1301
1674910 1301
1674920 1302
1674930 1303
1674940 1303
1674950 1303
1674960 1304
1674970 1304
1674980 1305
1674990 1305
1675000 1305
1675010 1306
1675020 1307
1675030 1309
1675040 1309
1675050 1310
1675060 1311
1675070 1311
1675080 1312
1675090 1312
1675100 1312
1675110 1313
1675120 1315
1675130 1315
1675140 1316
1675150 1317
1675160 1317
1675170 1317
1675180 1319
1675190 1320
1675200 1320
1675210 1321
1675220 1323
1675230 1323
1675240 1325
1675250 1327
1675260 1327
1675270 1329
1675280 1331
1675290 1331
1675300 1333
1675310 1335
1675320 1335
1675330 1338
1675340 1339
1675350 1339
1675360 1342
1675370 1343
1675380 1345
1675390 1345
1675400 1347
1675410 1349
1675420 1349
1675430 1351
1675440 1353
1675450 1353
1675460 1356
1675470 1358
1675480 1358
1675490 1359
1675500 1360
1675510 1360
1675520 1361
1675530 1362
1675540 1362
1675550 1363
1675560 1364
1675570 1364
1675580 1364
1675590 1364
1675600 1364
1675610 1364
1675620 1363
1675630 1362
1675640 1362
1675650 1361
1675660 1360
1675670 1360
1675680 1359
1675690 1357
1675700 1357
1675710 1356
1675720 1355
1675730 1354
1675740 1354
1675750 1353
1675760 1352
1675770 1352
1675780 1351
1675790 1350
1675800 1350
1675810 1348
1675820 1347
1675830 1347
1675840 1347
1675850 1346
1675860 1346
1675870 1345
1675880 1344
1675890 1344
1675900 1342
1675910 1340
1675920 1339
1675930 1339
1675940 1338
1675950 1336
1675960 1336
1675970 1335
1675980 1334
1675990 1334
1676000 1332
1676010 1331
1676020 1331
1676030 1329
1676040 1328
1676050 1328
1676060 1327
1676070 1325
1676080 1323
1676090 1323
1676100 1321
1676110 1319
1676120 1319
1676130 1317
1676140 1315
1676150 1315
1676160 1313
1676170 1311
1676180 1311
1676190 1311
1676200 1310
1676210 1310
1676220 1309
1676230 1309
1676240 1309
1676250 1309
1676260 1309
1676270 1310
1676280 1310
1676290 1310
1676300 1308
1676310 1308
1676320 1306
1676330 1303
1676340 1303
1676350 1299
1676360 1296
1676370 1296
1676380 1291
1676390 1287
1676400 1287
1676410 1280
1676420 1273
1676430 1267
1676440 1267
1676450 1260
1676460 1253
1676470 1253
1676480 1248
1676490 1243
1676500 1243
1676510 1238
1676520 1234
1676530 1234
1676540 1231
1676550 1230
1676560 1230
1676570 1230
1676580 1228
1676590 1228
1676600 1226
1676610 1226
1676620 1225
1676630 1225
1676640 1224
1676650 1225
1676660 1225
1676670 1224
1676680 1222
1676690 1222
1676700 1218
1676710 1215
1676720 1215
1676730 1211
1676740 1209
1676750 1209
1676760 1208
1676770 1206
1676780 1205
1676790 1205
1676800 1203
1676810 1201
1676820 1201
1676830 1199
1676840 1196
1676850 1196
1676860 1192
1676870 1188
1676880 1188
1676890 1185
1676900 1183
1676910 1183
1676920 1180
1676930 1179
1676940 1179
1676950 1177
1676960 1175
1676970 1174
1676980 1174
1676990 1172
1677000 1170
1677010 1170
1677020 1168
1677030 1166
1677040 1166
1677050 1165
1677060 1162
1677070 1162
1677080 1162
1677090 1162
1677100 1162
1677110 1164
1677120 1166
1677130 1166
1677140 1168
1677150 1170
1677160 1173
1677170 1173
1677180 1175
1677190 1177
1677200 1177
1677210 1179
1677220 1183
1677230 1183
1677240 1187
1677250 1191
1677260 1191
1677270 1194
1677280 1199
1677290 1199
1677300 1202
1677310 1207
1677320 1211
1677330 1211
1677340 1215
1677350 1220
1677360 1220
1677370 1225
1677380 1231
1677390 1231
1677400 1235
1677410 1238
1677420 1238
1677430 1241
1677440 1243
1677450 1243
1677460 1245
1677470 1246
1677480 1246
1677490 1247
1677500 1247
1677510 1248
1677520 1248
1677530 1249
1677540 1250
1677550 1250
1677560 1251
1677570 1252
1677580 1252
1677590 1253
1677600 1254
1677610 1254
1677620 1255
1677630 1256
1677640 1256
1677650 1256
1677660 1256
1677670 1255
1677680 1255
1677690 1254
1677700 1254
1677710 1254
1677720 1253
1677730 1251
1677740 1251
1677750 1250
1677760 1249
1677770 1249
1677780 1247
1677790 1245
1677800 1245
1677810 1243
1677820 1242
1677830 1242
1677840 1240
1677850 1238
1677860 1236
1677870 1236
1677880 1234
1677890 1232
1677900 1232
1677910 1229
1677920 1226
1677930 1226
1677940 1224
1677950 1221
1677960 1221
1677970 1219
1677980 1217
1677990 1217
1678000 1214
1678010 1211
1678020 1208
1678030 1208
1678040 1204
1678050 1201
1678060 1201
1678070 1199
1678080 1199
1678090 1199
1678100 1198
1678110 1199
1678120 1199
1678130 1200
1678140 1199
1678150 1199
1678160 1199
1678170 1199
1678180 1199
1678190 1199
1678200 1199
1678210 1200
1678220 1200
1678230 1200
1678240 1201
1678250 1201
1678260 1202
1678270 1203
1678280 1203
1678290 1203
1678300 1204
1678310 1204
1678320 1205
1678330 1206
1678340 1206
1678350 1206
1678360 1207
1678370 1208
1678380 1208
1678390 1209
1678400 1210
1678410 1210
1678420 1211
1678430 1212
1678440 1212
1678450 1213
1678460 1213
1678470 1213
1678480 1214
1678490 1215
1678500 1215
1678510 1215
1678520 1216
1678530 1216
1678540 1215
1678550 1215
1678560 1215
1678570 1215
1678580 1214
1678590 1214
1678600 1214
1678610 1213
1678620 1212
1678630 1212
1678640 1212
1678650 1211
1678660 1211
1678670 1211
1678680 1211
1678690 1211
1678700 1211
1678710 1211
1678720 1211
1678730 1211
1678740 1210
1678750 1210
1678760 1210
1678770 1210
1678780 1209
1678790 1209
1678800 1208
1678810 1208
1678820 1208
1678830 1207
1678840 1207
1678850 1207
1678860 1206
1678870 1206
1678880 1206
1678890 1205
1678900 1204
1678910 1204
1678920 1204
1678930 1203
1678940 1203
1678950 1203
1678960 1202
1678970 1202
1678980 1202
1678990 1201
1679000 1201
1679010 1201
1679020 1200
1679030 1200
1679040 1200
1679050 1199
1679060 1198
1679070 1198
1679080 1197
1679090 1196
1679100 1195
1679110 1195
1679120 1194
1679130 1193
1679140 1193
1679150 1192
1679160 1191
1679170 1191
1679180 1190
1679190 1189
1679200 1189
1679210 1188
1679220 1187
1679230 1187
1679240 1186
1679250 1185
1679260 1184
1679270 1184
1679280 1183
1679290 1183
1679300 1183
1679310 1182
1679320 1181
1679330 1181
1679340 1181
1679350 1180
1679360 1180
1679370 1179
1679380 1178
1679390 1178
1679400 1177
1679410 1176
1679420 1176
1679430 1176
1679440 1175
1679450 1174
1679460 1174
1679470 1173
1679480 1172
1679490 1172
1679500 1170
1679510 1168
1679520 1168
1679530 1166
1679540 1165
1679550 1165
1679560 1163
1679570 1162
1679580 1162
1679590 1161
1679600 1159
1679610 1157
1679620 1157
1679630 1156
1679640 1155
1679650 1155
1679660 1153
1679670 1151
1679680 1151
1679690 1150
1679700 1149
1679710 1149
1679720 1147
1679730 1145
1679740 1145
1679750 1144
1679760 1142
1679770 1142
1679780 1141
1679790 1140
1679800 1138
1679810 1138
1679820 1137
1679830 1135
1679840 1135
1679850 1134
1679860 1132
1679870 1132
1679880 1131
1679890 1130
1679900 1130
1679910 1128
1679920 1127
1679930 1127
1679940 1125
1679950 1123
1679960 1120
1679970 1120
1679980 1118
1679990 1116
1660000 1132
1660010 1132
1660020 1133
1660030 1138
1660040 1138
1660050 1140
1660060 1137
1660070 1141
1660080 1141
1660090 1147
1660100 1151
1660110 1151
1660120 1157
1660130 1161
1660140 1161
1660150 1164
1660160 1162
1660170 1162
1660180 1167
1660190 1174
1660200 1174
1660210 1177
1660220 1182
1660230 1192
1660240 1192
1660250 1198
1660260 1205
1660270 1205
1660280 1208
1660290 1212
1660300 1212
1660310 1214
1660320 1218
1660330 1218
1660340 1220
1660350 1214
1660360 1214
1660370 1219
1660380 1219
1660390 1219
1660400 1231
1660410 1240
1660420 1245
1660430 1245
1660440 1252
1660450 1257
1660460 1257
1660470 1260
1660480 1268
1660490 1268
1660500 1276
1660510 1283
1660520 1283
1660530 1289
1660540 1295
1660550 1295
1660560 1298
1660570 1302
1660580 1310
1660590 1310
1660600 1317
1660610 1319
1660620 1319
1660630 1322
1660640 1326
1660650 1326
1660660 1333
1660670 1333
1660680 1333
1660690 1335
1660700 1340
1660710 1340
1660720 1342
1660730 1344
1660740 1344
1660750 1347
1660760 1349
1660770 1348
1660780 1348
1660790 1341
1660800 1320
1660810 1320
1660820 1320
1660830 1321
1660840 1321
1660850 1348
1660860 1351
1660870 1351
1660880 1353
1660890 1353
1660900 1353
1660910 1355
1660920 1354
1660930 1356
1660940 1356
1660950 1358
1660960 1362
1660970 1362
1660980 1362
1660990 1361
1661000 1361
1661010 1365
1661020 1368
1661030 1368
1661040 1367
1661050 1367
1661060 1367
1661070 1367
1661080 1365
1661090 1372
1661100 1372
1661110 1375
1661120 1379
1661130 1379
1661140 1379
1661150 1376
1661160 1376
1661170 1376
1661180 1380
1661190 1380
1661200 1381
1661210 1385
1661220 1385
1661230 1383
1661240 1387
1661250 1387
1661260 1389
1661270 1390
1661280 1379
1661290 1379
1661300 1391
1661310 1397
1661320 1397
1661330 1400
1661340 1402
1661350 1402
1661360 1405
1661370 1410
1661380 1410
1661390 1411
1661400 1412
1661410 1412
1661420 1415
1661430 1418
1661440 1421
1661450 1421
1661460 1424
1661470 1427
1661480 1427
1661490 1430
1661500 1432
1661510 1432
1661520 1434
1661530 1435
1661540 1436
1661550 1441
1661560 1444
1661570 1444
1661580 1442
1661590 1447
1661600 1447
1661610 1445
1661620 1449
1661630 1449
1661640 1449
1661650 1450
1661660 1452
1661670 1452
1661680 1452
1661690 1451
1661700 1451
1661710 1450
1661720 1451
1661730 1451
1661740 1453
1661750 1453
1661760 1453
1661770 1460
1661780 1454
1661790 1435
1661800 1435
1661810 1449
1661820 1449
1661830 1449
1661840 1448
1661850 1446
1661860 1446
1661870 1446
1661880 1446
1661890 1446
1661900 1446
1661910 1446
1661920 1446
1661930 1453
1661940 1458
1661950 1458
1661960 1462
1661970 1467
1661980 1467
1661990 1467
1662000 1474
1662010 1473
1662020 1473
1662030 1474
1662040 1471
1662050 1471
1662060 1472
1662070 1462
1662080 1462
1662090 1463
1662100 1468
1662110 1468
1662120 1470
1662130 1470
1662140 1477
1662150 1477
1662160 1482
1662170 1485
1662180 1485
1662190 1488
1662200 1488
1662210 1488
1662220 1491
1662230 1488
1662240 1488
1662250 1487
1662260 1512
1662270 1512
1662280 1523
1662290 1524
1662300 1524
1662310 1525
1662320 1524
1662330 1529
1662340 1529
1662350 1530
1662360 1533
1662370 1533
1662380 1535
1662390 1538
1662400 1538
1662410 1540
1662420 1546
1662430 1546
1662440 1549
1662450 1551
1662460 1551
1662470 1549
1662480 1547
1662490 1534
1662500 1534
1662510 1539
1662520 1546
1662530 1546
1662540 1549
1662550 1553
1662560 1553
1662570 1557
1662580 1566
1662590 1566
1662600 1570
1662610 1568
1662620 1568
1662630 1576
1662640 1579
1662650 1579
1662660 1585
1662670 1589
1662680 1596
1662690 1596
1662700 1602
1662710 1604
1662720 1604
1662730 1612
1662740 1616
1662750 1616
1662760 1621
1662770 1624
1662780 1624
1662790 1629
1662800 1630
1662810 1630
1662820 1633
1662830 1640
1662840 1641
1662850 1641
1662860 1646
1662870 1651
1662880 1651
1662890 1653
1662900 1657
1662910 1657
1662920 1660
1662930 1662
1662940 1662
1662950 1666
1662960 1668
1662970 1669
1662980 1674
1662990 1673
1663000 1673
1663010 1676
1663020 1678
1663030 1679
1663040 1679
1663050 1684
1663060 1684
1663070 1684
1663080 1683
1663090 1687
1663100 1687
1663110 1692
1663120 1698
1663130 1698
1663140 1701
1663150 1708
1663160 1708
1663170 1731
1663180 1729
1663190 1740
1663200 1740
1663210 1742
1663220 1746
1663230 1746
1663240 1745
1663250 1751
1663260 1751
1663270 1742
1663280 1755
1663290 1755
1663300 1755
1663310 1760
1663320 1760
1663330 1763
1663340 1766
1663350 1769
1663360 1769
1663370 1762
1663380 1766
1663390 1766
1663400 1769
1663410 1771
1663420 1771
1663430 1775
1663440 1775
1663450 1775
1663460 1777
1663470 1779
1663480 1779
1663490 1780
1663500 1782
1663510 1782
1663520 1784
1663530 1785
1663540 1790
1663550 1790
1663560 1788
1663570 1790
1663580 1790
1663590 1793
1663600 1794
1663610 1794
1663620 1796
1663630 1797
1663640 1797
1663650 1798
1663660 1799
1663670 1799
1663680 1801
1663690 1804
1663700 1805
1663710 1805
1663720 1809
1663730 1812
1663740 1812
1663750 1811
1663760 1813
1663770 1813
1663780 1813
1663790 1817
1663800 1817
1663810 1821
1663820 1827
1663830 1827
1663840 1827
1663850 1830
1663860 1830
1663870 1834
1663880 1837
1663890 1839
1663900 1839
1663910 1840
1663920 1843
1663930 1843
1663940 1846
1663950 1851
1663960 1851
1663970 1854
1663980 1856
1663990 1856
1664000 1858
1664010 1862
1664020 1862
1664030 1866
1664040 1869
1664050 1870
1664060 1870
1664070 1872
1664080 1874
1664090 1874
1664100 1876
1664110 1881
1664120 1881
1664130 1884
1664140 1885
1664150 1885
1664160 1887
1664170 1889
1664180 1889
1664190 1892
1664200 1894
1664210 1894
1664220 1897
1664230 1901
1664240 1905
1664250 1905
1664260 1910
1664270 1914
1664280 1914
1664290 1917
1664300 1921
1664310 1921
1664320 1924
1664330 1927
1664340 1927
1664350 1930
1664360 1934
1664370 1934
1664380 1938
1664390 1943
1664400 1948
1664410 1948
1664420 1952
1664430 1956
1664440 1956
1664450 1960
1664460 1964
1664470 1964
1664480 1968
1664490 1971
1664500 1971
1664510 1974
1664520 1977
1664530 1977
1664540 1981
1664550 1987
1664560 1987
1664570 1993
1664580 1996
1664590 1996
1664600 1996
1664610 1996
1664620 1997
1664630 1997
1664640 1998
1664650 1999
1664660 1999
1664670 2000
1664680 2001
1664690 2001
1664700 2002
1664710 2003
1664720 2003
1664730 2004
1664740 2006
1664750 2006
1664760 2006
1664770 2007
1664780 2008
1664790 2008
1664800 2011
1664810 2013
1664820 2013
1664830 2016
1664840 2018
1664850 2018
1664860 2021
1664870 2022
1664880 2022
1664890 2024
1664900 2027
1664910 2027
1664920 2030
1664930 2032
1664940 2035
1664950 2035
1664960 2038
1664970 2040
1664980 2040
1664990 2044
1665000 2047
1665010 2047
1665020 2050
1665030 2053
1665040 2053
1665050 2056
1665060 2059
1665070 2059
1665080 2061
1665090 2064
1665100 2067
1665110 2067
1665120 2067
1665130 2067
1665140 2067
1665150 2067
1665160 2064
1665170 2064
1665180 2062
1665190 2060
1665200 2060
1665210 2057
1665220 2053
1665230 2053
1665240 2049
1665250 2046
1665260 2046
1665270 2039
1665280 2035
1665290 2030
1665300 2030
1665310 2027
1665320 2023
1665330 2023
1665340 2025
1665350 2023
1665360 2023
1665370 2020
1665380 2017
1665390 2017
1665400 2012
1665410 2008
1665420 2008
1665430 2003
1665440 1997
1665450 1992
1665460 1992
1665470 1985
1665480 1977
1665490 1977
1665500 1971
1665510 1964
1665520 1964
1665530 1958
1665540 1953
1665550 1953
1665560 1948
1665570 1944
1665580 1944
1665590 1938
1665600 1936
1665610 1936
1665620 1933
1665630 1932
1665640 1930
1665650 1930
1665660 1929
1665670 1929
1665680 1929
1665690 1928
1665700 1929
1665710 1929
1665720 1933
1665730 1933
1665740 1933
1665750 1933
1665760 1930
1665770 1930
1665780 1929
1665790 1928
1665800 1927
1665810 1928
1665820 1926
1665830 1923
1665840 1923
1665850 1920
1665860 1918
1665870 1918
1665880 1916
1665890 1912
1665900 1912
1665910 1910
1665920 1908
1665930 1908
1665940 1906
1665950 1906
1665960 1904
1665970 1904
1665980 1903
1665990 1902
1666000 1902
1666010 1901
1666020 1900
1666030 1900
1666040 1897
1666050 1893
1666060 1893
1666070 1892
1666080 1891
1666090 1891
1666100 1890
1666110 1890
1666120 1890
1666130 1889
1666140 1888
1666150 1887
1666160 1887
1666170 1887
1666180 1886
1666190 1886
1666200 1885
1666210 1884
1666220 1884
1666230 1883
1666240 1882
1666250 1882
1666260 1881
1666270 1880
1666280 1880
1666290 1879
1666300 1879
1666310 1878
1666320 1878
1666330 1878
1666340 1879
1666350 1879
1666360 1880
1666370 1880
1666380 1880
1666390 1882
1666400 1884
1666410 1884
1666420 1884
1666430 1885
1666440 1885
1666450 1886
1666460 1886
1666470 1886
1666480 1886
1666490 1886
1666500 1886
1666510 1885
1666520 1884
1666530 1884
1666540 1884
1666550 1883
1666560 1882
1666570 1882
1666580 1881
1666590 1882
1666600 1882
1666610 1885
1666620 1886
1666630 1886
1666640 1886
1666650 1887
1666660 1887
1666670 1887
1666680 1888
1666690 1888
1666700 1888
1666710 1888
1666720 1888
1666730 1888
1666740 1889
1666750 1889
1666760 1889
1666770 1889
1666780 1889
1666790 1889
1666800 1889
1666810 1889
1666820 1889
1666830 1889
1666840 1890
1666850 1890
1666860 1890
1666870 1891
1666880 1891
1666890 1891
1666900 1892
1666910 1892
1666920 1892
1666930 1892
1666940 1893
1666950 1893
1666960 1893
1666970 1893
1666980 1893
1666990 1894
1667000 1894
1667010 1894
1667020 1894
1667030 1894
1667040 1894
1667050 1894
1667060 1894
1667070 1895
1667080 1895
1667090 1894
1667100 1894
1667110 1894
1667120 1894
1667130 1894
1667140 1894
1667150 1893
1667160 1892
1667170 1892
1667180 1891
1667190 1894
1667200 1899
1667210 1900
1667220 1907
1667230 1921
1667240 1921
1667250 1931
1667260 1938
1667270 1938
1667280 1944
1667290 1949
1667300 1949
1667310 1954
1667320 1959
1667330 1959
1667340 1965
1667350 1970
1667360 1975
1667370 1975
1667380 1980
1667390 1984
1667400 1984
1667410 1987
1667420 1991
1667430 1991
1667440 1992
