1666440 1846
1666450 1846
1666460 1846
1666470 1846
1666480 1846
1666490 1845
1666500 1845
1666510 1845
1666520 1845
1666530 1845
1666540 1845
1666550 1845
1666560 1845
1666570 1845
1666580 1845
1666590 1845
1666600 1845
1666610 1845
1666620 1845
1666630 1844
1666640 1844
1666650 1843
1666660 1841
1666670 1841
1666680 1838
1666690 1834
1666700 1834
1666710 1832
1666720 1830
1666730 1828
1666740 1828
1666750 1825
1666760 1823
1666770 1823
1666780 1822
1666790 1821
1666800 1821
1666810 1820
1666820 1820
1666830 1820
1666840 1825
1666850 1826
1666860 1826
1666870 1828
1666880 1828
1666890 1829
1666900 1829
1666910 1830
1666920 1830
1666930 1830
1666940 1830
1666950 1831
1666960 1831
1666970 1832
1666980 1831
1666990 1831
1667000 1832
1667010 1834
1667020 1834
1667030 1836
1667040 1841
1667050 1841
1667060 1844
1667070 1844
1667080 1845
1667090 1845
1667100 1846
1667110 1845
1667120 1845
1667130 1847
1667140 1848
1667150 1848
1667160 1852
1667170 1856
1667180 1856
1667190 1860
1667200 1865
1667210 1865
1667220 1869
1667230 1874
1667240 1874
1667250 1881
1667260 1892
1667270 1902
1667280 1902
1667290 1908
1667300 1921
1667310 1921
1667320 1927
1667330 1935
1667340 1935
1667350 1942
1667360 1947
1667370 1947
1667380 1953
1667390 1959
1667400 1959
1667410 1964
1667420 1969
1667430 1973
1667440 1973
1667450 1974
1667460 1973
1667470 1973
1667480 1972
1667490 1971
1667500 1971
1667510 1970
1667520 1969
1667530 1969
1667540 1967
1667550 1965
1667560 1965
1667570 1962
1667580 1960
1667590 1960
1667600 1957
1667610 1954
1667620 1952
1667630 1952
1667640 1950
1667650 1947
1667660 1947
1667670 1945
1667680 1942
1667690 1942
1667700 1939
1667710 1935
1667720 1935
1667730 1931
1667740 1928
1667750 1928
1667760 1925
1667770 1922
1667780 1918
1667790 1918
1667800 1914
1667810 1909
1667820 1909
1667830 1904
1667840 1899
1667850 1899
1667860 1897
1667870 1892
1667880 1892
1667890 1885
1667900 1878
1667910 1878
1667920 1871
1667930 1866
1667940 1866
1667950 1863
1667960 1859
1667970 1854
1667980 1854
1667990 1851
1668000 1846
1668010 1846
1668020 1842
1668030 1839
1668040 1839
1668050 1835
1668060 1831
1668070 1831
1668080 1828
1668090 1826
1668100 1826
1668110 1823
1668120 1821
1668130 1820
1668140 1820
1668150 1817
1668160 1814
1668170 1814
1668180 1813
1668190 1811
1668200 1811
1668210 1809
1668220 1807
1668230 1807
1668240 1804
1668250 1802
1668260 1802
1668270 1801
1668280 1799
1668290 1799
1668300 1798
1668310 1795
1668320 1795
1668330 1795
1668340 1793
1668350 1791
1668360 1791
1668370 1789
1668380 1788
1668390 1788
1668400 1785
1668410 1785
1668420 1785
1668430 1784
1668440 1782
1668450 1782
1668460 1780
1668470 1780
1668480 1780
1668490 1779
1668500 1777
1668510 1775
1668520 1775
1668530 1772
1668540 1768
1668550 1768
1668560 1763
1668570 1760
1668580 1760
1668590 1759
1668600 1757
1668610 1757
1668620 1756
1668630 1755
1668640 1755
1668650 1754
1668660 1750
1668670 1748
1668680 1748
1668690 1745
1668700 1742
1668710 1742
1668720 1739
1668730 1736
1668740 1736
1668750 1733
1668760 1730
1668770 1730
1668780 1728
1668790 1725
1668800 1725
1668810 1724
1668820 1722
1668830 1722
1668840 1721
1668850 1720
1668860 1719
1668870 1719
1668880 1719
1668890 1717
1668900 1717
1668910 1717
1668920 1716
1668930 1716
1668940 1717
1668950 1718
1668960 1718
1668970 1720
1668980 1720
1668990 1720
1669000 1719
1669010 1718
1669020 1718
1669030 1718
1669040 1718
1669050 1717
1669060 1717
1669070 1717
1669080 1717
1669090 1717
1669100 1715
1669110 1712
1669120 1712
1669130 1708
1669140 1704
1669150 1704
1669160 1698
1669170 1693
1669180 1693
1669190 1688
1669200 1684
1669210 1680
1669220 1680
1669230 1677
1669240 1674
1669250 1674
1669260 1672
1669270 1670
1669280 1670
1669290 1668
1669300 1667
1669310 1667
1669320 1666
1669330 1666
1669340 1666
1669350 1664
1669360 1662
1669370 1661
1669380 1661
1669390 1659
1669400 1658
1669410 1658
1669420 1657
1669430 1655
1669440 1655
1669450 1654
1669460 1652
1669470 1652
1669480 1650
1669490 1648
1669500 1648
1669510 1647
1669520 1645
1669530 1645
1669540 1645
1669550 1642
1669560 1639
1669570 1639
1669580 1640
1669590 1641
1669600 1641
1669610 1641
1669620 1640
1669630 1640
1669640 1639
1669650 1638
1669660 1638
1669670 1637
1669680 1636
1669690 1636
1669700 1635
1669710 1635
1669720 1635
1669730 1635
1669740 1635
1669750 1636
1669760 1636
1669770 1636
1669780 1636
1669790 1636
1669800 1634
1669810 1634
1669820 1634
1669830 1634
1669840 1634
1669850 1634
1669860 1634
1669870 1635
1669880 1635
1669890 1635
1669900 1636
1669910 1636
1669920 1636
1669930 1637
1669940 1637
1669950 1637
1669960 1638
1669970 1639
1669980 1639
1669990 1639
1670000 1640
1670010 1640
1670020 1642
1670030 1644
1670040 1644
1670050 1644
1670060 1643
1670070 1643
1670080 1643
1670090 1642
1670100 1642
1670110 1642
1670120 1640
1670130 1638
1670140 1638
1670150 1637
1670160 1635
1670170 1635
1670180 1634
1670190 1632
1670200 1632
1670210 1630
1670220 1626
1670230 1626
1670240 1623
1670250 1622
1670260 1620
1670270 1620
1670280 1618
1670290 1615
1670300 1615
1670310 1613
1670320 1611
1670330 1611
1670340 1610
1670350 1607
1670360 1607
1670370 1605
1670380 1603
1670390 1603
1670400 1601
1670410 1599
1670420 1599
1670430 1596
1670440 1594
1670450 1591
1670460 1591
1670470 1589
1670480 1587
1670490 1587
1670500 1584
1670510 1581
1670520 1581
1670530 1578
1670540 1574
1670550 1574
1670560 1572
1670570 1571
1670580 1571
1670590 1570
1670600 1568
1670610 1567
1670620 1567
1670630 1567
1670640 1569
1670650 1569
1670660 1568
1670670 1567
1670680 1567
1670690 1566
1670700 1566
1670710 1566
1670720 1565
1670730 1563
1670740 1563
1670750 1563
1670760 1562
1670770 1562
1670780 1561
1670790 1560
1670800 1560
1670810 1560
1670820 1559
1670830 1559
1670840 1559
1670850 1558
1670860 1558
1670870 1558
1670880 1556
1670890 1554
1670900 1554
1670910 1550
1670920 1546
1670930 1546
1670940 1544
1670950 1541
1670960 1540
1670970 1540
1670980 1537
1670990 1536
1671000 1536
1671010 1534
1671020 1533
1671030 1533
1671040 1531
1671050 1531
1671060 1531
1671070 1533
1671080 1535
1671090 1535
1671100 1535
1671110 1534
1671120 1534
1671130 1534
1671140 1533
1671150 1533
1671160 1533
1671170 1533
1671180 1532
1671190 1532
1671200 1532
1671210 1532
1671220 1532
1671230 1532
1671240 1532
1671250 1532
1671260 1533
1671270 1532
1671280 1532
1671290 1532
1671300 1532
1671310 1532
1671320 1531
1671330 1529
1671340 1528
1671350 1528
1671360 1527
1671370 1526
1671380 1526
1671390 1525
1671400 1525
1671410 1525
1671420 1525
1671430 1525
1671440 1525
1671450 1525
1671460 1523
1671470 1523
1671480 1521
1671490 1519
1671500 1517
1671510 1517
1671520 1516
1671530 1513
1671540 1513
1671550 1511
1671560 1509
1671570 1509
1671580 1507
1671590 1505
1671600 1505
1671610 1504
1671620 1503
1671630 1503
1671640 1500
1671650 1496
1671660 1496
1671670 1495
1671680 1493
1671690 1491
1671700 1491
1671710 1490
1671720 1489
1671730 1489
1671740 1487
1671750 1486
1671760 1486
1671770 1484
1671780 1483
1671790 1483
1671800 1479
1671810 1476
1671820 1476
1671830 1473
1671840 1471
1671850 1469
1671860 1469
1671870 1467
1671880 1465
1671890 1465
1671900 1463
1671910 1461
1671920 1461
1671930 1459
1671940 1457
1671950 1457
1671960 1455
1671970 1454
1671980 1454
1671990 1452
1672000 1451
1672010 1451
1672020 1448
1672030 1445
1672040 1442
1672050 1442
1672060 1439
1672070 1436
1672080 1436
1672090 1434
1672100 1433
1672110 1433
1672120 1432
1672130 1429
1672140 1429
1672150 1427
1672160 1426
1672170 1426
1672180 1424
1672190 1424
1672200 1423
1672210 1423
1672220 1422
1672230 1421
1672240 1421
1672250 1421
1672260 1419
1672270 1419
1672280 1417
1672290 1415
1672300 1415
1672310 1414
1672320 1414
1672330 1414
1672340 1414
1672350 1413
1672360 1413
1672370 1412
1672380 1408
1672390 1407
1672400 1407
1672410 1405
1672420 1403
1672430 1403
1672440 1400
1672450 1397
1672460 1397
1672470 1394
1672480 1396
1672490 1396
1672500 1399
1672510 1400
1672520 1400
1672530 1398
1672540 1398
1672550 1398
1672560 1398
1672570 1398
1672580 1397
1672590 1397
1672600 1397
1672610 1397
1672620 1397
1672630 1396
1672640 1395
1672650 1395
1672660 1394
1672670 1394
1672680 1394
1672690 1392
1672700 1390
1672710 1390
1672720 1388
1672730 1388
1672740 1387
1672750 1387
1672760 1387
1672770 1386
1672780 1386
1672790 1385
1672800 1384
1672810 1384
1672820 1383
1672830 1382
1672840 1382
1672850 1382
1672860 1382
1672870 1382
1672880 1382
1672890 1382
1672900 1382
1672910 1381
1672920 1379
1672930 1380
1672940 1380
1672950 1379
1672960 1379
1672970 1379
1672980 1379
1672990 1379
1673000 1379
1673010 1379
1673020 1378
1673030 1378
1673040 1377
1673050 1376
1673060 1376
1673070 1375
1673080 1374
1673090 1374
1673100 1374
1673110 1371
1673120 1368
1673130 1368
1673140 1365
1673150 1363
1673160 1363
1673170 1362
1673180 1362
1673190 1362
1673200 1360
1673210 1359
1673220 1359
1673230 1358
1673240 1356
1673250 1356
1673260 1356
1673270 1356
1673280 1356
1673290 1356
1673300 1355
1673310 1354
1673320 1354
1673330 1354
1673340 1353
1673350 1353
1673360 1352
1673370 1352
1673380 1352
1673390 1352
1673400 1351
1673410 1351
1673420 1350
1673430 1349
1673440 1347
1673450 1347
1673460 1347
1673470 1345
1673480 1345
1673490 1344
1673500 1342
1673510 1342
1673520 1341
1673530 1341
1673540 1341
1673550 1342
1673560 1344
1673570 1344
1673580 1345
1673590 1345
1673600 1345
1673610 1346
1673620 1346
1673630 1345
1673640 1345
1673650 1343
1673660 1342
1673670 1342
1673680 1343
1673690 1344
1673700 1344
1673710 1344
1673720 1344
1673730 1344
1673740 1344
1673750 1344
1673760 1344
1673770 1345
1673780 1347
1673790 1348
1673800 1348
1673810 1349
1673820 1349
1673830 1349
1673840 1349
1673850 1350
1673860 1350
1673870 1350
1673880 1351
1673890 1351
1673900 1352
1673910 1353
1673920 1353
1673930 1355
1673940 1356
1673950 1356
1673960 1357
1673970 1359
1673980 1362
1673990 1362
1674000 1365
1674010 1366
1674020 1366
1674030 1367
1674040 1368
1674050 1368
1674060 1370
1674070 1371
1674080 1371
1674090 1373
1674100 1374
1674110 1374
1674120 1375
1674130 1376
1674140 1377
1674150 1377
1674160 1377
1674170 1377
1674180 1377
1674190 1376
1674200 1376
1674210 1376
1674220 1376
1674230 1375
1674240 1375
1674250 1374
1674260 1373
1674270 1373
1674280 1372
1674290 1370
1674300 1370
1674310 1369
1674320 1367
1674330 1367
1674340 1367
1674350 1366
1674360 1366
1674370 1366
1674380 1366
1674390 1366
1674400 1366
1674410 1364
1674420 1363
1674430 1363
1674440 1364
1674450 1364
1674460 1364
1674470 1362
1674480 1358
1674490 1358
1674500 1357
1674510 1356
1674520 1356
1674530 1356
1674540 1354
1674550 1351
1674560 1351
1674570 1348
1674580 1347
1674590 1347
1674600 1341
1674610 1337
1674620 1337
1674630 1333
1674640 1327
1674650 1327
1674660 1320
1674670 1315
1674680 1311
1674690 1311
1674700 1309
1674710 1307
1674720 1307
1674730 1304
1674740 1301
1674750 1301
1674760 1298
1674770 1295
1674780 1295
1674790 1293
1674800 1291
1674810 1291
1674820 1289
1674830 1285
1674840 1285
1674850 1279
1674860 1274
1674870 1271
1674880 1271
1674890 1268
1674900 1267
1674910 1267
1674920 1265
1674930 1262
1674940 1262
1674950 1261
1674960 1259
1674970 1259
1674980 1256
1674990 1254
1675000 1254
1675010 1253
1675020 1253
1675030 1253
1675040 1253
1675050 1253
1675060 1252
1675070 1252
1675080 1250
1675090 1247
1675100 1247
1675110 1242
1675120 1237
1675130 1237
1675140 1233
1675150 1227
1675160 1227
1675170 1219
1675180 1214
1675190 1214
1675200 1210
1675210 1206
1675220 1202
1675230 1202
1675240 1198
1675250 1197
1675260 1197
1675270 1198
1675280 1202
1675290 1202
1675300 1205
1675310 1210
1675320 1210
1675330 1209
1675340 1213
1675350 1213
1675360 1214
1675370 1215
1675380 1216
1675390 1216
1675400 1217
1675410 1218
1675420 1218
1675430 1219
1675440 1220
1675450 1220
1675460 1221
1675470 1221
1675480 1221
1675490 1221
1675500 1221
1675510 1221
1675520 1222
1675530 1223
1675540 1223
1675550 1223
1675560 1225
1675570 1226
1675580 1226
1675590 1227
1675600 1228
1675610 1228
1675620 1230
1675630 1230
1675640 1230
1675650 1231
1675660 1230
1675670 1230
1675680 1227
1675690 1226
1675700 1226
1675710 1224
1675720 1223
1675730 1223
1675740 1222
1675750 1221
1675760 1220
1675770 1220
1675780 1219
1675790 1217
1675800 1217
1675810 1216
1675820 1214
1675830 1214
1675840 1212
1675850 1211
1675860 1211
1675870 1209
1675880 1207
1675890 1207
1675900 1205
1675910 1204
1675920 1202
1675930 1202
1675940 1200
1675950 1198
1675960 1198
1675970 1195
1675980 1191
1675990 1191
1676000 1187
1676010 1185
1676020 1185
1676030 1181
1676040 1180
1676050 1180
1676060 1176
1676070 1172
1676080 1172
1676090 1169
1676100 1168
1676110 1166
1676120 1166
1676130 1164
1676140 1162
1676150 1162
1676160 1158
1676170 1156
1676180 1156
1676190 1154
1676200 1150
1676210 1150
1676220 1149
1676230 1146
1676240 1146
1676250 1144
1676260 1142
1676270 1144
1676280 1144
1676290 1143
1676300 1141
1676310 1141
1676320 1141
1676330 1140
1676340 1140
1676350 1139
1676360 1138
1676370 1138
1676380 1137
1676390 1138
1676400 1138
1676410 1135
1676420 1135
1676430 1135
1676440 1135
1676450 1133
1676460 1132
1676470 1132
1676480 1131
1676490 1130
1676500 1130
1676510 1130
1676520 1132
1676530 1132
1676540 1134
1676550 1138
1676560 1138
1676570 1143
1676580 1149
1676590 1149
1676600 1155
1676610 1160
1676620 1166
1676630 1166
1676640 1177
1676650 1184
1676660 1184
1676670 1189
1676680 1195
1676690 1195
1676700 1198
1676710 1201
1676720 1201
1676730 1201
1676740 1200
1676750 1200
1676760 1199
1676770 1198
1676780 1198
1676790 1197
1676800 1195
1676810 1193
1676820 1193
1676830 1191
1676840 1188
1676850 1188
1676860 1186
1676870 1183
1676880 1183
1676890 1180
1676900 1174
1676910 1174
1676920 1168
1676930 1161
1676940 1161
1676950 1156
1676960 1153
1676970 1150
1676980 1150
1676990 1147
1677000 1142
1677010 1142
1677020 1137
1677030 1130
1677040 1130
1677050 1124
1677060 1117
1677070 1117
1677080 1111
1677090 1104
1677100 1104
1677110 1098
1677120 1091
1677130 1091
1677140 1084
1677150 1078
1677160 1065
1677170 1065
1677180 1064
1677190 1071
1677200 1071
1677210 1077
1677220 1081
1677230 1081
1677240 1085
1677250 1088
1677260 1088
1677270 1092
1677280 1096
1677290 1096
1677300 1101
1677310 1102
1677320 1102
1677330 1106
1677340 1109
1677350 1111
1677360 1111
1677370 1114
1677380 1116
1677390 1116
1677400 1118
1677410 1118
1677420 1118
1677430 1119
1677440 1120
1677450 1120
1677460 1120
1677470 1120
1677480 1120
1677490 1120
1677500 1120
1677510 1120
1677520 1120
1677530 1119
1677540 1119
1677550 1119
1677560 1120
1677570 1121
1677580 1121
1677590 1121
1677600 1120
1677610 1120
1677620 1120
1677630 1120
1677640 1120
1677650 1119
1677660 1119
1677670 1119
1677680 1119
1677690 1120
1677700 1121
1677710 1121
1677720 1121
1677730 1122
1677740 1122
1677750 1122
1677760 1122
1677770 1122
1677780 1121
1677790 1120
1677800 1120
1677810 1120
1677820 1121
1677830 1121
1677840 1121
1677850 1121
1677860 1120
1677870 1120
1677880 1119
1677890 1118
1677900 1118
1677910 1118
1677920 1117
1677930 1117
1677940 1116
1677950 1115
1677960 1115
1677970 1115
1677980 1114
1677990 1114
1678000 1113
1678010 1111
1678020 1111
1678030 1110
1678040 1108
1678050 1103
1678060 1103
1678070 1100
1678080 1100
1678090 1100
1678100 1099
1678110 1097
1678120 1097
1678130 1095
1678140 1095
1678150 1095
1678160 1095
1678170 1095
1678180 1095
1678190 1095
1678200 1094
1678210 1094
1678220 1094
1678230 1092
1678240 1089
1678250 1089
1678260 1085
1678270 1084
1678280 1084
1678290 1083
1678300 1086
1678310 1086
1678320 1087
1678330 1087
1678340 1087
1678350 1088
1678360 1086
1678370 1086
1678380 1088
1678390 1089
1678400 1091
1678410 1091
1678420 1092
1678430 1092
1678440 1092
1678450 1092
1678460 1093
1678470 1093
1678480 1093
1678490 1094
1678500 1094
1678510 1096
1678520 1097
1678530 1097
1678540 1099
1678550 1100
1678560 1100
1678570 1100
1678580 1101
1678590 1102
1678600 1102
1678610 1103
1678620 1104
1678630 1104
1678640 1104
1678650 1105
1678660 1105
1678670 1105
1678680 1106
1678690 1106
1678700 1108
1678710 1110
1678720 1110
1678730 1111
1678740 1112
1678750 1112
1678760 1112
1678770 1114
1678780 1115
1678790 1115
1678800 1116
1678810 1117
1678820 1117
1678830 1118
1678840 1119
1678850 1119
1678860 1120
1678870 1121
1678880 1121
1678890 1122
1678900 1122
1678910 1122
1678920 1123
1678930 1123
1678940 1123
1678950 1123
1678960 1123
1678970 1123
1678980 1123
1678990 1122
1679000 1121
1679010 1121
1679020 1121
1679030 1121
1679040 1121
1679050 1120
1679060 1118
1679070 1118
1679080 1117
1679090 1116
1679100 1115
1679110 1115
1679120 1113
1679130 1109
1679140 1109
1679150 1106
1679160 1105
1679170 1105
1679180 1104
1679190 1103
1679200 1103
1679210 1102
1679220 1103
1679230 1103
1679240 1102
1679250 1102
1679260 1102
1679270 1101
1679280 1101
1679290 1101
1679300 1101
1679310 1102
1679320 1102
1679330 1102
1679340 1101
1679350 1102
1679360 1102
1679370 1102
1679380 1103
1679390 1103
1679400 1104
1679410 1105
1679420 1105
1679430 1105
1679440 1105
1679450 1105
1679460 1105
1679470 1103
1679480 1103
1679490 1103
1679500 1101
1679510 1100
1679520 1100
1679530 1098
1679540 1097
1679550 1097
1679560 1095
1679570 1093
1679580 1093
1679590 1091
1679600 1086
1679610 1086
1679620 1080
1679630 1076
1679640 1072
1679650 1072
1679660 1068
1679670 1068
1679680 1068
1679690 1068
1679700 1071
1679710 1071
1679720 1074
1679730 1076
1679740 1076
1679750 1078
1679760 1079
1679770 1079
1679780 1078
1679790 1077
1679800 1076
1679810 1076
1679820 1075
1679830 1075
1679840 1075
1679850 1074
1679860 1072
1679870 1072
1679880 1070
1679890 1067
1679900 1067
1679910 1064
1679920 1061
1679930 1061
1679940 1058
1679950 1055
1679960 1055
1679970 1052
1679980 1050
1679990 1045
