1666440 1817
1666450 1817
1666460 1816
1666470 1816
1666480 1816
1666490 1816
1666500 1815
1666510 1815
1666520 1814
1666530 1814
1666540 1813
1666550 1813
1666560 1813
1666570 1812
1666580 1812
1666590 1811
1666600 1810
1666610 1810
1666620 1808
1666630 1805
1666640 1805
1666650 1796
1666660 1788
1666670 1788
1666680 1785
1666690 1784
1666700 1784
1666710 1782
1666720 1780
1666730 1779
1666740 1779
1666750 1780
1666760 1777
1666770 1777
1666780 1775
1666790 1775
1666800 1775
1666810 1773
1666820 1771
1666830 1771
1666840 1769
1666850 1767
1666860 1767
1666870 1766
1666880 1771
1666890 1775
1666900 1775
1666910 1779
1666920 1785
1666930 1785
1666940 1791
1666950 1796
1666960 1796
1666970 1801
1666980 1804
1666990 1804
1667000 1808
1667010 1811
1667020 1811
1667030 1814
1667040 1816
1667050 1816
1667060 1817
1667070 1817
1667080 1816
1667090 1816
1667100 1816
1667110 1818
1667120 1818
1667130 1819
1667140 1822
1667150 1822
1667160 1826
1667170 1832
1667180 1832
1667190 1839
1667200 1843
1667210 1843
1667220 1847
1667230 1850
1667240 1856
1667250 1856
1667260 1862
1667270 1878
1667280 1878
1667290 1885
1667300 1893
1667310 1893
1667320 1901
1667330 1909
1667340 1909
1667350 1916
1667360 1923
1667370 1923
1667380 1929
1667390 1935
1667400 1935
1667410 1941
1667420 1947
1667430 1952
1667440 1952
1667450 1958
1667460 1961
1667470 1961
1667480 1964
1667490 1968
1667500 1968
1667510 1970
1667520 1970
1667530 1970
1667540 1970
1667550 1970
1667560 1970
1667570 1970
1667580 1969
1667590 1969
1667600 1967
1667610 1965
1667620 1963
1667630 1963
1667640 1960
1667650 1957
1667660 1957
1667670 1954
1667680 1952
1667690 1952
1667700 1949
1667710 1946
1667720 1946
1667730 1943
1667740 1940
1667750 1940
1667760 1937
1667770 1933
1667780 1930
1667790 1930
1667800 1928
1667810 1926
1667820 1926
1667830 1924
1667840 1922
1667850 1922
1667860 1920
1667870 1918
1667880 1918
1667890 1916
1667900 1914
1667910 1914
1667920 1911
1667930 1908
1667940 1908
1667950 1906
1667960 1903
1667970 1900
1667980 1900
1667990 1897
1668000 1895
1668010 1895
1668020 1892
1668030 1888
1668040 1888
1668050 1886
1668060 1885
1668070 1885
1668080 1882
1668090 1880
1668100 1880
1668110 1878
1668120 1877
1668130 1875
1668140 1875
1668150 1874
1668160 1872
1668170 1872
1668180 1870
1668190 1869
1668200 1869
1668210 1868
1668220 1866
1668230 1866
1668240 1865
1668250 1863
1668260 1863
1668270 1862
1668280 1860
1668290 1860
1668300 1859
1668310 1858
1668320 1856
1668330 1856
1668340 1854
1668350 1851
1668360 1851
1668370 1848
1668380 1845
1668390 1845
1668400 1843
1668410 1842
1668420 1842
1668430 1840
1668440 1838
1668450 1838
1668460 1835
1668470 1832
1668480 1830
1668490 1830
1668500 1827
1668510 1824
1668520 1824
1668530 1820
1668540 1818
1668550 1818
1668560 1815
1668570 1811
1668580 1811
1668590 1807
1668600 1804
1668610 1804
1668620 1801
1668630 1798
1668640 1798
1668650 1795
1668660 1791
1668670 1787
1668680 1787
1668690 1785
1668700 1781
1668710 1781
1668720 1777
1668730 1778
1668740 1778
1668750 1778
1668760 1777
1668770 1777
1668780 1776
1668790 1776
1668800 1776
1668810 1775
1668820 1774
1668830 1774
1668840 1772
1668850 1771
1668860 1769
1668870 1769
1668880 1767
1668890 1763
1668900 1763
1668910 1760
1668920 1759
1668930 1759
1668940 1757
1668950 1756
1668960 1756
1668970 1755
1668980 1754
1668990 1754
1669000 1754
1669010 1753
1669020 1753
1669030 1753
1669040 1753
1669050 1752
1669060 1752
1669070 1751
1669080 1750
1669090 1750
1669100 1749
1669110 1747
1669120 1747
1669130 1746
1669140 1743
1669150 1743
1669160 1742
1669170 1740
1669180 1740
1669190 1738
1669200 1735
1669210 1733
1669220 1733
1669230 1731
1669240 1729
1669250 1729
1669260 1727
1669270 1725
1669280 1725
1669290 1722
1669300 1720
1669310 1720
1669320 1718
1669330 1716
1669340 1716
1669350 1714
1669360 1711
1669370 1710
1669380 1710
1669390 1708
1669400 1708
1669410 1708
1669420 1706
1669430 1705
1669440 1705
1669450 1704
1669460 1702
1669470 1702
1669480 1700
1669490 1699
1669500 1699
1669510 1698
1669520 1697
1669530 1697
1669540 1694
1669550 1692
1669560 1691
1669570 1691
1669580 1690
1669590 1689
1669600 1689
1669610 1688
1669620 1686
1669630 1686
1669640 1685
1669650 1685
1669660 1685
1669670 1686
1669680 1686
1669690 1686
1669700 1686
1669710 1686
1669720 1686
1669730 1686
1669740 1686
1669750 1687
1669760 1687
1669770 1687
1669780 1687
1669790 1687
1669800 1687
1669810 1688
1669820 1688
1669830 1685
1669840 1684
1669850 1684
1669860 1683
1669870 1681
1669880 1681
1669890 1680
1669900 1678
1669910 1677
1669920 1677
1669930 1675
1669940 1674
1669950 1674
1669960 1672
1669970 1671
1669980 1671
1669990 1669
1670000 1668
1670010 1668
1670020 1666
1670030 1664
1670040 1664
1670050 1662
1670060 1660
1670070 1660
1670080 1659
1670090 1656
1670100 1654
1670110 1654
1670120 1652
1670130 1649
1670140 1649
1670150 1646
1670160 1642
1670170 1642
1670180 1635
1670190 1630
1670200 1630
1670210 1627
1670220 1625
1670230 1625
1670240 1622
1670250 1625
1670260 1626
1670270 1626
1670280 1628
1670290 1629
1670300 1629
1670310 1631
1670320 1631
1670330 1631
1670340 1632
1670350 1632
1670360 1632
1670370 1632
1670380 1631
1670390 1631
1670400 1631
1670410 1631
1670420 1631
1670430 1630
1670440 1629
1670450 1628
1670460 1628
1670470 1624
1670480 1627
1670490 1627
1670500 1627
1670510 1627
1670520 1627
1670530 1627
1670540 1627
1670550 1627
1670560 1628
1670570 1628
1670580 1628
1670590 1627
1670600 1627
1670610 1626
1670620 1626
1670630 1625
1670640 1624
1670650 1624
1670660 1623
1670670 1621
1670680 1621
1670690 1621
1670700 1620
1670710 1620
1670720 1619
1670730 1618
1670740 1618
1670750 1617
1670760 1616
1670770 1616
1670780 1615
1670790 1614
1670800 1612
1670810 1612
1670820 1611
1670830 1610
1670840 1610
1670850 1609
1670860 1609
1670870 1609
1670880 1608
1670890 1607
1670900 1607
1670910 1603
1670920 1601
1670930 1601
1670940 1599
1670950 1598
1670960 1597
1670970 1597
1670980 1596
1670990 1595
1671000 1595
1671010 1594
1671020 1594
1671030 1594
1671040 1593
1671050 1592
1671060 1592
1671070 1591
1671080 1590
1671090 1590
1671100 1588
1671110 1586
1671120 1586
1671130 1584
1671140 1583
1671150 1582
1671160 1582
1671170 1580
1671180 1576
1671190 1576
1671200 1574
1671210 1572
1671220 1572
1671230 1569
1671240 1566
1671250 1566
1671260 1564
1671270 1563
1671280 1563
1671290 1561
1671300 1560
1671310 1560
1671320 1559
1671330 1557
1671340 1556
1671350 1556
1671360 1554
1671370 1553
1671380 1553
1671390 1551
1671400 1548
1671410 1548
1671420 1545
1671430 1541
1671440 1541
1671450 1538
1671460 1536
1671470 1536
1671480 1533
1671490 1530
1671500 1529
1671510 1529
1671520 1528
1671530 1527
1671540 1527
1671550 1526
1671560 1524
1671570 1524
1671580 1523
1671590 1521
1671600 1521
1671610 1517
1671620 1516
1671630 1516
1671640 1512
1671650 1509
1671660 1509
1671670 1507
1671680 1504
1671690 1501
1671700 1501
1671710 1497
1671720 1492
1671730 1492
1671740 1489
1671750 1490
1671760 1490
1671770 1491
1671780 1490
1671790 1490
1671800 1489
1671810 1488
1671820 1488
1671830 1487
1671840 1486
1671850 1486
1671860 1486
1671870 1485
1671880 1483
1671890 1483
1671900 1482
1671910 1480
1671920 1480
1671930 1479
1671940 1478
1671950 1478
1671960 1476
1671970 1474
1671980 1474
1671990 1470
1672000 1467
1672010 1467
1672020 1465
1672030 1464
1672040 1463
1672050 1463
1672060 1462
1672070 1460
1672080 1460
1672090 1458
1672100 1457
1672110 1457
1672120 1456
1672130 1454
1672140 1454
1672150 1452
1672160 1450
1672170 1450
1672180 1447
1672190 1444
1672200 1440
1672210 1440
1672220 1437
1672230 1435
1672240 1435
1672250 1435
1672260 1438
1672270 1438
1672280 1437
1672290 1438
1672300 1438
1672310 1437
1672320 1438
1672330 1438
1672340 1438
1672350 1438
1672360 1438
1672370 1439
1672380 1440
1672390 1441
1672400 1441
1672410 1442
1672420 1442
1672430 1442
1672440 1443
1672450 1444
1672460 1444
1672470 1445
1672480 1446
1672490 1446
1672500 1446
1672510 1447
1672520 1447
1672530 1447
1672540 1447
1672550 1447
1672560 1447
1672570 1447
1672580 1448
1672590 1448
1672600 1448
1672610 1448
1672620 1448
1672630 1448
1672640 1448
1672650 1448
1672660 1448
1672670 1448
1672680 1448
1672690 1448
1672700 1448
1672710 1448
1672720 1449
1672730 1449
1672740 1450
1672750 1450
1672760 1451
1672770 1451
1672780 1451
1672790 1453
1672800 1453
1672810 1453
1672820 1453
1672830 1453
1672840 1453
1672850 1455
1672860 1455
1672870 1455
1672880 1455
1672890 1455
1672900 1455
1672910 1455
1672920 1456
1672930 1456
1672940 1456
1672950 1458
1672960 1459
1672970 1459
1672980 1462
1672990 1465
1673000 1465
1673010 1468
1673020 1467
1673030 1467
1673040 1465
1673050 1466
1673060 1466
1673070 1465
1673080 1463
1673090 1462
1673100 1462
1673110 1463
1673120 1463
1673130 1463
1673140 1462
1673150 1462
1673160 1462
1673170 1461
1673180 1461
1673190 1461
1673200 1460
1673210 1458
1673220 1458
1673230 1455
1673240 1454
1673250 1454
1673260 1454
1673270 1454
1673280 1454
1673290 1454
1673300 1452
1673310 1452
1673320 1452
1673330 1450
1673340 1448
1673350 1448
1673360 1446
1673370 1446
1673380 1446
1673390 1445
1673400 1442
1673410 1442
1673420 1438
1673430 1435
1673440 1432
1673450 1432
1673460 1431
1673470 1430
1673480 1430
1673490 1429
1673500 1427
1673510 1427
1673520 1427
1673530 1425
1673540 1425
1673550 1422
1673560 1420
1673570 1420
1673580 1418
1673590 1416
1673600 1416
1673610 1415
1673620 1414
1673630 1413
1673640 1413
1673650 1412
1673660 1412
1673670 1412
1673680 1411
1673690 1411
1673700 1411
1673710 1411
1673720 1411
1673730 1411
1673740 1411
1673750 1412
1673760 1412
1673770 1412
1673780 1413
1673790 1413
1673800 1413
1673810 1414
1673820 1414
1673830 1414
1673840 1415
1673850 1415
1673860 1415
1673870 1416
1673880 1417
1673890 1417
1673900 1417
1673910 1417
1673920 1417
1673930 1418
1673940 1419
1673950 1419
1673960 1419
1673970 1419
1673980 1419
1673990 1419
1674000 1419
1674010 1419
1674020 1419
1674030 1419
1674040 1419
1674050 1419
1674060 1418
1674070 1418
1674080 1418
1674090 1417
1674100 1417
1674110 1417
1674120 1415
1674130 1414
1674140 1414
1674150 1414
1674160 1413
1674170 1412
1674180 1412
1674190 1411
1674200 1410
1674210 1410
1674220 1408
1674230 1407
1674240 1407
1674250 1404
1674260 1401
1674270 1401
1674280 1399
1674290 1398
1674300 1398
1674310 1396
1674320 1394
1674330 1392
1674340 1392
1674350 1390
1674360 1389
1674370 1389
1674380 1388
1674390 1384
1674400 1384
1674410 1380
1674420 1376
1674430 1376
1674440 1372
1674450 1368
1674460 1368
1674470 1365
1674480 1364
1674490 1364
1674500 1363
1674510 1362
1674520 1361
1674530 1361
1674540 1360
1674550 1360
1674560 1360
1674570 1360
1674580 1359
1674590 1359
1674600 1357
1674610 1357
1674620 1357
1674630 1356
1674640 1355
1674650 1355
1674660 1354
1674670 1353
1674680 1352
1674690 1352
1674700 1351
1674710 1349
1674720 1349
1674730 1348
1674740 1346
1674750 1346
1674760 1345
1674770 1342
1674780 1342
1674790 1340
1674800 1339
1674810 1339
1674820 1337
1674830 1334
1674840 1334
1674850 1332
1674860 1330
1674870 1325
1674880 1325
1674890 1321
1674900 1318
1674910 1318
1674920 1315
1674930 1312
1674940 1312
1674950 1310
1674960 1307
1674970 1307
1674980 1305
1674990 1302
1675000 1302
1675010 1300
1675020 1297
1675030 1297
1675040 1294
1675050 1291
1675060 1289
1675070 1289
1675080 1287
1675090 1285
1675100 1285
1675110 1283
1675120 1280
1675130 1280
1675140 1277
1675150 1274
1675160 1274
1675170 1271
1675180 1268
1675190 1268
1675200 1265
1675210 1263
1675220 1262
1675230 1262
1675240 1260
1675250 1259
1675260 1259
1675270 1256
1675280 1254
1675290 1254
1675300 1252
1675310 1251
1675320 1251
1675330 1250
1675340 1249
1675350 1249
1675360 1248
1675370 1247
1675380 1247
1675390 1246
1675400 1244
1675410 1242
1675420 1242
1675430 1240
1675440 1239
1675450 1239
1675460 1239
1675470 1239
1675480 1239
1675490 1240
1675500 1240
1675510 1240
1675520 1239
1675530 1238
1675540 1238
1675550 1237
1675560 1236
1675570 1235
1675580 1235
1675590 1235
1675600 1231
1675610 1231
1675620 1229
1675630 1229
1675640 1229
1675650 1230
1675660 1232
1675670 1232
1675680 1233
1675690 1234
1675700 1234
1675710 1235
1675720 1237
1675730 1237
1675740 1239
1675750 1241
1675760 1242
1675770 1242
1675780 1243
1675790 1245
1675800 1245
1675810 1246
1675820 1248
1675830 1248
1675840 1250
1675850 1252
1675860 1252
1675870 1253
1675880 1255
1675890 1255
1675900 1257
1675910 1258
1675920 1259
1675930 1259
1675940 1261
1675950 1262
1675960 1262
1675970 1264
1675980 1265
1675990 1265
1676000 1267
1676010 1269
1676020 1269
1676030 1271
1676040 1272
1676050 1272
1676060 1273
1676070 1275
1676080 1275
1676090 1277
1676100 1279
1676110 1279
1676120 1279
1676130 1280
1676140 1281
1676150 1281
1676160 1281
1676170 1282
1676180 1282
1676190 1281
1676200 1281
1676210 1281
1676220 1282
1676230 1282
1676240 1282
1676250 1282
1676260 1281
1676270 1281
1676280 1280
1676290 1279
1676300 1278
1676310 1278
1676320 1276
1676330 1274
1676340 1274
1676350 1270
1676360 1269
1676370 1269
1676380 1266
1676390 1263
1676400 1263
1676410 1261
1676420 1258
1676430 1258
1676440 1254
1676450 1252
1676460 1248
1676470 1248
1676480 1245
1676490 1242
1676500 1242
1676510 1238
1676520 1236
1676530 1236
1676540 1231
1676550 1228
1676560 1228
1676570 1224
1676580 1221
1676590 1221
1676600 1218
1676610 1215
1676620 1215
1676630 1211
1676640 1208
1676650 1204
1676660 1204
1676670 1201
1676680 1198
1676690 1198
1676700 1195
1676710 1193
1676720 1193
1676730 1190
1676740 1186
1676750 1186
1676760 1182
1676770 1179
1676780 1179
1676790 1176
1676800 1172
1676810 1169
1676820 1169
1676830 1164
1676840 1159
1676850 1159
1676860 1155
1676870 1151
1676880 1151
1676890 1147
1676900 1144
1676910 1144
1676920 1142
1676930 1139
1676940 1139
1676950 1136
1676960 1134
1676970 1134
1676980 1133
1676990 1131
1677000 1129
1677010 1129
1677020 1126
1677030 1123
1677040 1123
1677050 1121
1677060 1118
1677070 1118
1677080 1115
1677090 1112
1677100 1112
1677110 1109
1677120 1106
1677130 1106
1677140 1103
1677150 1099
1677160 1096
1677170 1096
1677180 1093
1677190 1087
1677200 1087
1677210 1084
1677220 1082
1677230 1082
1677240 1080
1677250 1077
1677260 1077
1677270 1075
1677280 1073
1677290 1073
1677300 1069
1677310 1063
1677320 1063
1677330 1064
1677340 1065
1677350 1066
1677360 1066
1677370 1064
1677380 1066
1677390 1066
1677400 1065
1677410 1062
1677420 1062
1677430 1058
1677440 1056
1677450 1056
1677460 1054
1677470 1052
1677480 1052
1677490 1050
1677500 1048
1677510 1048
1677520 1048
1677530 1048
1677540 1044
1677550 1044
1677560 1041
1677570 1040
1677580 1040
1677590 1039
1677600 1039
1677610 1039
1677620 1039
1677630 1038
1677640 1038
1677650 1038
1677660 1037
1677670 1037
1677680 1037
1677690 1038
1677700 1042
1677710 1042
1677720 1043
1677730 1044
1677740 1044
1677750 1048
1677760 1051
1677770 1051
1677780 1056
1677790 1057
1677800 1057
1677810 1059
1677820 1062
1677830 1062
1677840 1064
1677850 1067
1677860 1067
1677870 1068
1677880 1070
1677890 1072
1677900 1072
1677910 1072
1677920 1072
1677930 1072
1677940 1072
1677950 1072
1677960 1072
1677970 1072
1677980 1072
1677990 1072
1678000 1074
1678010 1075
1678020 1075
1678030 1073
1678040 1070
1678050 1064
1678060 1064
1678070 1061
1678080 1065
1678090 1065
1678100 1069
1678110 1071
1678120 1071
1678130 1072
1678140 1072
1678150 1072
1678160 1073
1678170 1074
1678180 1074
1678190 1075
1678200 1076
1678210 1076
1678220 1078
1678230 1080
1678240 1081
1678250 1081
1678260 1082
1678270 1081
1678280 1081
1678290 1081
1678300 1079
1678310 1079
1678320 1078
1678330 1077
1678340 1077
1678350 1075
1678360 1072
1678370 1072
1678380 1069
1678390 1065
1678400 1061
1678410 1061
1678420 1057
1678430 1052
1678440 1052
1678450 1047
1678460 1042
1678470 1042
1678480 1035
1678490 1030
1678500 1030
1678510 1023
1678520 1016
1678530 1016
1678540 1013
1678550 1011
1678560 1011
1678570 1006
1678580 1005
1678590 1004
1678600 1004
1678610 1005
1678620 1007
1678630 1007
1678640 1010
1678650 1013
1678660 1013
1678670 1018
1678680 1025
1678690 1025
1678700 1030
1678710 1034
1678720 1034
1678730 1038
1678740 1043
1678750 1043
1678760 1046
1678770 1051
1678780 1056
1678790 1056
1678800 1060
1678810 1065
1678820 1065
1678830 1069
1678840 1073
1678850 1073
1678860 1077
1678870 1081
1678880 1081
1678890 1085
1678900 1088
1678910 1088
1678920 1092
1678930 1095
1678940 1098
1678950 1098
1678960 1100
1678970 1102
1678980 1102
1678990 1105
1679000 1107
1679010 1107
1679020 1108
1679030 1110
1679040 1110
1679050 1112
1679060 1114
1679070 1114
1679080 1116
1679090 1117
1679100 1117
1679110 1116
1679120 1116
1679130 1115
1679140 1115
1679150 1114
1679160 1113
1679170 1113
1679180 1112
1679190 1111
1679200 1111
1679210 1110
1679220 1109
1679230 1109
1679240 1107
1679250 1105
1679260 1105
1679270 1103
1679280 1101
1679290 1100
1679300 1100
1679310 1097
1679320 1094
1679330 1094
1679340 1091
1679350 1089
1679360 1089
1679370 1086
1679380 1082
1679390 1082
1679400 1078
1679410 1075
1679420 1075
1679430 1072
1679440 1069
1679450 1069
1679460 1066
1679470 1063
1679480 1060
1679490 1060
1679500 1057
1679510 1053
1679520 1053
1679530 1048
1679540 1042
1679550 1042
1679560 1034
1679570 1027
1679580 1027
1679590 1019
1679600 1012
1679610 1012
1679620 1005
1679630 998
1679640 994
1679650 994
1679660 991
1679670 988
1679680 988
1679690 986
1679700 983
1679710 983
1679720 980
1679730 977
1679740 977
1679750 973
1679760 970
1679770 970
1679780 968
1679790 967
1679800 967
1679810 967
1679820 967
1679830 966
1679840 966
1679850 966
1679860 963
1679870 963
1679880 959
1679890 953
1679900 953
1679910 946
1679920 945
1679930 945
1679940 943
1679950 939
1679960 939
1679970 936
1679980 934
1679990 934
