1666410 1716
1666420 1716
1666430 1716
1666440 1716
1666450 1716
1666460 1716
1666470 1716
1666480 1716
1666490 1718
1666500 1720
1666510 1720
1666520 1721
1666530 1722
1666540 1722
1666550 1722
1666560 1722
1666570 1723
1666580 1723
1666590 1722
1666600 1722
1666610 1722
1666620 1722
1666630 1723
1666640 1723
1666650 1724
1666660 1720
1666670 1720
1666680 1717
1666690 1722
1666700 1729
1666710 1729
1666720 1733
1666730 1738
1666740 1738
1666750 1744
1666760 1749
1666770 1749
1666780 1752
1666790 1755
1666800 1755
1666810 1759
1666820 1761
1666830 1761
1666840 1764
1666850 1767
1666860 1767
1666870 1770
1666880 1773
1666890 1775
1666900 1775
1666910 1777
1666920 1778
1666930 1778
1666940 1780
1666950 1781
1666960 1781
1666970 1783
1666980 1785
1666990 1785
1667000 1787
1667010 1790
1667020 1790
1667030 1792
1667040 1794
1667050 1796
1667060 1796
1667070 1798
1667080 1801
1667090 1801
1667100 1803
1667110 1805
1667120 1805
1667130 1807
1667140 1811
1667150 1811
1667160 1814
1667170 1817
1667180 1817
1667190 1819
1667200 1822
1667210 1822
1667220 1824
1667230 1826
1667240 1830
1667250 1830
1667260 1833
1667270 1836
1667280 1836
1667290 1839
1667300 1842
1667310 1842
1667320 1845
1667330 1848
1667340 1848
1667350 1851
1667360 1853
1667370 1853
1667380 1855
1667390 1858
1667400 1858
1667410 1862
1667420 1866
1667430 1869
1667440 1869
1667450 1872
1667460 1875
1667470 1875
1667480 1878
1667490 1882
1667500 1882
1667510 1885
1667520 1887
1667530 1887
1667540 1891
1667550 1894
1667560 1894
1667570 1898
1667580 1902
1667590 1906
1667600 1906
1667610 1909
1667620 1912
1667630 1912
1667640 1916
1667650 1919
1667660 1919
1667670 1922
1667680 1925
1667690 1925
1667700 1928
1667710 1931
1667720 1931
1667730 1934
1667740 1937
1667750 1937
1667760 1940
1667770 1943
1667780 1947
1667790 1947
1667800 1949
1667810 1952
1667820 1952
1667830 1955
1667840 1958
1667850 1958
1667860 1961
1667870 1963
1667880 1963
1667890 1965
1667900 1967
1667910 1967
1667920 1969
1667930 1971
1667940 1973
1667950 1973
1667960 1974
1667970 1975
1667980 1975
1667990 1976
1668000 1976
1668010 1976
1668020 1977
1668030 1977
1668040 1977
1668050 1978
1668060 1977
1668070 1977
1668080 1977
1668090 1976
1668100 1976
1668110 1975
1668120 1974
1668130 1973
1668140 1973
1668150 1971
1668160 1970
1668170 1970
1668180 1968
1668190 1966
1668200 1966
1668210 1964
1668220 1962
1668230 1962
1668240 1960
1668250 1957
1668260 1957
1668270 1954
1668280 1951
1668290 1951
1668300 1949
1668310 1946
1668320 1943
1668330 1943
1668340 1941
1668350 1938
1668360 1938
1668370 1936
1668380 1933
1668390 1933
1668400 1930
1668410 1928
1668420 1928
1668430 1925
1668440 1923
1668450 1923
1668460 1921
1668470 1917
1668480 1914
1668490 1914
1668500 1912
1668510 1909
1668520 1909
1668530 1906
1668540 1903
1668550 1903
1668560 1901
1668570 1898
1668580 1898
1668590 1895
1668600 1893
1668610 1893
1668620 1890
1668630 1887
1668640 1887
1668650 1884
1668660 1880
1668670 1878
1668680 1878
1668690 1876
1668700 1874
1668710 1874
1668720 1871
1668730 1868
1668740 1868
1668750 1866
1668760 1864
1668770 1864
1668780 1861
1668790 1859
1668800 1859
1668810 1856
1668820 1853
1668830 1851
1668840 1851
1668850 1848
1668860 1846
1668870 1846
1668880 1844
1668890 1842
1668900 1842
1668910 1840
1668920 1838
1668930 1838
1668940 1837
1668950 1836
1668960 1836
1668970 1834
1668980 1833
1668990 1833
1669000 1832
1669010 1830
1669020 1829
1669030 1829
1669040 1828
1669050 1827
1669060 1827
1669070 1827
1669080 1826
1669090 1826
1669100 1825
1669110 1824
1669120 1824
1669130 1823
1669140 1822
1669150 1822
1669160 1821
1669170 1820
1669180 1820
1669190 1819
1669200 1818
1669210 1818
1669220 1818
1669230 1818
1669240 1817
1669250 1817
1669260 1817
1669270 1817
1669280 1817
1669290 1818
1669300 1818
1669310 1818
1669320 1819
1669330 1819
1669340 1819
1669350 1819
1669360 1818
1669370 1818
1669380 1818
1669390 1818
1669400 1818
1669410 1818
1669420 1819
1669430 1820
1669440 1820
1669450 1820
1669460 1820
1669470 1820
1669480 1820
1669490 1820
1669500 1820
1669510 1819
1669520 1818
1669530 1818
1669540 1817
1669550 1816
1669560 1815
1669570 1815
1669580 1812
1669590 1810
1669600 1810
1669610 1808
1669620 1806
1669630 1806
1669640 1804
1669650 1802
1669660 1802
1669670 1800
1669680 1799
1669690 1799
1669700 1797
1669710 1795
1669720 1794
1669730 1794
1669740 1793
1669750 1791
1669760 1791
1669770 1790
1669780 1790
1669790 1790
1669800 1789
1669810 1788
1669820 1788
1669830 1788
1669840 1788
1669850 1788
1669860 1787
1669870 1786
1669880 1786
1669890 1786
1669900 1785
1669910 1784
1669920 1784
1669930 1784
1669940 1783
1669950 1783
1669960 1782
1669970 1782
1669980 1782
1669990 1781
1670000 1781
1670010 1781
1670020 1781
1670030 1780
1670040 1780
1670050 1780
1670060 1780
1670070 1780
1670080 1780
1670090 1780
1670100 1780
1670110 1780
1670120 1780
1670130 1780
1670140 1780
1670150 1779
1670160 1779
1670170 1779
1670180 1779
1670190 1779
1670200 1779
1670210 1779
1670220 1779
1670230 1779
1670240 1778
1670250 1778
1670260 1778
1670270 1778
1670280 1779
1670290 1779
1670300 1779
1670310 1779
1670320 1779
1670330 1779
1670340 1779
1670350 1779
1670360 1779
1670370 1779
1670380 1778
1670390 1778
1670400 1778
1670410 1778
1670420 1778
1670430 1777
1670440 1776
1670450 1775
1670460 1775
1670470 1774
1670480 1773
1670490 1773
1670500 1771
1670510 1769
1670520 1769
1670530 1767
1670540 1765
1670550 1765
1670560 1763
1670570 1761
1670580 1761
1670590 1759
1670600 1757
1670610 1755
1670620 1755
1670630 1753
1670640 1751
1670650 1751
1670660 1749
1670670 1746
1670680 1746
1670690 1744
1670700 1741
1670710 1741
1670720 1739
1670730 1736
1670740 1736
1670750 1733
1670760 1731
1670770 1731
1670780 1728
1670790 1725
1670800 1722
1670810 1722
1670820 1720
1670830 1717
1670840 1717
1670850 1714
1670860 1710
1670870 1710
1670880 1708
1670890 1705
1670900 1705
1670910 1703
1670920 1700
1670930 1700
1670940 1697
1670950 1695
1670960 1695
1670970 1691
1670980 1690
1670990 1687
1671000 1687
1671010 1684
1671020 1681
1671030 1681
1671040 1679
1671050 1676
1671060 1676
1671070 1674
1671080 1672
1671090 1672
1671100 1670
1671110 1668
1671120 1668
1671130 1666
1671140 1664
1671150 1663
1671160 1663
1671170 1660
1671180 1659
1671190 1659
1671200 1656
1671210 1654
1671220 1654
1671230 1653
1671240 1651
1671250 1651
1671260 1649
1671270 1648
1671280 1648
1671290 1646
1671300 1644
1671310 1644
1671320 1643
1671330 1641
1671340 1640
1671350 1640
1671360 1639
1671370 1637
1671380 1637
1671390 1635
1671400 1634
1671410 1634
1671420 1633
1671430 1631
1671440 1631
1671450 1629
1671460 1627
1671470 1627
1671480 1625
1671490 1626
1671500 1625
1671510 1625
1671520 1626
1671530 1625
1671540 1625
1671550 1624
1671560 1624
1671570 1624
1671580 1624
1671590 1624
1671600 1624
1671610 1624
1671620 1624
1671630 1624
1671640 1625
1671650 1625
1671660 1625
1671670 1626
1671680 1627
1671690 1628
1671700 1628
1671710 1628
1671720 1629
1671730 1629
1671740 1630
1671750 1630
1671760 1630
1671770 1631
1671780 1631
1671790 1631
1671800 1631
1671810 1630
1671820 1630
1671830 1628
1671840 1627
1671850 1627
1671860 1627
1671870 1627
1671880 1628
1671890 1628
1671900 1628
1671910 1629
1671920 1629
1671930 1629
1671940 1628
1671950 1628
1671960 1627
1671970 1626
1671980 1626
1671990 1625
1672000 1623
1672010 1623
1672020 1621
1672030 1619
1672040 1617
1672050 1617
1672060 1615
1672070 1613
1672080 1613
1672090 1612
1672100 1610
1672110 1610
1672120 1609
1672130 1606
1672140 1606
1672150 1604
1672160 1601
1672170 1601
1672180 1598
1672190 1595
1672200 1595
1672210 1592
1672220 1589
1672230 1585
1672240 1585
1672250 1582
1672260 1579
1672270 1579
1672280 1576
1672290 1574
1672300 1574
1672310 1570
1672320 1567
1672330 1567
1672340 1564
1672350 1560
1672360 1560
1672370 1556
1672380 1552
1672390 1549
1672400 1549
1672410 1547
1672420 1544
1672430 1544
1672440 1541
1672450 1536
1672460 1536
1672470 1533
1672480 1531
1672490 1531
1672500 1528
1672510 1525
1672520 1525
1672530 1524
1672540 1521
1672550 1521
1672560 1516
1672570 1513
1672580 1510
1672590 1510
1672600 1508
1672610 1506
1672620 1506
1672630 1504
1672640 1499
1672650 1499
1672660 1497
1672670 1494
1672680 1494
1672690 1491
1672700 1488
1672710 1488
1672720 1486
1672730 1484
1672740 1484
1672750 1482
1672760 1480
1672770 1479
1672780 1479
1672790 1478
1672800 1475
1672810 1475
1672820 1474
1672830 1472
1672840 1472
1672850 1470
1672860 1468
1672870 1468
1672880 1466
1672890 1464
1672900 1464
1672910 1463
1672920 1462
1672930 1460
1672940 1460
1672950 1459
1672960 1458
1672970 1458
1672980 1457
1672990 1456
1673000 1456
1673010 1455
1673020 1454
1673030 1454
1673040 1452
1673050 1450
1673060 1450
1673070 1449
1673080 1447
1673090 1447
1673100 1446
1673110 1444
1673120 1443
1673130 1443
1673140 1441
1673150 1441
1673160 1441
1673170 1440
1673180 1438
1673190 1438
1673200 1437
1673210 1435
1673220 1435
1673230 1433
1673240 1434
1673250 1434
1673260 1434
1673270 1434
1673280 1433
1673290 1433
1673300 1432
1673310 1432
1673320 1432
1673330 1431
1673340 1430
1673350 1430
1673360 1428
1673370 1427
1673380 1427
1673390 1426
1673400 1425
1673410 1425
1673420 1423
1673430 1422
1673440 1422
1673450 1422
1673460 1421
1673470 1420
1673480 1420
1673490 1420
1673500 1419
1673510 1419
1673520 1418
1673530 1417
1673540 1417
1673550 1417
1673560 1416
1673570 1416
1673580 1414
1673590 1413
1673600 1413
1673610 1412
1673620 1411
1673630 1411
1673640 1410
1673650 1410
1673660 1409
1673670 1409
1673680 1407
1673690 1406
1673700 1406
1673710 1405
1673720 1404
1673730 1404
1673740 1403
1673750 1402
1673760 1402
1673770 1400
1673780 1399
1673790 1399
1673800 1399
1673810 1397
1673820 1396
1673830 1396
1673840 1395
1673850 1394
1673860 1394
1673870 1393
1673880 1392
1673890 1392
1673900 1390
1673910 1389
1673920 1389
1673930 1388
1673940 1387
1673950 1387
1673960 1386
1673970 1386
1673980 1386
1673990 1384
1674000 1383
1674010 1382
1674020 1382
1674030 1381
1674040 1380
1674050 1380
1674060 1379
1674070 1378
1674080 1378
1674090 1377
1674100 1377
1674110 1377
1674120 1374
1674130 1369
1674140 1369
1674150 1366
1674160 1364
1674170 1363
1674180 1363
1674190 1361
1674200 1360
1674210 1360
1674220 1358
1674230 1356
1674240 1356
1674250 1355
1674260 1352
1674270 1352
1674280 1349
1674290 1347
1674300 1347
1674310 1346
1674320 1343
1674330 1343
1674340 1343
1674350 1342
1674360 1341
1674370 1341
1674380 1341
1674390 1340
1674400 1340
1674410 1340
1674420 1339
1674430 1339
1674440 1338
1674450 1338
1674460 1338
1674470 1338
1674480 1338
1674490 1338
1674500 1338
1674510 1337
1674520 1337
1674530 1337
1674540 1337
1674550 1337
1674560 1337
1674570 1337
1674580 1337
1674590 1337
1674600 1338
1674610 1338
1674620 1338
1674630 1339
1674640 1339
1674650 1339
1674660 1339
1674670 1340
1674680 1340
1674690 1341
1674700 1342
1674710 1342
1674720 1342
1674730 1342
1674740 1341
1674750 1341
1674760 1341
1674770 1340
1674780 1340
1674790 1340
1674800 1339
1674810 1339
1674820 1338
1674830 1338
1674840 1338
1674850 1337
1674860 1336
1674870 1336
1674880 1335
1674890 1334
1674900 1334
1674910 1334
1674920 1333
1674930 1332
1674940 1332
1674950 1332
1674960 1331
1674970 1331
1674980 1331
1674990 1329
1675000 1329
1675010 1328
1675020 1326
1675030 1326
1675040 1324
1675050 1323
1675060 1321
1675070 1321
1675080 1319
1675090 1318
1675100 1318
1675110 1316
1675120 1316
1675130 1316
1675140 1314
1675150 1312
1675160 1312
1675170 1312
1675180 1310
1675190 1310
1675200 1309
1675210 1307
1675220 1307
1675230 1305
1675240 1304
1675250 1302
1675260 1302
1675270 1300
1675280 1298
1675290 1298
1675300 1297
1675310 1294
1675320 1294
1675330 1293
1675340 1290
1675350 1290
1675360 1289
1675370 1287
1675380 1287
1675390 1285
1675400 1285
1675410 1285
1675420 1284
1675430 1282
1675440 1280
1675450 1280
1675460 1277
1675470 1275
1675480 1275
1675490 1273
1675500 1272
1675510 1272
1675520 1271
1675530 1269
1675540 1269
1675550 1268
1675560 1267
1675570 1267
1675580 1265
1675590 1264
1675600 1262
1675610 1262
1675620 1261
1675630 1261
1675640 1261
1675650 1259
1675660 1258
1675670 1258
1675680 1259
1675690 1259
1675700 1259
1675710 1259
1675720 1258
1675730 1258
1675740 1258
1675750 1257
1675760 1257
1675770 1257
1675780 1256
1675790 1255
1675800 1255
1675810 1255
1675820 1254
1675830 1254
1675840 1254
1675850 1254
1675860 1254
1675870 1253
1675880 1251
1675890 1251
1675900 1250
1675910 1249
1675920 1249
1675930 1248
1675940 1247
1675950 1245
1675960 1245
1675970 1243
1675980 1240
1675990 1240
1676000 1239
1676010 1238
1676020 1238
1676030 1237
1676040 1236
1676050 1236
1676060 1235
1676070 1234
1676080 1234
1676090 1233
1676100 1233
1676110 1233
1676120 1232
1676130 1232
1676140 1231
1676150 1231
1676160 1230
1676170 1229
1676180 1229
1676190 1227
1676200 1226
1676210 1226
1676220 1225
1676230 1224
1676240 1224
1676250 1222
1676260 1221
1676270 1221
1676280 1220
1676290 1219
1676300 1219
1676310 1219
1676320 1218
1676330 1218
1676340 1218
1676350 1217
1676360 1216
1676370 1216
1676380 1215
1676390 1214
1676400 1214
1676410 1213
1676420 1212
1676430 1212
1676440 1211
1676450 1209
1676460 1209
1676470 1208
1676480 1207
1676490 1207
1676500 1207
1676510 1206
1676520 1205
1676530 1205
1676540 1205
1676550 1203
1676560 1203
1676570 1202
1676580 1199
1676590 1199
1676600 1196
1676610 1194
1676620 1194
1676630 1192
1676640 1190
1676650 1190
1676660 1189
1676670 1187
1676680 1186
1676690 1186
1676700 1185
1676710 1184
1676720 1184
1676730 1183
1676740 1181
1676750 1181
1676760 1180
1676770 1178
1676780 1178
1676790 1177
1676800 1176
1676810 1176
1676820 1175
1676830 1174
1676840 1174
1676850 1173
1676860 1171
1676870 1169
1676880 1169
1676890 1168
1676900 1168
1676910 1168
1676920 1166
1676930 1164
1676940 1164
1676950 1162
1676960 1162
1676970 1162
1676980 1162
1676990 1161
1677000 1161
1677010 1161
1677020 1159
1677030 1157
1677040 1157
1677050 1156
1677060 1156
1677070 1156
1677080 1154
1677090 1154
1677100 1154
1677110 1153
1677120 1151
1677130 1151
1677140 1149
1677150 1147
1677160 1147
1677170 1146
1677180 1145
1677190 1145
1677200 1145
1677210 1144
1677220 1142
1677230 1142
1677240 1142
1677250 1142
1677260 1142
1677270 1140
1677280 1139
1677290 1139
1677300 1137
1677310 1136
1677320 1136
1677330 1135
1677340 1134
1677350 1134
1677360 1132
1677370 1129
1677380 1127
1677390 1127
1677400 1125
1677410 1123
1677420 1123
1677430 1122
1677440 1120
1677450 1120
1677460 1117
1677470 1115
1677480 1115
1677490 1112
1677500 1108
1677510 1108
1677520 1104
1677530 1100
1677540 1100
1677550 1094
1677560 1090
1677570 1085
1677580 1085
1677590 1081
1677600 1077
1677610 1077
1677620 1072
1677630 1066
1677640 1066
1677650 1061
1677660 1060
1677670 1060
1677680 1059
1677690 1058
1677700 1058
1677710 1058
1677720 1058
1677730 1058
1677740 1058
1677750 1058
1677760 1057
1677770 1057
1677780 1056
1677790 1056
1677800 1056
1677810 1054
1677820 1054
1677830 1054
1677840 1053
1677850 1052
1677860 1052
1677870 1050
1677880 1049
1677890 1049
1677900 1046
1677910 1043
1677920 1040
1677930 1040
1677940 1035
1677950 1032
1677960 1032
1677970 1033
1677980 1038
1677990 1038
1678000 1043
1678010 1046
1678020 1046
1678030 1048
1678040 1051
1678050 1051
1678060 1054
1678070 1058
1678080 1058
1678090 1060
1678100 1060
1678110 1061
1678120 1061
1678130 1060
1678140 1060
1678150 1060
1678160 1060
1678170 1061
1678180 1061
1678190 1062
1678200 1063
1678210 1063
1678220 1063
1678230 1066
1678240 1066
1678250 1069
1678260 1070
1678270 1073
1678280 1073
1678290 1075
1678300 1077
1678310 1077
1678320 1078
1678330 1078
1678340 1078
1678350 1074
1678360 1069
1678370 1069
1678380 1064
1678390 1060
1678400 1060
1678410 1057
1678420 1054
1678430 1054
1678440 1049
1678450 1045
1678460 1041
1678470 1041
1678480 1038
1678490 1036
1678500 1036
1678510 1034
1678520 1034
1678530 1034
1678540 1034
1678550 1033
1678560 1033
1678570 1033
1678580 1032
1678590 1032
1678600 1030
1678610 1030
1678620 1030
1678630 1031
1678640 1030
1678650 1029
1678660 1029
1678670 1026
1678680 1022
1678690 1022
1678700 1019
1678710 1021
1678720 1021
1678730 1023
1678740 1029
1678750 1029
1678760 1036
1678770 1040
1678780 1040
1678790 1045
1678800 1055
1678810 1057
1678820 1057
1678830 1061
1678840 1067
1678850 1067
1678860 1072
1678870 1080
1678880 1080
1678890 1081
1678900 1082
1678910 1082
1678920 1084
1678930 1086
1678940 1086
1678950 1087
1678960 1089
1678970 1089
1678980 1091
1678990 1093
1679000 1094
1679010 1094
1679020 1095
1679030 1096
1679040 1096
1679050 1096
1679060 1095
1679070 1095
1679080 1093
1679090 1090
1679100 1090
1679110 1085
1679120 1080
1679130 1080
1679140 1075
1679150 1070
1679160 1064
1679170 1064
1679180 1059
1679190 1053
1679200 1053
1679210 1049
1679220 1046
1679230 1046
1679240 1045
1679250 1045
1679260 1045
1679270 1044
1679280 1042
1679290 1042
1679300 1040
1679310 1035
1679320 1035
1679330 1033
1679340 1034
1679350 1034
1679360 1034
1679370 1035
1679380 1034
1679390 1034
1679400 1033
1679410 1031
1679420 1031
1679430 1028
1679440 1025
1679450 1025
1679460 1021
1679470 1018
1679480 1018
1679490 1017
1679500 1019
1679510 1019
1679520 1021
1679530 1024
1679540 1027
1679550 1027
1679560 1030
1679570 1033
1679580 1033
1679590 1038
1679600 1042
1679610 1042
1679620 1046
1679630 1051
1679640 1051
1679650 1056
1679660 1060
1679670 1060
1679680 1065
1679690 1069
1679700 1076
1679710 1076
1679720 1081
1679730 1088
1679740 1088
1679750 1094
1679760 1102
1679770 1102
1679780 1104
1679790 1106
1679800 1106
1679810 1107
1679820 1108
1679830 1108
1679840 1109
1679850 1110
1679860 1110
1679870 1110
1679880 1108
1679890 1106
1679900 1106
1679910 1104
1679920 1101
1679930 1101
1679940 1100
1679950 1102
1679960 1102
1679970 1104
1679980 1107
1679990 1107
