1666370 1350
1666380 1348
1666390 1348
1666400 1346
1666410 1344
1666420 1344
1666430 1342
1666440 1339
1666450 1339
1666460 1333
1666470 1328
1666480 1321
1666490 1321
1666500 1316
1666510 1312
1666520 1312
1666530 1308
1666540 1306
1666550 1306
1666560 1303
1666570 1300
1666580 1300
1666590 1296
1666600 1293
1666610 1293
1666620 1290
1666630 1285
1666640 1285
1666650 1281
1666660 1275
1666670 1271
1666680 1271
1666690 1267
1666700 1264
1666710 1264
1666720 1260
1666730 1256
1666740 1256
1666750 1250
1666760 1245
1666770 1245
1666780 1245
1666790 1250
1666800 1250
1666810 1258
1666820 1266
1666830 1266
1666840 1273
1666850 1277
1666860 1285
1666870 1285
1666880 1295
1666890 1303
1666900 1303
1666910 1312
1666920 1320
1666930 1320
1666940 1328
1666950 1335
1666960 1335
1666970 1339
1666980 1346
1666990 1346
1667000 1351
1667010 1355
1667020 1361
1667030 1361
1667040 1367
1667050 1372
1667060 1372
1667070 1377
1667080 1382
1667090 1382
1667100 1387
1667110 1390
1667120 1390
1667130 1393
1667140 1397
1667150 1397
1667160 1401
1667170 1403
1667180 1403
1667190 1406
1667200 1407
1667210 1408
1667220 1408
1667230 1410
1667240 1413
1667250 1413
1667260 1414
1667270 1416
1667280 1416
1667290 1418
1667300 1418
1667310 1418
1667320 1420
1667330 1422
1667340 1422
1667350 1422
1667360 1426
1667370 1426
1667380 1428
1667390 1430
1667400 1431
1667410 1431
1667420 1434
1667430 1435
1667440 1435
1667450 1438
1667460 1439
1667470 1439
1667480 1440
1667490 1445
1667500 1445
1667510 1450
1667520 1456
1667530 1456
1667540 1462
1667550 1467
1667560 1471
1667570 1471
1667580 1475
1667590 1479
1667600 1479
1667610 1482
1667620 1485
1667630 1485
1667640 1489
1667650 1493
1667660 1493
1667670 1497
1667680 1502
1667690 1502
1667700 1506
1667710 1511
1667720 1511
1667730 1515
1667740 1519
1667750 1523
1667760 1523
1667770 1527
1667780 1533
1667790 1533
1667800 1537
1667810 1543
1667820 1543
1667830 1546
1667840 1551
1667850 1551
1667860 1556
1667870 1563
1667880 1563
1667890 1568
1667900 1572
1667910 1572
1667920 1576
1667930 1580
1667940 1585
1667950 1585
1667960 1589
1667970 1594
1667980 1594
1667990 1598
1668000 1602
1668010 1602
1668020 1608
1668030 1612
1668040 1612
1668050 1616
1668060 1621
1668070 1621
1668080 1627
1668090 1633
1668100 1639
1668110 1639
1668120 1645
1668130 1651
1668140 1651
1668150 1656
1668160 1663
1668170 1663
1668180 1668
1668190 1673
1668200 1673
1668210 1679
1668220 1684
1668230 1684
1668240 1688
1668250 1692
1668260 1692
1668270 1696
1668280 1699
1668290 1702
1668300 1702
1668310 1705
1668320 1709
1668330 1709
1668340 1711
1668350 1714
1668360 1714
1668370 1719
1668380 1723
1668390 1723
1668400 1728
1668410 1732
1668420 1732
1668430 1735
1668440 1737
1668450 1737
1668460 1740
1668470 1743
1668480 1746
1668490 1746
1668500 1751
1668510 1754
1668520 1754
1668530 1758
1668540 1761
1668550 1761
1668560 1765
1668570 1769
1668580 1769
1668590 1772
1668600 1775
1668610 1775
1668620 1778
1668630 1781
1668640 1783
1668650 1783
1668660 1786
1668670 1789
1668680 1789
1668690 1791
1668700 1794
1668710 1794
1668720 1796
1668730 1799
1668740 1799
1668750 1801
1668760 1804
1668770 1804
1668780 1806
1668790 1809
1668800 1809
1668810 1811
1668820 1814
1668830 1816
1668840 1816
1668850 1818
1668860 1821
1668870 1821
1668880 1823
1668890 1825
1668900 1825
1668910 1827
1668920 1829
1668930 1829
1668940 1832
1668950 1834
1668960 1834
1668970 1837
1668980 1840
1668990 1840
1669000 1843
1669010 1846
1669020 1848
1669030 1848
1669040 1851
1669050 1854
1669060 1854
1669070 1856
1669080 1859
1669090 1859
1669100 1862
1669110 1864
1669120 1864
1669130 1866
1669140 1867
1669150 1867
1669160 1869
1669170 1870
1669180 1872
1669190 1872
1669200 1872
1669210 1873
1669220 1873
1669230 1873
1669240 1873
1669250 1873
1669260 1873
1669270 1873
1669280 1873
1669290 1872
1669300 1872
1669310 1872
1669320 1871
1669330 1870
1669340 1870
1669350 1870
1669360 1868
1669370 1867
1669380 1867
1669390 1866
1669400 1864
1669410 1864
1669420 1862
1669430 1860
1669440 1860
1669450 1857
1669460 1854
1669470 1854
1669480 1851
1669490 1849
1669500 1849
1669510 1847
1669520 1845
1669530 1845
1669540 1843
1669550 1841
1669560 1839
1669570 1839
1669580 1836
1669590 1834
1669600 1834
1669610 1832
1669620 1830
1669630 1830
1669640 1828
1669650 1825
1669660 1825
1669670 1823
1669680 1821
1669690 1821
1669700 1819
1669710 1818
1669720 1816
1669730 1816
1669740 1813
1669750 1810
1669760 1810
1669770 1808
1669780 1806
1669790 1806
1669800 1804
1669810 1802
1669820 1802
1669830 1799
1669840 1795
1669850 1795
1669860 1793
1669870 1790
1669880 1790
1669890 1787
1669900 1785
1669910 1782
1669920 1782
1669930 1779
1669940 1777
1669950 1777
1669960 1774
1669970 1771
1669980 1771
1669990 1768
1670000 1764
1670010 1764
1670020 1762
1670030 1760
1670040 1760
1670050 1758
1670060 1756
1670070 1756
1670080 1752
1670090 1747
1670100 1745
1670110 1745
1670120 1742
1670130 1739
1670140 1739
1670150 1734
1670160 1728
1670170 1728
1670180 1725
1670190 1721
1670200 1721
1670210 1721
1670220 1719
1670230 1719
1670240 1717
1670250 1714
1670260 1712
1670270 1712
1670280 1709
1670290 1708
1670300 1708
1670310 1708
1670320 1707
1670330 1707
1670340 1704
1670350 1700
1670360 1700
1670370 1697
1670380 1694
1670390 1694
1670400 1691
1670410 1689
1670420 1689
1670430 1688
1670440 1686
1670450 1685
1670460 1685
1670470 1683
1670480 1681
1670490 1681
1670500 1679
1670510 1677
1670520 1677
1670530 1675
1670540 1672
1670550 1672
1670560 1669
1670570 1667
1670580 1667
1670590 1664
1670600 1662
1670610 1662
1670620 1661
1670630 1659
1670640 1656
1670650 1656
1670660 1655
1670670 1653
1670680 1653
1670690 1651
1670700 1648
1670710 1648
1670720 1647
1670730 1646
1670740 1646
1670750 1646
1670760 1644
1670770 1644
1670780 1642
1670790 1640
1670800 1638
1670810 1638
1670820 1635
1670830 1633
1670840 1633
1670850 1631
1670860 1630
1670870 1630
1670880 1627
1670890 1624
1670900 1624
1670910 1621
1670920 1618
1670930 1618
1670940 1615
1670950 1613
1670960 1613
1670970 1611
1670980 1609
1670990 1606
1671000 1606
1671010 1604
1671020 1602
1671030 1602
1671040 1600
1671050 1598
1671060 1598
1671070 1595
1671080 1592
1671090 1592
1671100 1590
1671110 1587
1671120 1587
1671130 1583
1671140 1578
1671150 1578
1671160 1571
1671170 1568
1671180 1568
1671190 1568
1671200 1568
1671210 1566
1671220 1566
1671230 1562
1671240 1557
1671250 1557
1671260 1554
1671270 1551
1671280 1551
1671290 1549
1671300 1545
1671310 1545
1671320 1543
1671330 1538
1671340 1538
1671350 1535
1671360 1533
1671370 1531
1671380 1531
1671390 1530
1671400 1524
1671410 1524
1671420 1522
1671430 1518
1671440 1518
1671450 1515
1671460 1513
1671470 1513
1671480 1511
1671490 1510
1671500 1510
1671510 1507
1671520 1505
1671530 1503
1671540 1503
1671550 1500
1671560 1497
1671570 1497
1671580 1494
1671590 1491
1671600 1491
1671610 1488
1671620 1485
1671630 1485
1671640 1482
1671650 1479
1671660 1479
1671670 1476
1671680 1472
1671690 1472
1671700 1468
1671710 1464
1671720 1459
1671730 1459
1671740 1454
1671750 1450
1671760 1450
1671770 1447
1671780 1443
1671790 1443
1671800 1439
1671810 1435
1671820 1435
1671830 1430
1671840 1427
1671850 1427
1671860 1423
1671870 1423
1671880 1423
1671890 1423
1671900 1423
1671910 1423
1671920 1423
1671930 1423
1671940 1422
1671950 1422
1671960 1422
1671970 1422
1671980 1422
1671990 1422
1672000 1422
1672010 1422
1672020 1423
1672030 1422
1672040 1422
1672050 1420
1672060 1419
1672070 1418
1672080 1418
1672090 1417
1672100 1416
1672110 1416
1672120 1415
1672130 1413
1672140 1413
1672150 1411
1672160 1408
1672170 1408
1672180 1407
1672190 1404
1672200 1404
1672210 1403
1672220 1402
1672230 1402
1672240 1400
1672250 1399
1672260 1399
1672270 1399
1672280 1398
1672290 1397
1672300 1397
1672310 1396
1672320 1395
1672330 1395
1672340 1395
1672350 1393
1672360 1393
1672370 1392
1672380 1391
1672390 1391
1672400 1391
1672410 1390
1672420 1390
1672430 1390
1672440 1387
1672450 1385
1672460 1385
1672470 1383
1672480 1386
1672490 1386
1672500 1388
1672510 1387
1672520 1387
1672530 1388
1672540 1391
1672550 1391
1672560 1393
1672570 1394
1672580 1394
1672590 1396
1672600 1396
1672610 1397
1672620 1397
1672630 1399
1672640 1399
1672650 1399
1672660 1395
1672670 1396
1672680 1396
1672690 1395
1672700 1396
1672710 1396
1672720 1396
1672730 1397
1672740 1397
1672750 1397
1672760 1397
1672770 1397
1672780 1397
1672790 1397
1672800 1398
1672810 1398
1672820 1399
1672830 1399
1672840 1399
1672850 1399
1672860 1399
1672870 1399
1672880 1399
1672890 1399
1672900 1399
1672910 1399
1672920 1399
1672930 1399
1672940 1398
1672950 1396
1672960 1396
1672970 1394
1672980 1392
1672990 1387
1673000 1387
1673010 1383
1673020 1379
1673030 1379
1673040 1376
1673050 1372
1673060 1372
1673070 1370
1673080 1368
1673090 1368
1673100 1365
1673110 1364
1673120 1364
1673130 1362
1673140 1361
1673150 1359
1673160 1359
1673170 1357
1673180 1355
1673190 1355
1673200 1354
1673210 1351
1673220 1351
1673230 1350
1673240 1347
1673250 1347
1673260 1345
1673270 1343
1673280 1343
1673290 1342
1673300 1340
1673310 1340
1673320 1338
1673330 1335
1673340 1334
1673350 1334
1673360 1333
1673370 1330
1673380 1330
1673390 1326
1673400 1321
1673410 1321
1673420 1318
1673430 1316
1673440 1316
1673450 1315
1673460 1315
1673470 1315
1673480 1314
1673490 1313
1673500 1313
1673510 1313
1673520 1312
1673530 1311
1673540 1311
1673550 1310
1673560 1307
1673570 1307
1673580 1305
1673590 1304
1673600 1304
1673610 1301
1673620 1293
1673630 1293
1673640 1287
1673650 1282
1673660 1282
1673670 1278
1673680 1287
1673690 1292
1673700 1292
1673710 1296
1673720 1303
1673730 1303
1673740 1307
1673750 1311
1673760 1311
1673770 1316
1673780 1319
1673790 1319
1673800 1321
1673810 1324
1673820 1324
1673830 1326
1673840 1329
1673850 1329
1673860 1334
1673870 1337
1673880 1340
1673890 1340
1673900 1342
1673910 1345
1673920 1345
1673930 1347
1673940 1348
1673950 1348
1673960 1351
1673970 1353
1673980 1353
1673990 1355
1674000 1356
1674010 1356
1674020 1358
1674030 1359
1674040 1359
1674050 1361
1674060 1362
1674070 1363
1674080 1363
1674090 1364
1674100 1365
1674110 1365
1674120 1366
1674130 1366
1674140 1366
1674150 1366
1674160 1366
1674170 1366
1674180 1366
1674190 1366
1674200 1366
1674210 1365
1674220 1364
1674230 1363
1674240 1363
1674250 1361
1674260 1360
1674270 1360
1674280 1358
1674290 1357
1674300 1357
1674310 1356
1674320 1354
1674330 1354
1674340 1352
1674350 1350
1674360 1350
1674370 1346
1674380 1344
1674390 1344
1674400 1341
1674410 1338
1674420 1335
1674430 1335
1674440 1333
1674450 1331
1674460 1331
1674470 1329
1674480 1327
1674490 1327
1674500 1325
1674510 1322
1674520 1322
1674530 1318
1674540 1314
1674550 1314
1674560 1311
1674570 1306
1674580 1306
1674590 1303
1674600 1305
1674610 1305
1674620 1305
1674630 1307
1674640 1309
1674650 1309
1674660 1311
1674670 1313
1674680 1313
1674690 1314
1674700 1316
1674710 1316
1674720 1318
1674730 1320
1674740 1320
1674750 1322
1674760 1323
1674770 1324
1674780 1324
1674790 1325
1674800 1326
1674810 1326
1674820 1327
1674830 1327
1674840 1327
1674850 1327
1674860 1326
1674870 1326
1674880 1325
1674890 1325
1674900 1325
1674910 1324
1674920 1323
1674930 1323
1674940 1323
1674950 1323
1674960 1322
1674970 1322
1674980 1320
1674990 1317
1675000 1317
1675010 1315
1675020 1314
1675030 1314
1675040 1312
1675050 1311
1675060 1311
1675070 1309
1675080 1308
1675090 1308
1675100 1306
1675110 1302
1675120 1302
1675130 1299
1675140 1296
1675150 1296
1675160 1296
1675170 1296
1675180 1295
1675190 1295
1675200 1294
1675210 1296
1675220 1296
1675230 1300
1675240 1301
1675250 1301
1675260 1302
1675270 1303
1675280 1303
1675290 1305
1675300 1306
1675310 1308
1675320 1308
1675330 1309
1675340 1311
1675350 1311
1675360 1312
1675370 1313
1675380 1313
1675390 1314
1675400 1315
1675410 1315
1675420 1316
1675430 1317
1675440 1317
1675450 1318
1675460 1318
1675470 1318
1675480 1319
1675490 1320
1675500 1321
1675510 1321
1675520 1322
1675530 1323
1675540 1323
1675550 1324
1675560 1325
1675570 1325
1675580 1326
1675590 1326
1675600 1326
1675610 1326
1675620 1325
1675630 1325
1675640 1326
1675650 1327
1675660 1327
1675670 1327
1675680 1327
1675690 1327
1675700 1327
1675710 1327
1675720 1327
1675730 1327
1675740 1327
1675750 1326
1675760 1326
1675770 1326
1675780 1325
1675790 1325
1675800 1324
1675810 1323
1675820 1323
1675830 1323
1675840 1321
1675850 1321
1675860 1321
1675870 1320
1675880 1319
1675890 1319
1675900 1317
1675910 1315
1675920 1315
1675930 1314
1675940 1313
1675950 1313
1675960 1312
1675970 1311
1675980 1311
1675990 1309
1676000 1306
1676010 1306
1676020 1303
1676030 1300
1676040 1297
1676050 1297
1676060 1294
1676070 1293
1676080 1293
1676090 1291
1676100 1290
1676110 1290
1676120 1289
1676130 1287
1676140 1287
1676150 1288
1676160 1287
1676170 1287
1676180 1286
1676190 1286
1676200 1286
1676210 1285
1676220 1284
1676230 1282
1676240 1282
1676250 1280
1676260 1276
1676270 1276
1676280 1274
1676290 1273
1676300 1273
1676310 1272
1676320 1271
1676330 1271
1676340 1269
1676350 1267
1676360 1267
1676370 1266
1676380 1263
1676390 1260
1676400 1260
1676410 1257
1676420 1251
1676430 1251
1676440 1246
1676450 1241
1676460 1241
1676470 1237
1676480 1234
1676490 1234
1676500 1233
1676510 1234
1676520 1234
1676530 1233
1676540 1231
1676550 1231
1676560 1229
1676570 1226
1676580 1224
1676590 1224
1676600 1219
1676610 1217
1676620 1217
1676630 1214
1676640 1211
1676650 1211
1676660 1207
1676670 1203
1676680 1203
1676690 1200
1676700 1198
1676710 1198
1676720 1197
1676730 1195
1676740 1195
1676750 1195
1676760 1196
1676770 1196
1676780 1196
1676790 1195
1676800 1196
1676810 1196
1676820 1197
1676830 1197
1676840 1197
1676850 1195
1676860 1193
1676870 1193
1676880 1193
1676890 1192
1676900 1192
1676910 1192
1676920 1192
1676930 1192
1676940 1192
1676950 1193
1676960 1194
1676970 1194
1676980 1193
1676990 1192
1677000 1192
1677010 1192
1677020 1191
1677030 1191
1677040 1191
1677050 1190
1677060 1190
1677070 1189
1677080 1188
1677090 1188
1677100 1187
1677110 1187
1677120 1186
1677130 1186
1677140 1185
1677150 1183
1677160 1183
1677170 1181
1677180 1178
1677190 1178
1677200 1175
1677210 1174
1677220 1174
1677230 1174
1677240 1175
1677250 1175
1677260 1175
1677270 1175
1677280 1175
1677290 1175
1677300 1174
1677310 1174
1677320 1174
1677330 1173
1677340 1173
1677350 1173
1677360 1171
1677370 1167
1677380 1167
1677390 1161
1677400 1157
1677410 1157
1677420 1153
1677430 1149
1677440 1149
1677450 1149
1677460 1150
1677470 1150
1677480 1155
1677490 1157
1677500 1154
1677510 1154
1677520 1153
1677530 1154
1677540 1154
1677550 1155
1677560 1156
1677570 1156
1677580 1157
1677590 1159
1677600 1159
1677610 1160
1677620 1161
1677630 1161
1677640 1162
1677650 1162
1677660 1163
1677670 1163
1677680 1164
1677690 1164
1677700 1164
1677710 1164
1677720 1164
1677730 1164
1677740 1164
1677750 1163
1677760 1163
1677770 1163
1677780 1162
1677790 1162
1677800 1162
1677810 1161
1677820 1161
1677830 1160
1677840 1160
1677850 1159
1677860 1159
1677870 1158
1677880 1158
1677890 1158
1677900 1157
1677910 1157
1677920 1157
1677930 1156
1677940 1154
1677950 1154
1677960 1153
1677970 1151
1677980 1151
1677990 1149
1678000 1148
1678010 1148
1678020 1147
1678030 1146
1678040 1144
1678050 1144
1678060 1141
1678070 1141
1678080 1141
1678090 1142
1678100 1141
1678110 1141
1678120 1140
1678130 1139
1678140 1139
1678150 1138
1678160 1138
1678170 1138
1678180 1137
1678190 1135
1678200 1135
1678210 1135
1678220 1135
1678230 1137
1678240 1137
1678250 1137
1678260 1137
1678270 1137
1678280 1138
1678290 1139
1678300 1139
1678310 1139
1678320 1139
1678330 1139
1678340 1140
1678350 1141
1678360 1141
1678370 1141
1678380 1141
1678390 1140
1678400 1140
1678410 1140
1678420 1139
1678430 1139
1678440 1139
1678450 1138
1678460 1138
1678470 1138
1678480 1137
1678490 1137
1678500 1136
1678510 1135
1678520 1135
1678530 1135
1678540 1134
1678550 1134
1678560 1133
1678570 1133
1678580 1132
1678590 1132
1678600 1131
1678610 1130
1678620 1130
1678630 1128
1678640 1127
1678650 1127
1678660 1127
1678670 1126
1678680 1126
1678690 1125
1678700 1124
1678710 1124
1678720 1120
1678730 1117
1678740 1115
1678750 1115
1678760 1113
1678770 1111
1678780 1111
1678790 1109
1678800 1106
1678810 1106
1678820 1103
1678830 1102
1678840 1102
1678850 1101
1678860 1100
1678870 1100
1678880 1099
1678890 1098
1678900 1098
1678910 1097
1678920 1097
1678930 1096
1678940 1096
1678950 1097
1678960 1097
1678970 1097
1678980 1097
1678990 1098
1679000 1098
1679010 1099
1679020 1100
1679030 1100
1679040 1101
1679050 1101
1679060 1101
1679070 1101
1679080 1101
1679090 1101
1679100 1100
1679110 1100
1679120 1101
1679130 1101
1679140 1101
1679150 1103
1679160 1103
1679170 1102
1679180 1102
1679190 1102
1679200 1102
1679210 1101
1679220 1101
1679230 1101
1679240 1100
1679250 1100
1679260 1099
1679270 1099
1679280 1098
1679290 1098
1679300 1098
1679310 1097
1679320 1097
1679330 1096
1679340 1095
1679350 1095
1679360 1093
1679370 1092
1679380 1092
1679390 1091
1679400 1088
1679410 1088
1679420 1086
1679430 1085
1679440 1085
1679450 1083
1679460 1081
1679470 1079
1679480 1079
1679490 1077
1679500 1075
1679510 1075
1679520 1072
1679530 1072
1679540 1072
1679550 1071
1679560 1071
1679570 1071
1679580 1070
1679590 1070
1679600 1070
1679610 1069
1679620 1068
1679630 1068
1679640 1068
1679650 1068
1679660 1067
1679670 1067
1679680 1067
1679690 1066
1679700 1066
1679710 1066
1679720 1065
1679730 1065
1679740 1065
1679750 1064
1679760 1064
1679770 1064
1679780 1063
1679790 1063
1679800 1062
1679810 1062
1679820 1062
1679830 1062
1679840 1062
1679850 1063
1679860 1063
1679870 1063
1679880 1064
1679890 1064
1679900 1065
1679910 1065
1679920 1065
1679930 1065
1679940 1065
1679950 1065
1679960 1065
1679970 1066
1679980 1066
1679990 1065
