1669230 1511
1669240 1512
1669250 1512
1669260 1513
1669270 1517
1669280 1517
1669290 1520
1669300 1521
1669310 1521
1669320 1523
1669330 1525
1669340 1525
1669350 1527
1669360 1529
1669370 1531
1669380 1531
1669390 1533
1669400 1534
1669410 1534
1669420 1535
1669430 1536
1669440 1536
1669450 1538
1669460 1540
1669470 1540
1669480 1541
1669490 1542
1669500 1542
1669510 1544
1669520 1546
1669530 1546
1669540 1547
1669550 1548
1669560 1550
1669570 1550
1669580 1551
1669590 1553
1669600 1553
1669610 1554
1669620 1556
1669630 1556
1669640 1557
1669650 1561
1669660 1561
1669670 1563
1669680 1564
1669690 1564
1669700 1567
1669710 1569
1669720 1570
1669730 1570
1669740 1572
1669750 1573
1669760 1573
1669770 1575
1669780 1577
1669790 1577
1669800 1578
1669810 1580
1669820 1580
1669830 1582
1669840 1584
1669850 1584
1669860 1586
1669870 1589
1669880 1589
1669890 1591
1669900 1594
1669910 1599
1669920 1599
1669930 1600
1669940 1601
1669950 1601
1669960 1602
1669970 1603
1669980 1603
1669990 1604
1670000 1605
1670010 1605
1670020 1605
1670030 1605
1670040 1605
1670050 1607
1670060 1608
1670070 1608
1670080 1609
1670090 1610
1670100 1610
1670110 1610
1670120 1611
1670130 1612
1670140 1612
1670150 1613
1670160 1613
1670170 1613
1670180 1614
1670190 1615
1670200 1615
1670210 1616
1670220 1617
1670230 1617
1670240 1617
1670250 1619
1670260 1619
1670270 1620
1670280 1620
1670290 1621
1670300 1621
1670310 1622
1670320 1623
1670330 1623
1670340 1624
1670350 1625
1670360 1625
1670370 1626
1670380 1627
1670390 1627
1670400 1628
1670410 1629
1670420 1629
1670430 1630
1670440 1631
1670450 1632
1670460 1632
1670470 1632
1670480 1633
1670490 1633
1670500 1634
1670510 1634
1670520 1634
1670530 1635
1670540 1634
1670550 1634
1670560 1634
1670570 1636
1670580 1636
1670590 1638
1670600 1639
1670610 1639
1670620 1641
1670630 1641
1670640 1644
1670650 1644
1670660 1645
1670670 1647
1670680 1647
1670690 1648
1670700 1649
1670710 1649
1670720 1651
1670730 1653
1670740 1653
1670750 1654
1670760 1655
1670770 1655
1670780 1656
1670790 1658
1670800 1658
1670810 1659
1670820 1661
1670830 1663
1670840 1663
1670850 1664
1670860 1666
1670870 1666
1670880 1668
1670890 1670
1670900 1670
1670910 1671
1670920 1673
1670930 1673
1670940 1675
1670950 1677
1670960 1677
1670970 1679
1670980 1681
1670990 1681
1671000 1684
1671010 1686
1671020 1687
1671030 1687
1671040 1689
1671050 1691
1671060 1691
1671070 1693
1671080 1697
1671090 1697
1671100 1698
1671110 1701
1671120 1701
1671130 1704
1671140 1706
1671150 1706
1671160 1710
1671170 1712
1671180 1715
1671190 1715
1671200 1717
1671210 1720
1671220 1720
1671230 1724
1671240 1725
1671250 1725
1671260 1729
1671270 1732
1671280 1732
1671290 1734
1671300 1737
1671310 1737
1671320 1740
1671330 1744
1671340 1744
1671350 1747
1671360 1751
1671370 1753
1671380 1753
1671390 1756
1671400 1758
1671410 1758
1671420 1760
1671430 1762
1671440 1762
1671450 1765
1671460 1768
1671470 1768
1671480 1770
1671490 1773
1671500 1773
1671510 1775
1671520 1777
1671530 1777
1671540 1780
1671550 1783
1671560 1786
1671570 1786
1671580 1788
1671590 1791
1671600 1791
1671610 1795
1671620 1798
1671630 1798
1671640 1801
1671650 1804
1671660 1804
1671670 1807
1671680 1809
1671690 1809
1671700 1813
1671710 1816
1671720 1816
1671730 1818
1671740 1820
1671750 1822
1671760 1822
1671770 1824
1671780 1826
1671790 1826
1671800 1828
1671810 1830
1671820 1830
1671830 1833
1671840 1834
1671850 1834
1671860 1837
1671870 1839
1671880 1839
1671890 1841
1671900 1842
1671910 1843
1671920 1843
1671930 1845
1671940 1849
1671950 1849
1671960 1850
1671970 1850
1671980 1850
1671990 1850
1672000 1850
1672010 1850
1672020 1851
1672030 1851
1672040 1851
1672050 1852
1672060 1852
1672070 1852
1672080 1852
1672090 1852
1672100 1851
1672110 1851
1672120 1851
1672130 1852
1672140 1852
1672150 1851
1672160 1849
1672170 1849
1672180 1848
1672190 1847
1672200 1847
1672210 1847
1672220 1846
1672230 1846
1672240 1845
1672250 1844
1672260 1844
1672270 1843
1672280 1842
1672290 1840
1672300 1840
1672310 1839
1672320 1838
1672330 1838
1672340 1836
1672350 1834
1672360 1834
1672370 1832
1672380 1830
1672390 1830
1672400 1828
1672410 1826
1672420 1826
1672430 1824
1672440 1821
1672450 1821
1672460 1819
1672470 1817
1672480 1814
1672490 1814
1672500 1811
1672510 1808
1672520 1808
1672530 1806
1672540 1804
1672550 1804
1672560 1801
1672570 1798
1672580 1798
1672590 1795
1672600 1793
1672610 1793
1672620 1790
1672630 1788
1672640 1788
1672650 1785
1672660 1781
1672670 1778
1672680 1778
1672690 1775
1672700 1772
1672710 1772
1672720 1769
1672730 1766
1672740 1766
1672750 1763
1672760 1760
1672770 1760
1672780 1757
1672790 1754
1672800 1754
1672810 1751
1672820 1748
1672830 1745
1672840 1745
1672850 1742
1672860 1738
1672870 1738
1672880 1736
1672890 1734
1672900 1734
1672910 1731
1672920 1728
1672930 1728
1672940 1727
1672950 1725
1672960 1725
1672970 1723
1672980 1721
1672990 1721
1673000 1718
1673010 1717
1673020 1715
1673030 1715
1673040 1714
1673050 1712
1673060 1712
1673070 1709
1673080 1707
1673090 1707
1673100 1704
1673110 1702
1673120 1702
1673130 1699
1673140 1697
1673150 1697
1673160 1694
1673170 1691
1673180 1691
1673190 1688
1673200 1686
1673210 1683
1673220 1683
1673230 1680
1673240 1679
1673250 1679
1673260 1676
1673270 1674
1673280 1674
1673290 1673
1673300 1671
1673310 1671
1673320 1669
1673330 1668
1673340 1668
1673350 1666
1673360 1663
1673370 1663
1673380 1661
1673390 1658
1673400 1657
1673410 1657
1673420 1655
1673430 1653
1673440 1653
1673450 1651
1673460 1648
1673470 1648
1673480 1646
1673490 1644
1673500 1644
1673510 1641
1673520 1639
1673530 1639
1673540 1637
1673550 1636
1673560 1634
1673570 1634
1673580 1631
1673590 1628
1673600 1628
1673610 1627
1673620 1624
1673630 1624
1673640 1622
1673650 1621
1673660 1621
1673670 1620
1673680 1619
1673690 1619
1673700 1619
1673710 1617
1673720 1617
1673730 1615
1673740 1614
1673750 1613
1673760 1613
1673770 1612
1673780 1610
1673790 1610
1673800 1609
1673810 1607
1673820 1607
1673830 1605
1673840 1602
1673850 1602
1673860 1599
1673870 1598
1673880 1598
1673890 1597
1673900 1596
1673910 1596
1673920 1595
1673930 1595
1673940 1594
1673950 1594
1673960 1594
1673970 1593
1673980 1593
1673990 1592
1674000 1592
1674010 1592
1674020 1592
1674030 1591
1674040 1591
1674050 1590
1674060 1589
1674070 1589
1674080 1588
1674090 1587
1674100 1587
1674110 1587
1674120 1586
1674130 1585
1674140 1585
1674150 1584
1674160 1584
1674170 1584
1674180 1583
1674190 1583
1674200 1583
1674210 1582
1674220 1582
1674230 1582
1674240 1580
1674250 1579
1674260 1579
1674270 1578
1674280 1578
1674290 1577
1674300 1577
1674310 1576
1674320 1575
1674330 1575
1674340 1574
1674350 1573
1674360 1573
1674370 1572
1674380 1570
1674390 1570
1674400 1569
1674410 1568
1674420 1568
1674430 1565
1674440 1564
1674450 1564
1674460 1562
1674470 1562
1674480 1560
1674490 1560
1674500 1557
1674510 1555
1674520 1555
1674530 1553
1674540 1551
1674550 1551
1674560 1549
1674570 1547
1674580 1547
1674590 1545
1674600 1541
1674610 1541
1674620 1535
1674630 1531
1674640 1531
1674650 1526
1674660 1524
1674670 1519
1674680 1519
1674690 1517
1674700 1515
1674710 1515
1674720 1519
1674730 1522
1674740 1522
1674750 1522
1674760 1524
1674770 1524
1674780 1525
1674790 1526
1674800 1526
1674810 1525
1674820 1526
1674830 1526
1674840 1527
1674850 1528
1674860 1528
1674870 1528
1674880 1529
1674890 1529
1674900 1529
1674910 1529
1674920 1529
1674930 1529
1674940 1530
1674950 1531
1674960 1531
1674970 1531
1674980 1531
1674990 1531
1675000 1531
1675010 1531
1675020 1532
1675030 1532
1675040 1530
1675050 1529
1675060 1529
1675070 1528
1675080 1528
1675090 1528
1675100 1527
1675110 1527
1675120 1527
1675130 1526
1675140 1526
1675150 1526
1675160 1526
1675170 1525
1675180 1525
1675190 1525
1675200 1525
1675210 1524
1675220 1524
1675230 1523
1675240 1523
1675250 1523
1675260 1523
1675270 1522
1675280 1522
1675290 1522
1675300 1521
1675310 1521
1675320 1520
1675330 1519
1675340 1519
1675350 1517
1675360 1516
1675370 1516
1675380 1515
1675390 1514
1675400 1513
1675410 1513
1675420 1512
1675430 1511
1675440 1511
1675450 1508
1675460 1507
1675470 1507
1675480 1506
1675490 1504
1675500 1504
1675510 1502
1675520 1500
1675530 1500
1675540 1498
1675550 1496
1675560 1496
1675570 1494
1675580 1492
1675590 1491
1675600 1491
1675610 1488
1675620 1485
1675630 1485
1675640 1482
1675650 1479
1675660 1479
1675670 1476
1675680 1474
1675690 1474
1675700 1473
1675710 1471
1675720 1471
1675730 1468
1675740 1466
1675750 1465
1675760 1465
1675770 1463
1675780 1461
1675790 1461
1675800 1459
1675810 1457
1675820 1457
1675830 1455
1675840 1451
1675850 1451
1675860 1450
1675870 1448
1675880 1448
1675890 1443
1675900 1440
1675910 1440
1675920 1437
1675930 1434
1675940 1430
1675950 1430
1675960 1427
1675970 1425
1675980 1425
1675990 1422
1676000 1418
1676010 1418
1676020 1413
1676030 1406
1676040 1406
1676050 1399
1676060 1391
1676070 1391
1676080 1387
1676090 1384
1676100 1384
1676110 1379
1676120 1373
1676130 1367
1676140 1367
1676150 1362
1676160 1357
1676170 1357
1676180 1352
1676190 1348
1676200 1348
1676210 1344
1676220 1342
1676230 1342
1676240 1341
1676250 1340
1676260 1340
1676270 1343
1676280 1345
1676290 1345
1676300 1347
1676310 1350
1676320 1353
1676330 1353
1676340 1354
1676350 1356
1676360 1356
1676370 1358
1676380 1359
1676390 1359
1676400 1360
1676410 1360
1676420 1360
1676430 1360
1676440 1361
1676450 1361
1676460 1361
1676470 1361
1676480 1362
1676490 1362
1676500 1362
1676510 1360
1676520 1360
1676530 1359
1676540 1357
1676550 1357
1676560 1355
1676570 1353
1676580 1353
1676590 1352
1676600 1350
1676610 1350
1676620 1349
1676630 1347
1676640 1347
1676650 1346
1676660 1346
1676670 1345
1676680 1345
1676690 1343
1676700 1341
1676710 1341
1676720 1339
1676730 1337
1676740 1337
1676750 1334
1676760 1328
1676770 1328
1676780 1329
1676790 1328
1676800 1328
1676810 1326
1676820 1326
1676830 1326
1676840 1326
1676850 1326
1676860 1326
1676870 1326
1676880 1325
1676890 1324
1676900 1324
1676910 1324
1676920 1323
1676930 1323
1676940 1322
1676950 1321
1676960 1321
1676970 1322
1676980 1322
1676990 1322
1677000 1322
1677010 1322
1677020 1322
1677030 1322
1677040 1321
1677050 1323
1677060 1323
1677070 1323
1677080 1324
1677090 1324
1677100 1324
1677110 1324
1677120 1324
1677130 1325
1677140 1325
1677150 1325
1677160 1325
1677170 1325
1677180 1325
1677190 1325
1677200 1326
1677210 1327
1677220 1327
1677230 1329
1677240 1330
1677250 1330
1677260 1332
1677270 1335
1677280 1335
1677290 1336
1677300 1335
1677310 1335
1677320 1335
1677330 1334
1677340 1334
1677350 1333
1677360 1333
1677370 1333
1677380 1332
1677390 1331
1677400 1330
1677410 1330
1677420 1330
1677430 1330
1677440 1330
1677450 1330
1677460 1330
1677470 1330
1677480 1328
1677490 1325
1677500 1325
1677510 1322
1677520 1320
1677530 1320
1677540 1319
1677550 1317
1677560 1317
1677570 1315
1677580 1314
1677590 1313
1677600 1313
1677610 1312
1677620 1312
1677630 1312
1677640 1311
1677650 1310
1677660 1310
1677670 1310
1677680 1308
1677690 1308
1677700 1309
1677710 1309
1677720 1309
1677730 1309
1677740 1309
1677750 1309
1677760 1309
1677770 1309
1677780 1307
1677790 1307
1677800 1303
1677810 1299
1677820 1299
1677830 1292
1677840 1289
1677850 1289
1677860 1286
1677870 1284
1677880 1284
1677890 1282
1677900 1279
1677910 1279
1677920 1275
1677930 1270
1677940 1264
1677950 1264
1677960 1259
1677970 1252
1677980 1252
1677990 1243
1678000 1238
1678010 1238
1678020 1234
1678030 1230
1678040 1230
1678050 1227
1678060 1224
1678070 1224
1678080 1219
1678090 1216
1678100 1216
1678110 1214
1678120 1211
1678130 1208
1678140 1208
1678150 1209
1678160 1209
1678170 1209
1678180 1210
1678190 1208
1678200 1208
1678210 1207
1678220 1207
1678230 1207
1678240 1207
1678250 1207
1678260 1207
1678270 1206
1678280 1206
1678290 1206
1678300 1207
1678310 1207
1678320 1208
1678330 1208
1678340 1208
1678350 1208
1678360 1208
1678370 1207
1678380 1207
1678390 1207
1678400 1207
1678410 1206
1678420 1206
1678430 1206
1678440 1205
1678450 1205
1678460 1203
1678470 1202
1678480 1202
1678490 1200
1678500 1198
1678510 1196
1678520 1196
1678530 1194
1678540 1192
1678550 1192
1678560 1191
1678570 1191
1678580 1191
1678590 1190
1678600 1189
1678610 1189
1678620 1188
1678630 1187
1678640 1187
1678650 1186
1678660 1185
1678670 1185
1678680 1183
1678690 1180
1678700 1176
1678710 1176
1678720 1171
1678730 1166
1678740 1166
1678750 1161
1678760 1157
1678770 1157
1678780 1153
1678790 1151
1678800 1151
1678810 1150
1678820 1148
1678830 1148
1678840 1147
1678850 1146
1678860 1145
1678870 1145
1678880 1144
1678890 1143
1678900 1143
1678910 1140
1678920 1137
1678930 1137
1678940 1134
1678950 1131
1678960 1131
1678970 1128
1678980 1127
1678990 1127
1679000 1126
1679010 1126
1679020 1126
1679030 1125
1679040 1125
1679050 1124
1679060 1124
1679070 1123
1679080 1122
1679090 1122
1679100 1122
1679110 1122
1679120 1122
1679130 1121
1679140 1120
1679150 1120
1679160 1119
1679170 1119
1679180 1119
1679190 1117
1679200 1115
1679210 1115
1679220 1112
1679230 1108
1679240 1105
1679250 1105
1679260 1100
1679270 1091
1679280 1091
1679290 1087
1679300 1084
1679310 1084
1679320 1081
1679330 1079
1679340 1079
1679350 1077
1679360 1076
1679370 1076
1679380 1074
1679390 1072
1679400 1072
1679410 1069
1679420 1068
1679430 1068
1679440 1068
1679450 1068
1679460 1068
1679470 1068
1679480 1069
1679490 1067
1679500 1067
1679510 1065
1679520 1063
1679530 1063
1679540 1061
1679550 1058
1679560 1058
1679570 1055
1679580 1050
1679590 1048
1679600 1048
1679610 1045
1679620 1043
1679630 1043
1679640 1035
1679650 1026
1679660 1026
1679670 1019
1679680 1014
1679690 1014
1679700 1009
1679710 1009
1679720 1009
1679730 1013
1679740 1018
1679750 1018
1679760 1020
1679770 1020
1679780 1020
1679790 1020
1679800 1022
1679810 1024
1679820 1024
1679830 1025
1679840 1027
1679850 1027
1679860 1029
1679870 1031
1679880 1031
1679890 1032
1679900 1033
1679910 1033
1679920 1035
1679930 1035
1679940 1035
1679950 1036
1679960 1036
1679970 1036
1679980 1036
1679990 1035
