1669210 1528
1669220 1528
1669230 1527
1669240 1528
1669250 1528
1669260 1528
1669270 1528
1669280 1528
1669290 1528
1669300 1527
1669310 1527
1669320 1527
1669330 1527
1669340 1527
1669350 1527
1669360 1526
1669370 1526
1669380 1526
1669390 1524
1669400 1525
1669410 1525
1669420 1524
1669430 1522
1669440 1522
1669450 1522
1669460 1522
1669470 1522
1669480 1521
1669490 1518
1669500 1518
1669510 1516
1669520 1515
1669530 1515
1669540 1513
1669550 1513
1669560 1512
1669570 1512
1669580 1512
1669590 1511
1669600 1511
1669610 1510
1669620 1509
1669630 1509
1669640 1506
1669650 1506
1669660 1506
1669670 1506
1669680 1506
1669690 1506
1669700 1505
1669710 1503
1669720 1502
1669730 1502
1669740 1500
1669750 1501
1669760 1501
1669770 1501
1669780 1501
1669790 1501
1669800 1502
1669810 1504
1669820 1504
1669830 1504
1669840 1506
1669850 1506
1669860 1508
1669870 1510
1669880 1510
1669890 1512
1669900 1515
1669910 1517
1669920 1517
1669930 1518
1669940 1520
1669950 1520
1669960 1522
1669970 1525
1669980 1525
1669990 1528
1670000 1530
1670010 1530
1670020 1532
1670030 1536
1670040 1536
1670050 1539
1670060 1541
1670070 1541
1670080 1544
1670090 1547
1670100 1551
1670110 1551
1670120 1553
1670130 1555
1670140 1555
1670150 1558
1670160 1560
1670170 1560
1670180 1564
1670190 1567
1670200 1567
1670210 1570
1670220 1573
1670230 1573
1670240 1576
1670250 1579
1670260 1579
1670270 1581
1670280 1584
1670290 1587
1670300 1587
1670310 1589
1670320 1593
1670330 1593
1670340 1595
1670350 1598
1670360 1598
1670370 1602
1670380 1605
1670390 1605
1670400 1608
1670410 1610
1670420 1610
1670430 1613
1670440 1614
1670450 1617
1670460 1617
1670470 1621
1670480 1623
1670490 1623
1670500 1625
1670510 1626
1670520 1626
1670530 1627
1670540 1630
1670550 1630
1670560 1632
1670570 1634
1670580 1634
1670590 1637
1670600 1641
1670610 1641
1670620 1643
1670630 1646
1670640 1649
1670650 1649
1670660 1651
1670670 1656
1670680 1656
1670690 1659
1670700 1662
1670710 1662
1670720 1666
1670730 1670
1670740 1670
1670750 1672
1670760 1676
1670770 1676
1670780 1679
1670790 1683
1670800 1683
1670810 1687
1670820 1692
1670830 1696
1670840 1696
1670850 1700
1670860 1704
1670870 1704
1670880 1708
1670890 1712
1670900 1712
1670910 1716
1670920 1719
1670930 1719
1670940 1722
1670950 1725
1670960 1725
1670970 1730
1670980 1736
1670990 1736
1671000 1739
1671010 1742
1671020 1746
1671030 1746
1671040 1749
1671050 1752
1671060 1752
1671070 1756
1671080 1761
1671090 1761
1671100 1764
1671110 1765
1671120 1765
1671130 1768
1671140 1771
1671150 1771
1671160 1775
1671170 1777
1671180 1777
1671190 1779
1671200 1782
1671210 1784
1671220 1784
1671230 1787
1671240 1789
1671250 1789
1671260 1791
1671270 1793
1671280 1793
1671290 1795
1671300 1796
1671310 1796
1671320 1798
1671330 1800
1671340 1800
1671350 1802
1671360 1803
1671370 1803
1671380 1803
1671390 1803
1671400 1803
1671410 1803
1671420 1803
1671430 1803
1671440 1803
1671450 1804
1671460 1804
1671470 1804
1671480 1804
1671490 1804
1671500 1804
1671510 1803
1671520 1804
1671530 1804
1671540 1803
1671550 1803
1671560 1803
1671570 1803
1671580 1802
1671590 1802
1671600 1802
1671610 1802
1671620 1801
1671630 1801
1671640 1801
1671650 1799
1671660 1799
1671670 1798
1671680 1796
1671690 1796
1671700 1795
1671710 1793
1671720 1793
1671730 1792
1671740 1790
1671750 1790
1671760 1790
1671770 1789
1671780 1788
1671790 1788
1671800 1787
1671810 1786
1671820 1786
1671830 1785
1671840 1784
1671850 1784
1671860 1783
1671870 1783
1671880 1783
1671890 1782
1671900 1781
1671910 1781
1671920 1780
1671930 1779
1671940 1777
1671950 1777
1671960 1775
1671970 1774
1671980 1774
1671990 1772
1672000 1771
1672010 1771
1672020 1769
1672030 1767
1672040 1767
1672050 1765
1672060 1763
1672070 1763
1672080 1762
1672090 1760
1672100 1758
1672110 1758
1672120 1754
1672130 1755
1672140 1755
1672150 1754
1672160 1753
1672170 1753
1672180 1753
1672190 1753
1672200 1753
1672210 1752
1672220 1752
1672230 1752
1672240 1750
1672250 1750
1672260 1750
1672270 1749
1672280 1750
1672290 1750
1672300 1750
1672310 1749
1672320 1749
1672330 1749
1672340 1749
1672350 1750
1672360 1750
1672370 1751
1672380 1751
1672390 1751
1672400 1751
1672410 1750
1672420 1750
1672430 1750
1672440 1749
1672450 1749
1672460 1749
1672470 1748
1672480 1747
1672490 1747
1672500 1745
1672510 1744
1672520 1744
1672530 1742
1672540 1739
1672550 1739
1672560 1737
1672570 1734
1672580 1734
1672590 1732
1672600 1731
1672610 1731
1672620 1728
1672630 1726
1672640 1726
1672650 1723
1672660 1721
1672670 1718
1672680 1718
1672690 1715
1672700 1713
1672710 1713
1672720 1711
1672730 1709
1672740 1709
1672750 1707
1672760 1704
1672770 1704
1672780 1702
1672790 1698
1672800 1698
1672810 1694
1672820 1690
1672830 1690
1672840 1687
1672850 1684
1672860 1681
1672870 1681
1672880 1679
1672890 1676
1672900 1676
1672910 1673
1672920 1671
1672930 1671
1672940 1667
1672950 1661
1672960 1661
1672970 1657
1672980 1654
1672990 1654
1673000 1652
1673010 1649
1673020 1646
1673030 1646
1673040 1644
1673050 1642
1673060 1642
1673070 1641
1673080 1635
1673090 1635
1673100 1632
1673110 1629
1673120 1629
1673130 1627
1673140 1624
1673150 1624
1673160 1622
1673170 1619
1673180 1619
1673190 1615
1673200 1612
1673210 1607
1673220 1607
1673230 1603
1673240 1600
1673250 1600
1673260 1597
1673270 1595
1673280 1595
1673290 1592
1673300 1590
1673310 1590
1673320 1587
1673330 1585
1673340 1585
1673350 1585
1673360 1583
1673370 1583
1673380 1580
1673390 1576
1673400 1574
1673410 1574
1673420 1571
1673430 1568
1673440 1568
1673450 1566
1673460 1564
1673470 1564
1673480 1562
1673490 1560
1673500 1560
1673510 1557
1673520 1555
1673530 1555
1673540 1552
1673550 1549
1673560 1549
1673570 1546
1673580 1547
1673590 1546
1673600 1546
1673610 1545
1673620 1543
1673630 1543
1673640 1540
1673650 1538
1673660 1538
1673670 1536
1673680 1532
1673690 1532
1673700 1528
1673710 1528
1673720 1528
1673730 1528
1673740 1526
1673750 1525
1673760 1525
1673770 1524
1673780 1523
1673790 1523
1673800 1522
1673810 1520
1673820 1520
1673830 1520
1673840 1519
1673850 1519
1673860 1518
1673870 1517
1673880 1517
1673890 1517
1673900 1516
1673910 1516
1673920 1515
1673930 1514
1673940 1513
1673950 1513
1673960 1511
1673970 1510
1673980 1510
1673990 1509
1674000 1508
1674010 1508
1674020 1507
1674030 1506
1674040 1506
1674050 1506
1674060 1505
1674070 1505
1674080 1504
1674090 1503
1674100 1503
1674110 1502
1674120 1501
1674130 1500
1674140 1500
1674150 1498
1674160 1497
1674170 1497
1674180 1495
1674190 1494
1674200 1494
1674210 1492
1674220 1490
1674230 1490
1674240 1487
1674250 1484
1674260 1484
1674270 1482
1674280 1478
1674290 1478
1674300 1476
1674310 1473
1674320 1470
1674330 1470
1674340 1467
1674350 1463
1674360 1463
1674370 1460
1674380 1463
1674390 1463
1674400 1463
1674410 1462
1674420 1462
1674430 1462
1674440 1462
1674450 1462
1674460 1461
1674470 1461
1674480 1461
1674490 1461
1674500 1460
1674510 1459
1674520 1459
1674530 1459
1674540 1458
1674550 1458
1674560 1458
1674570 1457
1674580 1457
1674590 1456
1674600 1454
1674610 1454
1674620 1453
1674630 1452
1674640 1452
1674650 1450
1674660 1449
1674670 1447
1674680 1447
1674690 1445
1674700 1443
1674710 1443
1674720 1441
1674730 1436
1674740 1436
1674750 1429
1674760 1423
1674770 1423
1674780 1421
1674790 1425
1674800 1425
1674810 1426
1674820 1428
1674830 1428
1674840 1429
1674850 1430
1674860 1431
1674870 1431
1674880 1432
1674890 1432
1674900 1432
1674910 1433
1674920 1433
1674930 1433
1674940 1433
1674950 1433
1674960 1433
1674970 1433
1674980 1434
1674990 1434
1675000 1434
1675010 1434
1675020 1434
1675030 1435
1675040 1435
1675050 1435
1675060 1435
1675070 1434
1675080 1434
1675090 1434
1675100 1434
1675110 1433
1675120 1433
1675130 1432
1675140 1432
1675150 1432
1675160 1431
1675170 1430
1675180 1430
1675190 1430
1675200 1429
1675210 1429
1675220 1428
1675230 1427
1675240 1427
1675250 1427
1675260 1425
1675270 1424
1675280 1424
1675290 1423
1675300 1422
1675310 1422
1675320 1420
1675330 1419
1675340 1419
1675350 1417
1675360 1415
1675370 1415
1675380 1414
1675390 1411
1675400 1409
1675410 1409
1675420 1407
1675430 1405
1675440 1405
1675450 1402
1675460 1401
1675470 1401
1675480 1399
1675490 1395
1675500 1395
1675510 1391
1675520 1387
1675530 1387
1675540 1384
1675550 1381
1675560 1381
1675570 1379
1675580 1376
1675590 1373
1675600 1373
1675610 1368
1675620 1366
1675630 1366
1675640 1364
1675650 1364
1675660 1364
1675670 1360
1675680 1359
1675690 1359
1675700 1359
1675710 1359
1675720 1359
1675730 1359
1675740 1359
1675750 1359
1675760 1359
1675770 1359
1675780 1358
1675790 1358
1675800 1358
1675810 1357
1675820 1357
1675830 1357
1675840 1356
1675850 1356
1675860 1355
1675870 1354
1675880 1354
1675890 1353
1675900 1352
1675910 1352
1675920 1351
1675930 1350
1675940 1350
1675950 1349
1675960 1347
1675970 1345
1675980 1345
1675990 1343
1676000 1341
1676010 1341
1676020 1340
1676030 1339
1676040 1339
1676050 1338
1676060 1337
1676070 1337
1676080 1336
1676090 1335
1676100 1335
1676110 1335
1676120 1337
1676130 1337
1676140 1338
1676150 1337
1676160 1336
1676170 1336
1676180 1335
1676190 1333
1676200 1333
1676210 1331
1676220 1329
1676230 1329
1676240 1327
1676250 1325
1676260 1325
1676270 1323
1676280 1321
1676290 1321
1676300 1318
1676310 1315
1676320 1313
1676330 1313
1676340 1310
1676350 1309
1676360 1309
1676370 1306
1676380 1304
1676390 1304
1676400 1301
1676410 1299
1676420 1299
1676430 1296
1676440 1292
1676450 1292
1676460 1290
1676470 1287
1676480 1287
1676490 1285
1676500 1283
1676510 1279
1676520 1279
1676530 1278
1676540 1278
1676550 1278
1676560 1273
1676570 1259
1676580 1259
1676590 1252
1676600 1248
1676610 1248
1676620 1244
1676630 1242
1676640 1242
1676650 1240
1676660 1238
1676670 1238
1676680 1235
1676690 1235
1676700 1235
1676710 1235
1676720 1237
1676730 1236
1676740 1236
1676750 1234
1676760 1233
1676770 1233
1676780 1233
1676790 1231
1676800 1231
1676810 1230
1676820 1230
1676830 1230
1676840 1228
1676850 1228
1676860 1228
1676870 1228
1676880 1227
1676890 1227
1676900 1227
1676910 1228
1676920 1228
1676930 1228
1676940 1228
1676950 1228
1676960 1228
1676970 1228
1676980 1227
1676990 1227
1677000 1225
1677010 1223
1677020 1223
1677030 1222
1677040 1220
1677050 1214
1677060 1214
1677070 1210
1677080 1210
1677090 1210
1677100 1213
1677110 1216
1677120 1216
1677130 1217
1677140 1219
1677150 1219
1677160 1221
1677170 1224
1677180 1224
1677190 1226
1677200 1229
1677210 1229
1677220 1232
1677230 1236
1677240 1240
1677250 1240
1677260 1243
1677270 1245
1677280 1245
1677290 1247
1677300 1249
1677310 1249
1677320 1251
1677330 1253
1677340 1253
1677350 1255
1677360 1256
1677370 1256
1677380 1258
1677390 1258
1677400 1258
1677410 1257
1677420 1256
1677430 1256
1677440 1256
1677450 1255
1677460 1254
1677470 1254
1677480 1252
1677490 1250
1677500 1250
1677510 1247
1677520 1246
1677530 1246
1677540 1243
1677550 1241
1677560 1241
1677570 1239
1677580 1237
1677590 1237
1677600 1235
1677610 1235
1677620 1233
1677630 1233
1677640 1232
1677650 1231
1677660 1231
1677670 1228
1677680 1224
1677690 1224
1677700 1222
1677710 1221
1677720 1221
1677730 1220
1677740 1220
1677750 1220
1677760 1220
1677770 1219
1677780 1219
1677790 1219
1677800 1219
1677810 1219
1677820 1219
1677830 1219
1677840 1218
1677850 1218
1677860 1216
1677870 1215
1677880 1215
1677890 1213
1677900 1211
1677910 1211
1677920 1209
1677930 1206
1677940 1206
1677950 1205
1677960 1204
1677970 1203
1677980 1203
1677990 1202
1678000 1200
1678010 1200
1678020 1199
1678030 1197
1678040 1197
1678050 1195
1678060 1193
1678070 1193
1678080 1192
1678090 1191
1678100 1191
1678110 1190
1678120 1190
1678130 1190
1678140 1190
1678150 1189
1678160 1189
1678170 1189
1678180 1188
1678190 1188
1678200 1188
1678210 1187
1678220 1186
1678230 1186
1678240 1185
1678250 1183
1678260 1183
1678270 1180
1678280 1179
1678290 1179
1678300 1176
1678310 1174
1678320 1174
1678330 1173
1678340 1172
1678350 1170
1678360 1170
1678370 1168
1678380 1166
1678390 1166
1678400 1165
1678410 1163
1678420 1163
1678430 1162
1678440 1160
1678450 1160
1678460 1158
1678470 1157
1678480 1157
1678490 1156
1678500 1153
1678510 1153
1678520 1150
1678530 1146
1678540 1142
1678550 1142
1678560 1137
1678570 1133
1678580 1133
1678590 1129
1678600 1126
1678610 1126
1678620 1123
1678630 1120
1678640 1120
1678650 1118
1678660 1115
1678670 1115
1678680 1112
1678690 1111
1678700 1109
1678710 1109
1678720 1109
1678730 1108
1678740 1108
1678750 1108
1678760 1109
1678770 1109
1678780 1110
1678790 1110
1678800 1110
1678810 1111
1678820 1110
1678830 1110
1678840 1111
1678850 1111
1678860 1111
1678870 1112
1678880 1112
1678890 1113
1678900 1113
1678910 1113
1678920 1113
1678930 1113
1678940 1114
1678950 1114
1678960 1114
1678970 1115
1678980 1116
1678990 1116
1679000 1116
1679010 1116
1679020 1116
1679030 1117
1679040 1116
1679050 1116
1679060 1115
1679070 1114
1679080 1112
1679090 1112
1679100 1108
1679110 1107
1679120 1107
1679130 1105
1679140 1103
1679150 1103
1679160 1102
1679170 1100
1679180 1100
1679190 1098
1679200 1095
1679210 1095
1679220 1093
1679230 1091
1679240 1091
1679250 1090
1679260 1087
1679270 1085
1679280 1085
1679290 1082
1679300 1078
1679310 1078
1679320 1076
1679330 1072
1679340 1072
1679350 1069
1679360 1063
1679370 1063
1679380 1057
1679390 1052
1679400 1052
1679410 1047
1679420 1042
1679430 1038
1679440 1038
1679450 1036
1679460 1033
1679470 1033
1679480 1031
1679490 1029
1679500 1029
1679510 1025
1679520 1023
1679530 1023
1679540 1022
1679550 1021
1679560 1021
1679570 1020
1679580 1019
1679590 1019
1679600 1018
1679610 1015
1679620 1008
1679630 1008
1679640 1003
1679650 998
1679660 998
1679670 994
1679680 987
1679690 987
1679700 983
1679710 978
1679720 978
1679730 976
1679740 971
1679750 971
1679760 965
1679770 961
1679780 961
1679790 959
1679800 957
1679810 954
1679820 954
1679830 952
1679840 951
1679850 951
1679860 951
1679870 949
1679880 949
1679890 946
1679900 944
1679910 944
1679920 943
1679930 943
1679940 943
1679950 943
1679960 943
1679970 943
1679980 940
1679990 936
1660000 720
1660010 714
1660020 716
1660030 730
1660040 730
1660050 740
1660060 737
1660070 737
1660080 735
1660090 745
1660100 745
1660110 743
1660120 748
1660130 748
1660140 743
1660150 744
1660160 744
1660170 744
1660180 746
1660190 746
1660200 748
1660210 751
1660220 753
1660230 753
1660240 755
1660250 762
1660260 762
1660270 765
1660280 767
1660290 767
1660300 776
1660310 772
1660320 772
1660330 775
1660340 777
1660350 777
1660360 772
1660370 784
1660380 784
1660390 787
1660400 790
1660410 782
1660420 782
1660430 774
1660440 772
1660450 772
1660460 773
1660470 771
1660480 771
1660490 769
1660500 768
1660510 768
1660520 761
1660530 745
1660540 745
1660550 742
1660560 740
1660570 760
1660580 760
1660590 757
1660600 739
1660610 739
1660620 739
1660630 739
1660640 739
1660650 741
1660660 741
1660670 741
1660680 742
1660690 741
1660700 741
1660710 742
1660720 741
1660730 741
1660740 736
1660750 731
1660760 733
1660770 733
1660780 732
1660790 734
1660800 734
1660810 733
1660820 751
1660830 751
1660840 743
1660850 736
1660860 741
1660870 737
1660880 729
1660890 729
1660900 712
1660910 714
1660920 714
1660930 693
1660940 692
1660950 694
1660960 694
1660970 698
1660980 714
1660990 714
1661000 722
1661010 729
1661020 729
1661030 745
1661040 761
1661050 761
1661060 765
1661070 765
1661080 765
1661090 767
1661100 771
1661110 764
1661120 764
1661130 769
1661140 782
1661150 782
1661160 788
1661170 796
1661180 796
1661190 807
1661200 814
1661210 814
1661220 823
1661230 832
1661240 832
1661250 867
1661260 863
1661270 863
1661280 874
1661290 880
1661300 882
1661310 882
1661320 886
1661330 880
1661340 880
1661350 879
1661360 879
1661370 879
1661380 874
1661390 878
1661400 878
1661410 875
1661420 877
1661430 877
1661440 876
1661450 882
1661460 882
1661470 888
1661480 894
1661490 898
1661500 898
1661510 901
1661520 900
1661530 900
1661540 906
1661550 909
1661560 909
1661570 916
1661580 919
1661590 932
1661600 933
1661610 938
1661620 938
1661630 939
1661640 937
1661650 937
1661660 932
1661670 926
1661680 914
1661690 914
1661700 917
1661710 915
1661720 915
1661730 914
1661740 912
1661750 912
1661760 909
1661770 922
1661780 922
1661790 908
1661800 906
1661810 906
1661820 917
1661830 914
1661840 923
1661850 923
1661860 930
1661870 936
1661880 936
1661890 940
1661900 942
1661910 942
1661920 937
1661930 921
1661940 921
1661950 925
1661960 927
1661970 927
1661980 914
1661990 904
1662000 904
1662010 901
1662020 897
1662030 891
1662040 891
1662050 900
1662060 903
1662070 903
1662080 901
1662090 903
1662100 903
1662110 904
1662120 900
1662130 900
1662140 893
1662150 885
1662160 885
1662170 884
1662180 882
1662190 882
1662200 887
1662210 885
1662220 880
1662230 880
1662240 891
1662250 885
1662260 885
1662270 885
1662280 885
1662290 885
1662300 885
1662310 896
1662320 896
1662330 899
1662340 900
1662350 900
1662360 874
1662370 893
1662380 922
1662390 922
1662400 931
1662410 940
1662420 940
1662430 947
1662440 952
1662450 952
1662460 959
1662470 964
1662480 964
1662490 965
1662500 964
1662510 964
1662520 955
1662530 954
1662540 954
1662550 946
1662560 952
1662570 948
1662580 948
1662590 942
1662600 928
1662610 928
1662620 924
1662630 916
1662640 916
1662650 935
1662660 935
1662670 935
1662680 944
1662690 950
1662700 950
1662710 941
1662720 940
1662730 940
1662740 941
1662750 940
1662760 947
1662770 947
1662780 944
1662790 932
1662800 932
1662810 943
1662820 942
1662830 942
1662840 942
1662850 953
1662860 953
1662870 966
1662880 985
1662890 985
1662900 1007
1662910 1008
1662920 1008
1662930 1008
1662940 1019
1662950 1023
1662960 1023
1662970 1022
1662980 1026
1662990 1026
1663000 1025
1663010 1030
1663020 1032
1663030 1032
1663040 1032
1663050 1032
1663060 1025
1663070 1016
1663080 1016
1663090 1012
1663100 1010
1663110 1006
1663120 1006
1663130 1000
1663140 1003
1663150 1003
1663160 995
1663170 1014
1663180 1014
1663190 1017
1663200 1023
1663210 1023
1663220 1028
1663230 1045
1663240 1045
1663250 1047
1663260 1050
1663270 1050
1663280 1052
1663290 1063
1663300 1068
1663310 1068
1663320 1073
1663330 1079
1663340 1079
1663350 1082
1663360 1094
1663370 1094
1663380 1098
1663390 1099
1663400 1099
1663410 1102
1663420 1105
1663430 1105
1663440 1112
1663450 1113
1663460 1125
1663470 1125
1663480 1128
1663490 1129
1663500 1129
1663510 1140
1663520 1140
1663530 1140
1663540 1137
1663550 1143
1663560 1143
1663570 1149
1663580 1168
1663590 1168
1663600 1174
1663610 1165
1663620 1165
1663630 1177
1663640 1178
1663650 1178
1663660 1178
1663670 1185
1663680 1181
1663690 1181
1663700 1192
1663710 1211
1663720 1211
1663730 1211
1663740 1201
1663750 1201
1663760 1218
1663770 1211
1663780 1211
1663790 1201
1663800 1205
1663810 1205
1663820 1214
1663830 1211
1663840 1200
1663850 1200
1663860 1192
1663870 1212
1663880 1212
1663890 1207
1663900 1212
1663910 1212
1663920 1211
1663930 1214
1663940 1214
1663950 1222
1663960 1231
1663970 1231
1663980 1230
1663990 1230
1664000 1227
1664010 1227
1664020 1225
1664030 1224
1664040 1224
1664050 1220
1664060 1215
1664070 1215
1664080 1221
1664090 1214
1664100 1214
1664110 1209
1664120 1217
1664130 1217
1664140 1210
1664150 1210
1664160 1210
1664170 1210
1664180 1207
1664190 1219
1664200 1219
1664210 1229
1664220 1234
1664230 1234
1664240 1238
1664250 1232
1664260 1232
1664270 1242
1664280 1248
1664290 1248
1664300 1248
1664310 1231
1664320 1231
1664330 1232
1664340 1238
1664350 1238
1664360 1237
1664370 1234
1664380 1234
1664390 1234
1664400 1232
1664410 1229
1664420 1229
1664430 1225
1664440 1221
1664450 1223
1664460 1220
1664470 1215
1664480 1215
1664490 1210
1664500 1209
1664510 1209
1664520 1206
1664530 1204
1664540 1204
1664550 1202
1664560 1210
1664570 1204
1664580 1204
1664590 1206
1664600 1225
1664610 1225
1664620 1223
1664630 1220
1664640 1220
1664650 1224
1664660 1228
1664670 1228
1664680 1231
1664690 1234
1664700 1234
1664710 1236
1664720 1238
1664730 1240
1664740 1240
1664750 1241
1664760 1242
1664770 1242
1664780 1242
1664790 1243
1664800 1243
1664810 1266
1664820 1263
1664830 1263
1664840 1269
1664850 1267
1664860 1267
1664870 1267
1664880 1264
1664890 1264
1664900 1267
1664910 1263
1664920 1267
1664930 1267
1664940 1263
1664950 1267
1664960 1267
1664970 1269
1664980 1270
1664990 1270
1665000 1271
1665010 1269
1665020 1269
1665030 1268
1665040 1268
1665050 1268
1665060 1267
1665070 1271
1665080 1271
1665090 1267
1665100 1256
1665110 1261
1665120 1261
1665130 1260
1665140 1255
1665150 1269
1665160 1264
1665170 1260
1665180 1260
1665190 1260
1665200 1258
1665210 1258
1665220 1247
1665230 1254
1665240 1254
1665250 1256
1665260 1260
1665270 1261
1665280 1261
1665290 1266
1665300 1271
1665310 1271
1665320 1271
1665330 1283
1665340 1283
1665350 1287
1665360 1289
1665370 1289
1665380 1285
1665390 1289
1665400 1289
1665410 1295
1665420 1297
1665430 1297
1665440 1304
1665450 1310
1665460 1309
1665470 1309
1665480 1317
1665490 1318
1665500 1318
1665510 1328
1665520 1327
1665530 1327
1665540 1335
1665550 1340
1665560 1340
1665570 1344
1665580 1344
1665590 1344
1665600 1349
1665610 1350
1665620 1350
1665630 1350
1665640 1360
1665650 1357
1665660 1357
1665670 1362
1665680 1360
1665690 1360
1665700 1364
1665710 1363
1665720 1363
1665730 1365
1665740 1364
1665750 1364
1665760 1366
1665770 1365
1665780 1365
1665790 1374
1665800 1374
1665810 1373
1665820 1373
1665830 1368
1665840 1363
1665850 1363
1665860 1366
1665870 1368
1665880 1368
1665890 1370
1665900 1367
1665910 1367
1665920 1374
1665930 1374
1665940 1374
1665950 1372
1665960 1367
1665970 1367
1665980 1374
1665990 1377
1666000 1373
1666010 1373
1666020 1371
1666030 1368
1666040 1368
1666050 1369
1666060 1374
1666070 1374
1666080 1376
1666090 1368
1666100 1368
1666110 1369
1666120 1373
1666130 1373
1666140 1376
1666150 1402
1666160 1402
1666170 1407
1666180 1408
1666190 1413
1666200 1413
1666210 1413
1666220 1414
1666230 1414
1666240 1419
1666250 1420
1666260 1420
1666270 1419
1666280 1421
1666290 1421
1666300 1425
1666310 1419
1666320 1419
1666330 1429
1666340 1427
1666350 1426
1666360 1426
1666370 1434
1666380 1431
1666390 1431
1666400 1435
1666410 1432
1666420 1432
1666430 1435
1666440 1429
1666450 1429
1666460 1432
1666470 1437
1666480 1437
1666490 1432
1666500 1436
1666510 1436
1666520 1429
1666530 1439
1666540 1442
1666550 1442
1666560 1434
1666570 1442
1666580 1442
1666590 1448
1666600 1448
1666610 1448
1666620 1446
1666630 1441
1666640 1441
1666650 1446
1666660 1444
1666670 1444
1666680 1444
1666690 1445
1666700 1445
1666710 1444
1666720 1446
1666730 1445
1666740 1445
1666750 1445
1666760 1442
1666770 1442
1666780 1436
1666790 1429
1666800 1429
1666810 1426
1666820 1421
1666830 1421
1666840 1419
1666850 1415
1666860 1415
1666870 1417
1666880 1409
1666890 1404
1666900 1404
1666910 1395
1666920 1391
1666930 1391
1666940 1384
1666950 1382
1666960 1382
1666970 1412
1666980 1406
1666990 1406
1667000 1380
1667010 1378
1667020 1378
1667030 1374
1667040 1375
1667050 1375
1667060 1375
1667070 1400
1667080 1402
1667090 1402
1667100 1412
1667110 1399
1667120 1399
1667130 1407
1667140 1410
1667150 1410
1667160 1416
1667170 1418
1667180 1418
1667190 1418
1667200 1420
1667210 1420
1667220 1419
1667230 1430
1667240 1430
1667250 1419
1667260 1419
1667270 1432
1667280 1432
1667290 1444
1667300 1447
1667310 1447
1667320 1449
1667330 1454
1667340 1454
1667350 1455
1667360 1460
1667370 1460
1667380 1458
1667390 1457
1667400 1457
1667410 1465
1667420 1466
1667430 1467
1667440 1467
1667450 1464
1667460 1467
1667470 1467
1667480 1470
1667490 1470
1667500 1470
1667510 1455
1667520 1468
1667530 1468
1667540 1472
1667550 1470
1667560 1470
1667570 1471
1667580 1467
1667590 1467
1667600 1469
1667610 1470
1667620 1468
1667630 1468
1667640 1467
1667650 1467
1667660 1467
1667670 1457
1667680 1460
1667690 1460
1667700 1459
1667710 1462
1667720 1462
1667730 1464
1667740 1470
1667750 1470
1667760 1478
1667770 1481
1667780 1481
1667790 1474
1667800 1460
1667810 1487
1667820 1487
1667830 1488
1667840 1490
1667850 1490
1667860 1491
1667870 1497
1667880 1497
1667890 1497
1667900 1495
1667910 1495
1667920 1502
1667930 1504
1667940 1504
1667950 1503
1667960 1495
1667970 1495
1667980 1506
1667990 1504
1668000 1505
1668010 1505
1668020 1500
1668030 1482
1668040 1482
1668050 1481
1668060 1479
1668070 1479
1668080 1469
1668090 1475
1668100 1475
1668110 1473
1668120 1467
1668130 1467
1668140 1462
1668150 1456
1668160 1455
1668170 1455
1668180 1446
1668190 1470
1668200 1470
1668210 1474
1668220 1481
1668230 1481
1668240 1481
1668250 1487
1668260 1487
1668270 1494
1668280 1472
1668290 1472
1668300 1479
1668310 1481
1668320 1481
1668330 1486
1668340 1491
1668350 1491
1668360 1491
1668370 1495
1668380 1496
1668390 1496
1668400 1498
1668410 1504
1668420 1504
1668430 1507
1668440 1511
1668450 1511
1668460 1515
1668470 1516
1668480 1516
1668490 1520
1668500 1520
1668510 1520
1668520 1519
1668530 1523
1668540 1523
1668550 1523
1668560 1525
1668570 1530
1668580 1530
1668590 1530
1668600 1532
1668610 1536
1668620 1536
1668630 1535
1668640 1536
1668650 1536
1668660 1540
1668670 1544
1668680 1544
1668690 1544
1668700 1549
1668710 1544
1668720 1544
1668730 1543
1668740 1547
1668750 1547
1668760 1545
1668770 1546
1668780 1546
1668790 1549
1668800 1551
1668810 1551
1668820 1551
1668830 1552
1668840 1552
1668850 1556
1668860 1557
1668870 1557
1668880 1562
1668890 1549
1668900 1549
1668910 1549
1668920 1561
1668930 1563
1668940 1563
1668950 1560
1668960 1559
1668970 1559
1668980 1553
1668990 1547
1669000 1547
1669010 1547
1669020 1546
1669030 1546
1669040 1544
1669050 1545
1669060 1545
1669070 1544
1669080 1543
1669090 1542
1669100 1542
1669110 1541
1669120 1542
1669130 1542
1669140 1539
1669150 1538
1669160 1538
1669170 1534
1669180 1536
1669190 1536
1669200 1530
1669210 1530
1669220 1530
1669230 1535
1669240 1534
1669250 1530
1669260 1530
1669270 1530
1669280 1528
1669290 1528
1669300 1528
1669310 1527
1669320 1527
1669330 1528
1669340 1528
1669350 1530
1669360 1529
1669370 1528
1669380 1528
1669390 1528
1669400 1542
1669410 1542
1669420 1549
1669430 1548
1669440 1547
1669450 1547
1669460 1524
1669470 1523
1669480 1523
1669490 1524
1669500 1526
1669510 1526
1669520 1525
1669530 1518
1669540 1518
1669550 1519
1669560 1519
1669570 1519
1669580 1519
1669590 1520
1669600 1520
1669610 1520
1669620 1521
1669630 1520
1669640 1520
1669650 1518
1669660 1518
1669670 1518
1669680 1523
1669690 1513
1669700 1513
1669710 1507
1669720 1506
1669730 1506
1669740 1505
1669750 1502
1669760 1502
1669770 1506
1669780 1511
1669790 1511
1669800 1511
1669810 1523
1669820 1526
1669830 1526
1669840 1535
1669850 1523
1669860 1523
1669870 1524
1669880 1522
1669890 1522
1669900 1523
1669910 1520
1669920 1520
1669930 1523
1669940 1520
1669950 1520
1669960 1523
1669970 1527
1669980 1540
1669990 1540
1670000 1542
1670010 1549
1670020 1549
1670030 1546
1670040 1540
1670050 1540
1670060 1543
1670070 1545
1670080 1545
1670090 1549
1670100 1552
1670110 1552
1670120 1555
1670130 1564
1670140 1564
1670150 1572
1670160 1559
1670170 1566
1670180 1566
1670190 1569
1670200 1572
1670210 1572
1670220 1603
1670230 1602
1670240 1602
1670250 1580
1670260 1606
1670270 1606
1670280 1611
1670290 1613
1670300 1613
1670310 1620
1670320 1616
1670330 1596
1670340 1596
1670350 1603
1670360 1612
1670370 1612
1670380 1614
1670390 1618
1670400 1618
1670410 1616
1670420 1617
1670430 1617
1670440 1617
1670450 1618
1670460 1618
1670470 1620
1670480 1623
1670490 1623
1670500 1625
1670510 1626
1670520 1627
1670530 1627
1670540 1646
1670550 1654
1670560 1654
1670570 1653
1670580 1655
1670590 1655
1670600 1659
1670610 1659
1670620 1659
1670630 1661
1670640 1665
1670650 1665
1670660 1668
1670670 1674
1670680 1674
1670690 1676
1670700 1685
1670710 1686
1670720 1686
1670730 1687
1670740 1673
1670750 1673
1670760 1696
1670770 1697
1670780 1697
1670790 1701
1670800 1699
1670810 1699
1670820 1702
1670830 1705
1670840 1705
1670850 1709
1670860 1714
1670870 1719
1670880 1719
1670890 1724
1670900 1728
1670910 1728
1670920 1730
1670930 1733
1670940 1733
1670950 1735
1670960 1737
1670970 1737
1670980 1739
1670990 1742
1671000 1742
1671010 1742
1671020 1745
1671030 1745
1671040 1756
1671050 1761
1671060 1765
1671070 1765
1671080 1769
1671090 1771
1671100 1771
1671110 1769
1671120 1773
1671130 1773
1671140 1774
1671150 1778
1671160 1778
1671170 1777
1671180 1781
1671190 1781
1671200 1781
1671210 1784
1671220 1784
1671230 1787
1671240 1789
1671250 1791
1671260 1791
1671270 1793
1671280 1795
1671290 1795
1671300 1796
1671310 1799
1671320 1799
1671330 1801
1671340 1803
1671350 1803
