1669200 1592
1669210 1594
1669220 1594
1669230 1596
1669240 1597
1669250 1597
1669260 1599
1669270 1600
1669280 1600
1669290 1601
1669300 1603
1669310 1603
1669320 1604
1669330 1606
1669340 1606
1669350 1608
1669360 1609
1669370 1611
1669380 1611
1669390 1612
1669400 1614
1669410 1614
1669420 1614
1669430 1616
1669440 1616
1669450 1618
1669460 1619
1669470 1619
1669480 1620
1669490 1622
1669500 1622
1669510 1623
1669520 1625
1669530 1625
1669540 1626
1669550 1627
1669560 1628
1669570 1628
1669580 1630
1669590 1631
1669600 1631
1669610 1633
1669620 1635
1669630 1635
1669640 1636
1669650 1637
1669660 1637
1669670 1640
1669680 1642
1669690 1642
1669700 1645
1669710 1646
1669720 1647
1669730 1647
1669740 1649
1669750 1651
1669760 1651
1669770 1653
1669780 1655
1669790 1655
1669800 1658
1669810 1659
1669820 1659
1669830 1661
1669840 1663
1669850 1663
1669860 1665
1669870 1666
1669880 1666
1669890 1668
1669900 1671
1669910 1674
1669920 1674
1669930 1676
1669940 1678
1669950 1678
1669960 1681
1669970 1683
1669980 1683
1669990 1686
1670000 1688
1670010 1688
1670020 1691
1670030 1694
1670040 1694
1670050 1696
1670060 1699
1670070 1699
1670080 1701
1670090 1704
1670100 1708
1670110 1708
1670120 1710
1670130 1713
1670140 1713
1670150 1714
1670160 1717
1670170 1717
1670180 1720
1670190 1722
1670200 1722
1670210 1724
1670220 1726
1670230 1726
1670240 1728
1670250 1731
1670260 1731
1670270 1733
1670280 1735
1670290 1738
1670300 1738
1670310 1739
1670320 1742
1670330 1742
1670340 1744
1670350 1746
1670360 1746
1670370 1747
1670380 1748
1670390 1748
1670400 1750
1670410 1753
1670420 1753
1670430 1756
1670440 1758
1670450 1758
1670460 1760
1670470 1761
1670480 1764
1670490 1764
1670500 1766
1670510 1769
1670520 1769
1670530 1772
1670540 1775
1670550 1775
1670560 1778
1670570 1781
1670580 1781
1670590 1783
1670600 1786
1670610 1786
1670620 1789
1670630 1791
1670640 1793
1670650 1793
1670660 1795
1670670 1797
1670680 1797
1670690 1798
1670700 1799
1670710 1799
1670720 1800
1670730 1801
1670740 1801
1670750 1801
1670760 1801
1670770 1801
1670780 1800
1670790 1800
1670800 1800
1670810 1799
1670820 1798
1670830 1797
1670840 1797
1670850 1796
1670860 1795
1670870 1795
1670880 1792
1670890 1790
1670900 1790
1670910 1788
1670920 1786
1670930 1786
1670940 1783
1670950 1781
1670960 1781
1670970 1778
1670980 1775
1670990 1775
1671000 1772
1671010 1769
1671020 1766
1671030 1766
1671040 1763
1671050 1759
1671060 1759
1671070 1757
1671080 1753
1671090 1753
1671100 1749
1671110 1744
1671120 1744
1671130 1740
1671140 1736
1671150 1736
1671160 1733
1671170 1729
1671180 1729
1671190 1725
1671200 1721
1671210 1717
1671220 1717
1671230 1712
1671240 1708
1671250 1708
1671260 1704
1671270 1700
1671280 1700
1671290 1696
1671300 1691
1671310 1691
1671320 1687
1671330 1683
1671340 1683
1671350 1678
1671360 1673
1671370 1673
1671380 1668
1671390 1663
1671400 1659
1671410 1659
1671420 1655
1671430 1649
1671440 1649
1671450 1644
1671460 1640
1671470 1640
1671480 1635
1671490 1632
1671500 1632
1671510 1628
1671520 1624
1671530 1624
1671540 1623
1671550 1620
1671560 1616
1671570 1616
1671580 1613
1671590 1609
1671600 1609
1671610 1606
1671620 1601
1671630 1601
1671640 1597
1671650 1592
1671660 1592
1671670 1589
1671680 1587
1671690 1587
1671700 1584
1671710 1582
1671720 1582
1671730 1581
1671740 1575
1671750 1571
1671760 1571
1671770 1566
1671780 1562
1671790 1562
1671800 1558
1671810 1553
1671820 1553
1671830 1551
1671840 1548
1671850 1548
1671860 1544
1671870 1540
1671880 1540
1671890 1535
1671900 1531
1671910 1531
1671920 1527
1671930 1523
1671940 1518
1671950 1518
1671960 1513
1671970 1509
1671980 1509
1671990 1506
1672000 1503
1672010 1503
1672020 1501
1672030 1498
1672040 1498
1672050 1496
1672060 1493
1672070 1493
1672080 1490
1672090 1490
1672100 1490
1672110 1490
1672120 1489
1672130 1488
1672140 1488
1672150 1485
1672160 1483
1672170 1483
1672180 1478
1672190 1474
1672200 1474
1672210 1470
1672220 1466
1672230 1466
1672240 1462
1672250 1457
1672260 1457
1672270 1453
1672280 1448
1672290 1448
1672300 1439
1672310 1430
1672320 1428
1672330 1428
1672340 1428
1672350 1429
1672360 1429
1672370 1427
1672380 1423
1672390 1423
1672400 1425
1672410 1429
1672420 1429
1672430 1432
1672440 1434
1672450 1434
1672460 1437
1672470 1440
1672480 1440
1672490 1442
1672500 1445
1672510 1449
1672520 1449
1672530 1452
1672540 1457
1672550 1457
1672560 1459
1672570 1461
1672580 1461
1672590 1464
1672600 1468
1672610 1468
1672620 1471
1672630 1475
1672640 1475
1672650 1478
1672660 1481
1672670 1484
1672680 1484
1672690 1488
1672700 1492
1672710 1492
1672720 1494
1672730 1496
1672740 1496
1672750 1498
1672760 1501
1672770 1501
1672780 1503
1672790 1505
1672800 1505
1672810 1507
1672820 1508
1672830 1508
1672840 1510
1672850 1510
1672860 1510
1672870 1510
1672880 1510
1672890 1509
1672900 1509
1672910 1509
1672920 1508
1672930 1508
1672940 1508
1672950 1507
1672960 1507
1672970 1506
1672980 1505
1672990 1505
1673000 1504
1673010 1503
1673020 1503
1673030 1502
1673040 1500
1673050 1499
1673060 1499
1673070 1499
1673080 1497
1673090 1497
1673100 1497
1673110 1497
1673120 1497
1673130 1497
1673140 1496
1673150 1496
1673160 1496
1673170 1494
1673180 1494
1673190 1493
1673200 1492
1673210 1492
1673220 1491
1673230 1488
1673240 1482
1673250 1482
1673260 1475
1673270 1473
1673280 1473
1673290 1476
1673300 1478
1673310 1478
1673320 1481
1673330 1484
1673340 1484
1673350 1484
1673360 1484
1673370 1484
1673380 1484
1673390 1483
1673400 1483
1673410 1483
1673420 1483
1673430 1483
1673440 1483
1673450 1482
1673460 1482
1673470 1482
1673480 1480
1673490 1476
1673500 1476
1673510 1473
1673520 1477
1673530 1477
1673540 1481
1673550 1483
1673560 1483
1673570 1485
1673580 1486
1673590 1488
1673600 1488
1673610 1490
1673620 1492
1673630 1492
1673640 1495
1673650 1500
1673660 1500
1673670 1503
1673680 1505
1673690 1505
1673700 1508
1673710 1511
1673720 1511
1673730 1514
1673740 1517
1673750 1517
1673760 1521
1673770 1524
1673780 1527
1673790 1527
1673800 1529
1673810 1532
1673820 1532
1673830 1535
1673840 1536
1673850 1536
1673860 1538
1673870 1539
1673880 1539
1673890 1540
1673900 1540
1673910 1540
1673920 1541
1673930 1542
1673940 1542
1673950 1542
1673960 1543
1673970 1544
1673980 1544
1673990 1544
1674000 1544
1674010 1544
1674020 1544
1674030 1544
1674040 1544
1674050 1543
1674060 1542
1674070 1542
1674080 1541
1674090 1539
1674100 1539
1674110 1538
1674120 1536
1674130 1536
1674140 1535
1674150 1533
1674160 1529
1674170 1529
1674180 1527
1674190 1525
1674200 1525
1674210 1523
1674220 1521
1674230 1521
1674240 1518
1674250 1516
1674260 1516
1674270 1513
1674280 1509
1674290 1509
1674300 1508
1674310 1505
1674320 1505
1674330 1503
1674340 1501
1674350 1499
1674360 1499
1674370 1498
1674380 1496
1674390 1496
1674400 1493
1674410 1491
1674420 1491
1674430 1488
1674440 1485
1674450 1485
1674460 1483
1674470 1481
1674480 1481
1674490 1480
1674500 1479
1674510 1478
1674520 1478
1674530 1478
1674540 1477
1674550 1477
1674560 1476
1674570 1475
1674580 1475
1674590 1475
1674600 1474
1674610 1474
1674620 1474
1674630 1473
1674640 1473
1674650 1472
1674660 1471
1674670 1471
1674680 1471
1674690 1470
1674700 1469
1674710 1469
1674720 1468
1674730 1466
1674740 1466
1674750 1465
1674760 1464
1674770 1464
1674780 1463
1674790 1462
1674800 1462
1674810 1461
1674820 1459
1674830 1459
1674840 1458
1674850 1457
1674860 1457
1674870 1455
1674880 1454
1674890 1453
1674900 1453
1674910 1452
1674920 1451
1674930 1451
1674940 1450
1674950 1449
1674960 1449
1674970 1448
1674980 1446
1674990 1446
1675000 1445
1675010 1444
1675020 1444
1675030 1441
1675040 1439
1675050 1439
1675060 1437
1675070 1436
1675080 1433
1675090 1433
1675100 1430
1675110 1428
1675120 1428
1675130 1426
1675140 1424
1675150 1424
1675160 1421
1675170 1420
1675180 1420
1675190 1418
1675200 1415
1675210 1415
1675220 1413
1675230 1411
1675240 1411
1675250 1409
1675260 1407
1675270 1405
1675280 1405
1675290 1403
1675300 1401
1675310 1401
1675320 1400
1675330 1398
1675340 1398
1675350 1397
1675360 1395
1675370 1395
1675380 1392
1675390 1391
1675400 1391
1675410 1388
1675420 1386
1675430 1386
1675440 1384
1675450 1382
1675460 1379
1675470 1379
1675480 1379
1675490 1376
1675500 1376
1675510 1374
1675520 1373
1675530 1373
1675540 1372
1675550 1370
1675560 1370
1675570 1369
1675580 1368
1675590 1368
1675600 1367
1675610 1366
1675620 1364
1675630 1364
1675640 1363
1675650 1360
1675660 1360
1675670 1357
1675680 1355
1675690 1355
1675700 1352
1675710 1349
1675720 1349
1675730 1347
1675740 1345
1675750 1345
1675760 1343
1675770 1341
1675780 1341
1675790 1340
1675800 1339
1675810 1338
1675820 1338
1675830 1338
1675840 1337
1675850 1337
1675860 1336
1675870 1336
1675880 1336
1675890 1336
1675900 1335
1675910 1335
1675920 1335
1675930 1334
1675940 1334
1675950 1333
1675960 1330
1675970 1330
1675980 1328
1675990 1327
1676000 1325
1676010 1325
1676020 1323
1676030 1322
1676040 1322
1676050 1320
1676060 1319
1676070 1319
1676080 1317
1676090 1316
1676100 1316
1676110 1315
1676120 1313
1676130 1313
1676140 1311
1676150 1310
1676160 1310
1676170 1308
1676180 1306
1676190 1305
1676200 1305
1676210 1302
1676220 1299
1676230 1299
1676240 1297
1676250 1294
1676260 1294
1676270 1291
1676280 1289
1676290 1289
1676300 1287
1676310 1285
1676320 1285
1676330 1283
1676340 1282
1676350 1282
1676360 1282
1676370 1284
1676380 1283
1676390 1283
1676400 1282
1676410 1279
1676420 1279
1676430 1278
1676440 1276
1676450 1276
1676460 1279
1676470 1276
1676480 1276
1676490 1274
1676500 1269
1676510 1269
1676520 1266
1676530 1265
1676540 1263
1676550 1263
1676560 1264
1676570 1265
1676580 1265
1676590 1265
1676600 1267
1676610 1267
1676620 1268
1676630 1269
1676640 1269
1676650 1269
1676660 1269
1676670 1269
1676680 1270
1676690 1273
1676700 1273
1676710 1280
1676720 1276
1676730 1274
1676740 1274
1676750 1272
1676760 1272
1676770 1272
1676780 1273
1676790 1275
1676800 1275
1676810 1279
1676820 1278
1676830 1278
1676840 1277
1676850 1276
1676860 1276
1676870 1274
1676880 1274
1676890 1274
1676900 1272
1676910 1271
1676920 1269
1676930 1269
1676940 1266
1676950 1263
1676960 1263
1676970 1263
1676980 1262
1676990 1262
1677000 1259
1677010 1258
1677020 1258
1677030 1256
1677040 1253
1677050 1253
1677060 1248
1677070 1246
1677080 1246
1677090 1246
1677100 1246
1677110 1245
1677120 1245
1677130 1243
1677140 1242
1677150 1242
1677160 1241
1677170 1240
1677180 1240
1677190 1237
1677200 1233
1677210 1233
1677220 1233
1677230 1230
1677240 1230
1677250 1230
1677260 1228
1677270 1228
1677280 1227
1677290 1226
1677300 1224
1677310 1224
1677320 1225
1677330 1225
1677340 1225
1677350 1227
1677360 1228
1677370 1228
1677380 1229
1677390 1230
1677400 1230
1677410 1231
1677420 1232
1677430 1232
1677440 1234
1677450 1236
1677460 1237
1677470 1237
1677480 1239
1677490 1243
1677500 1243
1677510 1245
1677520 1246
1677530 1246
1677540 1248
1677550 1250
1677560 1250
1677570 1251
1677580 1253
1677590 1253
1677600 1254
1677610 1254
1677620 1254
1677630 1256
1677640 1252
1677650 1248
1677660 1248
1677670 1245
1677680 1243
1677690 1243
1677700 1240
1677710 1238
1677720 1238
1677730 1236
1677740 1234
1677750 1234
1677760 1231
1677770 1226
1677780 1226
1677790 1222
1677800 1217
1677810 1217
1677820 1214
1677830 1211
1677840 1206
1677850 1206
1677860 1201
1677870 1197
1677880 1197
1677890 1193
1677900 1190
1677910 1190
1677920 1190
1677930 1188
1677940 1188
1677950 1184
1677960 1181
1677970 1181
1677980 1179
1677990 1178
1678000 1178
1678010 1176
1678020 1175
1678030 1174
1678040 1174
1678050 1172
1678060 1172
1678070 1172
1678080 1172
1678090 1171
1678100 1171
1678110 1170
1678120 1169
1678130 1169
1678140 1169
1678150 1166
1678160 1166
1678170 1165
1678180 1166
1678190 1166
1678200 1160
1678210 1157
1678220 1158
1678230 1158
1678240 1158
1678250 1157
1678260 1157
1678270 1159
1678280 1160
1678290 1160
1678300 1162
1678310 1163
1678320 1163
1678330 1165
1678340 1169
1678350 1169
1678360 1173
1678370 1172
1678380 1171
1678390 1171
1678400 1172
1678410 1170
1678420 1170
1678430 1167
1678440 1164
1678450 1164
1678460 1160
1678470 1156
1678480 1156
1678490 1151
1678500 1147
1678510 1147
1678520 1144
1678530 1142
1678540 1142
1678550 1141
1678560 1139
1678570 1136
1678580 1136
1678590 1132
1678600 1129
1678610 1129
1678620 1126
1678630 1124
1678640 1124
1678650 1123
1678660 1122
1678670 1122
1678680 1122
1678690 1121
1678700 1121
1678710 1118
1678720 1117
1678730 1117
1678740 1115
1678750 1112
1678760 1112
1678770 1112
1678780 1112
1678790 1113
1678800 1113
1678810 1115
1678820 1119
1678830 1119
1678840 1123
1678850 1126
1678860 1126
1678870 1129
1678880 1135
1678890 1135
1678900 1132
1678910 1126
1678920 1126
1678930 1125
1678940 1124
1678950 1124
1678960 1124
1678970 1124
1678980 1125
1678990 1125
1679000 1126
1679010 1129
1679020 1129
1679030 1133
1679040 1137
1679050 1137
1679060 1140
1679070 1143
1679080 1143
1679090 1145
1679100 1147
1679110 1147
1679120 1149
1679130 1151
1679140 1153
1679150 1153
1679160 1155
1679170 1157
1679180 1157
1679190 1159
1679200 1160
1679210 1160
1679220 1161
1679230 1162
1679240 1162
1679250 1163
1679260 1164
1679270 1164
1679280 1166
1679290 1167
1679300 1167
1679310 1169
1679320 1169
1679330 1170
1679340 1170
1679350 1171
1679360 1172
1679370 1172
1679380 1174
1679390 1175
1679400 1175
1679410 1178
1679420 1180
1679430 1180
1679440 1182
1679450 1183
1679460 1183
1679470 1183
1679480 1182
1679490 1182
1679500 1182
1679510 1182
1679520 1181
1679530 1181
1679540 1179
1679550 1178
1679560 1178
1679570 1176
1679580 1174
1679590 1174
1679600 1172
1679610 1170
1679620 1170
1679630 1168
1679640 1166
1679650 1166
1679660 1164
1679670 1162
1679680 1159
1679690 1159
1679700 1157
1679710 1154
1679720 1154
1679730 1150
1679740 1145
1679750 1145
1679760 1142
1679770 1140
1679780 1140
1679790 1138
1679800 1137
1679810 1137
1679820 1137
1679830 1135
1679840 1135
1679850 1134
1679860 1133
1679870 1133
1679880 1133
1679890 1131
1679900 1131
1679910 1131
1679920 1130
1679930 1127
1679940 1127
1679950 1124
1679960 1121
1679970 1121
1679980 1120
1679990 1119
1660000 918
1660010 918
1660020 922
1660030 938
1660040 938
1660050 942
1660060 947
1660070 947
1660080 952
1660090 957
1660100 957
1660110 974
1660120 981
1660130 981
1660140 988
1660150 993
1660160 1000
1660170 1000
1660180 1004
1660190 1012
1660200 1012
1660210 1012
1660220 1013
1660230 1013
1660240 1013
1660250 1011
1660260 1011
1660270 1000
1660280 991
1660290 991
1660300 995
1660310 992
1660320 992
1660330 990
1660340 986
1660350 977
1660360 977
1660370 979
1660380 977
1660390 977
1660400 979
1660410 980
1660420 980
1660430 979
1660440 978
1660450 978
1660460 988
1660470 990
1660480 990
1660490 979
1660500 962
1660510 977
1660520 977
1660530 977
1660540 978
1660550 978
1660560 993
1660570 998
1660580 998
1660590 993
1660600 1001
1660610 1001
1660620 1003
1660630 1013
1660640 1013
1660650 1013
1660660 1007
1660670 1007
1660680 1005
1660690 1009
1660700 1014
1660710 1014
1660720 1033
1660730 1043
1660740 1043
1660750 1043
1660760 1034
1660770 1034
1660780 1040
1660790 1063
1660800 1063
1660810 1064
1660820 1075
1660830 1075
1660840 1074
1660850 1076
1660860 1076
1660870 1065
1660880 1070
1660890 1073
1660900 1073
1660910 1078
1660920 1082
1660930 1082
1660940 1086
1660950 1091
1660960 1091
1660970 1095
1660980 1099
1660990 1099
1661000 1103
1661010 1120
1661020 1120
1661030 1114
1661040 1116
1661050 1119
1661060 1119
1661070 1123
1661080 1126
1661090 1126
1661100 1129
1661110 1132
1661120 1132
1661130 1152
1661140 1154
1661150 1154
1661160 1150
1661170 1136
1661180 1138
1661190 1138
1661200 1139
1661210 1139
1661220 1139
1661230 1152
1661240 1153
1661250 1153
1661260 1144
1661270 1136
1661280 1136
1661290 1137
1661300 1137
1661310 1137
1661320 1139
1661330 1139
1661340 1139
1661350 1139
1661360 1138
1661370 1138
1661380 1137
1661390 1136
1661400 1136
1661410 1134
1661420 1133
1661430 1130
1661440 1130
1661450 1130
1661460 1128
1661470 1128
1661480 1128
1661490 1128
1661500 1128
1661510 1128
1661520 1127
1661530 1127
1661540 1126
1661550 1124
1661560 1124
1661570 1123
1661580 1124
1661590 1124
1661600 1123
1661610 1123
1661620 1124
1661630 1124
1661640 1124
1661650 1125
1661660 1125
1661670 1127
1661680 1130
1661690 1130
1661700 1131
1661710 1133
1661720 1133
1661730 1135
1661740 1138
1661750 1138
1661760 1140
1661770 1143
1661780 1161
1661790 1161
1661800 1163
1661810 1168
1661820 1168
1661830 1167
1661840 1167
1661850 1167
1661860 1167
1661870 1166
1661880 1166
1661890 1155
1661900 1162
1661910 1162
1661920 1166
1661930 1161
1661940 1161
1661950 1159
1661960 1164
1661970 1155
1661980 1155
1661990 1149
1662000 1145
1662010 1145
1662020 1143
1662030 1147
1662040 1147
1662050 1150
1662060 1152
1662070 1152
1662080 1147
1662090 1146
1662100 1146
1662110 1156
1662120 1154
1662130 1154
1662140 1161
1662150 1166
1662160 1163
1662170 1163
1662180 1162
1662190 1174
1662200 1174
1662210 1168
1662220 1169
1662230 1169
1662240 1164
1662250 1164
1662260 1164
1662270 1174
1662280 1170
1662290 1170
1662300 1168
1662310 1174
1662320 1174
1662330 1169
1662340 1157
1662350 1156
1662360 1156
1662370 1155
1662380 1148
1662390 1148
1662400 1147
1662410 1150
1662420 1150
1662430 1151
1662440 1153
1662450 1153
1662460 1154
1662470 1154
1662480 1154
1662490 1151
1662500 1156
1662510 1173
1662520 1173
1662530 1174
1662540 1160
1662550 1160
1662560 1166
1662570 1173
1662580 1173
1662590 1179
1662600 1180
1662610 1180
1662620 1207
1662630 1212
1662640 1212
1662650 1205
1662660 1196
1662670 1196
1662680 1200
1662690 1205
1662700 1208
1662710 1208
1662720 1212
1662730 1215
1662740 1215
1662750 1218
1662760 1220
1662770 1220
1662780 1222
1662790 1224
1662800 1224
1662810 1226
1662820 1227
1662830 1227
1662840 1229
1662850 1230
1662860 1230
1662870 1230
1662880 1230
1662890 1230
1662900 1230
1662910 1230
1662920 1230
1662930 1230
1662940 1230
1662950 1229
1662960 1229
1662970 1228
1662980 1238
1662990 1238
1663000 1240
1663010 1241
1663020 1241
1663030 1232
1663040 1236
1663050 1231
1663060 1231
1663070 1224
1663080 1219
1663090 1219
1663100 1216
1663110 1211
1663120 1211
1663130 1205
1663140 1202
1663150 1202
1663160 1203
1663170 1195
1663180 1195
1663190 1189
1663200 1181
1663210 1181
1663220 1182
1663230 1189
1663240 1193
1663250 1193
1663260 1185
1663270 1192
1663280 1192
1663290 1191
1663300 1186
1663310 1186
1663320 1193
1663330 1205
1663340 1208
1663350 1210
1663360 1216
1663370 1216
1663380 1213
1663390 1220
1663400 1220
1663410 1224
1663420 1213
1663430 1218
1663440 1218
1663450 1219
1663460 1221
1663470 1221
1663480 1224
1663490 1241
1663500 1241
1663510 1221
1663520 1249
1663530 1249
1663540 1251
1663550 1256
1663560 1256
1663570 1256
1663580 1263
1663590 1263
1663600 1271
1663610 1272
1663620 1271
1663630 1271
1663640 1270
1663650 1277
1663660 1277
1663670 1276
1663680 1277
1663690 1277
1663700 1279
1663710 1283
1663720 1283
1663730 1287
1663740 1289
1663750 1289
1663760 1292
1663770 1295
1663780 1293
1663790 1293
1663800 1275
1663810 1301
1663820 1301
1663830 1302
1663840 1298
1663850 1298
1663860 1294
1663870 1302
1663880 1302
1663890 1304
1663900 1304
1663910 1304
1663920 1308
1663930 1308
1663940 1308
1663950 1308
1663960 1306
1663970 1308
1663980 1308
1663990 1306
1664000 1305
1664010 1305
1664020 1304
1664030 1298
1664040 1298
1664050 1296
1664060 1288
1664070 1288
1664080 1281
1664090 1290
1664100 1290
1664110 1293
1664120 1288
1664130 1288
1664140 1288
1664150 1292
1664160 1290
1664170 1290
1664180 1288
1664190 1293
1664200 1293
1664210 1293
1664220 1291
1664230 1291
1664240 1293
1664250 1292
1664260 1292
1664270 1295
1664280 1296
1664290 1296
1664300 1295
1664310 1289
1664320 1287
1664330 1287
1664340 1285
1664350 1279
1664360 1279
1664370 1272
1664380 1279
1664390 1279
1664400 1284
1664410 1283
1664420 1283
1664430 1279
1664440 1280
1664450 1280
1664460 1271
1664470 1273
1664480 1273
1664490 1274
1664500 1274
1664510 1275
1664520 1275
1664530 1276
1664540 1278
1664550 1278
1664560 1280
1664570 1282
1664580 1282
1664590 1283
1664600 1297
1664610 1297
1664620 1305
1664630 1305
1664640 1305
1664650 1307
1664660 1309
1664670 1309
1664680 1310
1664690 1310
1664700 1317
1664710 1317
1664720 1322
1664730 1325
1664740 1325
1664750 1325
1664760 1328
1664770 1328
1664780 1331
1664790 1336
1664800 1336
1664810 1330
1664820 1315
1664830 1315
1664840 1316
1664850 1336
1664860 1336
1664870 1334
1664880 1336
1664890 1336
1664900 1336
1664910 1334
1664920 1347
1664930 1347
1664940 1349
1664950 1349
1664960 1349
1664970 1348
1664980 1346
1664990 1346
1665000 1350
1665010 1358
1665020 1358
1665030 1358
1665040 1361
1665050 1363
1665060 1363
1665070 1364
1665080 1364
1665090 1364
1665100 1364
1665110 1353
1665120 1353
1665130 1342
1665140 1343
1665150 1343
1665160 1344
1665170 1345
1665180 1345
1665190 1345
1665200 1345
1665210 1345
1665220 1352
1665230 1346
1665240 1358
1665250 1358
1665260 1374
1665270 1371
1665280 1371
1665290 1336
1665300 1332
1665310 1332
1665320 1327
1665330 1322
1665340 1322
1665350 1337
1665360 1340
1665370 1340
1665380 1347
1665390 1350
1665400 1350
1665410 1354
1665420 1359
1665430 1362
1665440 1362
1665450 1363
1665460 1364
1665470 1364
1665480 1382
1665490 1387
1665500 1387
1665510 1393
1665520 1393
1665530 1393
1665540 1401
1665550 1406
1665560 1406
1665570 1407
1665580 1410
1665590 1411
1665600 1411
1665610 1411
1665620 1416
1665630 1416
1665640 1417
1665650 1421
1665660 1421
1665670 1422
1665680 1423
1665690 1423
1665700 1423
1665710 1422
1665720 1422
1665730 1423
1665740 1424
1665750 1424
1665760 1425
1665770 1425
1665780 1431
1665790 1431
1665800 1433
1665810 1433
1665820 1433
1665830 1433
1665840 1438
1665850 1438
1665860 1437
1665870 1436
1665880 1436
1665890 1430
1665900 1439
1665910 1439
1665920 1437
1665930 1439
1665940 1439
1665950 1436
1665960 1441
1665970 1441
1665980 1441
1665990 1437
1666000 1438
1666010 1438
1666020 1440
1666030 1435
1666040 1435
1666050 1439
1666060 1439
1666070 1439
1666080 1439
1666090 1443
1666100 1443
1666110 1441
1666120 1438
1666130 1438
1666140 1435
1666150 1436
1666160 1427
1666170 1427
1666180 1428
1666190 1422
1666200 1422
1666210 1420
1666220 1416
1666230 1416
1666240 1408
1666250 1400
1666260 1400
1666270 1379
1666280 1400
1666290 1400
1666300 1398
1666310 1399
1666320 1389
1666330 1389
1666340 1384
1666350 1376
1666360 1376
1666370 1370
1666380 1372
1666390 1372
1666400 1367
1666410 1363
1666420 1363
1666430 1368
1666440 1367
1666450 1367
1666460 1367
1666470 1363
1666480 1363
1666490 1365
1666500 1374
1666510 1380
1666520 1380
1666530 1383
1666540 1387
1666550 1387
1666560 1387
1666570 1396
1666580 1396
1666590 1399
1666600 1402
1666610 1402
1666620 1405
1666630 1387
1666640 1387
1666650 1385
1666660 1394
1666670 1394
1666680 1404
1666690 1409
1666700 1408
1666710 1408
1666720 1408
1666730 1409
1666740 1409
1666750 1406
1666760 1401
1666770 1401
1666780 1402
1666790 1397
1666800 1397
1666810 1391
1666820 1383
1666830 1383
1666840 1382
1666850 1397
1666860 1397
1666870 1388
1666880 1387
1666890 1388
1666900 1388
1666910 1387
1666920 1382
1666930 1382
1666940 1383
1666950 1382
1666960 1382
1666970 1377
1666980 1377
1666990 1377
1667000 1377
1667010 1375
1667020 1375
1667030 1350
1667040 1343
1667050 1343
1667060 1343
1667070 1339
1667080 1365
1667090 1365
1667100 1358
1667110 1346
1667120 1346
1667130 1345
1667140 1350
1667150 1350
1667160 1356
1667170 1362
1667180 1362
1667190 1367
1667200 1361
1667210 1361
1667220 1366
1667230 1374
1667240 1375
1667250 1375
1667260 1376
1667270 1379
1667280 1379
1667290 1383
1667300 1387
1667310 1387
1667320 1387
1667330 1389
1667340 1389
1667350 1387
1667360 1386
1667370 1386
1667380 1386
1667390 1375
1667400 1375
1667410 1389
1667420 1380
1667430 1384
1667440 1384
1667450 1377
1667460 1379
1667470 1379
1667480 1380
1667490 1383
1667500 1383
1667510 1381
1667520 1380
1667530 1380
1667540 1378
1667550 1380
1667560 1380
1667570 1377
1667580 1379
1667590 1377
1667600 1377
1667610 1385
1667620 1383
1667630 1383
1667640 1390
1667650 1390
1667660 1390
1667670 1398
1667680 1398
1667690 1398
1667700 1397
1667710 1399
1667720 1399
1667730 1396
1667740 1400
1667750 1400
1667760 1397
1667770 1397
1667780 1404
1667790 1404
1667800 1407
1667810 1410
1667820 1410
1667830 1410
1667840 1407
1667850 1407
1667860 1417
1667870 1423
1667880 1423
1667890 1428
1667900 1440
1667910 1440
1667920 1438
1667930 1438
1667940 1438
1667950 1440
1667960 1442
1667970 1444
1667980 1444
1667990 1460
1668000 1469
1668010 1469
1668020 1478
1668030 1478
1668040 1478
1668050 1482
1668060 1466
1668070 1466
1668080 1491
1668090 1496
1668100 1496
1668110 1497
1668120 1504
1668130 1504
1668140 1501
1668150 1497
1668160 1504
1668170 1504
1668180 1513
1668190 1515
1668200 1515
1668210 1503
1668220 1520
1668230 1520
1668240 1521
1668250 1513
1668260 1525
1668270 1528
1668280 1530
1668290 1530
1668300 1538
1668310 1537
1668320 1539
1668330 1539
1668340 1527
1668350 1545
1668360 1545
1668370 1549
1668380 1553
1668390 1553
1668400 1557
1668410 1557
1668420 1557
1668430 1561
1668440 1561
1668450 1561
1668460 1567
1668470 1570
1668480 1570
1668490 1568
1668500 1573
1668510 1571
1668520 1571
1668530 1576
1668540 1578
1668550 1578
1668560 1577
1668570 1580
1668580 1580
1668590 1580
1668600 1582
1668610 1581
1668620 1581
1668630 1556
1668640 1558
1668650 1558
1668660 1558
1668670 1559
1668680 1559
1668690 1560
1668700 1560
1668710 1561
1668720 1561
1668730 1562
1668740 1562
1668750 1562
1668760 1563
1668770 1563
1668780 1563
1668790 1564
1668800 1564
1668810 1564
1668820 1565
1668830 1566
1668840 1566
1668850 1568
1668860 1583
1668870 1586
1668880 1586
1668890 1573
1668900 1569
1668910 1569
1668920 1593
1668930 1594
1668940 1594
1668950 1596
1668960 1597
1668970 1595
1668980 1597
1668990 1598
1669000 1598
1669010 1602
1669020 1603
1669030 1603
1669040 1603
1669050 1599
1669060 1607
1669070 1607
1669080 1605
1669090 1605
1669100 1605
1669110 1609
1669120 1605
1669130 1605
1669140 1605
1669150 1603
1669160 1603
1669170 1605
1669180 1604
1669190 1604
1669200 1598
1669210 1611
1669220 1611
1669230 1608
1669240 1611
1669250 1609
1669260 1609
1669270 1611
1669280 1613
1669290 1613
1669300 1615
1669310 1608
1669320 1608
1669330 1615
1669340 1612
1669350 1612
1669360 1615
1669370 1616
1669380 1616
1669390 1629
1669400 1626
1669410 1626
1669420 1633
1669430 1628
1669440 1635
1669450 1635
1669460 1634
1669470 1640
1669480 1640
1669490 1625
1669500 1628
1669510 1628
1669520 1629
1669530 1629
1669540 1629
1669550 1631
1669560 1632
1669570 1632
1669580 1643
1669590 1637
1669600 1638
1669610 1638
1669620 1637
1669630 1651
1669640 1651
1669650 1655
1669660 1658
1669670 1658
1669680 1655
1669690 1663
1669700 1663
1669710 1659
1669720 1661
1669730 1661
1669740 1665
1669750 1662
1669760 1662
1669770 1672
1669780 1661
1669790 1662
1669800 1662
1669810 1661
1669820 1676
1669830 1676
1669840 1681
1669850 1679
1669860 1679
1669870 1682
1669880 1685
1669890 1685
1669900 1688
1669910 1687
1669920 1687
1669930 1689
1669940 1690
1669950 1690
1669960 1689
1669970 1683
1669980 1693
1669990 1693
1670000 1697
1670010 1699
1670020 1699
1670030 1700
1670040 1705
1670050 1705
1670060 1709
1670070 1707
1670080 1707
1670090 1713
1670100 1715
1670110 1715
1670120 1716
1670130 1718
1670140 1718
1670150 1718
1670160 1721
1670170 1723
1670180 1723
1670190 1722
1670200 1724
1670210 1724
1670220 1726
1670230 1731
1670240 1731
1670250 1737
1670260 1738
1670270 1738
1670280 1742
1670290 1737
1670300 1737
1670310 1743
1670320 1745
1670330 1744
1670340 1744
1670350 1746
1670360 1753
1670370 1753
1670380 1750
1670390 1753
1670400 1753
1670410 1753
1670420 1756
1670430 1756
1670440 1758
1670450 1760
1670460 1760
1670470 1761
1670480 1764
1670490 1764
1670500 1766
1670510 1769
1670520 1772
1670530 1772
1670540 1774
1670550 1779
1670560 1779
1670570 1780
1670580 1783
1670590 1783
1670600 1786
1670610 1788
1670620 1788
1670630 1790
1670640 1793
1670650 1793
1670660 1795
1670670 1797
1670680 1797
1670690 1798
1670700 1799
1670710 1800
1670720 1800
1670730 1801
1670740 1801
1670750 1801
1670760 1801
