1669170 1498
1669180 1500
1669190 1500
1669200 1502
1669210 1504
1669220 1504
1669230 1506
1669240 1509
1669250 1509
1669260 1511
1669270 1513
1669280 1513
1669290 1515
1669300 1518
1669310 1518
1669320 1520
1669330 1523
1669340 1523
1669350 1525
1669360 1529
1669370 1531
1669380 1531
1669390 1533
1669400 1535
1669410 1535
1669420 1536
1669430 1536
1669440 1536
1669450 1537
1669460 1538
1669470 1538
1669480 1538
1669490 1537
1669500 1537
1669510 1537
1669520 1537
1669530 1538
1669540 1538
1669550 1538
1669560 1537
1669570 1537
1669580 1537
1669590 1536
1669600 1536
1669610 1534
1669620 1533
1669630 1533
1669640 1531
1669650 1530
1669660 1530
1669670 1530
1669680 1529
1669690 1529
1669700 1529
1669710 1528
1669720 1527
1669730 1527
1669740 1527
1669750 1527
1669760 1527
1669770 1527
1669780 1526
1669790 1526
1669800 1526
1669810 1525
1669820 1525
1669830 1525
1669840 1525
1669850 1525
1669860 1525
1669870 1525
1669880 1525
1669890 1525
1669900 1525
1669910 1524
1669920 1524
1669930 1525
1669940 1526
1669950 1526
1669960 1526
1669970 1526
1669980 1526
1669990 1527
1670000 1527
1670010 1527
1670020 1528
1670030 1528
1670040 1528
1670050 1527
1670060 1526
1670070 1526
1670080 1525
1670090 1523
1670100 1525
1670110 1525
1670120 1528
1670130 1529
1670140 1529
1670150 1530
1670160 1531
1670170 1531
1670180 1531
1670190 1532
1670200 1532
1670210 1533
1670220 1534
1670230 1534
1670240 1535
1670250 1536
1670260 1536
1670270 1536
1670280 1538
1670290 1539
1670300 1539
1670310 1540
1670320 1542
1670330 1542
1670340 1543
1670350 1545
1670360 1545
1670370 1548
1670380 1548
1670390 1548
1670400 1551
1670410 1553
1670420 1553
1670430 1554
1670440 1557
1670450 1557
1670460 1559
1670470 1560
1670480 1562
1670490 1562
1670500 1563
1670510 1566
1670520 1566
1670530 1568
1670540 1570
1670550 1570
1670560 1571
1670570 1574
1670580 1574
1670590 1577
1670600 1579
1670610 1579
1670620 1581
1670630 1583
1670640 1583
1670650 1585
1670660 1587
1670670 1589
1670680 1589
1670690 1591
1670700 1593
1670710 1593
1670720 1594
1670730 1596
1670740 1596
1670750 1598
1670760 1599
1670770 1599
1670780 1600
1670790 1601
1670800 1601
1670810 1603
1670820 1604
1670830 1605
1670840 1605
1670850 1606
1670860 1606
1670870 1606
1670880 1607
1670890 1608
1670900 1608
1670910 1608
1670920 1608
1670930 1608
1670940 1608
1670950 1608
1670960 1608
1670970 1608
1670980 1608
1670990 1608
1671000 1607
1671010 1607
1671020 1606
1671030 1606
1671040 1605
1671050 1604
1671060 1604
1671070 1603
1671080 1602
1671090 1602
1671100 1600
1671110 1599
1671120 1599
1671130 1597
1671140 1595
1671150 1595
1671160 1593
1671170 1590
1671180 1590
1671190 1588
1671200 1584
1671210 1581
1671220 1581
1671230 1577
1671240 1575
1671250 1575
1671260 1573
1671270 1570
1671280 1570
1671290 1566
1671300 1563
1671310 1563
1671320 1560
1671330 1558
1671340 1558
1671350 1555
1671360 1552
1671370 1552
1671380 1546
1671390 1542
1671400 1537
1671410 1537
1671420 1533
1671430 1528
1671440 1528
1671450 1523
1671460 1518
1671470 1518
1671480 1512
1671490 1509
1671500 1509
1671510 1506
1671520 1502
1671530 1502
1671540 1500
1671550 1498
1671560 1498
1671570 1494
1671580 1490
1671590 1487
1671600 1487
1671610 1483
1671620 1481
1671630 1481
1671640 1476
1671650 1472
1671660 1472
1671670 1470
1671680 1465
1671690 1465
1671700 1463
1671710 1463
1671720 1463
1671730 1461
1671740 1458
1671750 1458
1671760 1457
1671770 1455
1671780 1454
1671790 1454
1671800 1452
1671810 1450
1671820 1450
1671830 1446
1671840 1444
1671850 1444
1671860 1442
1671870 1439
1671880 1439
1671890 1437
1671900 1434
1671910 1434
1671920 1432
1671930 1428
1671940 1428
1671950 1425
1671960 1423
1671970 1422
1671980 1422
1671990 1419
1672000 1417
1672010 1417
1672020 1415
1672030 1411
1672040 1411
1672050 1408
1672060 1406
1672070 1406
1672080 1405
1672090 1401
1672100 1401
1672110 1396
1672120 1393
1672130 1390
1672140 1390
1672150 1390
1672160 1387
1672170 1387
1672180 1383
1672190 1380
1672200 1380
1672210 1376
1672220 1373
1672230 1373
1672240 1369
1672250 1365
1672260 1365
1672270 1363
1672280 1360
1672290 1360
1672300 1357
1672310 1353
1672320 1350
1672330 1350
1672340 1346
1672350 1344
1672360 1344
1672370 1342
1672380 1341
1672390 1341
1672400 1340
1672410 1338
1672420 1338
1672430 1335
1672440 1333
1672450 1333
1672460 1329
1672470 1328
1672480 1328
1672490 1327
1672500 1326
1672510 1324
1672520 1324
1672530 1321
1672540 1320
1672550 1320
1672560 1318
1672570 1317
1672580 1317
1672590 1316
1672600 1314
1672610 1314
1672620 1312
1672630 1312
1672640 1312
1672650 1311
1672660 1309
1672670 1309
1672680 1307
1672690 1305
1672700 1304
1672710 1304
1672720 1302
1672730 1301
1672740 1301
1672750 1299
1672760 1296
1672770 1296
1672780 1294
1672790 1292
1672800 1292
1672810 1290
1672820 1289
1672830 1289
1672840 1287
1672850 1285
1672860 1285
1672870 1283
1672880 1280
1672890 1277
1672900 1277
1672910 1273
1672920 1269
1672930 1269
1672940 1265
1672950 1261
1672960 1261
1672970 1257
1672980 1254
1672990 1254
1673000 1250
1673010 1246
1673020 1246
1673030 1240
1673040 1235
1673050 1235
1673060 1231
1673070 1224
1673080 1218
1673090 1218
1673100 1211
1673110 1208
1673120 1208
1673130 1204
1673140 1201
1673150 1201
1673160 1197
1673170 1195
1673180 1195
1673190 1198
1673200 1206
1673210 1206
1673220 1213
1673230 1220
1673240 1220
1673250 1226
1673260 1229
1673270 1232
1673280 1232
1673290 1234
1673300 1236
1673310 1236
1673320 1238
1673330 1240
1673340 1240
1673350 1242
1673360 1243
1673370 1243
1673380 1243
1673390 1244
1673400 1244
1673410 1244
1673420 1244
1673430 1245
1673440 1245
1673450 1245
1673460 1244
1673470 1244
1673480 1243
1673490 1242
1673500 1242
1673510 1242
1673520 1241
1673530 1241
1673540 1240
1673550 1241
1673560 1241
1673570 1239
1673580 1241
1673590 1241
1673600 1240
1673610 1241
1673620 1239
1673630 1239
1673640 1240
1673650 1240
1673660 1240
1673670 1240
1673680 1240
1673690 1240
1673700 1241
1673710 1241
1673720 1241
1673730 1240
1673740 1244
1673750 1244
1673760 1246
1673770 1247
1673780 1247
1673790 1249
1673800 1251
1673810 1253
1673820 1253
1673830 1254
1673840 1255
1673850 1255
1673860 1256
1673870 1256
1673880 1256
1673890 1256
1673900 1256
1673910 1256
1673920 1255
1673930 1255
1673940 1255
1673950 1254
1673960 1254
1673970 1254
1673980 1253
1673990 1253
1674000 1252
1674010 1252
1674020 1252
1674030 1251
1674040 1251
1674050 1251
1674060 1251
1674070 1251
1674080 1250
1674090 1250
1674100 1250
1674110 1248
1674120 1248
1674130 1248
1674140 1247
1674150 1247
1674160 1247
1674170 1246
1674180 1246
1674190 1244
1674200 1244
1674210 1244
1674220 1243
1674230 1243
1674240 1242
1674250 1242
1674260 1242
1674270 1242
1674280 1242
1674290 1242
1674300 1241
1674310 1241
1674320 1241
1674330 1240
1674340 1240
1674350 1240
1674360 1239
1674370 1238
1674380 1238
1674390 1238
1674400 1238
1674410 1239
1674420 1239
1674430 1238
1674440 1236
1674450 1236
1674460 1236
1674470 1236
1674480 1236
1674490 1235
1674500 1234
1674510 1234
1674520 1232
1674530 1231
1674540 1231
1674550 1230
1674560 1228
1674570 1227
1674580 1227
1674590 1225
1674600 1223
1674610 1223
1674620 1222
1674630 1220
1674640 1220
1674650 1218
1674660 1216
1674670 1216
1674680 1213
1674690 1209
1674700 1209
1674710 1205
1674720 1200
1674730 1195
1674740 1195
1674750 1191
1674760 1187
1674770 1187
1674780 1183
1674790 1179
1674800 1179
1674810 1177
1674820 1174
1674830 1174
1674840 1170
1674850 1165
1674860 1165
1674870 1162
1674880 1159
1674890 1159
1674900 1156
1674910 1155
1674920 1153
1674930 1153
1674940 1150
1674950 1148
1674960 1148
1674970 1146
1674980 1144
1674990 1144
1675000 1142
1675010 1139
1675020 1139
1675030 1136
1675040 1134
1675050 1134
1675060 1133
1675070 1131
1675080 1131
1675090 1128
1675100 1125
1675110 1122
1675120 1122
1675130 1117
1675140 1114
1675150 1114
1675160 1113
1675170 1112
1675180 1112
1675190 1111
1675200 1112
1675210 1112
1675220 1112
1675230 1112
1675240 1112
1675250 1112
1675260 1111
1675270 1111
1675280 1113
1675290 1111
1675300 1109
1675310 1109
1675320 1106
1675330 1105
1675340 1105
1675350 1101
1675360 1098
1675370 1098
1675380 1093
1675390 1090
1675400 1090
1675410 1090
1675420 1090
1675430 1090
1675440 1091
1675450 1094
1675460 1094
1675470 1096
1675480 1098
1675490 1102
1675500 1102
1675510 1105
1675520 1108
1675530 1108
1675540 1112
1675550 1115
1675560 1115
1675570 1118
1675580 1120
1675590 1120
1675600 1122
1675610 1125
1675620 1125
1675630 1127
1675640 1130
1675650 1130
1675660 1133
1675670 1135
1675680 1137
1675690 1137
1675700 1139
1675710 1140
1675720 1140
1675730 1141
1675740 1142
1675750 1142
1675760 1143
1675770 1143
1675780 1143
1675790 1143
1675800 1143
1675810 1143
1675820 1143
1675830 1142
1675840 1142
1675850 1142
1675860 1142
1675870 1141
1675880 1141
1675890 1140
1675900 1140
1675910 1140
1675920 1139
1675930 1139
1675940 1139
1675950 1138
1675960 1139
1675970 1139
1675980 1139
1675990 1139
1676000 1139
1676010 1140
1676020 1140
1676030 1141
1676040 1141
1676050 1140
1676060 1140
1676070 1140
1676080 1141
1676090 1141
1676100 1141
1676110 1141
1676120 1142
1676130 1142
1676140 1143
1676150 1144
1676160 1144
1676170 1145
1676180 1145
1676190 1145
1676200 1145
1676210 1145
1676220 1145
1676230 1145
1676240 1146
1676250 1147
1676260 1147
1676270 1147
1676280 1147
1676290 1147
1676300 1147
1676310 1148
1676320 1148
1676330 1148
1676340 1147
1676350 1147
1676360 1145
1676370 1143
1676380 1143
1676390 1141
1676400 1139
1676410 1137
1676420 1137
1676430 1132
1676440 1125
1676450 1125
1676460 1124
1676470 1120
1676480 1120
1676490 1118
1676500 1116
1676510 1116
1676520 1113
1676530 1110
1676540 1110
1676550 1111
1676560 1111
1676570 1111
1676580 1109
1676590 1109
1676600 1109
1676610 1109
1676620 1109
1676630 1106
1676640 1106
1676650 1105
1676660 1106
1676670 1106
1676680 1106
1676690 1117
1676700 1117
1676710 1121
1676720 1124
1676730 1124
1676740 1126
1676750 1128
1676760 1128
1676770 1130
1676780 1131
1676790 1130
1676800 1130
1676810 1126
1676820 1121
1676830 1121
1676840 1118
1676850 1119
1676860 1119
1676870 1121
1676880 1124
1676890 1124
1676900 1125
1676910 1127
1676920 1127
1676930 1130
1676940 1132
1676950 1132
1676960 1135
1676970 1137
1676980 1142
1676990 1142
1677000 1145
1677010 1148
1677020 1148
1677030 1149
1677040 1153
1677050 1153
1677060 1157
1677070 1160
1677080 1160
1677090 1162
1677100 1164
1677110 1164
1677120 1166
1677130 1168
1677140 1168
1677150 1170
1677160 1172
1677170 1174
1677180 1174
1677190 1176
1677200 1178
1677210 1178
1677220 1179
1677230 1182
1677240 1182
1677250 1184
1677260 1188
1677270 1188
1677280 1191
1677290 1195
1677300 1195
1677310 1198
1677320 1200
1677330 1204
1677340 1204
1677350 1207
1677360 1210
1677370 1210
1677380 1213
1677390 1217
1677400 1217
1677410 1220
1677420 1224
1677430 1224
1677440 1227
1677450 1230
1677460 1230
1677470 1233
1677480 1235
1677490 1235
1677500 1237
1677510 1240
1677520 1241
1677530 1241
1677540 1242
1677550 1243
1677560 1243
1677570 1244
1677580 1244
1677590 1244
1677600 1245
1677610 1245
1677620 1245
1677630 1246
1677640 1246
1677650 1246
1677660 1246
1677670 1246
1677680 1246
1677690 1246
1677700 1245
1677710 1245
1677720 1245
1677730 1244
1677740 1244
1677750 1244
1677760 1243
1677770 1243
1677780 1243
1677790 1241
1677800 1240
1677810 1240
1677820 1238
1677830 1237
1677840 1237
1677850 1237
1677860 1232
1677870 1232
1677880 1229
1677890 1227
1677900 1223
1677910 1223
1677920 1221
1677930 1218
1677940 1218
1677950 1214
1677960 1211
1677970 1211
1677980 1207
1677990 1202
1678000 1202
1678010 1197
1678020 1192
1678030 1192
1678040 1186
1678050 1178
1678060 1178
1678070 1173
1678080 1173
1678090 1169
1678100 1169
1678110 1166
1678120 1163
1678130 1163
1678140 1162
1678150 1161
1678160 1161
1678170 1158
1678180 1155
1678190 1155
1678200 1151
1678210 1147
1678220 1147
1678230 1144
1678240 1139
1678250 1139
1678260 1134
1678270 1130
1678280 1128
1678290 1128
1678300 1125
1678310 1122
1678320 1122
1678330 1119
1678340 1115
1678350 1115
1678360 1111
1678370 1107
1678380 1107
1678390 1102
1678400 1101
1678410 1101
1678420 1100
1678430 1098
1678440 1098
1678450 1098
1678460 1097
1678470 1097
1678480 1097
1678490 1096
1678500 1097
1678510 1097
1678520 1097
1678530 1097
1678540 1097
1678550 1097
1678560 1098
1678570 1098
1678580 1098
1678590 1098
1678600 1098
1678610 1098
1678620 1097
1678630 1097
1678640 1097
1678650 1097
1678660 1097
1678670 1097
1678680 1097
1678690 1097
1678700 1097
1678710 1096
1678720 1096
1678730 1096
1678740 1096
1678750 1097
1678760 1097
1678770 1097
1678780 1097
1678790 1097
1678800 1097
1678810 1097
1678820 1096
1678830 1096
1678840 1096
1678850 1095
1678860 1095
1678870 1095
1678880 1094
1678890 1094
1678900 1093
1678910 1092
1678920 1092
1678930 1091
1678940 1089
1678950 1089
1678960 1087
1678970 1087
1678980 1087
1678990 1087
1679000 1086
1679010 1085
1679020 1085
1679030 1085
1679040 1085
1679050 1085
1679060 1085
1679070 1086
1679080 1086
1679090 1085
1679100 1085
1679110 1085
1679120 1085
1679130 1086
1679140 1086
1679150 1086
1679160 1086
1679170 1086
1679180 1085
1679190 1084
1679200 1084
1679210 1084
1679220 1083
1679230 1082
1679240 1082
1679250 1082
1679260 1081
1679270 1081
1679280 1080
1679290 1078
1679300 1078
1679310 1077
1679320 1075
1679330 1075
1679340 1073
1679350 1071
1679360 1071
1679370 1070
1679380 1067
1679390 1065
1679400 1065
1679410 1063
1679420 1061
1679430 1061
1679440 1058
1679450 1056
1679460 1056
1679470 1053
1679480 1048
1679490 1048
1679500 1042
1679510 1036
1679520 1036
1679530 1031
1679540 1025
1679550 1025
1679560 1023
1679570 1018
1679580 1015
1679590 1015
1679600 1015
1679610 1016
1679620 1016
1679630 1016
1679640 1017
1679650 1017
1679660 1018
1679670 1019
1679680 1019
1679690 1020
1679700 1020
1679710 1020
1679720 1019
1679730 1019
1679740 1019
1679750 1018
1679760 1016
1679770 1014
1679780 1014
1679790 1014
1679800 1013
1679810 1013
1679820 1012
1679830 1011
1679840 1011
1679850 1009
1679860 1008
1679870 1008
1679880 1005
1679890 1002
1679900 1002
1679910 999
1679920 997
1679930 994
1679940 994
1679950 992
1679960 991
1679970 991
1679980 989
1679990 987
