1669160 1448
1669170 1451
1669180 1455
1669190 1455
1669200 1459
1669210 1462
1669220 1462
1669230 1464
1669240 1467
1669250 1467
1669260 1470
1669270 1473
1669280 1473
1669290 1475
1669300 1477
1669310 1477
1669320 1479
1669330 1482
1669340 1482
1669350 1485
1669360 1488
1669370 1491
1669380 1491
1669390 1493
1669400 1496
1669410 1496
1669420 1499
1669430 1503
1669440 1503
1669450 1507
1669460 1511
1669470 1511
1669480 1515
1669490 1518
1669500 1518
1669510 1521
1669520 1524
1669530 1526
1669540 1526
1669550 1529
1669560 1532
1669570 1532
1669580 1536
1669590 1540
1669600 1540
1669610 1543
1669620 1546
1669630 1546
1669640 1548
1669650 1550
1669660 1550
1669670 1552
1669680 1553
1669690 1553
1669700 1554
1669710 1555
1669720 1556
1669730 1556
1669740 1557
1669750 1558
1669760 1558
1669770 1559
1669780 1561
1669790 1561
1669800 1562
1669810 1563
1669820 1563
1669830 1565
1669840 1566
1669850 1566
1669860 1568
1669870 1570
1669880 1570
1669890 1572
1669900 1573
1669910 1575
1669920 1575
1669930 1576
1669940 1579
1669950 1579
1669960 1580
1669970 1582
1669980 1582
1669990 1584
1670000 1586
1670010 1586
1670020 1588
1670030 1591
1670040 1591
1670050 1592
1670060 1594
1670070 1594
1670080 1595
1670090 1597
1670100 1600
1670110 1600
1670120 1602
1670130 1604
1670140 1604
1670150 1605
1670160 1607
1670170 1607
1670180 1609
1670190 1611
1670200 1611
1670210 1613
1670220 1615
1670230 1615
1670240 1617
1670250 1619
1670260 1619
1670270 1621
1670280 1622
1670290 1625
1670300 1625
1670310 1626
1670320 1628
1670330 1628
1670340 1630
1670350 1632
1670360 1632
1670370 1634
1670380 1636
1670390 1636
1670400 1638
1670410 1639
1670420 1639
1670430 1642
1670440 1643
1670450 1643
1670460 1645
1670470 1647
1670480 1649
1670490 1649
1670500 1651
1670510 1652
1670520 1652
1670530 1654
1670540 1655
1670550 1655
1670560 1657
1670570 1658
1670580 1658
1670590 1659
1670600 1659
1670610 1659
1670620 1660
1670630 1660
1670640 1660
1670650 1660
1670660 1660
1670670 1660
1670680 1660
1670690 1660
1670700 1660
1670710 1660
1670720 1659
1670730 1659
1670740 1659
1670750 1658
1670760 1657
1670770 1657
1670780 1656
1670790 1655
1670800 1655
1670810 1653
1670820 1651
1670830 1651
1670840 1650
1670850 1648
1670860 1647
1670870 1647
1670880 1645
1670890 1642
1670900 1642
1670910 1639
1670920 1637
1670930 1637
1670940 1636
1670950 1633
1670960 1633
1670970 1631
1670980 1628
1670990 1628
1671000 1626
1671010 1623
1671020 1623
1671030 1619
1671040 1616
1671050 1613
1671060 1613
1671070 1611
1671080 1608
1671090 1608
1671100 1607
1671110 1603
1671120 1603
1671130 1601
1671140 1598
1671150 1598
1671160 1596
1671170 1593
1671180 1593
1671190 1590
1671200 1586
1671210 1582
1671220 1582
1671230 1578
1671240 1574
1671250 1574
1671260 1572
1671270 1570
1671280 1570
1671290 1567
1671300 1564
1671310 1564
1671320 1562
1671330 1560
1671340 1560
1671350 1558
1671360 1557
1671370 1557
1671380 1554
1671390 1553
1671400 1550
1671410 1550
1671420 1548
1671430 1545
1671440 1545
1671450 1543
1671460 1541
1671470 1541
1671480 1539
1671490 1538
1671500 1538
1671510 1535
1671520 1531
1671530 1531
1671540 1529
1671550 1528
1671560 1528
1671570 1526
1671580 1524
1671590 1522
1671600 1522
1671610 1519
1671620 1515
1671630 1515
1671640 1509
1671650 1506
1671660 1506
1671670 1505
1671680 1503
1671690 1503
1671700 1501
1671710 1499
1671720 1499
1671730 1498
1671740 1495
1671750 1495
1671760 1493
1671770 1489
1671780 1485
1671790 1485
1671800 1482
1671810 1479
1671820 1479
1671830 1472
1671840 1469
1671850 1469
1671860 1467
1671870 1464
1671880 1464
1671890 1462
1671900 1461
1671910 1461
1671920 1462
1671930 1461
1671940 1461
1671950 1459
1671960 1457
1671970 1455
1671980 1455
1671990 1450
1672000 1445
1672010 1445
1672020 1441
1672030 1439
1672040 1439
1672050 1436
1672060 1434
1672070 1434
1672080 1432
1672090 1432
1672100 1432
1672110 1431
1672120 1429
1672130 1429
1672140 1427
1672150 1427
1672160 1425
1672170 1425
1672180 1423
1672190 1422
1672200 1422
1672210 1421
1672220 1420
1672230 1420
1672240 1421
1672250 1421
1672260 1421
1672270 1419
1672280 1418
1672290 1418
1672300 1417
1672310 1417
1672320 1417
1672330 1416
1672340 1418
1672350 1418
1672360 1418
1672370 1417
1672380 1416
1672390 1416
1672400 1415
1672410 1412
1672420 1412
1672430 1410
1672440 1409
1672450 1409
1672460 1409
1672470 1408
1672480 1408
1672490 1408
1672500 1406
1672510 1406
1672520 1407
1672530 1407
1672540 1405
1672550 1405
1672560 1402
1672570 1398
1672580 1398
1672590 1394
1672600 1393
1672610 1393
1672620 1391
1672630 1389
1672640 1389
1672650 1386
1672660 1385
1672670 1385
1672680 1384
1672690 1384
1672700 1384
1672710 1384
1672720 1382
1672730 1380
1672740 1380
1672750 1379
1672760 1378
1672770 1378
1672780 1376
1672790 1375
1672800 1375
1672810 1373
1672820 1372
1672830 1372
1672840 1371
1672850 1369
1672860 1369
1672870 1367
1672880 1365
1672890 1362
1672900 1362
1672910 1359
1672920 1357
1672930 1357
1672940 1354
1672950 1351
1672960 1351
1672970 1349
1672980 1346
1672990 1346
1673000 1344
1673010 1343
1673020 1343
1673030 1341
1673040 1338
1673050 1338
1673060 1336
1673070 1335
1673080 1333
1673090 1333
1673100 1331
1673110 1330
1673120 1330
1673130 1327
1673140 1326
1673150 1326
1673160 1324
1673170 1323
1673180 1323
1673190 1320
1673200 1318
1673210 1318
1673220 1315
1673230 1313
1673240 1313
1673250 1310
1673260 1307
1673270 1305
1673280 1305
1673290 1301
1673300 1298
1673310 1298
1673320 1295
1673330 1292
1673340 1292
1673350 1292
1673360 1289
1673370 1289
1673380 1288
1673390 1285
1673400 1285
1673410 1284
1673420 1282
1673430 1282
1673440 1279
1673450 1277
1673460 1275
1673470 1275
1673480 1273
1673490 1271
1673500 1271
1673510 1268
1673520 1266
1673530 1266
1673540 1262
1673550 1258
1673560 1258
1673570 1253
1673580 1247
1673590 1247
1673600 1242
1673610 1239
1673620 1239
1673630 1237
1673640 1235
1673650 1232
1673660 1232
1673670 1229
1673680 1224
1673690 1224
1673700 1221
1673710 1219
1673720 1219
1673730 1218
1673740 1216
1673750 1216
1673760 1214
1673770 1212
1673780 1212
1673790 1209
1673800 1205
1673810 1205
1673820 1201
1673830 1200
1673840 1197
1673850 1197
1673860 1196
1673870 1194
1673880 1194
1673890 1192
1673900 1189
1673910 1189
1673920 1187
1673930 1185
1673940 1185
1673950 1184
1673960 1183
1673970 1183
1673980 1182
1673990 1180
1674000 1180
1674010 1178
1674020 1176
1674030 1174
1674040 1174
1674050 1173
1674060 1171
1674070 1171
1674080 1169
1674090 1167
1674100 1167
1674110 1164
1674120 1162
1674130 1162
1674140 1159
1674150 1157
1674160 1157
1674170 1154
1674180 1152
1674190 1152
1674200 1149
1674210 1146
1674220 1143
1674230 1143
1674240 1140
1674250 1138
1674260 1138
1674270 1135
1674280 1132
1674290 1132
1674300 1129
1674310 1127
1674320 1127
1674330 1125
1674340 1123
1674350 1123
1674360 1122
1674370 1120
1674380 1118
1674390 1118
1674400 1114
1674410 1114
1674420 1114
1674430 1110
1674440 1106
1674450 1106
1674460 1101
1674470 1096
1674480 1096
1674490 1091
1674500 1083
1674510 1083
1674520 1075
1674530 1070
1674540 1070
1674550 1065
1674560 1061
1674570 1057
1674580 1057
1674590 1054
1674600 1051
1674610 1051
1674620 1050
1674630 1049
1674640 1049
1674650 1049
1674660 1045
1674670 1045
1674680 1045
1674690 1051
1674700 1051
1674710 1053
1674720 1055
1674730 1055
1674740 1059
1674750 1060
1674760 1063
1674770 1063
1674780 1064
1674790 1065
1674800 1065
1674810 1067
1674820 1069
1674830 1069
1674840 1071
1674850 1072
1674860 1072
1674870 1074
1674880 1075
1674890 1075
1674900 1076
1674910 1076
1674920 1076
1674930 1076
1674940 1076
1674950 1075
1674960 1075
1674970 1075
1674980 1074
1674990 1074
1675000 1073
1675010 1072
1675020 1072
1675030 1071
1675040 1070
1675050 1070
1675060 1068
1675070 1066
1675080 1066
1675090 1064
1675100 1061
1675110 1061
1675120 1057
1675130 1053
1675140 1051
1675150 1051
1675160 1049
1675170 1046
1675180 1046
1675190 1043
1675200 1040
1675210 1040
1675220 1037
1675230 1034
1675240 1034
1675250 1032
1675260 1030
1675270 1030
1675280 1028
1675290 1027
1675300 1027
1675310 1025
1675320 1023
1675330 1020
1675340 1020
1675350 1018
1675360 1016
1675370 1016
1675380 1012
1675390 1011
1675400 1011
1675410 1007
1675420 1004
1675430 1004
1675440 1003
1675450 1003
1675460 1003
1675470 1003
1675480 1002
1675490 1002
1675500 1001
1675510 999
1675520 997
1675530 997
1675540 996
1675550 994
1675560 994
1675570 993
1675580 992
1675590 992
1675600 990
1675610 991
1675620 991
1675630 993
1675640 995
1675650 995
1675660 997
1675670 999
1675680 999
1675690 1000
1675700 1001
1675710 1001
1675720 1001
1675730 1001
1675740 1000
1675750 1000
1675760 999
1675770 998
1675780 998
1675790 998
1675800 998
1675810 998
1675820 999
1675830 998
1675840 998
1675850 997
1675860 997
1675870 997
1675880 996
1675890 999
1675900 1001
1675910 1001
1675920 1001
1675930 1000
1675940 1000
1675950 998
1675960 996
1675970 996
1675980 994
1675990 992
1676000 992
1676010 990
1676020 989
1676030 989
1676040 989
1676050 987
1676060 988
1676070 988
1676080 989
1676090 988
1676100 988
1676110 984
1676120 982
1676130 982
1676140 983
1676150 979
1676160 979
1676170 977
1676180 975
1676190 975
1676200 972
1676210 970
1676220 970
1676230 969
1676240 968
1676250 967
1676260 967
1676270 967
1676280 967
1676290 967
1676300 967
1676310 966
1676320 966
1676330 964
1676340 963
1676350 963
1676360 961
1676370 961
1676380 961
1676390 960
1676400 960
1676410 960
1676420 959
1676430 958
1676440 957
1676450 957
1676460 955
1676470 958
1676480 958
1676490 964
1676500 969
1676510 969
1676520 973
1676530 977
1676540 977
1676550 979
1676560 973
1676570 973
1676580 966
1676590 963
1676600 963
1676610 965
1676620 970
1676630 976
1676640 976
1676650 980
1676660 983
1676670 983
1676680 987
1676690 991
1676700 991
1676710 996
1676720 1000
1676730 1000
1676740 1003
1676750 1008
1676760 1008
1676770 1012
1676780 1016
1676790 1016
1676800 1020
1676810 1025
1676820 1027
1676830 1027
1676840 1031
1676850 1035
1676860 1035
1676870 1040
1676880 1043
1676890 1043
1676900 1045
1676910 1046
1676920 1046
1676930 1046
1676940 1047
1676950 1047
1676960 1046
1676970 1046
1676980 1046
1676990 1046
1677000 1048
1677010 1047
1677020 1047
1677030 1045
1677040 1044
1677050 1044
1677060 1044
1677070 1043
1677080 1043
1677090 1043
1677100 1043
1677110 1043
1677120 1044
1677130 1046
1677140 1046
1677150 1047
1677160 1048
1677170 1048
1677180 1049
1677190 1050
1677200 1051
1677210 1051
1677220 1053
1677230 1054
1677240 1054
1677250 1056
1677260 1056
1677270 1056
1677280 1058
1677290 1059
1677300 1059
1677310 1060
1677320 1061
1677330 1061
1677340 1062
1677350 1064
1677360 1064
1677370 1064
1677380 1066
1677390 1067
1677400 1067
1677410 1069
1677420 1070
1677430 1070
1677440 1071
1677450 1073
1677460 1073
1677470 1074
1677480 1076
1677490 1076
1677500 1078
1677510 1079
1677520 1079
1677530 1081
1677540 1083
1677550 1083
1677560 1086
1677570 1087
1677580 1089
1677590 1089
1677600 1089
1677610 1090
1677620 1090
1677630 1091
1677640 1091
1677650 1091
1677660 1093
1677670 1095
1677680 1095
1677690 1097
1677700 1098
1677710 1098
1677720 1098
1677730 1099
1677740 1101
1677750 1101
1677760 1102
1677770 1103
1677780 1103
1677790 1103
1677800 1103
1677810 1103
1677820 1102
1677830 1099
1677840 1099
1677850 1097
1677860 1094
1677870 1094
1677880 1092
1677890 1088
1677900 1088
1677910 1087
1677920 1086
1677930 1084
1677940 1084
1677950 1083
1677960 1082
1677970 1082
1677980 1080
1677990 1078
1678000 1078
1678010 1076
1678020 1074
1678030 1074
1678040 1072
1678050 1071
1678060 1071
1678070 1070
1678080 1069
1678090 1069
1678100 1068
1678110 1066
1678120 1064
1678130 1064
1678140 1064
1678150 1062
1678160 1062
1678170 1060
1678180 1059
1678190 1059
1678200 1057
1678210 1054
1678220 1054
1678230 1051
1678240 1048
1678250 1048
1678260 1046
1678270 1046
1678280 1046
1678290 1044
1678300 1042
1678310 1040
1678320 1040
1678330 1039
1678340 1037
1678350 1037
1678360 1035
1678370 1032
1678380 1032
1678390 1030
1678400 1027
1678410 1027
1678420 1023
1678430 1021
1678440 1021
1678450 1018
1678460 1015
1678470 1015
1678480 1013
1678490 1011
1678500 1010
1678510 1010
1678520 1008
1678530 1006
1678540 1006
1678550 1003
1678560 1000
1678570 1000
1678580 998
1678590 996
1678600 996
1678610 994
1678620 991
1678630 991
1678640 989
1678650 987
1678660 987
1678670 985
1678680 982
1678690 978
1678700 978
1678710 973
1678720 968
1678730 968
1678740 965
1678750 960
1678760 960
1678770 958
1678780 954
1678790 954
1678800 948
1678810 946
1678820 946
1678830 942
1678840 939
1678850 939
1678860 937
1678870 932
1678880 927
1678890 927
1678900 924
1678910 922
1678920 922
1678930 926
1678940 930
1678950 930
1678960 934
1678970 935
1678980 935
1678990 937
1679000 939
1679010 939
1679020 940
1679030 941
1679040 941
1679050 942
1679060 943
1679070 944
1679080 944
1679090 944
1679100 944
1679110 944
1679120 944
1679130 944
1679140 944
1679150 944
1679160 943
1679170 943
1679180 942
1679190 940
1679200 940
1679210 938
1679220 936
1679230 934
1679240 934
1679250 930
1679260 926
1679270 926
1679280 924
1679290 923
1679300 923
1679310 922
1679320 921
1679330 921
1679340 920
1679350 918
1679360 918
1679370 916
1679380 915
1679390 915
1679400 914
1679410 914
1679420 913
1679430 913
1679440 913
1679450 912
1679460 912
1679470 910
1679480 909
1679490 909
1679500 908
1679510 906
1679520 906
1679530 904
1679540 903
1679550 903
1679560 902
1679570 901
1679580 901
1679590 900
1679600 899
1679610 899
1679620 899
1679630 898
1679640 897
1679650 897
1679660 896
1679670 895
1679680 895
1679690 894
1679700 893
1679710 893
1679720 892
1679730 891
1679740 891
1679750 890
1679760 886
1679770 886
1679780 881
1679790 876
1679800 874
1679810 874
1679820 874
1679830 873
1679840 873
1679850 874
1679860 873
1679870 873
1679880 872
1679890 870
1679900 870
1679910 867
1679920 862
1679930 862
1679940 858
1679950 852
1679960 852
1679970 847
1679980 845
1679990 847
1660000 1036
1660010 1036
1660020 1036
1660030 1035
1660040 1035
1660050 1035
1660060 1035
1660070 1034
1660080 1034
1660090 1034
1660100 1045
1660110 1045
1660120 1046
1660130 1033
1660140 1033
1660150 1033
1660160 1033
1660170 1033
1660180 1032
1660190 1032
1660200 1032
1660210 1031
1660220 1030
1660230 1029
1660240 1029
1660250 1028
1660260 1027
1660270 1027
1660280 1026
1660290 1024
1660300 1024
1660310 1022
1660320 1024
1660330 1024
1660340 1031
1660350 1030
1660360 1030
1660370 1024
1660380 1023
1660390 1023
1660400 1023
1660410 1022
1660420 1043
1660430 1043
1660440 1044
1660450 1042
1660460 1042
1660470 1038
1660480 1037
1660490 1037
1660500 1038
1660510 1039
1660520 1039
1660530 1037
1660540 1043
1660550 1043
1660560 1039
1660570 1041
1660580 1044
1660590 1044
1660600 1048
1660610 1041
1660620 1041
1660630 1024
1660640 1024
1660650 1024
1660660 1024
1660670 1024
1660680 1024
1660690 1024
1660700 1024
1660710 1024
1660720 1023
1660730 1023
1660740 1023
1660750 1022
1660760 1021
1660770 1025
1660780 1025
1660790 1022
1660800 1014
1660810 1014
1660820 1012
1660830 1011
1660840 1011
1660850 1010
1660860 1013
1660870 1013
1660880 1012
1660890 1010
1660900 1010
1660910 1009
1660920 1008
1660930 1008
1660940 1006
1660950 1003
1660960 1010
1660970 1010
1660980 1007
1660990 993
1661000 993
1661010 992
1661020 1005
1661030 1005
1661040 1009
1661050 1013
1661060 1013
1661070 1017
1661080 1000
1661090 1000
1661100 1003
1661110 1005
1661120 1005
1661130 1007
1661140 1010
1661150 1012
1661160 1012
1661170 1014
1661180 1015
1661190 1015
1661200 1017
1661210 1018
1661220 1018
1661230 1019
1661240 1020
1661250 1020
1661260 1020
1661270 1020
1661280 1020
1661290 1020
1661300 1019
1661310 1019
1661320 1019
1661330 1017
1661340 1016
1661350 1016
1661360 1014
1661370 1010
1661380 1010
1661390 1017
1661400 1005
1661410 1005
1661420 1015
1661430 1014
1661440 1014
1661450 1001
1661460 1000
1661470 1000
1661480 1001
1661490 1004
1661500 1004
1661510 1004
1661520 1006
1661530 1006
1661540 1006
1661550 1007
1661560 1008
1661570 1008
1661580 1009
1661590 1011
1661600 1011
1661610 1012
1661620 1012
1661630 1012
1661640 1012
1661650 1012
1661660 1012
1661670 1011
1661680 1010
1661690 1009
1661700 1009
1661710 1007
1661720 1004
1661730 1004
1661740 1000
1661750 997
1661760 997
1661770 995
1661780 994
1661790 994
1661800 999
1661810 996
1661820 996
1661830 996
1661840 997
1661850 997
1661860 999
1661870 1002
1661880 1004
1661890 1004
1661900 1006
1661910 1008
1661920 1008
1661930 1010
1661940 1012
1661950 1012
1661960 1013
1661970 1015
1661980 1015
1661990 1016
1662000 1018
1662010 1018
1662020 1019
1662030 1019
1662040 1019
1662050 1020
1662060 1020
1662070 1020
1662080 1020
1662090 1020
1662100 1018
1662110 1018
1662120 1016
1662130 1019
1662140 1019
1662150 1018
1662160 1014
1662170 1014
1662180 1004
1662190 1006
1662200 1006
1662210 1006
1662220 1007
1662230 1008
1662240 1008
1662250 1009
1662260 1008
1662270 1008
1662280 1007
1662290 1005
1662300 1005
1662310 1002
1662320 999
1662330 999
1662340 996
1662350 992
1662360 992
1662370 996
1662380 995
1662390 995
1662400 982
1662410 995
1662420 995
1662430 995
1662440 991
1662450 990
1662460 990
1662470 980
1662480 977
1662490 977
1662500 967
1662510 969
1662520 969
1662530 961
1662540 954
1662550 954
1662560 953
1662570 961
1662580 961
1662590 979
1662600 978
1662610 982
1662620 982
1662630 975
1662640 972
1662650 972
1662660 973
1662670 946
1662680 946
1662690 953
1662700 939
1662710 939
1662720 943
1662730 968
1662740 968
1662750 972
1662760 979
1662770 979
1662780 976
1662790 987
1662800 987
1662810 987
1662820 993
1662830 995
1662840 995
1662850 991
1662860 987
1662870 987
1662880 982
1662890 985
1662900 985
1662910 987
1662920 988
1662930 988
1662940 983
1662950 982
1662960 982
1662970 985
1662980 977
1662990 982
1663000 982
1663010 969
1663020 962
1663030 962
1663040 975
1663050 980
1663060 980
1663070 986
1663080 991
1663090 991
1663100 994
1663110 998
1663120 998
1663130 1004
1663140 1011
1663150 1016
1663160 1016
1663170 1021
1663180 1021
1663190 1021
1663200 1021
1663210 1028
1663220 1028
1663230 1039
1663240 1036
1663250 1036
1663260 1038
1663270 1043
1663280 1043
1663290 1051
1663300 1051
1663310 1051
1663320 1055
1663330 1061
1663340 1063
1663350 1063
1663360 1063
1663370 1059
1663380 1059
1663390 1056
1663400 1060
1663410 1060
1663420 1063
1663430 1066
1663440 1066
1663450 1068
1663460 1071
1663470 1071
1663480 1073
1663490 1076
1663500 1076
1663510 1078
1663520 1080
1663530 1083
1663540 1083
1663550 1085
1663560 1087
1663570 1087
1663580 1089
1663590 1091
1663600 1091
1663610 1093
1663620 1095
1663630 1095
1663640 1097
1663650 1099
1663660 1099
1663670 1100
1663680 1114
1663690 1114
1663700 1115
1663710 1106
1663720 1108
1663730 1107
1663740 1109
1663750 1111
1663760 1111
1663770 1113
1663780 1114
1663790 1114
1663800 1115
1663810 1116
1663820 1116
1663830 1117
1663840 1118
1663850 1118
1663860 1120
1663870 1121
1663880 1121
1663890 1131
1663900 1134
1663910 1137
1663920 1137
1663930 1139
1663940 1152
1663950 1152
1663960 1154
1663970 1144
1663980 1144
1663990 1145
1664000 1147
1664010 1147
1664020 1148
1664030 1149
1664040 1149
1664050 1151
1664060 1153
1664070 1155
1664080 1155
1664090 1157
1664100 1159
1664110 1159
1664120 1160
1664130 1160
1664140 1160
1664150 1155
1664160 1154
1664170 1154
1664180 1155
1664190 1156
1664200 1156
1664210 1157
1664220 1159
1664230 1159
1664240 1161
1664250 1162
1664260 1164
1664270 1164
1664280 1166
1664290 1167
1664300 1167
1664310 1168
1664320 1187
1664330 1187
1664340 1185
1664350 1173
1664360 1173
1664370 1175
1664380 1178
1664390 1178
1664400 1186
1664410 1196
1664420 1196
1664430 1199
1664440 1208
1664450 1218
1664460 1218
1664470 1209
1664480 1197
1664490 1197
1664500 1199
1664510 1200
1664520 1200
1664530 1202
1664540 1203
1664550 1203
1664560 1205
1664570 1207
1664580 1207
1664590 1209
1664600 1211
1664610 1211
1664620 1213
1664630 1214
1664640 1215
1664650 1215
1664660 1216
1664670 1217
1664680 1217
1664690 1218
1664700 1219
1664710 1219
1664720 1221
1664730 1222
1664740 1222
1664750 1223
1664760 1224
1664770 1224
1664780 1231
1664790 1226
1664800 1226
1664810 1227
1664820 1228
1664830 1229
1664840 1229
1664850 1230
1664860 1250
1664870 1250
1664880 1250
1664890 1236
1664900 1236
1664910 1234
1664920 1241
1664930 1241
1664940 1244
1664950 1246
1664960 1246
1664970 1239
1664980 1241
1664990 1242
1665000 1242
1665010 1242
1665020 1243
1665030 1243
1665040 1248
1665050 1253
1665060 1253
1665070 1254
1665080 1260
1665090 1260
1665100 1255
1665110 1256
1665120 1256
1665130 1262
1665140 1266
1665150 1266
1665160 1257
1665170 1261
1665180 1261
1665190 1261
1665200 1261
1665210 1261
1665220 1261
1665230 1268
1665240 1273
1665250 1273
1665260 1265
1665270 1259
1665280 1259
1665290 1258
1665300 1256
1665310 1256
1665320 1275
1665330 1276
1665340 1276
1665350 1259
1665360 1248
1665370 1256
1665380 1256
1665390 1259
1665400 1245
1665410 1245
1665420 1245
1665430 1246
1665440 1246
1665450 1262
1665460 1272
1665470 1272
1665480 1272
1665490 1272
1665500 1272
1665510 1266
1665520 1264
1665530 1264
1665540 1262
1665550 1264
1665560 1261
1665570 1261
1665580 1254
1665590 1254
1665600 1254
1665610 1243
1665620 1251
1665630 1251
1665640 1255
1665650 1238
1665660 1238
1665670 1254
1665680 1260
1665690 1260
1665700 1260
1665710 1260
1665720 1260
1665730 1259
1665740 1258
1665750 1261
1665760 1261
1665770 1266
1665780 1264
1665790 1264
1665800 1263
1665810 1263
1665820 1263
1665830 1269
1665840 1270
1665850 1270
1665860 1264
1665870 1259
1665880 1259
1665890 1269
1665900 1265
1665910 1269
1665920 1269
1665930 1267
1665940 1274
1665950 1274
1665960 1273
1665970 1272
1665980 1272
1665990 1277
1666000 1266
1666010 1266
1666020 1281
1666030 1264
1666040 1264
1666050 1281
1666060 1283
1666070 1283
1666080 1285
1666090 1278
1666100 1276
1666110 1276
1666120 1277
1666130 1281
1666140 1281
1666150 1280
1666160 1283
1666170 1283
1666180 1287
1666190 1288
1666200 1288
1666210 1292
1666220 1298
1666230 1298
1666240 1298
1666250 1300
1666260 1300
1666270 1299
1666280 1301
1666290 1303
1666300 1303
1666310 1307
1666320 1303
1666330 1303
1666340 1297
1666350 1306
1666360 1306
1666370 1315
1666380 1321
1666390 1321
1666400 1325
1666410 1328
1666420 1328
1666430 1328
1666440 1327
1666450 1327
1666460 1309
1666470 1318
1666480 1327
1666490 1327
1666500 1332
1666510 1330
1666520 1330
1666530 1337
1666540 1337
1666550 1337
1666560 1340
1666570 1343
1666580 1343
1666590 1341
1666600 1336
1666610 1336
1666620 1309
1666630 1310
1666640 1310
1666650 1310
1666660 1310
1666670 1310
1666680 1310
1666690 1310
1666700 1309
1666710 1309
1666720 1316
1666730 1330
1666740 1330
1666750 1323
1666760 1305
1666770 1305
1666780 1304
1666790 1313
1666800 1313
1666810 1313
1666820 1299
1666830 1297
1666840 1297
1666850 1295
1666860 1294
1666870 1294
1666880 1291
1666890 1288
1666900 1288
1666910 1286
1666920 1284
1666930 1284
1666940 1283
1666950 1283
1666960 1283
1666970 1282
1666980 1281
1666990 1281
1667000 1280
1667010 1280
1667020 1279
1667030 1279
1667040 1278
1667050 1277
1667060 1277
1667070 1276
1667080 1274
1667090 1274
1667100 1304
1667110 1307
1667120 1307
1667130 1305
1667140 1301
1667150 1301
1667160 1299
1667170 1285
1667180 1285
1667190 1278
1667200 1274
1667210 1271
1667220 1271
1667230 1267
1667240 1264
1667250 1264
1667260 1254
1667270 1249
1667280 1249
1667290 1280
1667300 1288
1667310 1288
1667320 1293
1667330 1295
1667340 1295
1667350 1298
1667360 1307
1667370 1307
1667380 1312
1667390 1315
1667400 1316
1667410 1316
1667420 1317
1667430 1317
1667440 1317
1667450 1300
1667460 1299
1667470 1299
1667480 1300
1667490 1302
1667500 1302
1667510 1304
1667520 1306
1667530 1306
1667540 1307
1667550 1302
1667560 1303
1667570 1303
1667580 1302
1667590 1296
1667600 1296
1667610 1286
1667620 1290
1667630 1290
1667640 1282
1667650 1282
1667660 1282
1667670 1264
1667680 1272
1667690 1272
1667700 1290
1667710 1266
1667720 1266
1667730 1291
1667740 1271
1667750 1268
1667760 1268
1667770 1292
1667780 1292
1667790 1292
1667800 1294
1667810 1298
1667820 1298
1667830 1290
1667840 1300
1667850 1300
1667860 1305
1667870 1304
1667880 1304
1667890 1310
1667900 1312
1667910 1312
1667920 1303
1667930 1296
1667940 1305
1667950 1305
1667960 1318
1667970 1311
1667980 1311
1667990 1304
1668000 1312
1668010 1312
1668020 1300
1668030 1319
1668040 1319
1668050 1319
1668060 1320
1668070 1320
1668080 1311
1668090 1310
1668100 1310
1668110 1310
1668120 1301
1668130 1308
1668140 1308
1668150 1296
1668160 1281
1668170 1281
1668180 1284
1668190 1287
1668200 1287
1668210 1289
1668220 1318
1668230 1318
1668240 1318
1668250 1322
1668260 1322
1668270 1325
1668280 1324
1668290 1324
1668300 1331
1668310 1327
1668320 1333
1668330 1333
1668340 1325
1668350 1328
1668360 1328
1668370 1334
1668380 1337
1668390 1337
1668400 1346
1668410 1347
1668420 1347
1668430 1346
1668440 1349
1668450 1349
1668460 1351
1668470 1354
1668480 1356
1668490 1356
1668500 1359
1668510 1363
1668520 1363
1668530 1367
1668540 1369
1668550 1369
1668560 1369
1668570 1370
1668580 1370
1668590 1370
1668600 1378
1668610 1383
1668620 1383
1668630 1389
1668640 1393
1668650 1393
1668660 1393
1668670 1399
1668680 1399
1668690 1399
1668700 1398
1668710 1399
1668720 1399
1668730 1393
1668740 1395
1668750 1395
1668760 1387
1668770 1387
1668780 1387
1668790 1391
1668800 1393
1668810 1393
1668820 1413
1668830 1413
1668840 1413
1668850 1405
1668860 1413
1668870 1413
1668880 1413
1668890 1413
1668900 1415
1668910 1415
1668920 1415
1668930 1427
1668940 1427
1668950 1418
1668960 1419
1668970 1419
1668980 1417
1668990 1419
1669000 1419
1669010 1422
1669020 1424
1669030 1424
1669040 1450
1669050 1454
1669060 1457
1669070 1457
1669080 1465
1669090 1464
1669100 1464
1669110 1464
1669120 1470
1669130 1470
1669140 1472
1669150 1475
1669160 1475
1669170 1456
1669180 1479
1669190 1479
1669200 1481
1669210 1485
1669220 1485
1669230 1483
1669240 1488
1669250 1490
1669260 1490
1669270 1495
1669280 1499
1669290 1499
1669300 1502
1669310 1504
1669320 1504
1669330 1509
1669340 1512
1669350 1512
1669360 1511
1669370 1515
1669380 1515
1669390 1518
1669400 1519
1669410 1522
1669420 1522
1669430 1525
1669440 1528
1669450 1528
1669460 1535
1669470 1536
1669480 1536
1669490 1536
1669500 1536
1669510 1536
1669520 1544
1669530 1543
1669540 1543
1669550 1546
1669560 1541
1669570 1541
1669580 1544
1669590 1551
1669600 1560
1669610 1560
1669620 1564
1669630 1561
1669640 1561
1669650 1568
1669660 1560
1669670 1560
1669680 1554
1669690 1554
1669700 1554
1669710 1556
1669720 1574
1669730 1574
1669740 1578
1669750 1576
1669760 1576
1669770 1578
1669780 1579
1669790 1582
1669800 1582
1669810 1580
1669820 1576
1669830 1576
1669840 1582
1669850 1586
1669860 1586
1669870 1589
1669880 1594
1669890 1594
1669900 1599
1669910 1592
1669920 1592
1669930 1602
1669940 1605
1669950 1605
1669960 1602
1669970 1599
1669980 1605
1669990 1605
1670000 1606
1670010 1609
1670020 1609
1670030 1611
1670040 1612
1670050 1613
1670060 1611
1670070 1615
1670080 1615
1670090 1615
1670100 1620
1670110 1620
1670120 1622
1670130 1621
1670140 1621
1670150 1624
1670160 1626
1670170 1626
1670180 1626
1670190 1628
1670200 1632
1670210 1632
1670220 1632
1670230 1636
1670240 1636
1670250 1636
1670260 1640
1670270 1640
1670280 1639
1670290 1640
1670300 1640
1670310 1637
1670320 1645
1670330 1641
1670340 1641
1670350 1647
1670360 1646
1670370 1646
1670380 1652
1670390 1652
1670400 1652
1670410 1655
1670420 1657
1670430 1657
1670440 1655
1670450 1658
1670460 1658
1670470 1660
1670480 1659
1670490 1659
1670500 1663
1670510 1662
1670520 1654
1670530 1654
1670540 1655
1670550 1657
1670560 1657
1670570 1658
1670580 1659
1670590 1659
1670600 1660
1670610 1660
1670620 1660
1670630 1661
1670640 1661
1670650 1661
1670660 1661
1670670 1661
1670680 1661
1670690 1661
