1669140 1510
1669150 1510
1669160 1514
1669170 1517
1669180 1517
1669190 1517
1669200 1520
1669210 1523
1669220 1523
1669230 1527
1669240 1531
1669250 1531
1669260 1533
1669270 1536
1669280 1536
1669290 1539
1669300 1541
1669310 1541
1669320 1544
1669330 1547
1669340 1547
1669350 1550
1669360 1553
1669370 1555
1669380 1555
1669390 1556
1669400 1559
1669410 1559
1669420 1561
1669430 1564
1669440 1564
1669450 1566
1669460 1570
1669470 1570
1669480 1572
1669490 1574
1669500 1574
1669510 1577
1669520 1580
1669530 1582
1669540 1582
1669550 1585
1669560 1588
1669570 1588
1669580 1590
1669590 1593
1669600 1593
1669610 1595
1669620 1598
1669630 1598
1669640 1600
1669650 1602
1669660 1602
1669670 1604
1669680 1606
1669690 1606
1669700 1608
1669710 1610
1669720 1612
1669730 1612
1669740 1614
1669750 1615
1669760 1615
1669770 1617
1669780 1619
1669790 1619
1669800 1621
1669810 1623
1669820 1623
1669830 1625
1669840 1626
1669850 1626
1669860 1628
1669870 1630
1669880 1630
1669890 1632
1669900 1634
1669910 1635
1669920 1635
1669930 1637
1669940 1639
1669950 1639
1669960 1641
1669970 1643
1669980 1643
1669990 1645
1670000 1647
1670010 1647
1670020 1651
1670030 1654
1670040 1654
1670050 1656
1670060 1658
1670070 1658
1670080 1661
1670090 1663
1670100 1662
1670110 1662
1670120 1662
1670130 1662
1670140 1662
1670150 1662
1670160 1662
1670170 1662
1670180 1662
1670190 1662
1670200 1662
1670210 1662
1670220 1662
1670230 1662
1670240 1662
1670250 1662
1670260 1662
1670270 1662
1670280 1662
1670290 1662
1670300 1662
1670310 1662
1670320 1662
1670330 1662
1670340 1662
1670350 1661
1670360 1661
1670370 1661
1670380 1660
1670390 1660
1670400 1660
1670410 1660
1670420 1660
1670430 1659
1670440 1659
1670450 1659
1670460 1658
1670470 1657
1670480 1657
1670490 1657
1670500 1656
1670510 1655
1670520 1655
1670530 1654
1670540 1652
1670550 1652
1670560 1651
1670570 1650
1670580 1650
1670590 1649
1670600 1648
1670610 1648
1670620 1647
1670630 1646
1670640 1646
1670650 1646
1670660 1645
1670670 1645
1670680 1645
1670690 1644
1670700 1643
1670710 1643
1670720 1643
1670730 1643
1670740 1643
1670750 1643
1670760 1642
1670770 1642
1670780 1641
1670790 1641
1670800 1641
1670810 1641
1670820 1641
1670830 1641
1670840 1640
1670850 1640
1670860 1640
1670870 1640
1670880 1640
1670890 1640
1670900 1640
1670910 1640
1670920 1640
1670930 1640
1670940 1639
1670950 1639
1670960 1639
1670970 1638
1670980 1637
1670990 1637
1671000 1637
1671010 1637
1671020 1637
1671030 1637
1671040 1636
1671050 1636
1671060 1636
1671070 1635
1671080 1635
1671090 1635
1671100 1635
1671110 1635
1671120 1635
1671130 1635
1671140 1634
1671150 1634
1671160 1634
1671170 1633
1671180 1633
1671190 1633
1671200 1633
1671210 1633
1671220 1633
1671230 1632
1671240 1632
1671250 1632
1671260 1631
1671270 1630
1671280 1630
1671290 1630
1671300 1629
1671310 1629
1671320 1629
1671330 1628
1671340 1628
1671350 1628
1671360 1627
1671370 1627
1671380 1626
1671390 1625
1671400 1625
1671410 1625
1671420 1625
1671430 1624
1671440 1624
1671450 1624
1671460 1624
1671470 1624
1671480 1623
1671490 1623
1671500 1623
1671510 1622
1671520 1622
1671530 1622
1671540 1621
1671550 1620
1671560 1620
1671570 1619
1671580 1619
1671590 1618
1671600 1618
1671610 1618
1671620 1618
1671630 1618
1671640 1615
1671650 1614
1671660 1614
1671670 1612
1671680 1611
1671690 1611
1671700 1609
1671710 1607
1671720 1607
1671730 1606
1671740 1605
1671750 1605
1671760 1603
1671770 1602
1671780 1601
1671790 1601
1671800 1600
1671810 1598
1671820 1598
1671830 1597
1671840 1596
1671850 1596
1671860 1594
1671870 1593
1671880 1593
1671890 1591
1671900 1590
1671910 1590
1671920 1589
1671930 1588
1671940 1588
1671950 1586
1671960 1584
1671970 1583
1671980 1583
1671990 1581
1672000 1580
1672010 1580
1672020 1578
1672030 1576
1672040 1576
1672050 1574
1672060 1572
1672070 1572
1672080 1570
1672090 1568
1672100 1568
1672110 1567
1672120 1565
1672130 1565
1672140 1562
1672150 1560
1672160 1557
1672170 1557
1672180 1555
1672190 1552
1672200 1552
1672210 1548
1672220 1547
1672230 1547
1672240 1543
1672250 1539
1672260 1539
1672270 1535
1672280 1530
1672290 1530
1672300 1526
1672310 1523
1672320 1523
1672330 1521
1672340 1518
1672350 1515
1672360 1515
1672370 1510
1672380 1507
1672390 1507
1672400 1502
1672410 1495
1672420 1495
1672430 1489
1672440 1484
1672450 1484
1672460 1479
1672470 1475
1672480 1475
1672490 1470
1672500 1466
1672510 1466
1672520 1462
1672530 1459
1672540 1456
1672550 1456
1672560 1453
1672570 1450
1672580 1450
1672590 1448
1672600 1445
1672610 1445
1672620 1442
1672630 1439
1672640 1439
1672650 1436
1672660 1436
1672670 1436
1672680 1434
1672690 1431
1672700 1431
1672710 1428
1672720 1426
1672730 1421
1672740 1421
1672750 1415
1672760 1412
1672770 1412
1672780 1410
1672790 1408
1672800 1408
1672810 1405
1672820 1402
1672830 1402
1672840 1400
1672850 1397
1672860 1397
1672870 1395
1672880 1394
1672890 1394
1672900 1393
1672910 1391
1672920 1389
1672930 1389
1672940 1387
1672950 1385
1672960 1385
1672970 1383
1672980 1380
1672990 1380
1673000 1377
1673010 1376
1673020 1376
1673030 1376
1673040 1375
1673050 1375
1673060 1375
1673070 1373
1673080 1373
1673090 1373
1673100 1371
1673110 1368
1673120 1368
1673130 1365
1673140 1363
1673150 1363
1673160 1361
1673170 1357
1673180 1357
1673190 1356
1673200 1356
1673210 1356
1673220 1356
1673230 1356
1673240 1356
1673250 1355
1673260 1354
1673270 1354
1673280 1353
1673290 1351
1673300 1350
1673310 1350
1673320 1350
1673330 1350
1673340 1350
1673350 1349
1673360 1349
1673370 1349
1673380 1348
1673390 1349
1673400 1349
1673410 1349
1673420 1349
1673430 1349
1673440 1349
1673450 1347
1673460 1347
1673470 1347
1673480 1346
1673490 1346
1673500 1346
1673510 1346
1673520 1345
1673530 1345
1673540 1345
1673550 1344
1673560 1344
1673570 1345
1673580 1345
1673590 1345
1673600 1344
1673610 1345
1673620 1345
1673630 1344
1673640 1343
1673650 1342
1673660 1342
1673670 1342
1673680 1341
1673690 1341
1673700 1341
1673710 1340
1673720 1340
1673730 1340
1673740 1340
1673750 1340
1673760 1340
1673770 1340
1673780 1340
1673790 1340
1673800 1340
1673810 1340
1673820 1341
1673830 1341
1673840 1341
1673850 1341
1673860 1340
1673870 1339
1673880 1339
1673890 1339
1673900 1339
1673910 1339
1673920 1338
1673930 1337
1673940 1337
1673950 1335
1673960 1334
1673970 1334
1673980 1334
1673990 1333
1674000 1333
1674010 1331
1674020 1330
1674030 1328
1674040 1328
1674050 1326
1674060 1324
1674070 1324
1674080 1322
1674090 1319
1674100 1319
1674110 1318
1674120 1316
1674130 1316
1674140 1314
1674150 1312
1674160 1312
1674170 1311
1674180 1309
1674190 1309
1674200 1307
1674210 1305
1674220 1303
1674230 1303
1674240 1300
1674250 1297
1674260 1297
1674270 1295
1674280 1294
1674290 1294
1674300 1292
1674310 1290
1674320 1290
1674330 1287
1674340 1284
1674350 1284
1674360 1283
1674370 1281
1674380 1281
1674390 1280
1674400 1278
1674410 1276
1674420 1276
1674430 1274
1674440 1272
1674450 1272
1674460 1270
1674470 1268
1674480 1268
1674490 1266
1674500 1264
1674510 1264
1674520 1262
1674530 1260
1674540 1260
1674550 1258
1674560 1256
1674570 1256
1674580 1254
1674590 1253
1674600 1251
1674610 1251
1674620 1250
1674630 1248
1674640 1248
1674650 1246
1674660 1245
1674670 1245
1674680 1243
1674690 1242
1674700 1242
1674710 1240
1674720 1238
1674730 1238
1674740 1236
1674750 1234
1674760 1234
1674770 1232
1674780 1230
1674790 1228
1674800 1228
1674810 1225
1674820 1224
1674830 1224
1674840 1222
1674850 1220
1674860 1220
1674870 1218
1674880 1216
1674890 1216
1674900 1214
1674910 1211
1674920 1211
1674930 1209
1674940 1208
1674950 1208
1674960 1205
1674970 1203
1674980 1200
1674990 1200
1675000 1196
1675010 1194
1675020 1194
1675030 1192
1675040 1189
1675050 1189
1675060 1186
1675070 1180
1675080 1180
1675090 1176
1675100 1173
1675110 1173
1675120 1168
1675130 1165
1675140 1165
1675150 1162
1675160 1158
1675170 1157
1675180 1157
1675190 1155
1675200 1153
1675210 1153
1675220 1151
1675230 1149
1675240 1149
1675250 1146
1675260 1142
1675270 1142
1675280 1139
1675290 1136
1675300 1136
1675310 1134
1675320 1133
1675330 1133
1675340 1132
1675350 1130
1675360 1129
1675370 1129
1675380 1128
1675390 1126
1675400 1126
1675410 1124
1675420 1122
1675430 1122
1675440 1120
1675450 1118
1675460 1118
1675470 1116
1675480 1114
1675490 1114
1675500 1111
1675510 1107
1675520 1107
1675530 1105
1675540 1102
1675550 1099
1675560 1099
1675570 1097
1675580 1095
1675590 1095
1675600 1093
1675610 1091
1675620 1091
1675630 1088
1675640 1085
1675650 1085
1675660 1082
1675670 1081
1675680 1081
1675690 1081
1675700 1080
1675710 1080
1675720 1076
1675730 1074
1675740 1073
1675750 1073
1675760 1072
1675770 1069
1675780 1069
1675790 1067
1675800 1066
1675810 1066
1675820 1063
1675830 1060
1675840 1060
1675850 1059
1675860 1059
1675870 1059
1675880 1058
1675890 1057
1675900 1054
1675910 1054
1675920 1052
1675930 1051
1675940 1051
1675950 1049
1675960 1048
1675970 1048
1675980 1046
1675990 1044
1676000 1044
1676010 1041
1676020 1039
1676030 1039
1676040 1040
1676050 1040
1676060 1040
1676070 1040
1676080 1040
1676090 1040
1676100 1040
1676110 1039
1676120 1038
1676130 1038
1676140 1036
1676150 1033
1676160 1033
1676170 1030
1676180 1028
1676190 1028
1676200 1025
1676210 1024
1676220 1024
1676230 1024
1676240 1022
1676250 1022
1676260 1023
1676270 1023
1676280 1022
1676290 1022
1676300 1024
1676310 1024
1676320 1024
1676330 1025
1676340 1024
1676350 1024
1676360 1022
1676370 1023
1676380 1023
1676390 1025
1676400 1026
1676410 1026
1676420 1027
1676430 1029
1676440 1029
1676450 1031
1676460 1033
1676470 1035
1676480 1035
1676490 1037
1676500 1039
1676510 1039
1676520 1039
1676530 1040
1676540 1040
1676550 1041
1676560 1042
1676570 1042
1676580 1041
1676590 1041
1676600 1041
1676610 1040
1676620 1041
1676630 1041
1676640 1043
1676650 1045
1676660 1047
1676670 1047
1676680 1049
1676690 1050
1676700 1050
1676710 1051
1676720 1052
1676730 1052
1676740 1052
1676750 1051
1676760 1051
1676770 1047
1676780 1040
1676790 1040
1676800 1032
1676810 1024
1676820 1024
1676830 1017
1676840 1011
1676850 1006
1676860 1006
1676870 1003
1676880 998
1676890 998
1676900 994
1676910 991
1676920 991
1676930 987
1676940 983
1676950 983
1676960 979
1676970 976
1676980 976
1676990 972
1677000 970
1677010 970
1677020 968
1677030 966
1677040 963
1677050 963
1677060 960
1677070 957
1677080 957
1677090 955
1677100 953
1677110 953
1677120 952
1677130 951
1677140 951
1677150 952
1677160 950
1677170 950
1677180 945
1677190 943
1677200 943
1677210 944
1677220 938
1677230 934
1677240 934
1677250 930
1677260 925
1677270 925
1677280 919
1677290 913
1677300 913
1677310 906
1677320 903
1677330 903
1677340 903
1677350 903
1677360 903
1677370 907
1677380 913
1677390 913
1677400 922
1677410 931
1677420 937
1677430 937
1677440 943
1677450 945
1677460 945
1677470 949
1677480 951
1677490 951
1677500 953
1677510 956
1677520 956
1677530 958
1677540 960
1677550 960
1677560 963
1677570 964
1677580 964
1677590 965
1677600 966
1677610 967
1677620 967
1677630 967
1677640 967
1677650 967
1677660 966
1677670 964
1677680 964
1677690 962
1677700 961
1677710 961
1677720 959
1677730 958
1677740 958
1677750 958
1677760 958
1677770 958
1677780 957
1677790 957
1677800 957
1677810 957
1677820 957
1677830 957
1677840 957
1677850 955
1677860 955
1677870 955
1677880 955
1677890 955
1677900 955
1677910 954
1677920 953
1677930 953
1677940 952
1677950 951
1677960 950
1677970 950
1677980 949
1677990 948
1678000 948
1678010 948
1678020 947
1678030 947
1678040 942
1678050 937
1678060 937
1678070 934
1678080 932
1678090 932
1678100 932
1678110 932
1678120 932
1678130 931
1678140 931
1678150 930
1678160 930
1678170 928
1678180 926
1678190 926
1678200 923
1678210 920
1678220 920
1678230 916
1678240 913
1678250 913
1678260 910
1678270 911
1678280 911
1678290 911
1678300 910
1678310 910
1678320 909
1678330 906
1678340 904
1678350 904
1678360 902
1678370 900
1678380 900
1678390 899
1678400 898
1678410 898
1678420 897
1678430 896
1678440 896
1678450 894
1678460 893
1678470 893
1678480 892
1678490 891
1678500 891
1678510 889
1678520 887
1678530 885
1678540 885
1678550 884
1678560 880
1678570 880
1678580 874
1678590 871
1678600 871
1678610 870
1678620 869
1678630 869
1678640 868
1678650 865
1678660 865
1678670 866
1678680 866
1678690 866
1678700 865
1678710 864
1678720 861
1678730 861
1678740 856
1678750 850
1678760 850
1678770 849
1678780 848
1678790 848
1678800 847
1678810 844
1678820 844
1678830 843
1678840 843
1678850 843
1678860 842
1678870 839
1678880 839
1678890 838
1678900 837
1678910 838
1678920 838
1678930 838
1678940 838
1678950 838
1678960 839
1678970 839
1678980 839
1678990 839
1679000 838
1679010 838
1679020 837
1679030 837
1679040 837
1679050 837
1679060 837
1679070 837
1679080 837
1679090 835
1679100 834
1679110 834
1679120 833
1679130 831
1679140 831
1679150 828
1679160 825
1679170 825
1679180 825
1679190 825
1679200 825
1679210 824
1679220 825
1679230 825
1679240 833
1679250 840
1679260 840
1679270 845
1679280 850
1679290 855
1679300 855
1679310 859
1679320 862
1679330 862
1679340 866
1679350 869
1679360 869
1679370 872
1679380 875
1679390 875
1679400 877
1679410 880
1679420 880
1679430 882
1679440 884
1679450 884
1679460 886
1679470 887
1679480 888
1679490 888
1679500 887
1679510 883
1679520 883
1679530 877
1679540 874
1679550 874
1679560 873
1679570 872
1679580 872
1679590 872
1679600 873
1679610 873
1679620 875
1679630 876
1679640 876
1679650 876
1679660 874
1679670 871
1679680 871
1679690 867
1679700 864
1679710 864
1679720 858
1679730 856
1679740 856
1679750 859
1679760 866
1679770 866
1679780 872
1679790 877
1679800 877
1679810 882
1679820 886
1679830 886
1679840 889
1679850 891
1679860 892
1679870 892
1679880 891
1679890 889
1679900 889
1679910 886
1679920 883
1679930 883
1679940 881
1679950 881
1679960 881
1679970 882
1679980 885
1679990 885
1660000 1044
1660010 1045
1660020 1047
1660030 1047
1660040 1048
1660050 1063
1660060 1078
1660070 1078
1660080 1083
1660090 1083
1660100 1083
1660110 1072
1660120 1078
1660130 1078
1660140 1074
1660150 1082
1660160 1082
1660170 1081
1660180 1079
1660190 1079
1660200 1077
1660210 1099
1660220 1099
1660230 1108
1660240 1113
1660250 1111
1660260 1111
1660270 1117
1660280 1125
1660290 1125
1660300 1124
1660310 1120
1660320 1120
1660330 1120
1660340 1122
1660350 1122
1660360 1123
1660370 1127
1660380 1127
1660390 1136
1660400 1137
1660410 1137
1660420 1137
1660430 1135
1660440 1144
1660450 1144
1660460 1145
1660470 1148
1660480 1148
1660490 1151
1660500 1151
1660510 1151
1660520 1151
1660530 1152
1660540 1152
1660550 1152
1660560 1155
1660570 1155
1660580 1158
1660590 1158
1660600 1159
1660610 1159
1660620 1160
1660630 1155
1660640 1155
1660650 1160
1660660 1160
1660670 1160
1660680 1134
1660690 1134
1660700 1134
1660710 1134
1660720 1134
1660730 1134
1660740 1135
1660750 1135
1660760 1135
1660770 1136
1660780 1135
1660790 1135
1660800 1135
1660810 1135
1660820 1136
1660830 1136
1660840 1136
1660850 1137
1660860 1137
1660870 1138
1660880 1138
1660890 1138
1660900 1139
1660910 1140
1660920 1140
1660930 1142
1660940 1143
1660950 1143
1660960 1145
1660970 1147
1660980 1148
1660990 1148
1661000 1149
1661010 1150
1661020 1150
1661030 1151
1661040 1152
1661050 1152
1661060 1153
1661070 1153
1661080 1153
1661090 1153
1661100 1153
1661110 1153
1661120 1153
1661130 1153
1661140 1153
1661150 1153
1661160 1153
1661170 1154
1661180 1154
1661190 1154
1661200 1165
1661210 1165
1661220 1166
1661230 1155
1661240 1155
1661250 1156
1661260 1157
1661270 1157
1661280 1166
1661290 1168
1661300 1168
1661310 1167
1661320 1161
1661330 1162
1661340 1162
1661350 1163
1661360 1164
1661370 1164
1661380 1165
1661390 1165
1661400 1165
1661410 1165
1661420 1166
1661430 1166
1661440 1166
1661450 1166
1661460 1166
1661470 1166
1661480 1166
1661490 1166
1661500 1166
1661510 1166
1661520 1166
1661530 1166
1661540 1166
1661550 1165
1661560 1165
1661570 1164
1661580 1164
1661590 1164
1661600 1163
1661610 1162
1661620 1162
1661630 1162
1661640 1160
1661650 1160
1661660 1159
1661670 1158
1661680 1158
1661690 1156
1661700 1155
1661710 1153
1661720 1153
1661730 1152
1661740 1150
1661750 1150
1661760 1148
1661770 1146
1661780 1146
1661790 1144
1661800 1141
1661810 1141
1661820 1139
1661830 1136
1661840 1136
1661850 1150
1661860 1159
1661870 1159
1661880 1159
1661890 1148
1661900 1145
1661910 1145
1661920 1131
1661930 1135
1661940 1135
1661950 1134
1661960 1127
1661970 1127
1661980 1118
1661990 1110
1662000 1110
1662010 1110
1662020 1114
1662030 1114
1662040 1104
1662050 1102
1662060 1102
1662070 1099
1662080 1097
1662090 1094
1662100 1094
1662110 1092
1662120 1089
1662130 1089
1662140 1085
1662150 1082
1662160 1082
1662170 1079
1662180 1075
1662190 1075
1662200 1071
1662210 1082
1662220 1082
1662230 1083
1662240 1078
1662250 1078
1662260 1061
1662270 1059
1662280 1057
1662290 1057
1662300 1054
1662310 1052
1662320 1052
1662330 1050
1662340 1048
1662350 1048
1662360 1046
1662370 1043
1662380 1043
1662390 1040
1662400 1038
1662410 1038
1662420 1038
1662430 1051
1662440 1051
1662450 1051
1662460 1046
1662470 1044
1662480 1044
1662490 1032
1662500 1030
1662510 1030
1662520 1028
1662530 1025
1662540 1025
1662550 1035
1662560 1035
1662570 1035
1662580 1034
1662590 1031
1662600 1031
1662610 1012
1662620 1030
1662630 1027
1662640 1027
1662650 1031
1662660 1029
1662670 1029
1662680 1022
1662690 1023
1662700 1023
1662710 1026
1662720 1027
1662730 1027
1662740 1028
1662750 1027
1662760 1027
1662770 1028
1662780 1033
1662790 1033
1662800 1027
1662810 1032
1662820 1037
1662830 1037
1662840 1032
1662850 1034
1662860 1034
1662870 1028
1662880 1022
1662890 1022
1662900 1020
1662910 982
1662920 982
1662930 983
1662940 1004
1662950 1004
1662960 1010
1662970 1012
1662980 1012
1662990 1011
1663000 1006
1663010 1001
1663020 1001
1663030 1040
1663040 1042
1663050 1042
1663060 1043
1663070 1043
1663080 1043
1663090 1044
1663100 1013
1663110 1013
1663120 1016
1663130 1018
1663140 1018
1663150 1020
1663160 1024
1663170 1024
1663180 1034
1663190 1048
1663200 1031
1663210 1031
1663220 1060
1663230 1060
1663240 1060
1663250 1068
1663260 1064
1663270 1064
1663280 1053
1663290 1069
1663300 1069
1663310 1066
1663320 1068
1663330 1068
1663340 1074
1663350 1076
1663360 1072
1663370 1072
1663380 1087
1663390 1090
1663400 1090
1663410 1101
1663420 1103
1663430 1103
1663440 1104
1663450 1102
1663460 1102
1663470 1101
1663480 1084
1663490 1084
1663500 1084
1663510 1095
1663520 1095
1663530 1103
1663540 1111
1663550 1116
1663560 1116
1663570 1116
1663580 1124
1663590 1124
1663600 1123
1663610 1127
1663620 1127
1663630 1129
1663640 1133
1663650 1133
1663660 1137
1663670 1138
1663680 1138
1663690 1136
1663700 1144
1663710 1144
1663720 1146
1663730 1139
1663740 1142
1663750 1142
1663760 1144
1663770 1155
1663780 1155
1663790 1157
1663800 1158
1663810 1158
1663820 1157
1663830 1161
1663840 1161
1663850 1166
1663860 1166
1663870 1166
1663880 1169
1663890 1170
1663900 1170
1663910 1165
1663920 1152
1663930 1157
1663940 1157
1663950 1164
1663960 1168
1663970 1168
1663980 1168
1663990 1167
1664000 1167
1664010 1143
1664020 1145
1664030 1151
1664040 1155
1664050 1149
1664060 1149
1664070 1145
1664080 1155
1664090 1155
1664100 1146
1664110 1146
1664120 1140
1664130 1140
1664140 1138
1664150 1135
1664160 1135
1664170 1147
1664180 1152
1664190 1152
1664200 1157
1664210 1144
1664220 1144
1664230 1147
1664240 1158
1664250 1158
1664260 1163
1664270 1167
1664280 1167
1664290 1168
1664300 1169
1664310 1168
1664320 1168
1664330 1172
1664340 1170
1664350 1170
1664360 1169
1664370 1173
1664380 1173
1664390 1171
1664400 1175
1664410 1175
1664420 1176
1664430 1177
1664440 1177
1664450 1173
1664460 1168
1664470 1171
1664480 1171
1664490 1173
1664500 1175
1664510 1175
1664520 1172
1664530 1174
1664540 1174
1664550 1171
1664560 1178
1664570 1178
1664580 1176
1664590 1176
1664600 1176
1664610 1177
1664620 1178
1664630 1178
1664640 1167
1664650 1170
1664660 1174
1664670 1174
1664680 1177
1664690 1177
1664700 1177
1664710 1170
1664720 1172
1664730 1172
1664740 1172
1664750 1171
1664760 1171
1664770 1167
1664780 1169
1664790 1169
1664800 1166
1664810 1166
1664820 1166
1664830 1163
1664840 1165
1664850 1160
1664860 1160
1664870 1166
1664880 1164
1664890 1164
1664900 1166
1664910 1160
1664920 1160
1664930 1152
1664940 1158
1664950 1158
1664960 1156
1664970 1161
1664980 1161
1664990 1159
1665000 1166
1665010 1166
1665020 1164
1665030 1165
1665040 1168
1665050 1168
1665060 1165
1665070 1152
1665080 1152
1665090 1165
1665100 1173
1665110 1173
1665120 1172
1665130 1168
1665140 1168
1665150 1170
1665160 1175
1665170 1175
1665180 1175
1665190 1179
1665200 1179
1665210 1175
1665220 1178
1665230 1180
1665240 1180
1665250 1180
1665260 1171
1665270 1171
1665280 1179
1665290 1183
1665300 1183
1665310 1184
1665320 1191
1665330 1191
1665340 1200
1665350 1201
1665360 1201
1665370 1201
1665380 1196
1665390 1198
1665400 1198
1665410 1197
1665420 1192
1665430 1192
1665440 1208
1665450 1208
1665460 1208
1665470 1201
1665480 1205
1665490 1205
1665500 1207
1665510 1209
1665520 1209
1665530 1210
1665540 1213
1665550 1213
1665560 1218
1665570 1220
1665580 1199
1665590 1199
1665600 1231
1665610 1233
1665620 1233
1665630 1231
1665640 1209
1665650 1209
1665660 1220
1665670 1227
1665680 1227
1665690 1227
1665700 1233
1665710 1233
1665720 1239
1665730 1234
1665740 1234
1665750 1225
1665760 1238
1665770 1254
1665780 1254
1665790 1235
1665800 1237
1665810 1237
1665820 1247
1665830 1254
1665840 1254
1665850 1247
1665860 1257
1665870 1257
1665880 1255
1665890 1262
1665900 1262
1665910 1259
1665920 1254
1665930 1254
1665940 1256
1665950 1279
1665960 1277
1665970 1277
1665980 1283
1665990 1277
1666000 1277
1666010 1262
1666020 1263
1666030 1263
1666040 1266
1666050 1269
1666060 1269
1666070 1286
1666080 1291
1666090 1291
1666100 1281
1666110 1281
1666120 1281
1666130 1284
1666140 1287
1666150 1291
1666160 1291
1666170 1294
1666180 1297
1666190 1297
1666200 1300
1666210 1303
1666220 1303
1666230 1314
1666240 1330
1666250 1330
1666260 1335
1666270 1338
1666280 1338
1666290 1342
1666300 1345
1666310 1345
1666320 1351
1666330 1358
1666340 1358
1666350 1358
1666360 1363
1666370 1370
1666380 1370
1666390 1371
1666400 1373
1666410 1373
1666420 1371
1666430 1378
1666440 1378
1666450 1382
1666460 1381
1666470 1381
1666480 1376
1666490 1390
1666500 1390
1666510 1390
1666520 1395
1666530 1398
1666540 1398
1666550 1403
1666560 1407
1666570 1407
1666580 1407
1666590 1405
1666600 1405
1666610 1413
1666620 1410
1666630 1410
1666640 1409
1666650 1412
1666660 1412
1666670 1410
1666680 1409
1666690 1412
1666700 1412
1666710 1409
1666720 1414
1666730 1414
1666740 1416
1666750 1413
1666760 1413
1666770 1422
1666780 1421
1666790 1421
1666800 1420
1666810 1424
1666820 1424
1666830 1429
1666840 1430
1666850 1430
1666860 1434
1666870 1421
1666880 1417
1666890 1417
1666900 1420
1666910 1427
1666920 1427
1666930 1425
1666940 1424
1666950 1424
1666960 1428
1666970 1425
1666980 1425
1666990 1426
1667000 1428
1667010 1428
1667020 1430
1667030 1431
1667040 1431
1667050 1428
1667060 1430
1667070 1426
1667080 1426
1667090 1425
1667100 1431
1667110 1431
1667120 1429
1667130 1420
1667140 1420
1667150 1419
1667160 1407
1667170 1407
1667180 1403
1667190 1401
1667200 1401
1667210 1400
1667220 1415
1667230 1415
1667240 1407
1667250 1410
1667260 1407
1667270 1407
1667280 1410
1667290 1409
1667300 1409
1667310 1413
1667320 1412
1667330 1412
1667340 1412
1667350 1411
1667360 1411
1667370 1407
1667380 1413
1667390 1413
1667400 1417
1667410 1419
1667420 1419
1667430 1419
1667440 1423
1667450 1429
1667460 1429
1667470 1427
1667480 1429
1667490 1429
1667500 1432
1667510 1434
1667520 1434
1667530 1437
1667540 1445
1667550 1445
1667560 1447
1667570 1447
1667580 1447
1667590 1436
1667600 1447
1667610 1452
1667620 1452
1667630 1450
1667640 1434
1667650 1434
1667660 1439
1667670 1450
1667680 1450
1667690 1447
1667700 1440
1667710 1440
1667720 1443
1667730 1449
1667740 1449
1667750 1450
1667760 1450
1667770 1450
1667780 1445
1667790 1447
1667800 1445
1667810 1445
1667820 1447
1667830 1446
1667840 1446
1667850 1449
1667860 1447
1667870 1447
1667880 1437
1667890 1440
1667900 1440
1667910 1432
1667920 1427
1667930 1427
1667940 1426
1667950 1424
1667960 1424
1667970 1425
1667980 1430
1667990 1434
1668000 1434
1668010 1441
1668020 1443
1668030 1443
1668040 1448
1668050 1451
1668060 1451
1668070 1455
1668080 1453
1668090 1453
1668100 1449
1668110 1449
1668120 1449
1668130 1457
1668140 1463
1668150 1463
1668160 1466
1668170 1475
1668180 1478
1668190 1478
1668200 1479
1668210 1476
1668220 1476
1668230 1478
1668240 1480
1668250 1484
1668260 1486
1668270 1491
1668280 1491
1668290 1495
1668300 1498
1668310 1498
1668320 1505
1668330 1505
1668340 1505
1668350 1512
1668360 1517
1668370 1516
1668380 1516
1668390 1510
1668400 1520
1668410 1520
1668420 1521
1668430 1525
1668440 1525
1668450 1529
1668460 1523
1668470 1523
1668480 1529
1668490 1530
1668500 1530
1668510 1529
1668520 1526
1668530 1527
1668540 1527
1668550 1525
1668560 1526
1668570 1526
1668580 1533
1668590 1533
1668600 1529
1668610 1529
1668620 1519
1668630 1532
1668640 1532
1668650 1533
1668660 1529
1668670 1529
1668680 1525
1668690 1529
1668700 1529
1668710 1530
1668720 1529
1668730 1529
1668740 1529
1668750 1532
1668760 1531
1668770 1531
1668780 1539
1668790 1538
1668800 1538
1668810 1535
1668820 1532
1668830 1532
1668840 1532
1668850 1518
1668860 1518
1668870 1528
1668880 1524
1668890 1524
1668900 1523
1668910 1518
1668920 1517
1668930 1517
1668940 1521
1668950 1521
1668960 1521
1668970 1514
1668980 1517
1668990 1517
1669000 1515
1669010 1518
1669020 1518
1669030 1524
1669040 1520
1669050 1520
1669060 1525
1669070 1527
1669080 1527
1669090 1527
1669100 1523
1669110 1517
1669120 1517
1669130 1528
1669140 1527
1669150 1527
1669160 1529
1669170 1543
1669180 1543
1669190 1544
1669200 1546
1669210 1546
1669220 1546
1669230 1552
1669240 1552
1669250 1556
1669260 1557
1669270 1557
1669280 1555
1669290 1555
1669300 1553
1669310 1553
1669320 1563
1669330 1565
1669340 1565
1669350 1570
1669360 1574
1669370 1574
1669380 1569
1669390 1570
1669400 1570
1669410 1570
1669420 1578
1669430 1578
1669440 1585
1669450 1586
1669460 1585
1669470 1585
1669480 1593
1669490 1596
1669500 1596
1669510 1601
1669520 1603
1669530 1603
1669540 1606
1669550 1609
1669560 1609
1669570 1605
1669580 1609
1669590 1609
1669600 1613
1669610 1610
1669620 1610
1669630 1615
1669640 1615
1669650 1611
1669660 1611
1669670 1615
1669680 1617
1669690 1617
1669700 1620
1669710 1625
1669720 1625
1669730 1629
1669740 1632
1669750 1632
1669760 1630
1669770 1633
1669780 1633
1669790 1637
1669800 1642
1669810 1642
1669820 1641
1669830 1643
1669840 1646
1669850 1646
1669860 1643
1669870 1645
1669880 1645
1669890 1650
1669900 1651
1669910 1651
1669920 1652
1669930 1650
1669940 1650
1669950 1656
1669960 1658
1669970 1658
1669980 1657
1669990 1661
1670000 1661
1670010 1664
1670020 1669
1670030 1675
1670040 1675
1670050 1672
1670060 1676
1670070 1676
1670080 1677
1670090 1678
1670100 1678
1670110 1671
1670120 1662
1670130 1662
1670140 1662
1670150 1663
1670160 1663
1670170 1662
1670180 1662
1670190 1662
1670200 1662
1670210 1662
1670220 1662
1670230 1662
1670240 1662
1670250 1662
1670260 1662
1670270 1668
1670280 1667
1670290 1667
1670300 1667
1670310 1667
1670320 1667
1670330 1664
1670340 1662
1670350 1662
1670360 1667
1670370 1665
1670380 1665
1670390 1661
1670400 1666
1670410 1665
1670420 1665
1670430 1667
1670440 1665
1670450 1665
1670460 1661
1670470 1663
1670480 1663
1670490 1663
1670500 1656
1670510 1656
1670520 1660
1670530 1658
1670540 1658
1670550 1661
1670560 1658
1670570 1658
1670580 1658
1670590 1656
1670600 1655
1670610 1655
1670620 1652
1670630 1655
1670640 1655
1670650 1655
1670660 1657
1670670 1657
1670680 1657
1670690 1654
1670700 1654
1670710 1646
1670720 1650
1670730 1650
1670740 1651
1670750 1654
1670760 1647
1670770 1647
1670780 1646
1670790 1642
1670800 1642
1670810 1646
1670820 1648
1670830 1648
1670840 1654
1670850 1650
1670860 1650
1670870 1657
1670880 1659
1670890 1659
1670900 1649
1670910 1659
1670920 1659
1670930 1660
1670940 1658
1670950 1653
1670960 1653
1670970 1647
1670980 1656
1670990 1656
1671000 1647
1671010 1645
1671020 1644
1671030 1641
1671040 1641
1671050 1641
1671060 1648
1671070 1651
1671080 1651
1671090 1652
1671100 1641
1671110 1641
1671120 1653
1671130 1652
1671140 1651
1671150 1651
1671160 1640
1671170 1648
1671180 1648
1671190 1639
1671200 1642
1671210 1642
1671220 1648
1671230 1642
1671240 1642
1671250 1639
1671260 1651
1671270 1651
1671280 1650
1671290 1646
1671300 1646
1671310 1642
1671320 1642
1671330 1643
1671340 1643
1671350 1636
1671360 1636
1671370 1636
1671380 1636
1671390 1638
1671400 1638
1671410 1640
1671420 1643
1671430 1643
1671440 1643
1671450 1644
1671460 1644
1671470 1643
