1669140 1506
1669150 1506
1669160 1509
1669170 1511
1669180 1514
1669190 1514
1669200 1516
1669210 1522
1669220 1522
1669230 1524
1669240 1527
1669250 1527
1669260 1529
1669270 1530
1669280 1530
1669290 1532
1669300 1534
1669310 1534
1669320 1536
1669330 1538
1669340 1538
1669350 1541
1669360 1542
1669370 1544
1669380 1544
1669390 1546
1669400 1547
1669410 1547
1669420 1548
1669430 1549
1669440 1549
1669450 1551
1669460 1553
1669470 1553
1669480 1555
1669490 1556
1669500 1556
1669510 1557
1669520 1559
1669530 1560
1669540 1560
1669550 1561
1669560 1562
1669570 1562
1669580 1563
1669590 1564
1669600 1564
1669610 1565
1669620 1566
1669630 1566
1669640 1567
1669650 1568
1669660 1568
1669670 1569
1669680 1570
1669690 1570
1669700 1571
1669710 1573
1669720 1574
1669730 1574
1669740 1575
1669750 1576
1669760 1576
1669770 1578
1669780 1580
1669790 1580
1669800 1583
1669810 1584
1669820 1584
1669830 1585
1669840 1589
1669850 1589
1669860 1593
1669870 1595
1669880 1595
1669890 1598
1669900 1600
1669910 1602
1669920 1602
1669930 1604
1669940 1608
1669950 1608
1669960 1610
1669970 1612
1669980 1612
1669990 1614
1670000 1616
1670010 1616
1670020 1619
1670030 1622
1670040 1622
1670050 1624
1670060 1627
1670070 1627
1670080 1628
1670090 1630
1670100 1632
1670110 1632
1670120 1634
1670130 1637
1670140 1637
1670150 1639
1670160 1641
1670170 1641
1670180 1643
1670190 1645
1670200 1645
1670210 1647
1670220 1649
1670230 1649
1670240 1650
1670250 1652
1670260 1652
1670270 1653
1670280 1655
1670290 1657
1670300 1657
1670310 1658
1670320 1660
1670330 1660
1670340 1662
1670350 1664
1670360 1664
1670370 1666
1670380 1667
1670390 1667
1670400 1669
1670410 1670
1670420 1670
1670430 1672
1670440 1673
1670450 1673
1670460 1674
1670470 1676
1670480 1677
1670490 1677
1670500 1678
1670510 1679
1670520 1679
1670530 1680
1670540 1681
1670550 1681
1670560 1681
1670570 1682
1670580 1682
1670590 1682
1670600 1682
1670610 1682
1670620 1682
1670630 1682
1670640 1682
1670650 1682
1670660 1681
1670670 1681
1670680 1681
1670690 1680
1670700 1679
1670710 1679
1670720 1678
1670730 1677
1670740 1677
1670750 1675
1670760 1674
1670770 1674
1670780 1672
1670790 1671
1670800 1671
1670810 1669
1670820 1667
1670830 1667
1670840 1666
1670850 1664
1670860 1661
1670870 1661
1670880 1659
1670890 1657
1670900 1657
1670910 1656
1670920 1654
1670930 1654
1670940 1653
1670950 1651
1670960 1651
1670970 1649
1670980 1648
1670990 1648
1671000 1646
1671010 1644
1671020 1644
1671030 1643
1671040 1641
1671050 1639
1671060 1639
1671070 1638
1671080 1636
1671090 1636
1671100 1634
1671110 1633
1671120 1633
1671130 1631
1671140 1629
1671150 1629
1671160 1627
1671170 1625
1671180 1625
1671190 1624
1671200 1621
1671210 1621
1671220 1620
1671230 1618
1671240 1615
1671250 1615
1671260 1613
1671270 1611
1671280 1611
1671290 1610
1671300 1609
1671310 1609
1671320 1607
1671330 1605
1671340 1605
1671350 1604
1671360 1603
1671370 1603
1671380 1603
1671390 1601
1671400 1600
1671410 1600
1671420 1599
1671430 1597
1671440 1597
1671450 1597
1671460 1596
1671470 1596
1671480 1594
1671490 1593
1671500 1593
1671510 1592
1671520 1591
1671530 1591
1671540 1590
1671550 1589
1671560 1589
1671570 1588
1671580 1589
1671590 1588
1671600 1588
1671610 1588
1671620 1587
1671630 1587
1671640 1585
1671650 1584
1671660 1584
1671670 1585
1671680 1584
1671690 1584
1671700 1584
1671710 1583
1671720 1583
1671730 1581
1671740 1582
1671750 1582
1671760 1581
1671770 1581
1671780 1581
1671790 1581
1671800 1580
1671810 1579
1671820 1579
1671830 1578
1671840 1576
1671850 1576
1671860 1575
1671870 1575
1671880 1575
1671890 1574
1671900 1573
1671910 1573
1671920 1572
1671930 1571
1671940 1571
1671950 1570
1671960 1569
1671970 1568
1671980 1568
1671990 1567
1672000 1566
1672010 1566
1672020 1564
1672030 1562
1672040 1562
1672050 1560
1672060 1558
1672070 1558
1672080 1556
1672090 1553
1672100 1553
1672110 1550
1672120 1548
1672130 1548
1672140 1545
1672150 1542
1672160 1539
1672170 1539
1672180 1535
1672190 1531
1672200 1531
1672210 1528
1672220 1524
1672230 1524
1672240 1521
1672250 1518
1672260 1518
1672270 1514
1672280 1510
1672290 1510
1672300 1507
1672310 1505
1672320 1505
1672330 1501
1672340 1496
1672350 1494
1672360 1494
1672370 1491
1672380 1488
1672390 1488
1672400 1486
1672410 1484
1672420 1484
1672430 1481
1672440 1476
1672450 1476
1672460 1470
1672470 1466
1672480 1466
1672490 1464
1672500 1461
1672510 1461
1672520 1458
1672530 1456
1672540 1453
1672550 1453
1672560 1448
1672570 1442
1672580 1442
1672590 1438
1672600 1435
1672610 1435
1672620 1432
1672630 1428
1672640 1428
1672650 1426
1672660 1422
1672670 1422
1672680 1417
1672690 1414
1672700 1414
1672710 1411
1672720 1409
1672730 1407
1672740 1407
1672750 1404
1672760 1400
1672770 1400
1672780 1394
1672790 1391
1672800 1391
1672810 1388
1672820 1385
1672830 1385
1672840 1382
1672850 1379
1672860 1379
1672870 1376
1672880 1371
1672890 1371
1672900 1367
1672910 1365
1672920 1362
1672930 1362
1672940 1361
1672950 1359
1672960 1359
1672970 1358
1672980 1355
1672990 1355
1673000 1351
1673010 1347
1673020 1347
1673030 1345
1673040 1343
1673050 1343
1673060 1342
1673070 1340
1673080 1340
1673090 1338
1673100 1336
1673110 1334
1673120 1334
1673130 1332
1673140 1330
1673150 1330
1673160 1329
1673170 1326
1673180 1326
1673190 1325
1673200 1323
1673210 1323
1673220 1320
1673230 1317
1673240 1317
1673250 1315
1673260 1313
1673270 1310
1673280 1310
1673290 1308
1673300 1306
1673310 1306
1673320 1304
1673330 1301
1673340 1301
1673350 1298
1673360 1296
1673370 1296
1673380 1294
1673390 1292
1673400 1292
1673410 1289
1673420 1286
1673430 1286
1673440 1283
1673450 1281
1673460 1279
1673470 1279
1673480 1276
1673490 1273
1673500 1273
1673510 1271
1673520 1266
1673530 1266
1673540 1262
1673550 1260
1673560 1260
1673570 1258
1673580 1257
1673590 1257
1673600 1254
1673610 1252
1673620 1252
1673630 1249
1673640 1241
1673650 1227
1673660 1227
1673670 1223
1673680 1219
1673690 1219
1673700 1213
1673710 1211
1673720 1211
1673730 1211
1673740 1211
1673750 1211
1673760 1211
1673770 1212
1673780 1212
1673790 1212
1673800 1211
1673810 1211
1673820 1211
1673830 1211
1673840 1212
1673850 1212
1673860 1212
1673870 1213
1673880 1213
1673890 1213
1673900 1211
1673910 1211
1673920 1210
1673930 1210
1673940 1210
1673950 1212
1673960 1212
1673970 1212
1673980 1213
1673990 1214
1674000 1214
1674010 1214
1674020 1215
1674030 1215
1674040 1215
1674050 1215
1674060 1215
1674070 1215
1674080 1214
1674090 1214
1674100 1214
1674110 1215
1674120 1215
1674130 1215
1674140 1214
1674150 1214
1674160 1214
1674170 1214
1674180 1214
1674190 1214
1674200 1215
1674210 1214
1674220 1213
1674230 1213
1674240 1212
1674250 1211
1674260 1211
1674270 1210
1674280 1209
1674290 1209
1674300 1208
1674310 1208
1674320 1208
1674330 1208
1674340 1207
1674350 1207
1674360 1206
1674370 1205
1674380 1205
1674390 1204
1674400 1202
1674410 1200
1674420 1200
1674430 1198
1674440 1195
1674450 1195
1674460 1192
1674470 1190
1674480 1190
1674490 1187
1674500 1182
1674510 1182
1674520 1178
1674530 1174
1674540 1174
1674550 1171
1674560 1170
1674570 1170
1674580 1169
1674590 1169
1674600 1168
1674610 1168
1674620 1164
1674630 1165
1674640 1165
1674650 1163
1674660 1161
1674670 1161
1674680 1162
1674690 1163
1674700 1163
1674710 1166
1674720 1168
1674730 1168
1674740 1169
1674750 1171
1674760 1171
1674770 1172
1674780 1173
1674790 1174
1674800 1174
1674810 1176
1674820 1177
1674830 1177
1674840 1178
1674850 1178
1674860 1178
1674870 1177
1674880 1177
1674890 1177
1674900 1177
1674910 1176
1674920 1176
1674930 1176
1674940 1176
1674950 1176
1674960 1169
1674970 1166
1674980 1164
1674990 1164
1675000 1161
1675010 1158
1675020 1158
1675030 1157
1675040 1156
1675050 1156
1675060 1156
1675070 1156
1675080 1156
1675090 1159
1675100 1163
1675110 1163
1675120 1165
1675130 1166
1675140 1167
1675150 1167
1675160 1168
1675170 1169
1675180 1169
1675190 1172
1675200 1175
1675210 1175
1675220 1178
1675230 1179
1675240 1179
1675250 1179
1675260 1179
1675270 1179
1675280 1177
1675290 1176
1675300 1176
1675310 1174
1675320 1173
1675330 1172
1675340 1172
1675350 1170
1675360 1167
1675370 1167
1675380 1164
1675390 1161
1675400 1161
1675410 1159
1675420 1158
1675430 1158
1675440 1157
1675450 1156
1675460 1156
1675470 1157
1675480 1157
1675490 1157
1675500 1157
1675510 1155
1675520 1152
1675530 1152
1675540 1152
1675550 1152
1675560 1152
1675570 1150
1675580 1150
1675590 1150
1675600 1149
1675610 1147
1675620 1147
1675630 1145
1675640 1144
1675650 1144
1675660 1141
1675670 1137
1675680 1137
1675690 1134
1675700 1131
1675710 1129
1675720 1129
1675730 1127
1675740 1124
1675750 1124
1675760 1122
1675770 1120
1675780 1120
1675790 1116
1675800 1113
1675810 1113
1675820 1109
1675830 1106
1675840 1106
1675850 1102
1675860 1099
1675870 1099
1675880 1096
1675890 1093
1675900 1089
1675910 1089
1675920 1087
1675930 1084
1675940 1084
1675950 1081
1675960 1079
1675970 1079
1675980 1076
1675990 1073
1676000 1073
1676010 1071
1676020 1068
1676030 1068
1676040 1065
1676050 1063
1676060 1063
1676070 1060
1676080 1057
1676090 1055
1676100 1055
1676110 1051
1676120 1048
1676130 1048
1676140 1045
1676150 1041
1676160 1041
1676170 1039
1676180 1037
1676190 1037
1676200 1034
1676210 1032
1676220 1032
1676230 1029
1676240 1027
1676250 1027
1676260 1024
1676270 1021
1676280 1018
1676290 1018
1676300 1017
1676310 1015
1676320 1015
1676330 1012
1676340 1009
1676350 1009
1676360 1006
1676370 1004
1676380 1004
1676390 1002
1676400 999
1676410 999
1676420 996
1676430 994
1676440 994
1676450 991
1676460 988
1676470 983
1676480 983
1676490 977
1676500 969
1676510 969
1676520 962
1676530 960
1676540 960
1676550 962
1676560 964
1676570 964
1676580 965
1676590 967
1676600 967
1676610 967
1676620 967
1676630 967
1676640 963
1676650 959
1676660 958
1676670 958
1676680 957
1676690 957
1676700 957
1676710 955
1676720 952
1676730 952
1676740 953
1676750 949
1676760 949
1676770 946
1676780 943
1676790 943
1676800 941
1676810 938
1676820 938
1676830 937
1676840 935
1676850 933
1676860 933
1676870 931
1676880 930
1676890 930
1676900 929
1676910 927
1676920 927
1676930 925
1676940 927
1676950 927
1676960 928
1676970 928
1676980 928
1676990 932
1677000 936
1677010 941
1677020 941
1677030 944
1677040 948
1677050 948
1677060 952
1677070 957
1677080 957
1677090 961
1677100 964
1677110 964
1677120 967
1677130 971
1677140 971
1677150 976
1677160 979
1677170 979
1677180 979
1677190 979
1677200 984
1677210 984
1677220 991
1677230 994
1677240 994
1677250 997
1677260 1001
1677270 1001
1677280 1005
1677290 1008
1677300 1008
1677310 1011
1677320 1014
1677330 1014
1677340 1015
1677350 1015
1677360 1015
1677370 1014
1677380 1014
1677390 1014
1677400 1014
1677410 1014
1677420 1014
1677430 1014
1677440 1016
1677450 1017
1677460 1017
1677470 1018
1677480 1020
1677490 1020
1677500 1021
1677510 1021
1677520 1021
1677530 1023
1677540 1024
1677550 1024
1677560 1025
1677570 1026
1677580 1027
1677590 1027
1677600 1026
1677610 1026
1677620 1026
1677630 1025
1677640 1025
1677650 1025
1677660 1024
1677670 1023
1677680 1023
1677690 1021
1677700 1020
1677710 1020
1677720 1020
1677730 1019
1677740 1019
1677750 1019
1677760 1018
1677770 1017
1677780 1017
1677790 1016
1677800 1015
1677810 1015
1677820 1014
1677830 1013
1677840 1013
1677850 1012
1677860 1011
1677870 1011
1677880 1011
1677890 1010
1677900 1010
1677910 1009
1677920 1007
1677930 1007
1677940 1006
1677950 1004
1677960 1003
1677970 1003
1677980 1001
1677990 999
1678000 999
1678010 997
1678020 995
1678030 995
1678040 993
1678050 992
1678060 992
1678070 990
1678080 988
1678090 988
1678100 986
1678110 984
1678120 984
1678130 982
1678140 980
1678150 977
1678160 977
1678170 975
1678180 971
1678190 971
1678200 969
1678210 967
1678220 967
1678230 964
1678240 959
1678250 959
1678260 956
1678270 954
1678280 954
1678290 953
1678300 952
1678310 952
1678320 950
1678330 949
1678340 946
1678350 946
1678360 944
1678370 941
1678380 941
1678390 941
1678400 942
1678410 942
1678420 941
1678430 940
1678440 940
1678450 939
1678460 938
1678470 938
1678480 938
1678490 938
1678500 938
1678510 938
1678520 937
1678530 936
1678540 936
1678550 935
1678560 935
1678570 935
1678580 935
1678590 934
1678600 934
1678610 933
1678620 931
1678630 931
1678640 929
1678650 928
1678660 928
1678670 926
1678680 922
1678690 922
1678700 921
1678710 920
1678720 919
1678730 919
1678740 918
1678750 917
1678760 917
1678770 917
1678780 916
1678790 916
1678800 914
1678810 912
1678820 912
1678830 910
1678840 909
1678850 909
1678860 907
1678870 906
1678880 905
1678890 905
1678900 904
1678910 902
1678920 902
1678930 900
1678940 898
1678950 898
1678960 895
1678970 891
1678980 891
1678990 886
1679000 886
1679010 886
1679020 884
1679030 883
1679040 883
1679050 882
1679060 881
1679070 879
1679080 879
1679090 876
1679100 875
1679110 875
1679120 873
1679130 872
1679140 872
1679150 869
1679160 867
1679170 867
1679180 865
1679190 862
1679200 862
1679210 859
1679220 855
1679230 855
1679240 851
1679250 848
1679260 845
1679270 845
1679280 841
1679290 839
1679300 839
1679310 838
1679320 836
1679330 836
1679340 835
1679350 835
1679360 835
1679370 834
1679380 833
1679390 833
1679400 831
1679410 829
1679420 829
1679430 827
1679440 824
1679450 815
1679460 815
1679470 815
1679480 813
1679490 813
1679500 817
1679510 823
1679520 823
1679530 831
1679540 838
1679550 838
1679560 845
1679570 850
1679580 850
1679590 854
1679600 857
1679610 857
1679620 859
1679630 855
1679640 847
1679650 847
1679660 839
1679670 831
1679680 831
1679690 823
1679700 812
1679710 812
1679720 811
1679730 813
1679740 813
1679750 816
1679760 817
1679770 817
1679780 817
1679790 817
1679800 817
1679810 815
1679820 813
1679830 811
1679840 811
1679850 811
1679860 810
1679870 810
1679880 809
1679890 811
1679900 811
1679910 808
1679920 809
1679930 809
1679940 810
1679950 810
1679960 810
1679970 811
1679980 812
1679990 812
