1669110 1642
1669120 1642
1669130 1640
1669140 1639
1669150 1636
1669160 1636
1669170 1635
1669180 1633
1669190 1633
1669200 1632
1669210 1632
1669220 1632
1669230 1631
1669240 1629
1669250 1629
1669260 1628
1669270 1627
1669280 1627
1669290 1626
1669300 1626
1669310 1626
1669320 1625
1669330 1624
1669340 1623
1669350 1623
1669360 1623
1669370 1622
1669380 1622
1669390 1622
1669400 1621
1669410 1621
1669420 1620
1669430 1620
1669440 1620
1669450 1619
1669460 1619
1669470 1619
1669480 1620
1669490 1619
1669500 1619
1669510 1619
1669520 1620
1669530 1620
1669540 1620
1669550 1621
1669560 1621
1669570 1621
1669580 1622
1669590 1623
1669600 1623
1669610 1624
1669620 1625
1669630 1625
1669640 1626
1669650 1626
1669660 1626
1669670 1627
1669680 1628
1669690 1628
1669700 1629
1669710 1630
1669720 1631
1669730 1631
1669740 1631
1669750 1632
1669760 1632
1669770 1633
1669780 1633
1669790 1633
1669800 1633
1669810 1633
1669820 1633
1669830 1633
1669840 1632
1669850 1632
1669860 1632
1669870 1631
1669880 1631
1669890 1630
1669900 1629
1669910 1627
1669920 1627
1669930 1626
1669940 1624
1669950 1624
1669960 1622
1669970 1620
1669980 1620
1669990 1619
1670000 1617
1670010 1617
1670020 1616
1670030 1614
1670040 1614
1670050 1612
1670060 1610
1670070 1610
1670080 1609
1670090 1607
1670100 1606
1670110 1606
1670120 1604
1670130 1603
1670140 1603
1670150 1601
1670160 1599
1670170 1599
1670180 1600
1670190 1599
1670200 1599
1670210 1599
1670220 1598
1670230 1598
1670240 1598
1670250 1597
1670260 1597
1670270 1597
1670280 1597
1670290 1596
1670300 1596
1670310 1596
1670320 1596
1670330 1596
1670340 1596
1670350 1596
1670360 1596
1670370 1595
1670380 1596
1670390 1596
1670400 1596
1670410 1595
1670420 1595
1670430 1595
1670440 1594
1670450 1594
1670460 1593
1670470 1592
1670480 1591
1670490 1591
1670500 1589
1670510 1588
1670520 1588
1670530 1587
1670540 1585
1670550 1585
1670560 1584
1670570 1582
1670580 1582
1670590 1580
1670600 1578
1670610 1578
1670620 1576
1670630 1574
1670640 1574
1670650 1571
1670660 1568
1670670 1566
1670680 1566
1670690 1564
1670700 1561
1670710 1561
1670720 1557
1670730 1555
1670740 1555
1670750 1552
1670760 1549
1670770 1549
1670780 1546
1670790 1543
1670800 1543
1670810 1541
1670820 1539
1670830 1539
1670840 1535
1670850 1533
1670860 1531
1670870 1531
1670880 1529
1670890 1526
1670900 1526
1670910 1524
1670920 1521
1670930 1521
1670940 1519
1670950 1518
1670960 1518
1670970 1516
1670980 1513
1670990 1513
1671000 1512
1671010 1510
1671020 1510
1671030 1508
1671040 1505
1671050 1502
1671060 1502
1671070 1498
1671080 1495
1671090 1495
1671100 1492
1671110 1488
1671120 1488
1671130 1485
1671140 1483
1671150 1483
1671160 1480
1671170 1478
1671180 1478
1671190 1475
1671200 1473
1671210 1473
1671220 1471
1671230 1468
1671240 1465
1671250 1465
1671260 1462
1671270 1460
1671280 1460
1671290 1457
1671300 1454
1671310 1454
1671320 1451
1671330 1452
1671340 1452
1671350 1449
1671360 1450
1671370 1450
1671380 1451
1671390 1452
1671400 1452
1671410 1452
1671420 1452
1671430 1453
1671440 1453
1671450 1454
1671460 1456
1671470 1456
1671480 1457
1671490 1457
1671500 1457
1671510 1458
1671520 1460
1671530 1460
1671540 1462
1671550 1464
1671560 1464
1671570 1466
1671580 1467
1671590 1467
1671600 1469
1671610 1471
1671620 1473
1671630 1473
1671640 1474
1671650 1476
1671660 1476
1671670 1477
1671680 1478
1671690 1478
1671700 1479
1671710 1480
1671720 1480
1671730 1481
1671740 1482
1671750 1482
1671760 1483
1671770 1484
1671780 1484
1671790 1485
1671800 1486
1671810 1486
1671820 1486
1671830 1487
1671840 1488
1671850 1488
1671860 1488
1671870 1488
1671880 1488
1671890 1489
1671900 1489
1671910 1489
1671920 1489
1671930 1489
1671940 1489
1671950 1488
1671960 1488
1671970 1488
1671980 1487
1671990 1486
1672000 1485
1672010 1485
1672020 1484
1672030 1482
1672040 1482
1672050 1481
1672060 1478
1672070 1478
1672080 1476
1672090 1474
1672100 1474
1672110 1471
1672120 1470
1672130 1470
1672140 1468
1672150 1464
1672160 1464
1672170 1462
1672180 1461
1672190 1459
1672200 1459
1672210 1457
1672220 1455
1672230 1455
1672240 1456
1672250 1456
1672260 1456
1672270 1456
1672280 1456
1672290 1456
1672300 1457
1672310 1457
1672320 1457
1672330 1457
1672340 1458
1672350 1458
1672360 1458
1672370 1458
1672380 1459
1672390 1459
1672400 1459
1672410 1460
1672420 1460
1672430 1460
1672440 1460
1672450 1460
1672460 1460
1672470 1460
1672480 1460
1672490 1461
1672500 1462
1672510 1462
1672520 1462
1672530 1462
1672540 1462
1672550 1462
1672560 1462
1672570 1463
1672580 1463
1672590 1463
1672600 1463
1672610 1463
1672620 1463
1672630 1463
1672640 1463
1672650 1463
1672660 1462
1672670 1462
1672680 1462
1672690 1462
1672700 1462
1672710 1462
1672720 1461
1672730 1461
1672740 1461
1672750 1459
1672760 1458
1672770 1458
1672780 1457
1672790 1456
1672800 1456
1672810 1455
1672820 1453
1672830 1453
1672840 1451
1672850 1449
1672860 1449
1672870 1447
1672880 1445
1672890 1445
1672900 1442
1672910 1439
1672920 1439
1672930 1436
1672940 1435
1672950 1430
1672960 1430
1672970 1428
1672980 1426
1672990 1426
1673000 1423
1673010 1420
1673020 1420
1673030 1416
1673040 1414
1673050 1414
1673060 1411
1673070 1409
1673080 1409
1673090 1408
1673100 1406
1673110 1406
1673120 1402
1673130 1399
1673140 1397
1673150 1397
1673160 1394
1673170 1392
1673180 1392
1673190 1390
1673200 1388
1673210 1388
1673220 1385
1673230 1383
1673240 1383
1673250 1379
1673260 1376
1673270 1376
1673280 1373
1673290 1372
1673300 1370
1673310 1370
1673320 1368
1673330 1366
1673340 1366
1673350 1364
1673360 1361
1673370 1361
1673380 1360
1673390 1359
1673400 1359
1673410 1357
1673420 1354
1673430 1354
1673440 1349
1673450 1346
1673460 1346
1673470 1343
1673480 1342
1673490 1341
1673500 1341
1673510 1338
1673520 1336
1673530 1336
1673540 1333
1673550 1330
1673560 1330
1673570 1328
1673580 1327
1673590 1327
1673600 1325
1673610 1324
1673620 1324
1673630 1322
1673640 1319
1673650 1319
1673660 1316
1673670 1313
1673680 1310
1673690 1310
1673700 1309
1673710 1306
1673720 1306
1673730 1304
1673740 1301
1673750 1301
1673760 1300
1673770 1298
1673780 1298
1673790 1296
1673800 1294
1673810 1294
1673820 1291
1673830 1287
1673840 1287
1673850 1283
1673860 1280
1673870 1275
1673880 1275
1673890 1271
1673900 1267
1673910 1267
1673920 1263
1673930 1261
1673940 1261
1673950 1258
1673960 1257
1673970 1257
1673980 1252
1673990 1250
1674000 1250
1674010 1246
1674020 1243
1674030 1243
1674040 1239
1674050 1237
1674060 1233
1674070 1233
1674080 1231
1674090 1229
1674100 1229
1674110 1227
1674120 1226
1674130 1226
1674140 1224
1674150 1222
1674160 1222
1674170 1220
1674180 1218
1674190 1218
1674200 1216
1674210 1213
1674220 1213
1674230 1210
1674240 1208
1674250 1206
1674260 1206
1674270 1204
1674280 1202
1674290 1202
1674300 1201
1674310 1200
1674320 1200
1674330 1198
1674340 1196
1674350 1196
1674360 1194
1674370 1191
1674380 1191
1674390 1187
1674400 1184
1674410 1184
1674420 1182
1674430 1180
1674440 1178
1674450 1178
1674460 1175
1674470 1173
1674480 1173
1674490 1169
1674500 1166
1674510 1166
1674520 1164
1674530 1160
1674540 1160
1674550 1158
1674560 1156
1674570 1156
1674580 1153
1674590 1151
1674600 1151
1674610 1149
1674620 1148
1674630 1145
1674640 1145
1674650 1143
1674660 1139
1674670 1139
1674680 1136
1674690 1132
1674700 1130
1674710 1127
1674720 1124
1674730 1124
1674740 1119
1674750 1115
1674760 1115
1674770 1111
1674780 1107
1674790 1107
1674800 1103
1674810 1101
1674820 1100
1674830 1100
1674840 1098
1674850 1096
1674860 1096
1674870 1095
1674880 1092
1674890 1092
1674900 1092
1674910 1091
1674920 1091
1674930 1090
1674940 1087
1674950 1087
1674960 1086
1674970 1082
1674980 1082
1674990 1081
1675000 1079
1675010 1078
1675020 1078
1675030 1076
1675040 1073
1675050 1073
1675060 1071
1675070 1068
1675080 1068
1675090 1066
1675100 1063
1675110 1063
1675120 1059
1675130 1054
1675140 1054
1675150 1050
1675160 1047
1675170 1047
1675180 1044
1675190 1042
1675200 1040
1675210 1040
1675220 1037
1675230 1035
1675240 1035
1675250 1032
1675260 1030
1675270 1030
1675280 1027
1675290 1025
1675300 1025
1675310 1023
1675320 1022
1675330 1022
1675340 1021
1675350 1019
1675360 1019
1675370 1017
1675380 1014
1675390 1010
1675400 1010
1675410 1005
1675420 1001
1675430 1001
1675440 998
1675450 996
1675460 996
1675470 995
1675480 993
1675490 993
1675500 991
1675510 990
1675520 990
1675530 988
1675540 986
1675550 986
1675560 983
1675570 982
1675580 981
1675590 981
1675600 980
1675610 980
1675620 980
1675630 981
1675640 980
1675650 980
1675660 980
1675670 979
1675680 979
1675690 979
1675700 978
1675710 978
1675720 977
1675730 975
1675740 975
1675750 973
1675760 972
1675770 972
1675780 972
1675790 971
1675800 971
1675810 971
1675820 969
1675830 973
1675840 973
1675850 976
1675860 977
1675870 977
1675880 976
1675890 975
1675900 975
1675910 974
1675920 972
1675930 972
1675940 969
1675950 961
1675960 959
1675970 959
1675980 960
1675990 961
1676000 961
1676010 961
1676020 967
1676030 967
1676040 975
1676050 981
1676060 981
1676070 986
1676080 992
1676090 992
1676100 995
1676110 997
1676120 997
1676130 997
1676140 998
1676150 998
1676160 998
1676170 998
1676180 998
1676190 998
1676200 997
1676210 996
1676220 996
1676230 992
1676240 993
1676250 993
1676260 994
1676270 995
1676280 995
1676290 995
1676300 995
1676310 995
1676320 996
1676330 996
1676340 996
1676350 996
1676360 996
1676370 997
1676380 997
1676390 996
1676400 997
1676410 997
1676420 996
1676430 996
1676440 996
1676450 997
1676460 997
1676470 997
1676480 997
1676490 998
1676500 998
1676510 998
1676520 998
1676530 998
1676540 998
1676550 998
1676560 998
1676570 998
1676580 997
1676590 994
1676600 994
1676610 989
1676620 983
1676630 983
1676640 978
1676650 971
1676660 971
1676670 966
1676680 960
1676690 960
1676700 959
1676710 962
1676720 965
1676730 965
1676740 970
1676750 974
1676760 974
1676770 979
1676780 982
1676790 982
1676800 986
1676810 988
1676820 988
1676830 990
1676840 992
1676850 992
1676860 994
1676870 995
1676880 995
1676890 996
1676900 998
1676910 1000
1676920 1000
1676930 1000
1676940 1002
1676950 1002
1676960 1003
1676970 1004
1676980 1004
1676990 1005
1677000 1005
1677010 1005
1677020 1006
1677030 1007
1677040 1007
1677050 1008
1677060 1008
1677070 1008
1677080 1008
1677090 1008
1677100 1008
1677110 1008
1677120 1007
1677130 1006
1677140 1006
1677150 1005
1677160 1001
1677170 1001
1677180 995
1677190 992
1677200 992
1677210 989
1677220 986
1677230 986
1677240 983
1677250 981
1677260 981
1677270 980
1677280 980
1677290 978
1677300 978
1677310 972
1677320 967
1677330 967
1677340 966
1677350 967
1677360 967
1677370 971
1677380 973
1677390 973
1677400 977
1677410 980
1677420 980
1677430 983
1677440 985
1677450 985
1677460 988
1677470 989
1677480 991
1677490 991
1677500 994
1677510 997
1677520 997
1677530 998
1677540 1001
1677550 1001
1677560 1002
1677570 1004
1677580 1004
1677590 1006
1677600 1007
1677610 1007
1677620 1008
1677630 1010
1677640 1011
1677650 1011
1677660 1012
1677670 1013
1677680 1013
1677690 1013
1677700 1014
1677710 1014
1677720 1015
1677730 1015
1677740 1015
1677750 1016
1677760 1017
1677770 1017
1677780 1017
1677790 1013
1677800 1013
1677810 1012
1677820 1013
1677830 1015
1677840 1015
1677850 1018
1677860 1021
1677870 1021
1677880 1023
1677890 1026
1677900 1026
1677910 1029
1677920 1030
1677930 1030
1677940 1030
1677950 1028
1677960 1028
1677970 1028
1677980 1028
1677990 1028
1678000 1027
1678010 1028
1678020 1029
1678030 1029
1678040 1030
1678050 1031
1678060 1031
1678070 1032
1678080 1033
1678090 1033
1678100 1034
1678110 1035
1678120 1035
1678130 1036
1678140 1037
1678150 1037
1678160 1040
1678170 1041
1678180 1041
1678190 1040
1678200 1041
1678210 1041
1678220 1041
1678230 1043
1678240 1043
1678250 1043
1678260 1044
1678270 1045
1678280 1045
1678290 1045
1678300 1045
1678310 1045
1678320 1045
1678330 1045
1678340 1045
1678350 1045
1678360 1045
1678370 1045
1678380 1044
1678390 1043
1678400 1043
1678410 1043
1678420 1043
1678430 1043
1678440 1043
1678450 1043
1678460 1042
1678470 1042
1678480 1042
1678490 1041
1678500 1041
1678510 1039
1678520 1037
1678530 1037
1678540 1035
1678550 1031
1678560 1031
1678570 1027
1678580 1023
1678590 1018
1678600 1018
1678610 1013
1678620 1008
1678630 1008
1678640 1006
1678650 1006
1678660 1006
1678670 1005
1678680 1005
1678690 1005
1678700 1005
1678710 1005
1678720 1005
1678730 1006
1678740 1007
1678750 1007
1678760 1009
1678770 1009
1678780 1010
1678790 1010
1678800 1011
1678810 1012
1678820 1012
1678830 1014
1678840 1015
1678850 1015
1678860 1017
1678870 1017
1678880 1017
1678890 1018
1678900 1019
1678910 1019
1678920 1019
1678930 1019
1678940 1019
1678950 1019
1678960 1019
1678970 1018
1678980 1018
1678990 1015
1679000 1013
1679010 1013
1679020 1014
1679030 1014
1679040 1014
1679050 1014
1679060 1015
1679070 1015
1679080 1016
1679090 1017
1679100 1017
1679110 1018
1679120 1019
1679130 1019
1679140 1020
1679150 1021
1679160 1022
1679170 1022
1679180 1024
1679190 1026
1679200 1026
1679210 1029
1679220 1031
1679230 1031
1679240 1033
1679250 1035
1679260 1035
1679270 1036
1679280 1038
1679290 1038
1679300 1039
1679310 1041
1679320 1041
1679330 1043
1679340 1044
1679350 1045
1679360 1045
1679370 1048
1679380 1049
1679390 1049
1679400 1051
1679410 1052
1679420 1052
1679430 1053
1679440 1054
1679450 1054
1679460 1055
1679470 1055
1679480 1055
1679490 1055
1679500 1055
1679510 1055
1679520 1056
1679530 1056
1679540 1056
1679550 1056
1679560 1056
1679570 1056
1679580 1056
1679590 1056
1679600 1056
1679610 1056
1679620 1056
1679630 1056
1679640 1056
1679650 1057
1679660 1057
1679670 1057
1679680 1057
1679690 1058
1679700 1058
1679710 1057
1679720 1056
1679730 1053
1679740 1053
1679750 1051
1679760 1051
1679770 1051
1679780 1052
1679790 1054
1679800 1054
1679810 1056
1679820 1059
1679830 1059
1679840 1061
1679850 1063
1679860 1063
1679870 1065
1679880 1068
1679890 1068
1679900 1072
1679910 1074
1679920 1075
1679930 1075
1679940 1077
1679950 1078
1679960 1078
1679970 1080
1679980 1080
1679990 1080
1660000 1163
1660010 1165
1660020 1167
1660030 1167
1660040 1168
1660050 1163
1660060 1163
1660070 1161
1660080 1156
1660090 1156
1660100 1161
1660110 1157
1660120 1157
1660130 1154
1660140 1155
1660150 1155
1660160 1155
1660170 1154
1660180 1150
1660190 1150
1660200 1148
1660210 1150
1660220 1150
1660230 1152
1660240 1157
1660250 1157
1660260 1156
1660270 1153
1660280 1153
1660290 1141
1660300 1146
1660310 1146
1660320 1144
1660330 1143
1660340 1146
1660350 1146
1660360 1149
1660370 1144
1660380 1144
1660390 1146
1660400 1147
1660410 1147
1660420 1147
1660430 1150
1660440 1150
1660450 1151
1660460 1156
1660470 1156
1660480 1156
1660490 1160
1660500 1160
1660510 1155
1660520 1163
1660530 1166
1660540 1166
1660550 1170
1660560 1170
1660570 1170
1660580 1175
1660590 1182
1660600 1182
1660610 1183
1660620 1188
1660630 1188
1660640 1191
1660650 1192
1660660 1192
1660670 1195
1660680 1195
1660690 1195
1660700 1199
1660710 1202
1660720 1199
1660730 1199
1660740 1204
1660750 1204
1660760 1204
1660770 1210
1660780 1223
1660790 1223
1660800 1223
1660810 1229
1660820 1229
1660830 1229
1660840 1231
1660850 1231
1660860 1235
1660870 1237
1660880 1237
1660890 1244
1660900 1243
1660910 1246
1660920 1246
1660930 1248
1660940 1250
1660950 1250
1660960 1254
1660970 1255
1660980 1255
1660990 1257
1661000 1259
1661010 1259
1661020 1256
1661030 1256
1661040 1256
1661050 1256
1661060 1258
1661070 1258
1661080 1261
1661090 1260
1661100 1265
1661110 1265
1661120 1268
1661130 1269
1661140 1269
1661150 1272
1661160 1273
1661170 1273
1661180 1275
1661190 1277
1661200 1277
1661210 1280
1661220 1281
1661230 1281
1661240 1283
1661250 1284
1661260 1286
1661270 1286
1661280 1287
1661290 1289
1661300 1289
1661310 1288
1661320 1286
1661330 1286
1661340 1285
1661350 1289
1661360 1289
1661370 1300
1661380 1297
1661390 1297
1661400 1296
1661410 1296
1661420 1296
1661430 1299
1661440 1301
1661450 1303
1661460 1303
1661470 1306
1661480 1309
1661490 1309
1661500 1308
1661510 1307
1661520 1307
1661530 1312
1661540 1314
1661550 1314
1661560 1317
1661570 1315
1661580 1315
1661590 1314
1661600 1342
1661610 1342
1661620 1343
1661630 1344
1661640 1345
1661650 1345
1661660 1343
1661670 1341
1661680 1341
1661690 1339
1661700 1333
1661710 1333
1661720 1333
1661730 1330
1661740 1331
1661750 1331
1661760 1329
1661770 1329
1661780 1324
1661790 1321
1661800 1321
1661810 1312
1661820 1318
1661830 1317
1661840 1317
1661850 1313
1661860 1313
1661870 1313
1661880 1307
1661890 1303
1661900 1303
1661910 1298
1661920 1296
1661930 1296
1661940 1294
1661950 1292
1661960 1292
1661970 1286
1661980 1286
1661990 1286
1662000 1280
1662010 1277
1662020 1284
1662030 1284
1662040 1279
1662050 1285
1662060 1285
1662070 1285
1662080 1282
1662090 1282
1662100 1280
1662110 1279
1662120 1279
1662130 1281
1662140 1277
1662150 1277
1662160 1280
1662170 1274
1662180 1274
1662190 1278
1662200 1275
1662210 1268
1662220 1268
1662230 1267
1662240 1266
1662250 1266
1662260 1259
1662270 1251
1662280 1251
1662290 1243
1662300 1245
1662310 1245
1662320 1244
1662330 1233
1662340 1233
1662350 1245
1662360 1252
1662370 1252
1662380 1252
1662390 1237
1662400 1216
1662410 1216
1662420 1215
1662430 1214
1662440 1214
1662450 1214
1662460 1215
1662470 1215
1662480 1214
1662490 1213
1662500 1213
1662510 1213
1662520 1212
1662530 1212
1662540 1211
1662550 1210
1662560 1210
1662570 1209
1662580 1208
1662590 1207
1662600 1207
1662610 1207
1662620 1207
1662630 1207
1662640 1207
1662650 1208
1662660 1208
1662670 1210
1662680 1209
1662690 1209
1662700 1210
1662710 1211
1662720 1211
1662730 1211
1662740 1212
1662750 1212
1662760 1212
1662770 1213
1662780 1214
1662790 1214
1662800 1214
1662810 1215
1662820 1215
1662830 1215
1662840 1215
1662850 1215
1662860 1215
1662870 1215
1662880 1215
1662890 1215
1662900 1228
1662910 1228
1662920 1232
1662930 1229
1662940 1231
1662950 1231
1662960 1227
1662970 1222
1662980 1222
1662990 1221
1663000 1216
1663010 1216
1663020 1201
1663030 1198
1663040 1198
1663050 1195
1663060 1192
1663070 1192
1663080 1188
1663090 1185
1663100 1185
1663110 1183
1663120 1181
1663130 1180
1663140 1180
1663150 1192
1663160 1195
1663170 1195
1663180 1194
1663190 1187
1663200 1187
1663210 1177
1663220 1168
1663230 1168
1663240 1168
1663250 1166
1663260 1166
1663270 1168
1663280 1177
1663290 1177
1663300 1173
1663310 1176
1663320 1176
1663330 1176
1663340 1175
1663350 1174
1663360 1174
1663370 1164
1663380 1160
1663390 1160
1663400 1160
1663410 1160
1663420 1160
1663430 1161
1663440 1162
1663450 1162
1663460 1163
1663470 1164
1663480 1164
1663490 1164
1663500 1165
1663510 1165
1663520 1165
1663530 1164
1663540 1163
1663550 1163
1663560 1161
1663570 1159
1663580 1159
1663590 1157
1663600 1154
1663610 1154
1663620 1152
1663630 1150
1663640 1150
1663650 1148
1663660 1145
1663670 1145
1663680 1142
1663690 1140
1663700 1146
1663710 1146
1663720 1147
1663730 1135
1663740 1135
1663750 1154
1663760 1157
1663770 1157
1663780 1158
1663790 1157
1663800 1157
1663810 1154
1663820 1153
1663830 1153
1663840 1144
1663850 1142
1663860 1142
1663870 1135
1663880 1135
1663890 1134
1663900 1134
1663910 1130
1663920 1128
1663930 1128
1663940 1126
1663950 1126
1663960 1126
1663970 1124
1663980 1120
1663990 1120
1664000 1124
1664010 1126
1664020 1126
1664030 1135
1664040 1143
1664050 1148
1664060 1148
1664070 1151
1664080 1154
1664090 1154
1664100 1161
1664110 1162
1664120 1162
1664130 1167
1664140 1170
1664150 1170
1664160 1169
1664170 1180
1664180 1180
1664190 1182
1664200 1185
1664210 1185
1664220 1187
1664230 1191
1664240 1195
1664250 1195
1664260 1195
1664270 1195
1664280 1195
1664290 1199
1664300 1201
1664310 1201
1664320 1192
1664330 1189
1664340 1189
1664350 1171
1664360 1174
1664370 1174
1664380 1176
1664390 1178
1664400 1178
1664410 1180
1664420 1183
1664430 1185
1664440 1185
1664450 1188
1664460 1190
1664470 1190
1664480 1193
1664490 1196
1664500 1196
1664510 1198
1664520 1201
1664530 1201
1664540 1204
1664550 1208
1664560 1208
1664570 1209
1664580 1212
1664590 1212
1664600 1231
1664610 1241
1664620 1246
1664630 1246
1664640 1245
1664650 1249
1664660 1249
1664670 1253
1664680 1256
1664690 1256
1664700 1261
1664710 1266
1664720 1266
1664730 1268
1664740 1265
1664750 1265
1664760 1263
1664770 1240
1664780 1240
1664790 1241
1664800 1243
1664810 1244
1664820 1244
1664830 1245
1664840 1246
1664850 1246
1664860 1247
1664870 1247
1664880 1247
1664890 1248
1664900 1249
1664910 1249
1664920 1250
1664930 1250
1664940 1250
1664950 1251
1664960 1252
1664970 1252
1664980 1253
1664990 1255
1665000 1257
1665010 1257
1665020 1259
1665030 1261
1665040 1261
1665050 1262
1665060 1264
1665070 1264
1665080 1266
1665090 1267
1665100 1267
1665110 1269
1665120 1271
1665130 1271
1665140 1273
1665150 1275
1665160 1275
1665170 1277
1665180 1296
1665190 1313
1665200 1313
1665210 1313
1665220 1319
1665230 1319
1665240 1318
1665250 1310
1665260 1310
1665270 1308
1665280 1324
1665290 1324
1665300 1326
1665310 1328
1665320 1328
1665330 1329
1665340 1327
1665350 1328
1665360 1328
1665370 1335
1665380 1338
1665390 1338
1665400 1331
1665410 1329
1665420 1329
1665430 1332
1665440 1334
1665450 1334
1665460 1338
1665470 1344
1665480 1344
1665490 1346
1665500 1348
1665510 1348
1665520 1349
1665530 1359
1665540 1360
1665550 1360
1665560 1361
1665570 1363
1665580 1363
1665590 1360
1665600 1359
1665610 1359
1665620 1368
1665630 1370
1665640 1370
1665650 1377
1665660 1374
1665670 1374
1665680 1372
1665690 1358
1665700 1358
1665710 1378
1665720 1385
1665730 1396
1665740 1396
1665750 1399
1665760 1402
1665770 1402
1665780 1405
1665790 1406
1665800 1406
1665810 1409
1665820 1408
1665830 1408
1665840 1410
1665850 1417
1665860 1417
1665870 1417
1665880 1418
1665890 1418
1665900 1420
1665910 1413
1665920 1422
1665930 1422
1665940 1424
1665950 1431
1665960 1431
1665970 1434
1665980 1436
1665990 1436
1666000 1442
1666010 1439
1666020 1439
1666030 1439
1666040 1429
1666050 1429
1666060 1432
1666070 1435
1666080 1435
1666090 1437
1666100 1444
1666110 1444
1666120 1444
1666130 1444
1666140 1445
1666150 1445
1666160 1444
1666170 1444
1666180 1444
1666190 1447
1666200 1450
1666210 1450
1666220 1457
1666230 1461
1666240 1461
1666250 1463
1666260 1467
1666270 1467
1666280 1468
1666290 1480
1666300 1485
1666310 1485
1666320 1490
1666330 1490
1666340 1490
1666350 1495
1666360 1496
1666370 1496
1666380 1503
1666390 1501
1666400 1501
1666410 1503
1666420 1507
1666430 1507
1666440 1510
1666450 1514
1666460 1514
1666470 1516
1666480 1518
1666490 1522
1666500 1522
1666510 1522
1666520 1522
1666530 1522
1666540 1526
1666550 1531
1666560 1531
1666570 1534
1666580 1540
1666590 1540
1666600 1538
1666610 1542
1666620 1542
1666630 1542
1666640 1547
1666650 1547
1666660 1549
1666670 1550
1666680 1550
1666690 1550
1666700 1553
1666710 1556
1666720 1560
1666730 1562
1666740 1563
1666750 1563
1666760 1564
1666770 1571
1666780 1571
1666790 1570
1666800 1570
1666810 1570
1666820 1575
1666830 1575
1666840 1581
1666850 1581
1666860 1576
1666870 1575
1666880 1575
1666890 1583
1666900 1585
1666910 1585
1666920 1585
1666930 1585
1666940 1585
1666950 1596
1666960 1586
1666970 1586
1666980 1596
1666990 1600
1667000 1600
1667010 1604
1667020 1599
1667030 1603
1667040 1603
1667050 1611
1667060 1614
1667070 1614
1667080 1615
1667090 1617
1667100 1617
1667110 1617
1667120 1616
1667130 1616
1667140 1610
1667150 1618
1667160 1618
1667170 1622
1667180 1622
1667190 1622
1667200 1625
1667210 1631
1667220 1631
1667230 1631
1667240 1638
1667250 1642
1667260 1642
1667270 1641
1667280 1649
1667290 1649
1667300 1646
1667310 1648
1667320 1648
1667330 1651
1667340 1653
1667350 1653
1667360 1654
1667370 1650
1667380 1650
1667390 1644
1667400 1645
1667410 1646
1667420 1651
1667430 1648
1667440 1650
1667450 1650
1667460 1641
1667470 1644
1667480 1644
1667490 1648
1667500 1646
1667510 1646
1667520 1645
1667530 1649
1667540 1649
1667550 1644
1667560 1649
1667570 1649
1667580 1654
1667590 1649
1667600 1659
1667610 1659
1667620 1656
1667630 1653
1667640 1653
1667650 1654
1667660 1656
1667670 1656
1667680 1656
1667690 1658
1667700 1658
1667710 1656
1667720 1662
1667730 1662
1667740 1660
1667750 1664
1667760 1664
1667770 1669
1667780 1663
1667790 1671
1667800 1671
1667810 1676
1667820 1676
1667830 1676
1667840 1676
1667850 1673
1667860 1673
1667870 1677
1667880 1684
1667890 1684
1667900 1683
1667910 1686
1667920 1686
1667930 1682
1667940 1683
1667950 1683
1667960 1681
1667970 1683
1667980 1687
1667990 1687
1668000 1684
1668010 1682
1668020 1682
1668030 1685
1668040 1685
1668050 1685
1668060 1685
1668070 1682
1668080 1682
1668090 1680
1668100 1674
1668110 1673
1668120 1669
1668130 1671
1668140 1670
1668150 1670
1668160 1666
1668170 1669
1668180 1669
1668190 1665
1668200 1660
1668210 1660
1668220 1669
1668230 1665
1668240 1665
1668250 1662
1668260 1668
1668270 1668
1668280 1671
1668290 1675
1668300 1675
1668310 1672
1668320 1673
1668330 1675
1668340 1675
1668350 1671
1668360 1682
1668370 1682
1668380 1680
1668390 1677
1668400 1677
1668410 1683
1668420 1688
1668430 1688
1668440 1691
1668450 1691
1668460 1691
1668470 1690
1668480 1690
1668490 1690
1668500 1689
1668510 1688
1668520 1689
1668530 1689
1668540 1686
1668550 1687
1668560 1687
1668570 1685
1668580 1688
1668590 1688
1668600 1688
1668610 1691
1668620 1689
1668630 1689
1668640 1691
1668650 1691
1668660 1691
1668670 1692
1668680 1695
1668690 1695
1668700 1695
1668710 1694
1668720 1694
1668730 1694
1668740 1691
1668750 1689
1668760 1689
1668770 1690
1668780 1690
1668790 1690
1668800 1684
1668810 1684
1668820 1685
1668830 1679
1668840 1684
1668850 1684
1668860 1683
1668870 1682
1668880 1682
1668890 1673
1668900 1679
1668910 1679
1668920 1679
1668930 1678
1668940 1678
1668950 1678
1668960 1674
1668970 1674
1668980 1674
1668990 1670
1669000 1671
1669010 1671
1669020 1660
1669030 1668
1669040 1668
1669050 1666
1669060 1665
1669070 1665
1669080 1661
1669090 1663
1669100 1645
1669110 1645
1669120 1657
1669130 1649
1669140 1649
1669150 1657
1669160 1657
1669170 1657
1669180 1657
1669190 1643
1669200 1643
1669210 1646
1669220 1648
1669230 1648
1669240 1650
1669250 1648
1669260 1648
1669270 1643
1669280 1650
1669290 1644
1669300 1644
1669310 1651
1669320 1648
1669330 1648
1669340 1651
1669350 1643
1669360 1643
1669370 1649
1669380 1641
1669390 1641
1669400 1641
1669410 1644
1669420 1644
1669430 1642
1669440 1644
1669450 1643
1669460 1643
1669470 1633
1669480 1642
1669490 1642
1669500 1644
1669510 1636
1669520 1636
1669530 1634
1669540 1638
1669550 1638
1669560 1636
1669570 1640
1669580 1640
1669590 1647
1669600 1646
1669610 1646
1669620 1642
1669630 1645
1669640 1644
1669650 1644
1669660 1648
1669670 1644
1669680 1644
1669690 1647
1669700 1648
1669710 1648
1669720 1646
1669730 1649
1669740 1649
1669750 1649
1669760 1651
1669770 1651
1669780 1652
1669790 1654
1669800 1654
1669810 1651
1669820 1647
1669830 1648
1669840 1648
1669850 1648
1669860 1648
1669870 1648
1669880 1641
1669890 1631
1669900 1631
1669910 1637
1669920 1637
1669930 1637
1669940 1639
1669950 1636
1669960 1636
1669970 1636
1669980 1632
1669990 1632
1670000 1632
1670010 1634
1670020 1629
1670030 1629
1670040 1629
1670050 1636
1670060 1636
1670070 1627
1670080 1631
1670090 1631
1670100 1625
1670110 1628
1670120 1628
1670130 1624
1670140 1625
1670150 1625
1670160 1619
1670170 1625
1670180 1625
1670190 1618
1670200 1615
1670210 1616
1670220 1616
1670230 1617
1670240 1614
1670250 1614
1670260 1612
1670270 1616
1670280 1616
1670290 1615
1670300 1611
1670310 1611
1670320 1618
1670330 1614
1670340 1614
1670350 1617
1670360 1615
1670370 1615
1670380 1615
1670390 1613
1670400 1614
1670410 1614
1670420 1613
1670430 1615
1670440 1615
1670450 1608
1670460 1597
1670470 1597
1670480 1592
1670490 1591
1670500 1591
1670510 1590
1670520 1590
1670530 1590
1670540 1589
1670550 1595
1670560 1595
1670570 1591
1670580 1591
1670590 1589
1670600 1589
1670610 1586
1670620 1591
1670630 1591
1670640 1588
1670650 1585
1670660 1585
1670670 1580
1670680 1581
1670690 1581
1670700 1577
1670710 1574
1670720 1574
1670730 1571
1670740 1571
1670750 1567
1670760 1567
1670770 1563
1670780 1562
1670790 1562
1670800 1561
1670810 1560
1670820 1560
1670830 1558
1670840 1555
1670850 1555
1670860 1553
1670870 1553
1670880 1549
1670890 1549
1670900 1548
1670910 1548
1670920 1546
1670930 1543
1670940 1537
1670950 1537
1670960 1535
1670970 1533
1670980 1533
1670990 1529
1671000 1528
1671010 1528
1671020 1529
1671030 1523
1671040 1523
1671050 1519
1671060 1514
1671070 1514
1671080 1514
1671090 1510
1671100 1510
1671110 1508
1671120 1508
1671130 1493
1671140 1493
1671150 1502
1671160 1499
1671170 1499
1671180 1492
1671190 1491
1671200 1491
1671210 1490
1671220 1488
1671230 1488
1671240 1481
1671250 1481
1671260 1481
1671270 1476
1671280 1477
1671290 1477
1671300 1471
1671310 1466
1671320 1463
1671330 1463
1671340 1466
1671350 1476
1671360 1476
1671370 1475
1671380 1465
1671390 1465
1671400 1475
1671410 1477
1671420 1477
1671430 1475
1671440 1480
1671450 1480
1671460 1479
1671470 1473
1671480 1473
1671490 1485
1671500 1467
1671510 1471
1671520 1471
1671530 1469
1671540 1465
1671550 1465
1671560 1471
1671570 1485
1671580 1485
1671590 1491
1671600 1492
1671610 1492
1671620 1489
1671630 1494
1671640 1494
1671650 1496
1671660 1498
1671670 1498
1671680 1499
1671690 1498
1671700 1497
1671710 1497
1671720 1499
1671730 1500
1671740 1500
1671750 1502
1671760 1502
1671770 1502
1671780 1495
1671790 1496
1671800 1496
1671810 1501
1671820 1500
1671830 1500
1671840 1500
1671850 1501
1671860 1501
1671870 1502
1671880 1502
1671890 1505
1671900 1505
1671910 1504
1671920 1503
1671930 1503
1671940 1502
