1667580 1090
1667590 1090
1667600 1091
1667610 1091
1667620 1091
1667630 1091
1667640 1091
1667650 1090
1667660 1088
1667670 1088
1667680 1084
1667690 1079
1667700 1079
1667710 1077
1667720 1075
1667730 1075
1667740 1077
1667750 1078
1667760 1078
1667770 1079
1667780 1082
1667790 1086
1667800 1086
1667810 1088
1667820 1092
1667830 1092
1667840 1095
1667850 1099
1667860 1099
1667870 1102
1667880 1105
1667890 1105
1667900 1107
1667910 1109
1667920 1109
1667930 1111
1667940 1112
1667950 1112
1667960 1114
1667970 1115
1667980 1115
1667990 1115
1668000 1115
1668010 1115
1668020 1115
1668030 1114
1668040 1114
1668050 1114
1668060 1114
1668070 1114
1668080 1114
1668090 1115
1668100 1114
1668110 1114
1668120 1113
1668130 1112
1668140 1112
1668150 1109
1668160 1107
1668170 1107
1668180 1107
1668190 1109
1668200 1113
1668210 1113
1668220 1117
1668230 1122
1668240 1122
1668250 1128
1668260 1130
1668270 1130
1668280 1131
1668290 1133
1668300 1133
1668310 1135
1668320 1136
1668330 1136
1668340 1138
1668350 1140
1668360 1140
1668370 1142
1668380 1144
1668390 1146
1668400 1146
1668410 1148
1668420 1149
1668430 1149
1668440 1151
1668450 1153
1668460 1153
1668470 1155
1668480 1157
1668490 1157
1668500 1159
1668510 1161
1668520 1161
1668530 1163
1668540 1165
1668550 1165
1668560 1167
1668570 1169
1668580 1170
1668590 1170
1668600 1172
1668610 1174
1668620 1174
1668630 1175
1668640 1176
1668650 1176
1668660 1177
1668670 1178
1668680 1178
1668690 1179
1668700 1179
1668710 1179
1668720 1179
1668730 1179
1668740 1179
1668750 1179
1668760 1178
1668770 1178
1668780 1178
1668790 1178
1668800 1179
1668810 1179
1668820 1179
1668830 1180
1668840 1180
1668850 1180
1668860 1181
1668870 1181
1668880 1182
1668890 1183
1668900 1183
1668910 1184
1668920 1185
1668930 1185
1668940 1187
1668950 1188
1668960 1189
1668970 1189
1668980 1190
1668990 1192
1669000 1192
1669010 1193
1669020 1194
1669030 1194
1669040 1195
1669050 1196
1669060 1196
1669070 1196
1669080 1197
1669090 1197
1669100 1197
1669110 1197
1669120 1197
1669130 1197
1669140 1197
1669150 1197
1669160 1197
1669170 1197
1669180 1196
1669190 1196
1669200 1195
1669210 1193
1669220 1193
1669230 1190
1669240 1188
1669250 1188
1669260 1187
1669270 1185
1669280 1185
1669290 1183
1669300 1181
1669310 1181
1669320 1179
1669330 1175
1669340 1172
1669350 1172
1669360 1169
1669370 1166
1669380 1166
1669390 1162
1669400 1158
1669410 1158
1669420 1160
1669430 1160
1669440 1160
1669450 1159
1669460 1158
1669470 1158
1669480 1156
1669490 1156
1669500 1156
1669510 1154
1669520 1152
1669530 1149
1669540 1149
1669550 1148
1669560 1145
1669570 1145
1669580 1144
1669590 1143
1669600 1143
1669610 1143
1669620 1145
1669630 1145
1669640 1145
1669650 1145
1669660 1145
1669670 1146
1669680 1147
1669690 1147
1669700 1147
1669710 1147
1669720 1148
1669730 1148
1669740 1148
1669750 1150
1669760 1150
1669770 1149
1669780 1148
1669790 1148
1669800 1150
1669810 1151
1669820 1151
1669830 1152
1669840 1153
1669850 1153
1669860 1155
1669870 1159
1669880 1159
1669890 1162
1669900 1167
1669910 1172
1669920 1172
1669930 1177
1669940 1181
1669950 1181
1669960 1186
1669970 1189
1669980 1189
1669990 1193
1670000 1196
1670010 1196
1670020 1201
1670030 1205
1670040 1205
1670050 1208
1670060 1211
1670070 1211
1670080 1214
1670090 1217
1670100 1220
1670110 1220
1670120 1221
1670130 1224
1670140 1224
1670150 1227
1670160 1229
1670170 1229
1670180 1231
1670190 1234
1670200 1234
1670210 1237
1670220 1239
1670230 1239
1670240 1241
1670250 1243
1670260 1243
1670270 1245
1670280 1247
1670290 1249
1670300 1249
1670310 1251
1670320 1253
1670330 1253
1670340 1255
1670350 1257
1670360 1257
1670370 1259
1670380 1261
1670390 1261
1670400 1263
1670410 1266
1670420 1266
1670430 1267
1670440 1269
1670450 1269
1670460 1272
1670470 1274
1670480 1274
1670490 1276
1670500 1278
1670510 1279
1670520 1279
1670530 1281
1670540 1282
1670550 1282
1670560 1285
1670570 1287
1670580 1287
1670590 1289
1670600 1291
1670610 1291
1670620 1294
1670630 1296
1670640 1296
1670650 1298
1670660 1301
1670670 1301
1670680 1304
1670690 1305
1670700 1307
1670710 1307
1670720 1308
1670730 1309
1670740 1309
1670750 1312
1670760 1313
1670770 1313
1670780 1315
1670790 1317
1670800 1317
1670810 1319
1670820 1320
1670830 1320
1670840 1323
1670850 1325
1670860 1325
1670870 1327
1670880 1329
1670890 1332
1670900 1332
1670910 1334
1670920 1336
1670930 1336
1670940 1337
1670950 1339
1670960 1339
1670970 1342
1670980 1344
1670990 1344
1671000 1345
1671010 1348
1671020 1348
1671030 1349
1671040 1351
1671050 1351
1671060 1353
1671070 1356
1671080 1357
1671090 1357
1671100 1358
1671110 1360
1671120 1360
1671130 1363
1671140 1364
1671150 1364
1671160 1366
1671170 1368
1671180 1368
1671190 1370
1671200 1373
1671210 1373
1671220 1375
1671230 1377
1671240 1377
1671250 1380
1671260 1382
1671270 1384
1671280 1384
1671290 1385
1671300 1386
1671310 1386
1671320 1388
1671330 1390
1671340 1390
1671350 1392
1671360 1394
1671370 1394
1671380 1396
1671390 1397
1671400 1397
1671410 1399
1671420 1401
1671430 1401
1671440 1403
1671450 1404
1671460 1406
1671470 1406
1671480 1408
1671490 1410
1671500 1410
1671510 1413
1671520 1415
1671530 1415
1671540 1418
1671550 1420
1671560 1420
1671570 1422
1671580 1424
1671590 1424
1671600 1426
1671610 1428
1671620 1428
1671630 1430
1671640 1432
1671650 1434
1671660 1434
1671670 1437
1671680 1437
1671690 1437
1671700 1439
1671710 1440
1671720 1440
1671730 1442
1671740 1443
1671750 1443
1671760 1444
1671770 1446
1671780 1446
1671790 1447
1671800 1448
1671810 1448
1671820 1449
1671830 1451
1671840 1452
1671850 1452
1671860 1453
1671870 1455
1671880 1455
1671890 1456
1671900 1456
1671910 1456
1671920 1458
1671930 1459
1671940 1459
1671950 1460
1671960 1460
1671970 1460
1671980 1460
1671990 1461
1672000 1461
1672010 1461
1672020 1461
1672030 1461
1672040 1461
1672050 1461
1672060 1461
1672070 1461
1672080 1460
1672090 1459
1672100 1459
1672110 1458
1672120 1456
1672130 1456
1672140 1455
1672150 1454
1672160 1454
1672170 1452
1672180 1450
1672190 1450
1672200 1447
1672210 1444
1672220 1442
1672230 1442
1672240 1440
1672250 1438
1672260 1438
1672270 1435
1672280 1432
1672290 1432
1672300 1428
1672310 1425
1672320 1425
1672330 1422
1672340 1419
1672350 1419
1672360 1416
1672370 1413
1672380 1413
1672390 1410
1672400 1407
1672410 1406
1672420 1406
1672430 1405
1672440 1402
1672450 1402
1672460 1398
1672470 1395
1672480 1395
1672490 1393
1672500 1390
1672510 1390
1672520 1389
1672530 1388
1672540 1388
1672550 1387
1672560 1386
1672570 1386
1672580 1385
1672590 1384
1672600 1382
1672610 1382
1672620 1382
1672630 1382
1672640 1382
1672650 1381
1672660 1381
1672670 1381
1672680 1379
1672690 1378
1672700 1378
1672710 1376
1672720 1375
1672730 1375
1672740 1374
1672750 1373
1672760 1373
1672770 1373
1672780 1372
1672790 1372
1672800 1370
1672810 1367
1672820 1365
1672830 1365
1672840 1362
1672850 1360
1672860 1360
1672870 1357
1672880 1356
1672890 1356
1672900 1356
1672910 1356
1672920 1356
1672930 1355
1672940 1355
1672950 1355
1672960 1354
1672970 1354
1672980 1354
1672990 1354
1673000 1354
1673010 1354
1673020 1354
1673030 1353
1673040 1353
1673050 1353
1673060 1353
1673070 1353
1673080 1353
1673090 1353
1673100 1353
1673110 1353
1673120 1353
1673130 1353
1673140 1353
1673150 1353
1673160 1353
1673170 1353
1673180 1352
1673190 1351
1673200 1352
1673210 1352
1673220 1353
1673230 1354
1673240 1354
1673250 1355
1673260 1357
1673270 1357
1673280 1358
1673290 1358
1673300 1358
1673310 1358
1673320 1359
1673330 1359
1673340 1358
1673350 1357
1673360 1357
1673370 1355
1673380 1353
1673390 1350
1673400 1350
1673410 1348
1673420 1346
1673430 1346
1673440 1343
1673450 1339
1673460 1339
1673470 1337
1673480 1333
1673490 1333
1673500 1330
1673510 1326
1673520 1326
1673530 1322
1673540 1319
1673550 1319
1673560 1316
1673570 1311
1673580 1308
1673590 1308
1673600 1305
1673610 1303
1673620 1303
1673630 1304
1673640 1306
1673650 1306
1673660 1307
1673670 1308
1673680 1308
1673690 1310
1673700 1314
1673710 1314
1673720 1317
1673730 1320
1673740 1320
1673750 1323
1673760 1326
1673770 1330
1673780 1330
1673790 1333
1673800 1335
1673810 1335
1673820 1337
1673830 1339
1673840 1339
1673850 1341
1673860 1342
1673870 1342
1673880 1344
1673890 1347
1673900 1347
1673910 1348
1673920 1349
1673930 1349
1673940 1351
1673950 1353
1673960 1355
1673970 1355
1673980 1357
1673990 1359
1674000 1359
1674010 1361
1674020 1364
1674030 1364
1674040 1366
1674050 1368
1674060 1368
1674070 1371
1674080 1373
1674090 1373
1674100 1375
1674110 1377
1674120 1377
1674130 1378
1674140 1379
1674150 1381
1674160 1381
1674170 1382
1674180 1384
1674190 1384
1674200 1385
1674210 1386
1674220 1386
1674230 1387
1674240 1388
1674250 1388
1674260 1390
1674270 1391
1674280 1391
1674290 1393
1674300 1394
1674310 1394
1674320 1395
1674330 1396
1674340 1396
1674350 1396
1674360 1397
1674370 1398
1674380 1398
1674390 1400
1674400 1400
1674410 1400
1674420 1401
1674430 1400
1674440 1400
1674450 1398
1674460 1396
1674470 1396
1674480 1394
1674490 1392
1674500 1392
1674510 1390
1674520 1389
1674530 1387
1674540 1387
1674550 1386
1674560 1384
1674570 1384
1674580 1382
1674590 1381
1674600 1381
1674610 1379
1674620 1378
1674630 1378
1674640 1377
1674650 1376
1674660 1376
1674670 1374
1674680 1373
1674690 1373
1674700 1372
1674710 1371
1674720 1369
1674730 1369
1674740 1369
1674750 1367
1674760 1367
1674770 1365
1674780 1363
1674790 1363
1674800 1362
1674810 1360
1674820 1360
1674830 1358
1674840 1356
1674850 1356
1674860 1355
1674870 1354
1674880 1354
1674890 1354
1674900 1354
1674910 1352
1674920 1352
1674930 1354
1674940 1355
1674950 1355
1674960 1357
1674970 1359
1674980 1359
1674990 1361
1675000 1363
1675010 1363
1675020 1365
1675030 1366
1675040 1366
1675050 1368
1675060 1370
1675070 1370
1675080 1371
1675090 1373
1675100 1374
1675110 1374
1675120 1375
1675130 1377
1675140 1377
1675150 1378
1675160 1380
1675170 1380
1675180 1382
1675190 1383
1675200 1383
1675210 1384
1675220 1386
1675230 1386
1675240 1387
1675250 1389
1675260 1389
1675270 1390
1675280 1391
1675290 1391
1675300 1393
1675310 1395
1675320 1396
1675330 1396
1675340 1398
1675350 1400
1675360 1400
1675370 1402
1675380 1404
1675390 1404
1675400 1406
1675410 1408
1675420 1408
1675430 1409
1675440 1410
1675450 1410
1675460 1412
1675470 1413
1675480 1413
1675490 1414
1675500 1416
1675510 1417
1675520 1417
1675530 1417
1675540 1418
1675550 1418
1675560 1418
1675570 1418
1675580 1418
1675590 1419
1675600 1419
1675610 1419
1675620 1419
1675630 1420
1675640 1420
1675650 1421
1675660 1422
1675670 1422
1675680 1422
1675690 1422
1675700 1422
1675710 1422
1675720 1422
1675730 1422
1675740 1422
1675750 1421
1675760 1420
1675770 1420
1675780 1421
1675790 1421
1675800 1421
1675810 1421
1675820 1422
1675830 1422
1675840 1423
1675850 1424
1675860 1424
1675870 1423
1675880 1423
1675890 1424
1675900 1424
1675910 1425
1675920 1425
1675930 1425
1675940 1425
1675950 1425
1675960 1425
1675970 1425
1675980 1426
1675990 1426
1676000 1426
1676010 1426
1676020 1426
1676030 1427
1676040 1427
1676050 1427
1676060 1427
1676070 1428
1676080 1428
1676090 1428
1676100 1427
1676110 1428
1676120 1428
1676130 1427
1676140 1427
1676150 1427
1676160 1427
1676170 1426
1676180 1426
1676190 1426
1676200 1425
1676210 1425
1676220 1424
1676230 1424
1676240 1424
1676250 1423
1676260 1422
1676270 1421
1676280 1421
1676290 1419
1676300 1416
1676310 1416
1676320 1412
1676330 1413
1676340 1413
1676350 1414
1676360 1415
1676370 1415
1676380 1417
1676390 1418
1676400 1418
1676410 1420
1676420 1422
1676430 1422
1676440 1424
1676450 1425
1676460 1427
1676470 1427
1676480 1429
1676490 1429
1676500 1429
1676510 1430
1676520 1433
1676530 1433
1676540 1433
1676550 1435
1676560 1435
1676570 1436
1676580 1437
1676590 1437
1676600 1438
1676610 1439
1676620 1439
1676630 1440
1676640 1441
1676650 1442
1676660 1442
1676670 1443
1676680 1445
1676690 1445
1676700 1446
1676710 1447
1676720 1447
1676730 1448
1676740 1448
1676750 1448
1676760 1450
1676770 1451
1676780 1451
1676790 1452
1676800 1453
1676810 1453
1676820 1454
1676830 1455
1676840 1457
1676850 1457
1676860 1458
1676870 1459
1676880 1459
1676890 1460
1676900 1461
1676910 1461
1676920 1462
1676930 1463
1676940 1463
1676950 1464
1676960 1464
1676970 1464
1676980 1465
1676990 1467
1677000 1467
1677010 1467
1677020 1468
1677030 1469
1677040 1469
1677050 1470
1677060 1471
1677070 1471
1677080 1472
1677090 1473
1677100 1473
1677110 1474
1677120 1474
1677130 1474
1677140 1475
1677150 1476
1677160 1476
1677170 1476
1677180 1477
1677190 1477
1677200 1478
1677210 1479
1677220 1480
1677230 1480
1677240 1480
1677250 1481
1677260 1481
1677270 1482
1677280 1482
1677290 1482
1677300 1483
1677310 1484
1677320 1484
1677330 1485
1677340 1485
1677350 1485
1677360 1486
1677370 1486
1677380 1486
1677390 1487
1677400 1487
1677410 1488
1677420 1488
1677430 1488
1677440 1489
1677450 1489
1677460 1489
1677470 1490
1677480 1490
1677490 1490
1677500 1490
1677510 1490
1677520 1491
1677530 1491
1677540 1491
1677550 1492
1677560 1492
1677570 1492
1677580 1493
1677590 1493
1677600 1493
1677610 1493
1677620 1494
1677630 1494
1677640 1494
1677650 1494
1677660 1495
1677670 1495
1677680 1495
1677690 1496
1677700 1496
1677710 1496
1677720 1496
1677730 1496
1677740 1496
1677750 1497
1677760 1497
1677770 1497
1677780 1497
1677790 1497
1677800 1497
1677810 1498
1677820 1498
1677830 1498
1677840 1498
1677850 1498
1677860 1498
1677870 1499
1677880 1498
1677890 1498
1677900 1498
1677910 1498
1677920 1498
1677930 1498
1677940 1498
1677950 1498
1677960 1497
1677970 1497
1677980 1497
1677990 1496
1678000 1496
1678010 1495
1678020 1495
1678030 1495
1678040 1495
1678050 1495
1678060 1494
1678070 1493
1678080 1493
1678090 1492
1678100 1491
1678110 1491
1678120 1490
1678130 1488
1678140 1488
1678150 1487
1678160 1485
1678170 1485
1678180 1483
1678190 1482
1678200 1481
1678210 1481
1678220 1479
1678230 1477
1678240 1477
1678250 1476
1678260 1475
1678270 1475
1678280 1473
1678290 1471
1678300 1471
1678310 1469
1678320 1468
1678330 1468
1678340 1467
1678350 1465
1678360 1465
1678370 1463
1678380 1462
1678390 1460
1678400 1460
1678410 1458
1678420 1457
1678430 1457
1678440 1456
1678450 1454
1678460 1454
1678470 1453
1678480 1451
1678490 1451
1678500 1449
1678510 1448
1678520 1448
1678530 1447
1678540 1446
1678550 1446
1678560 1444
1678570 1442
1678580 1440
1678590 1440
1678600 1439
1678610 1436
1678620 1436
1678630 1433
1678640 1432
1678650 1432
1678660 1431
1678670 1429
1678680 1429
1678690 1429
1678700 1425
1678710 1425
1678720 1422
1678730 1418
1678740 1418
1678750 1415
1678760 1412
1678770 1409
1678780 1409
1678790 1406
1678800 1403
1678810 1403
1678820 1400
1678830 1398
1678840 1398
1678850 1395
1678860 1392
1678870 1392
1678880 1389
1678890 1386
1678900 1386
1678910 1385
1678920 1382
1678930 1382
1678940 1380
1678950 1378
1678960 1376
1678970 1376
1678980 1374
1678990 1372
1679000 1372
1679010 1369
1679020 1367
1679030 1367
1679040 1364
1679050 1361
1679060 1361
1679070 1358
1679080 1357
1679090 1357
1679100 1356
1679110 1353
1679120 1353
1679130 1352
1679140 1350
1679150 1347
1679160 1347
1679170 1345
1679180 1343
1679190 1343
1679200 1341
1679210 1339
1679220 1339
1679230 1337
1679240 1335
1679250 1335
1679260 1333
1679270 1331
1679280 1331
1679290 1329
1679300 1328
1679310 1328
1679320 1327
1679330 1325
1679340 1323
1679350 1323
1679360 1321
1679370 1320
1679380 1320
1679390 1320
1679400 1319
1679410 1319
1679420 1317
1679430 1316
1679440 1316
1679450 1314
1679460 1314
1679470 1314
1679480 1312
1679490 1311
1679500 1311
1679510 1311
1679520 1310
1679530 1309
1679540 1309
1679550 1307
1679560 1306
1679570 1306
1679580 1304
1679590 1303
1679600 1303
1679610 1302
1679620 1301
1679630 1301
1679640 1299
1679650 1297
1679660 1297
1679670 1295
1679680 1293
1679690 1293
1679700 1292
1679710 1289
1679720 1287
1679730 1287
1679740 1285
1679750 1282
1679760 1282
1679770 1280
1679780 1279
1679790 1279
1679800 1278
1679810 1276
1679820 1276
1679830 1272
1679840 1270
1679850 1270
1679860 1266
1679870 1264
1679880 1264
1679890 1260
1679900 1258
1679910 1256
1679920 1256
1679930 1255
1679940 1256
1679950 1256
1679960 1257
1679970 1258
1679980 1258
1679990 1258
1660000 996
1660010 994
1660020 992
1660030 992
1660040 989
1660050 987
1660060 987
1660070 984
1660080 982
1660090 982
1660100 979
1660110 977
1660120 980
1660130 980
1660140 978
1660150 986
1660160 986
1660170 976
1660180 964
1660190 964
1660200 958
1660210 954
1660220 954
1660230 952
1660240 951
1660250 950
1660260 948
1660270 948
1660280 948
1660290 948
1660300 948
1660310 948
1660320 948
1660330 946
1660340 945
1660350 945
1660360 943
1660370 942
1660380 942
1660390 942
1660400 955
1660410 955
1660420 957
1660430 969
1660440 969
1660450 972
1660460 968
1660470 968
1660480 967
1660490 963
1660500 958
1660510 958
1660520 944
1660530 952
1660540 952
1660550 955
1660560 951
1660570 951
1660580 947
1660590 958
1660600 958
1660610 962
1660620 955
1660630 955
1660640 951
1660650 952
1660660 952
1660670 955
1660680 958
1660690 960
1660700 960
1660710 961
1660720 964
1660730 964
1660740 967
1660750 970
1660760 970
1660770 972
1660780 975
1660790 975
1660800 978
1660810 980
1660820 980
1660830 1001
1660840 1007
1660850 1007
1660860 1009
1660870 1023
1660880 1026
1660890 1026
1660900 1029
1660910 1036
1660920 1036
1660930 1041
1660940 1044
1660950 1044
1660960 1047
1660970 1050
1660980 1047
1660990 1051
1661000 1059
1661010 1059
1661020 1063
1661030 1060
1661040 1060
1661050 1072
1661060 1076
1661070 1077
1661080 1077
1661090 1080
1661100 1081
1661110 1081
1661120 1082
1661130 1093
1661140 1093
1661150 1070
1661160 1091
1661170 1091
1661180 1094
1661190 1099
1661200 1099
1661210 1098
1661220 1093
1661230 1093
1661240 1092
1661250 1089
1661260 1081
1661270 1081
1661280 1081
1661290 1080
1661300 1080
1661310 1074
1661320 1066
1661330 1066
1661340 1068
1661350 1067
1661360 1067
1661370 1062
1661380 1051
1661390 1051
1661400 1052
1661410 1033
1661420 1032
1661430 1032
1661440 1047
1661450 1047
1661460 1047
1661470 1047
1661480 1032
1661490 1032
1661500 1043
1661510 1054
1661520 1054
1661530 1067
1661540 1056
1661550 1056
1661560 1052
1661570 1088
1661580 1088
1661590 1090
1661600 1091
1661610 1091
1661620 1091
1661630 1094
1661640 1100
1661650 1100
1661660 1100
1661670 1102
1661680 1102
1661690 1110
1661700 1112
1661710 1112
1661720 1109
1661730 1109
1661740 1109
1661750 1096
1661760 1098
1661770 1098
1661780 1101
1661790 1103
1661800 1105
1661810 1105
1661820 1107
1661830 1109
1661840 1109
1661850 1117
1661860 1113
1661870 1113
1661880 1115
1661890 1125
1661900 1125
1661910 1131
1661920 1136
1661930 1136
1661940 1139
1661950 1136
1661960 1136
1661970 1139
1661980 1141
1661990 1159
1662000 1159
1662010 1161
1662020 1149
1662030 1149
1662040 1158
1662050 1166
1662060 1166
1662070 1170
1662080 1156
1662090 1156
1662100 1155
1662110 1159
1662120 1159
1662130 1158
1662140 1161
1662150 1161
1662160 1162
1662170 1162
1662180 1162
1662190 1162
1662200 1164
1662210 1165
1662220 1165
1662230 1167
1662240 1171
1662250 1171
1662260 1171
1662270 1173
1662280 1173
1662290 1174
1662300 1177
1662310 1177
1662320 1174
1662330 1156
1662340 1156
1662350 1157
1662360 1158
1662370 1158
1662380 1158
1662390 1159
1662400 1160
1662410 1160
1662420 1162
1662430 1162
1662440 1162
1662450 1175
1662460 1174
1662470 1174
1662480 1165
1662490 1165
1662500 1165
1662510 1165
1662520 1189
1662530 1189
1662540 1194
1662550 1190
1662560 1193
1662570 1193
1662580 1195
1662590 1197
1662600 1197
1662610 1196
1662620 1196
1662630 1196
1662640 1197
1662650 1194
1662660 1194
1662670 1196
1662680 1194
1662690 1194
1662700 1192
1662710 1188
1662720 1188
1662730 1181
1662740 1190
1662750 1195
1662760 1195
1662770 1195
1662780 1193
1662790 1193
1662800 1190
1662810 1190
1662820 1190
1662830 1186
1662840 1182
1662850 1182
1662860 1178
1662870 1178
1662880 1178
1662890 1177
1662900 1169
1662910 1169
1662920 1171
1662930 1169
1662940 1166
1662950 1166
1662960 1167
1662970 1167
1662980 1167
1662990 1163
1663000 1164
1663010 1164
1663020 1161
1663030 1136
1663040 1136
1663050 1153
1663060 1154
1663070 1154
1663080 1150
1663090 1147
1663100 1147
1663110 1144
1663120 1147
1663130 1146
1663140 1146
1663150 1149
1663160 1155
1663170 1155
1663180 1163
1663190 1166
1663200 1166
1663210 1162
1663220 1166
1663230 1166
1663240 1163
1663250 1168
1663260 1168
1663270 1170
1663280 1178
1663290 1178
1663300 1178
1663310 1181
1663320 1184
1663330 1184
1663340 1185
1663350 1189
1663360 1189
1663370 1187
1663380 1191
1663390 1191
1663400 1194
1663410 1196
1663420 1196
1663430 1194
1663440 1199
1663450 1199
1663460 1198
1663470 1203
1663480 1203
1663490 1205
1663500 1205
1663510 1202
1663520 1202
1663530 1202
1663540 1206
1663550 1206
1663560 1204
1663570 1169
1663580 1169
1663590 1176
1663600 1187
1663610 1187
1663620 1191
1663630 1190
1663640 1190
1663650 1189
1663660 1180
1663670 1180
1663680 1196
1663690 1196
1663700 1188
1663710 1188
1663720 1191
1663730 1184
1663740 1184
1663750 1182
1663760 1184
1663770 1184
1663780 1183
1663790 1173
1663800 1173
1663810 1167
1663820 1160
1663830 1160
1663840 1164
1663850 1151
1663860 1151
1663870 1150
1663880 1150
1663890 1148
1663900 1148
1663910 1147
1663920 1140
1663930 1140
1663940 1134
1663950 1135
1663960 1135
1663970 1136
1663980 1126
1663990 1126
1664000 1114
1664010 1107
1664020 1107
1664030 1104
1664040 1095
1664050 1095
1664060 1091
1664070 1088
1664080 1084
1664090 1084
1664100 1094
1664110 1113
1664120 1113
1664130 1121
1664140 1126
1664150 1126
1664160 1129
1664170 1131
1664180 1131
1664190 1134
1664200 1132
1664210 1132
1664220 1135
1664230 1127
1664240 1127
1664250 1125
1664260 1128
1664270 1124
1664280 1124
1664290 1123
1664300 1123
1664310 1123
1664320 1122
1664330 1118
1664340 1118
1664350 1115
1664360 1117
1664370 1117
1664380 1118
1664390 1110
1664400 1110
1664410 1104
1664420 1128
1664430 1128
1664440 1128
1664450 1129
1664460 1133
1664470 1133
1664480 1134
1664490 1117
1664500 1117
1664510 1122
1664520 1121
1664530 1121
1664540 1121
1664550 1118
1664560 1118
1664570 1109
1664580 1114
1664590 1114
1664600 1120
1664610 1128
1664620 1128
1664630 1135
1664640 1136
1664650 1139
1664660 1139
1664670 1150
1664680 1151
1664690 1151
1664700 1151
1664710 1152
1664720 1152
1664730 1154
1664740 1158
1664750 1158
1664760 1161
1664770 1169
1664780 1169
1664790 1171
1664800 1180
1664810 1180
1664820 1184
1664830 1185
1664840 1188
1664850 1188
1664860 1187
1664870 1184
1664880 1184
1664890 1185
1664900 1181
1664910 1181
1664920 1183
1664930 1175
1664940 1175
1664950 1192
1664960 1193
1664970 1193
1664980 1186
1664990 1188
1665000 1188
1665010 1186
1665020 1185
1665030 1184
1665040 1184
1665050 1182
1665060 1181
1665070 1181
1665080 1179
1665090 1177
1665100 1177
1665110 1173
1665120 1173
1665130 1173
1665140 1169
1665150 1171
1665160 1171
1665170 1169
1665180 1165
1665190 1165
1665200 1168
1665210 1166
1665220 1161
1665230 1161
1665240 1161
1665250 1159
1665260 1160
1665270 1155
1665280 1154
1665290 1154
1665300 1152
1665310 1149
1665320 1149
1665330 1153
1665340 1156
1665350 1156
1665360 1148
1665370 1145
1665380 1145
1665390 1137
1665400 1145
1665410 1150
1665420 1150
1665430 1153
1665440 1152
1665450 1152
1665460 1158
1665470 1151
1665480 1151
1665490 1155
1665500 1151
1665510 1151
1665520 1153
1665530 1157
1665540 1157
1665550 1164
1665560 1162
1665570 1162
1665580 1170
1665590 1171
1665600 1175
1665610 1175
1665620 1175
1665630 1177
1665640 1177
1665650 1177
1665660 1179
1665670 1179
1665680 1180
1665690 1183
1665700 1183
1665710 1183
1665720 1184
1665730 1184
1665740 1178
1665750 1178
1665760 1178
1665770 1159
1665780 1176
1665790 1183
1665800 1183
1665810 1160
1665820 1168
1665830 1168
1665840 1189
1665850 1185
1665860 1185
1665870 1161
1665880 1175
1665890 1175
1665900 1179
1665910 1183
1665920 1183
1665930 1179
1665940 1181
1665950 1181
1665960 1179
1665970 1175
1665980 1160
1665990 1160
1666000 1159
1666010 1159
1666020 1159
1666030 1163
1666040 1164
1666050 1164
1666060 1163
1666070 1168
1666080 1168
1666090 1173
1666100 1173
1666110 1173
1666120 1172
1666130 1170
1666140 1170
1666150 1167
1666160 1171
1666170 1170
1666180 1170
1666190 1167
1666200 1164
1666210 1164
1666220 1167
1666230 1166
1666240 1166
1666250 1165
1666260 1164
1666270 1164
1666280 1165
1666290 1160
1666300 1160
1666310 1153
1666320 1152
1666330 1152
1666340 1150
1666350 1148
1666360 1130
1666370 1130
1666380 1129
1666390 1129
1666400 1129
1666410 1130
1666420 1130
1666430 1130
1666440 1131
1666450 1131
1666460 1131
1666470 1132
1666480 1132
1666490 1132
1666500 1132
1666510 1131
1666520 1131
1666530 1131
1666540 1131
1666550 1131
1666560 1131
1666570 1130
1666580 1130
1666590 1130
1666600 1129
1666610 1128
1666620 1128
1666630 1126
1666640 1124
1666650 1124
1666660 1123
1666670 1120
1666680 1120
1666690 1118
1666700 1116
1666710 1116
1666720 1114
1666730 1113
1666740 1111
1666750 1111
1666760 1109
1666770 1107
1666780 1107
1666790 1104
1666800 1102
1666810 1102
1666820 1098
1666830 1094
1666840 1094
1666850 1089
1666860 1085
1666870 1085
1666880 1087
1666890 1096
1666900 1096
1666910 1083
1666920 1083
1666930 1083
1666940 1083
1666950 1082
1666960 1099
1666970 1099
1666980 1098
1666990 1103
1667000 1103
1667010 1091
1667020 1077
1667030 1077
1667040 1082
1667050 1087
1667060 1087
1667070 1087
1667080 1078
1667090 1078
1667100 1079
1667110 1084
1667120 1084
1667130 1084
1667140 1081
1667150 1083
1667160 1083
1667170 1084
1667180 1087
1667190 1087
1667200 1088
1667210 1089
1667220 1089
1667230 1090
1667240 1099
1667250 1099
1667260 1094
1667270 1091
1667280 1091
1667290 1089
1667300 1085
1667310 1098
1667320 1098
1667330 1102
1667340 1094
1667350 1094
1667360 1085
1667370 1093
1667380 1093
1667390 1090
1667400 1096
1667410 1096
1667420 1098
1667430 1104
1667440 1104
1667450 1103
1667460 1106
1667470 1106
1667480 1106
1667490 1111
1667500 1112
1667510 1112
1667520 1108
1667530 1112
1667540 1112
1667550 1113
1667560 1112
1667570 1112
1667580 1117
1667590 1115
1667600 1115
1667610 1114
1667620 1115
1667630 1115
1667640 1113
1667650 1113
1667660 1113
1667670 1112
1667680 1109
1667690 1095
1667700 1095
1667710 1113
1667720 1109
1667730 1109
1667740 1105
1667750 1110
1667760 1110
1667770 1110
1667780 1113
1667790 1113
1667800 1100
1667810 1097
1667820 1097
1667830 1101
1667840 1104
1667850 1104
1667860 1107
1667870 1105
1667880 1107
1667890 1107
1667900 1109
1667910 1111
1667920 1111
1667930 1112
1667940 1114
1667950 1114
1667960 1115
1667970 1116
1667980 1116
1667990 1119
1668000 1120
1668010 1120
1668020 1144
1668030 1143
1668040 1143
1668050 1143
1668060 1143
1668070 1114
1668080 1114
1668090 1127
1668100 1117
1668110 1117
1668120 1118
1668130 1129
1668140 1129
1668150 1132
1668160 1130
1668170 1130
1668180 1135
1668190 1138
1668200 1138
1668210 1142
1668220 1147
1668230 1147
1668240 1152
1668250 1153
1668260 1154
1668270 1154
1668280 1157
1668290 1158
1668300 1158
1668310 1159
1668320 1167
1668330 1167
1668340 1170
1668350 1172
1668360 1172
1668370 1174
1668380 1176
1668390 1176
1668400 1170
1668410 1177
1668420 1177
1668430 1177
1668440 1176
1668450 1178
1668460 1178
1668470 1185
1668480 1183
1668490 1183
1668500 1187
1668510 1191
1668520 1191
1668530 1193
1668540 1197
1668550 1197
1668560 1197
1668570 1200
1668580 1200
1668590 1200
1668600 1199
1668610 1201
1668620 1201
1668630 1203
1668640 1205
1668650 1209
1668660 1209
1668670 1206
1668680 1197
1668690 1197
1668700 1197
1668710 1199
1668720 1199
1668730 1201
1668740 1203
1668750 1203
1668760 1201
1668770 1193
1668780 1193
1668790 1199
1668800 1197
1668810 1197
1668820 1196
1668830 1196
1668840 1194
1668850 1194
1668860 1193
1668870 1198
1668880 1198
1668890 1206
1668900 1202
1668910 1202
1668920 1194
1668930 1198
1668940 1198
1668950 1196
1668960 1194
1668970 1194
1668980 1194
1668990 1195
1669000 1195
1669010 1198
1669020 1199
1669030 1220
1669040 1220
1669050 1199
1669060 1200
1669070 1200
1669080 1202
1669090 1203
1669100 1203
1669110 1205
1669120 1203
1669130 1203
1669140 1205
1669150 1208
1669160 1208
1669170 1210
1669180 1211
1669190 1211
1669200 1211
1669210 1210
1669220 1208
1669230 1208
1669240 1205
1669250 1197
1669260 1197
1669270 1194
1669280 1190
1669290 1190
1669300 1189
1669310 1187
1669320 1187
1669330 1205
1669340 1200
1669350 1200
1669360 1196
1669370 1192
1669380 1192
1669390 1194
1669400 1190
1669410 1189
1669420 1189
1669430 1184
1669440 1187
1669450 1187
1669460 1181
1669470 1183
1669480 1183
1669490 1181
1669500 1176
1669510 1176
1669520 1173
1669530 1165
1669540 1165
1669550 1171
1669560 1168
1669570 1168
1669580 1162
1669590 1158
1669600 1158
1669610 1158
1669620 1154
1669630 1146
1669640 1146
1669650 1152
1669660 1166
1669670 1166
1669680 1171
1669690 1175
1669700 1175
1669710 1172
1669720 1159
1669730 1159
1669740 1155
1669750 1156
1669760 1156
1669770 1154
1669780 1174
1669790 1181
1669800 1181
1669810 1182
1669820 1180
1669830 1180
1669840 1182
1669850 1189
1669860 1189
1669870 1183
1669880 1194
1669890 1194
1669900 1203
1669910 1213
1669920 1213
1669930 1213
1669940 1203
1669950 1203
1669960 1203
1669970 1220
1669980 1225
1669990 1225
1670000 1218
1670010 1228
1670020 1228
1670030 1227
1670040 1228
1670050 1228
1670060 1231
1670070 1234
1670080 1234
1670090 1237
1670100 1242
1670110 1242
1670120 1254
1670130 1255
1670140 1255
1670150 1263
1670160 1261
1670170 1266
1670180 1266
1670190 1268
1670200 1268
1670210 1268
1670220 1277
1670230 1277
1670240 1277
1670250 1268
1670260 1277
1670270 1277
1670280 1280
1670290 1285
1670300 1285
1670310 1284
1670320 1286
1670330 1286
1670340 1288
1670350 1288
1670360 1288
1670370 1288
1670380 1296
1670390 1292
1670400 1292
1670410 1292
1670420 1298
1670430 1298
1670440 1300
1670450 1301
1670460 1301
1670470 1303
1670480 1303
1670490 1303
1670500 1303
1670510 1305
1670520 1305
1670530 1310
1670540 1312
1670550 1313
1670560 1313
1670570 1316
1670580 1314
1670590 1314
1670600 1317
1670610 1320
1670620 1320
1670630 1324
1670640 1325
1670650 1325
1670660 1330
1670670 1328
1670680 1328
1670690 1332
1670700 1334
1670710 1334
1670720 1335
1670730 1338
1670740 1338
1670750 1338
1670760 1340
1670770 1342
1670780 1342
1670790 1343
1670800 1344
1670810 1344
1670820 1349
1670830 1353
1670840 1351
1670850 1343
1670860 1352
1670870 1352
1670880 1354
1670890 1358
1670900 1358
1670910 1361
1670920 1365
1670930 1366
1670940 1366
1670950 1368
1670960 1369
1670970 1369
1670980 1371
1670990 1368
1671000 1368
1671010 1355
1671020 1349
1671030 1349
1671040 1351
1671050 1353
1671060 1353
1671070 1355
1671080 1358
1671090 1358
1671100 1367
1671110 1360
1671120 1362
1671130 1362
1671140 1364
1671150 1366
1671160 1366
1671170 1368
1671180 1370
1671190 1370
1671200 1375
1671210 1379
1671220 1379
1671230 1402
1671240 1407
1671250 1407
1671260 1403
1671270 1406
1671280 1406
1671290 1398
1671300 1408
1671310 1413
1671320 1413
1671330 1413
1671340 1418
1671350 1418
1671360 1419
1671370 1410
1671380 1410
1671390 1419
1671400 1423
1671410 1423
1671420 1425
1671430 1425
1671440 1425
1671450 1428
1671460 1435
1671470 1435
1671480 1427
1671490 1435
1671500 1438
1671510 1438
1671520 1438
1671530 1442
1671540 1442
1671550 1444
1671560 1446
1671570 1446
1671580 1449
1671590 1449
1671600 1449
1671610 1453
1671620 1456
1671630 1456
1671640 1455
1671650 1454
1671660 1462
1671670 1462
1671680 1459
1671690 1460
1671700 1460
1671710 1463
1671720 1466
1671730 1466
1671740 1463
1671750 1467
1671760 1467
1671770 1471
1671780 1468
1671790 1468
1671800 1461
1671810 1449
1671820 1449
1671830 1451
1671840 1471
1671850 1453
1671860 1453
1671870 1466
1671880 1481
1671890 1481
1671900 1480
1671910 1481
1671920 1481
1671930 1483
1671940 1483
1671950 1483
1671960 1487
1671970 1487
1671980 1487
1671990 1486
1672000 1488
1672010 1488
1672020 1482
1672030 1464
