1667580 1153
1667590 1153
1667600 1153
1667610 1154
1667620 1155
1667630 1156
1667640 1156
1667650 1157
1667660 1156
1667670 1156
1667680 1156
1667690 1157
1667700 1157
1667710 1157
1667720 1159
1667730 1159
1667740 1160
1667750 1161
1667760 1161
1667770 1163
1667780 1165
1667790 1165
1667800 1165
1667810 1166
1667820 1167
1667830 1167
1667840 1167
1667850 1168
1667860 1168
1667870 1168
1667880 1170
1667890 1170
1667900 1172
1667910 1173
1667920 1173
1667930 1175
1667940 1176
1667950 1176
1667960 1177
1667970 1178
1667980 1178
1667990 1180
1668000 1182
1668010 1184
1668020 1184
1668030 1185
1668040 1188
1668050 1188
1668060 1189
1668070 1191
1668080 1191
1668090 1193
1668100 1196
1668110 1196
1668120 1197
1668130 1199
1668140 1199
1668150 1199
1668160 1199
1668170 1199
1668180 1198
1668190 1197
1668200 1196
1668210 1196
1668220 1195
1668230 1194
1668240 1194
1668250 1192
1668260 1190
1668270 1190
1668280 1187
1668290 1185
1668300 1185
1668310 1183
1668320 1182
1668330 1182
1668340 1180
1668350 1177
1668360 1177
1668370 1176
1668380 1174
1668390 1171
1668400 1171
1668410 1168
1668420 1165
1668430 1165
1668440 1166
1668450 1170
1668460 1170
1668470 1175
1668480 1179
1668490 1179
1668500 1184
1668510 1187
1668520 1187
1668530 1191
1668540 1194
1668550 1194
1668560 1197
1668570 1199
1668580 1202
1668590 1202
1668600 1204
1668610 1207
1668620 1207
1668630 1208
1668640 1210
1668650 1210
1668660 1213
1668670 1216
1668680 1216
1668690 1219
1668700 1221
1668710 1221
1668720 1226
1668730 1228
1668740 1228
1668750 1231
1668760 1233
1668770 1234
1668780 1234
1668790 1237
1668800 1240
1668810 1240
1668820 1244
1668830 1247
1668840 1247
1668850 1248
1668860 1250
1668870 1250
1668880 1252
1668890 1254
1668900 1254
1668910 1255
1668920 1255
1668930 1255
1668940 1256
1668950 1256
1668960 1257
1668970 1257
1668980 1257
1668990 1258
1669000 1258
1669010 1260
1669020 1260
1669030 1260
1669040 1261
1669050 1261
1669060 1261
1669070 1262
1669080 1263
1669090 1263
1669100 1264
1669110 1264
1669120 1264
1669130 1265
1669140 1266
1669150 1267
1669160 1267
1669170 1268
1669180 1269
1669190 1269
1669200 1269
1669210 1270
1669220 1270
1669230 1271
1669240 1271
1669250 1271
1669260 1272
1669270 1272
1669280 1272
1669290 1273
1669300 1273
1669310 1273
1669320 1273
1669330 1272
1669340 1272
1669350 1272
1669360 1271
1669370 1271
1669380 1271
1669390 1269
1669400 1268
1669410 1268
1669420 1266
1669430 1265
1669440 1265
1669450 1263
1669460 1262
1669470 1262
1669480 1259
1669490 1257
1669500 1257
1669510 1255
1669520 1254
1669530 1253
1669540 1253
1669550 1252
1669560 1251
1669570 1251
1669580 1249
1669590 1247
1669600 1247
1669610 1244
1669620 1243
1669630 1243
1669640 1241
1669650 1241
1669660 1241
1669670 1240
1669680 1239
1669690 1239
1669700 1239
1669710 1239
1669720 1238
1669730 1238
1669740 1237
1669750 1235
1669760 1235
1669770 1233
1669780 1230
1669790 1230
1669800 1227
1669810 1223
1669820 1223
1669830 1220
1669840 1216
1669850 1216
1669860 1211
1669870 1207
1669880 1207
1669890 1203
1669900 1199
1669910 1195
1669920 1195
1669930 1191
1669940 1188
1669950 1188
1669960 1185
1669970 1184
1669980 1184
1669990 1177
1670000 1173
1670010 1173
1670020 1173
1670030 1174
1670040 1174
1670050 1176
1670060 1177
1670070 1177
1670080 1178
1670090 1179
1670100 1181
1670110 1181
1670120 1181
1670130 1180
1670140 1180
1670150 1181
1670160 1183
1670170 1183
1670180 1185
1670190 1188
1670200 1188
1670210 1193
1670220 1197
1670230 1197
1670240 1198
1670250 1198
1670260 1198
1670270 1202
1670280 1206
1670290 1212
1670300 1212
1670310 1219
1670320 1226
1670330 1226
1670340 1231
1670350 1233
1670360 1233
1670370 1235
1670380 1237
1670390 1237
1670400 1239
1670410 1241
1670420 1241
1670430 1243
1670440 1246
1670450 1246
1670460 1249
1670470 1252
1670480 1252
1670490 1254
1670500 1256
1670510 1259
1670520 1259
1670530 1261
1670540 1264
1670550 1264
1670560 1267
1670570 1269
1670580 1269
1670590 1271
1670600 1273
1670610 1273
1670620 1276
1670630 1278
1670640 1278
1670650 1281
1670660 1284
1670670 1284
1670680 1286
1670690 1288
1670700 1291
1670710 1291
1670720 1294
1670730 1296
1670740 1296
1670750 1300
1670760 1303
1670770 1303
1670780 1306
1670790 1310
1670800 1310
1670810 1312
1670820 1314
1670830 1314
1670840 1315
1670850 1318
1670860 1318
1670870 1320
1670880 1323
1670890 1327
1670900 1327
1670910 1329
1670920 1332
1670930 1332
1670940 1336
1670950 1338
1670960 1338
1670970 1341
1670980 1343
1670990 1343
1671000 1346
1671010 1347
1671020 1347
1671030 1349
1671040 1351
1671050 1351
1671060 1353
1671070 1357
1671080 1360
1671090 1360
1671100 1362
1671110 1365
1671120 1365
1671130 1367
1671140 1370
1671150 1370
1671160 1373
1671170 1376
1671180 1376
1671190 1379
1671200 1382
1671210 1382
1671220 1384
1671230 1387
1671240 1387
1671250 1389
1671260 1392
1671270 1395
1671280 1395
1671290 1398
1671300 1401
1671310 1401
1671320 1404
1671330 1406
1671340 1406
1671350 1409
1671360 1413
1671370 1413
1671380 1415
1671390 1418
1671400 1418
1671410 1420
1671420 1423
1671430 1423
1671440 1426
1671450 1428
1671460 1431
1671470 1431
1671480 1432
1671490 1435
1671500 1435
1671510 1436
1671520 1437
1671530 1437
1671540 1437
1671550 1437
1671560 1437
1671570 1438
1671580 1438
1671590 1438
1671600 1438
1671610 1438
1671620 1438
1671630 1439
1671640 1439
1671650 1440
1671660 1440
1671670 1441
1671680 1442
1671690 1442
1671700 1443
1671710 1445
1671720 1445
1671730 1447
1671740 1449
1671750 1449
1671760 1450
1671770 1453
1671780 1453
1671790 1455
1671800 1457
1671810 1457
1671820 1457
1671830 1458
1671840 1458
1671850 1458
1671860 1459
1671870 1461
1671880 1461
1671890 1462
1671900 1461
1671910 1461
1671920 1463
1671930 1464
1671940 1464
1671950 1465
1671960 1466
1671970 1466
1671980 1467
1671990 1466
1672000 1466
1672010 1466
1672020 1467
1672030 1468
1672040 1468
1672050 1470
1672060 1471
1672070 1471
1672080 1472
1672090 1473
1672100 1473
1672110 1474
1672120 1475
1672130 1475
1672140 1475
1672150 1475
1672160 1475
1672170 1475
1672180 1474
1672190 1474
1672200 1474
1672210 1473
1672220 1473
1672230 1473
1672240 1472
1672250 1471
1672260 1471
1672270 1470
1672280 1469
1672290 1469
1672300 1468
1672310 1467
1672320 1467
1672330 1465
1672340 1464
1672350 1464
1672360 1463
1672370 1463
1672380 1463
1672390 1462
1672400 1461
1672410 1460
1672420 1460
1672430 1459
1672440 1458
1672450 1458
1672460 1457
1672470 1457
1672480 1457
1672490 1456
1672500 1455
1672510 1455
1672520 1454
1672530 1453
1672540 1453
1672550 1452
1672560 1452
1672570 1452
1672580 1451
1672590 1450
1672600 1449
1672610 1449
1672620 1449
1672630 1448
1672640 1448
1672650 1448
1672660 1447
1672670 1447
1672680 1447
1672690 1446
1672700 1446
1672710 1445
1672720 1445
1672730 1445
1672740 1444
1672750 1443
1672760 1443
1672770 1442
1672780 1441
1672790 1439
1672800 1439
1672810 1437
1672820 1435
1672830 1435
1672840 1434
1672850 1432
1672860 1432
1672870 1431
1672880 1429
1672890 1429
1672900 1427
1672910 1426
1672920 1426
1672930 1425
1672940 1423
1672950 1423
1672960 1422
1672970 1421
1672980 1420
1672990 1420
1673000 1419
1673010 1417
1673020 1417
1673030 1414
1673040 1412
1673050 1412
1673060 1412
1673070 1410
1673080 1410
1673090 1408
1673100 1407
1673110 1407
1673120 1404
1673130 1402
1673140 1402
1673150 1401
1673160 1400
1673170 1399
1673180 1399
1673190 1398
1673200 1397
1673210 1397
1673220 1393
1673230 1389
1673240 1389
1673250 1388
1673260 1386
1673270 1386
1673280 1384
1673290 1382
1673300 1382
1673310 1381
1673320 1380
1673330 1380
1673340 1379
1673350 1378
1673360 1377
1673370 1377
1673380 1377
1673390 1375
1673400 1375
1673410 1374
1673420 1372
1673430 1372
1673440 1369
1673450 1366
1673460 1366
1673470 1364
1673480 1363
1673490 1363
1673500 1362
1673510 1362
1673520 1362
1673530 1361
1673540 1360
1673550 1360
1673560 1359
1673570 1358
1673580 1357
1673590 1357
1673600 1356
1673610 1357
1673620 1357
1673630 1357
1673640 1357
1673650 1357
1673660 1356
1673670 1355
1673680 1355
1673690 1354
1673700 1353
1673710 1353
1673720 1353
1673730 1352
1673740 1352
1673750 1351
1673760 1350
1673770 1348
1673780 1348
1673790 1346
1673800 1344
1673810 1344
1673820 1341
1673830 1340
1673840 1340
1673850 1340
1673860 1341
1673870 1341
1673880 1343
1673890 1347
1673900 1347
1673910 1352
1673920 1356
1673930 1356
1673940 1357
1673950 1354
1673960 1355
1673970 1355
1673980 1355
1673990 1355
1674000 1355
1674010 1355
1674020 1355
1674030 1355
1674040 1355
1674050 1355
1674060 1355
1674070 1356
1674080 1356
1674090 1356
1674100 1357
1674110 1358
1674120 1358
1674130 1359
1674140 1361
1674150 1362
1674160 1362
1674170 1363
1674180 1365
1674190 1365
1674200 1367
1674210 1368
1674220 1368
1674230 1370
1674240 1371
1674250 1371
1674260 1372
1674270 1374
1674280 1374
1674290 1375
1674300 1377
1674310 1377
1674320 1379
1674330 1380
1674340 1382
1674350 1382
1674360 1384
1674370 1385
1674380 1385
1674390 1387
1674400 1388
1674410 1388
1674420 1389
1674430 1390
1674440 1390
1674450 1392
1674460 1394
1674470 1394
1674480 1395
1674490 1397
1674500 1397
1674510 1398
1674520 1400
1674530 1401
1674540 1401
1674550 1403
1674560 1404
1674570 1404
1674580 1406
1674590 1407
1674600 1407
1674610 1408
1674620 1410
1674630 1410
1674640 1411
1674650 1412
1674660 1412
1674670 1413
1674680 1414
1674690 1414
1674700 1415
1674710 1416
1674720 1416
1674730 1416
1674740 1417
1674750 1418
1674760 1418
1674770 1418
1674780 1419
1674790 1419
1674800 1419
1674810 1419
1674820 1419
1674830 1420
1674840 1420
1674850 1420
1674860 1420
1674870 1420
1674880 1420
1674890 1420
1674900 1420
1674910 1420
1674920 1420
1674930 1419
1674940 1419
1674950 1419
1674960 1419
1674970 1418
1674980 1418
1674990 1418
1675000 1417
1675010 1417
1675020 1417
1675030 1417
1675040 1417
1675050 1417
1675060 1417
1675070 1417
1675080 1417
1675090 1416
1675100 1416
1675110 1416
1675120 1416
1675130 1416
1675140 1416
1675150 1416
1675160 1416
1675170 1416
1675180 1416
1675190 1416
1675200 1416
1675210 1416
1675220 1416
1675230 1416
1675240 1416
1675250 1416
1675260 1416
1675270 1416
1675280 1416
1675290 1416
1675300 1416
1675310 1417
1675320 1417
1675330 1417
1675340 1418
1675350 1418
1675360 1418
1675370 1418
1675380 1418
1675390 1418
1675400 1419
1675410 1419
1675420 1419
1675430 1420
1675440 1420
1675450 1420
1675460 1422
1675470 1422
1675480 1423
1675490 1423
1675500 1423
1675510 1423
1675520 1423
1675530 1424
1675540 1424
1675550 1424
1675560 1425
1675570 1425
1675580 1425
1675590 1426
1675600 1426
1675610 1426
1675620 1426
1675630 1426
1675640 1426
1675650 1426
1675660 1426
1675670 1427
1675680 1427
1675690 1426
1675700 1426
1675710 1426
1675720 1425
1675730 1425
1675740 1425
1675750 1425
1675760 1424
1675770 1424
1675780 1422
1675790 1422
1675800 1422
1675810 1422
1675820 1422
1675830 1422
1675840 1422
1675850 1423
1675860 1423
1675870 1423
1675880 1423
1675890 1423
1675900 1423
1675910 1424
1675920 1425
1675930 1425
1675940 1425
1675950 1426
1675960 1426
1675970 1426
1675980 1426
1675990 1426
1676000 1426
1676010 1427
1676020 1427
1676030 1428
1676040 1429
1676050 1429
1676060 1429
1676070 1430
1676080 1430
1676090 1430
1676100 1431
1676110 1432
1676120 1432
1676130 1433
1676140 1434
1676150 1434
1676160 1434
1676170 1435
1676180 1435
1676190 1435
1676200 1436
1676210 1436
1676220 1436
1676230 1437
1676240 1438
1676250 1438
1676260 1438
1676270 1439
1676280 1439
1676290 1439
1676300 1440
1676310 1440
1676320 1440
1676330 1441
1676340 1441
1676350 1442
1676360 1443
1676370 1443
1676380 1443
1676390 1444
1676400 1444
1676410 1445
1676420 1445
1676430 1446
1676440 1446
1676450 1446
1676460 1447
1676470 1447
1676480 1448
1676490 1448
1676500 1448
1676510 1449
1676520 1449
1676530 1449
1676540 1450
1676550 1450
1676560 1450
1676570 1451
1676580 1451
1676590 1451
1676600 1452
1676610 1452
1676620 1452
1676630 1453
1676640 1453
1676650 1454
1676660 1454
1676670 1454
1676680 1455
1676690 1455
1676700 1455
1676710 1455
1676720 1455
1676730 1455
1676740 1455
1676750 1455
1676760 1456
1676770 1456
1676780 1456
1676790 1456
1676800 1456
1676810 1456
1676820 1456
1676830 1457
1676840 1457
1676850 1457
1676860 1457
1676870 1457
1676880 1457
1676890 1456
1676900 1457
1676910 1457
1676920 1458
1676930 1459
1676940 1459
1676950 1458
1676960 1459
1676970 1459
1676980 1459
1676990 1460
1677000 1460
1677010 1460
1677020 1461
1677030 1461
1677040 1461
1677050 1462
1677060 1463
1677070 1463
1677080 1463
1677090 1464
1677100 1464
1677110 1465
1677120 1465
1677130 1465
1677140 1466
1677150 1467
1677160 1467
1677170 1468
1677180 1469
1677190 1469
1677200 1470
1677210 1470
1677220 1471
1677230 1471
1677240 1472
1677250 1472
1677260 1472
1677270 1473
1677280 1473
1677290 1473
1677300 1473
1677310 1473
1677320 1473
1677330 1473
1677340 1473
1677350 1473
1677360 1472
1677370 1472
1677380 1472
1677390 1472
1677400 1471
1677410 1470
1677420 1470
1677430 1469
1677440 1469
1677450 1469
1677460 1468
1677470 1467
1677480 1467
1677490 1466
1677500 1465
1677510 1465
1677520 1464
1677530 1462
1677540 1462
1677550 1461
1677560 1460
1677570 1460
1677580 1459
1677590 1458
1677600 1457
1677610 1457
1677620 1456
1677630 1454
1677640 1454
1677650 1453
1677660 1452
1677670 1452
1677680 1451
1677690 1449
1677700 1449
1677710 1448
1677720 1446
1677730 1446
1677740 1445
1677750 1444
1677760 1444
1677770 1444
1677780 1444
1677790 1443
1677800 1443
1677810 1442
1677820 1440
1677830 1440
1677840 1440
1677850 1439
1677860 1439
1677870 1439
1677880 1438
1677890 1438
1677900 1437
1677910 1436
1677920 1436
1677930 1436
1677940 1435
1677950 1435
1677960 1435
1677970 1434
1677980 1434
1677990 1434
1678000 1434
1678010 1433
1678020 1433
1678030 1430
1678040 1430
1678050 1430
1678060 1429
1678070 1430
1678080 1430
1678090 1429
1678100 1429
1678110 1429
1678120 1428
1678130 1428
1678140 1428
1678150 1428
1678160 1427
1678170 1426
1678180 1426
1678190 1426
1678200 1425
1678210 1425
1678220 1425
1678230 1424
1678240 1424
1678250 1422
1678260 1421
1678270 1421
1678280 1420
1678290 1419
1678300 1419
1678310 1418
1678320 1418
1678330 1418
1678340 1416
1678350 1416
1678360 1414
1678370 1414
1678380 1413
1678390 1411
1678400 1411
1678410 1409
1678420 1406
1678430 1406
1678440 1403
1678450 1401
1678460 1401
1678470 1399
1678480 1397
1678490 1397
1678500 1395
1678510 1391
1678520 1391
1678530 1387
1678540 1385
1678550 1383
1678560 1383
1678570 1379
1678580 1376
1678590 1376
1678600 1374
1678610 1372
1678620 1372
1678630 1369
1678640 1366
1678650 1366
1678660 1364
1678670 1362
1678680 1362
1678690 1358
1678700 1357
1678710 1357
1678720 1357
1678730 1356
1678740 1355
1678750 1355
1678760 1353
1678770 1352
1678780 1352
1678790 1350
1678800 1348
1678810 1348
1678820 1348
1678830 1346
1678840 1346
1678850 1345
1678860 1344
1678870 1344
1678880 1343
1678890 1341
1678900 1341
1678910 1339
1678920 1337
1678930 1334
1678940 1334
1678950 1331
1678960 1329
1678970 1334
1678980 1330
1678990 1326
1679000 1326
1679010 1324
1679020 1321
1679030 1321
1679040 1316
1679050 1313
1679060 1313
1679070 1310
1679080 1306
1679090 1306
1679100 1302
1679110 1300
1679120 1297
1679130 1297
1679140 1294
1679150 1291
1679160 1291
1679170 1289
1679180 1289
1679190 1289
1679200 1291
1679210 1291
1679220 1291
1679230 1291
1679240 1290
1679250 1290
1679260 1290
1679270 1290
1679280 1290
1679290 1289
1679300 1288
1679310 1287
1679320 1287
1679330 1286
1679340 1284
1679350 1284
1679360 1283
1679370 1281
1679380 1281
1679390 1279
1679400 1277
1679410 1277
1679420 1274
1679430 1271
1679440 1271
1679450 1269
1679460 1265
1679470 1265
1679480 1261
1679490 1256
1679500 1250
1679510 1250
1679520 1245
1679530 1239
1679540 1239
1679550 1234
1679560 1228
1679570 1228
1679580 1222
1679590 1218
1679600 1218
1679610 1214
1679620 1211
1679630 1211
1679640 1209
1679650 1205
1679660 1205
1679670 1200
1679680 1197
1679690 1197
1679700 1194
1679710 1189
1679720 1184
1679730 1184
1679740 1180
1679750 1176
1679760 1176
1679770 1171
1679780 1167
1679790 1167
1679800 1162
1679810 1158
1679820 1158
1679830 1155
1679840 1152
1679850 1152
1679860 1148
1679870 1144
1679880 1144
1679890 1139
1679900 1136
1679910 1131
1679920 1131
1679930 1126
1679940 1119
1679950 1119
1679960 1117
1679970 1112
1679980 1112
1679990 1109
1660000 1024
1660010 1023
1660020 1023
1660030 1021
1660040 1020
1660050 1019
1660060 1019
1660070 1017
1660080 1016
1660090 1016
1660100 1014
1660110 1012
1660120 1012
1660130 1010
1660140 1009
1660150 1009
1660160 1007
1660170 1004
1660180 1004
1660190 1002
1660200 998
1660210 998
1660220 993
1660230 988
1660240 984
1660250 984
1660260 998
1660270 1002
1660280 1002
1660290 1008
1660300 1006
1660310 1006
1660320 1014
1660330 1012
1660340 1012
1660350 998
1660360 998
1660370 998
1660380 998
1660390 997
1660400 994
1660410 993
1660420 998
1660430 999
1660440 999
1660450 1001
1660460 996
1660470 996
1660480 994
1660490 994
1660500 994
1660510 994
1660520 994
1660530 994
1660540 986
1660550 981
1660560 981
1660570 967
1660580 969
1660590 969
1660600 977
1660610 983
1660620 985
1660630 985
1660640 984
1660650 983
1660660 983
1660670 998
1660680 1000
1660690 1000
1660700 1003
1660710 1005
1660720 1005
1660730 1011
1660740 1010
1660750 1010
1660760 1017
1660770 1022
1660780 1022
1660790 1025
1660800 1031
1660810 1035
1660820 1035
1660830 1039
1660840 1040
1660850 1040
1660860 1045
1660870 1052
1660880 1052
1660890 1055
1660900 1060
1660910 1060
1660920 1064
1660930 1062
1660940 1062
1660950 1062
1660960 1044
1660970 1044
1660980 1047
1660990 1050
1661000 1054
1661010 1054
1661020 1057
1661030 1060
1661040 1060
1661050 1063
1661060 1065
1661070 1065
1661080 1068
1661090 1070
1661100 1070
1661110 1073
1661120 1075
1661130 1075
1661140 1077
1661150 1079
1661160 1079
1661170 1082
1661180 1084
1661190 1092
1661200 1092
1661210 1118
1661220 1123
1661230 1123
1661240 1124
1661250 1126
1661260 1126
1661270 1129
1661280 1129
1661290 1129
1661300 1130
1661310 1129
1661320 1129
1661330 1128
1661340 1130
1661350 1130
1661360 1125
1661370 1122
1661380 1120
1661390 1120
1661400 1116
1661410 1118
1661420 1118
1661430 1114
1661440 1112
1661450 1112
1661460 1110
1661470 1104
1661480 1104
1661490 1103
1661500 1103
1661510 1103
1661520 1104
1661530 1103
1661540 1103
1661550 1106
1661560 1101
1661570 1099
1661580 1099
1661590 1102
1661600 1101
1661610 1101
1661620 1104
1661630 1106
1661640 1106
1661650 1106
1661660 1105
1661670 1105
1661680 1103
1661690 1102
1661700 1102
1661710 1099
1661720 1098
1661730 1098
1661740 1091
1661750 1097
1661760 1091
1661770 1091
1661780 1098
1661790 1099
1661800 1099
1661810 1108
1661820 1106
1661830 1106
1661840 1121
1661850 1124
1661860 1124
1661870 1126
1661880 1120
1661890 1120
1661900 1126
1661910 1120
1661920 1120
1661930 1118
1661940 1133
1661950 1129
1661960 1129
1661970 1122
1661980 1124
1661990 1124
1662000 1125
1662010 1126
1662020 1126
1662030 1128
1662040 1129
1662050 1129
1662060 1130
1662070 1143
1662080 1143
1662090 1139
1662100 1137
1662110 1137
1662120 1139
1662130 1142
1662140 1144
1662150 1144
1662160 1148
1662170 1166
1662180 1166
1662190 1162
1662200 1167
1662210 1167
1662220 1175
1662230 1177
1662240 1177
1662250 1179
1662260 1183
1662270 1183
1662280 1182
1662290 1182
1662300 1182
1662310 1181
1662320 1179
1662330 1185
1662340 1185
1662350 1183
1662360 1182
1662370 1182
1662380 1184
1662390 1200
1662400 1200
1662410 1213
1662420 1218
1662430 1218
1662440 1220
1662450 1219
1662460 1219
1662470 1199
1662480 1205
1662490 1205
1662500 1205
1662510 1208
1662520 1215
1662530 1215
1662540 1224
1662550 1224
1662560 1213
1662570 1225
1662580 1229
1662590 1229
1662600 1234
1662610 1237
1662620 1237
1662630 1238
1662640 1240
1662650 1240
1662660 1239
1662670 1244
1662680 1244
1662690 1243
1662700 1242
1662710 1243
1662720 1243
1662730 1241
1662740 1244
1662750 1244
1662760 1246
1662770 1246
1662780 1246
1662790 1246
1662800 1242
1662810 1242
1662820 1242
1662830 1238
1662840 1238
1662850 1237
1662860 1235
1662870 1235
1662880 1233
1662890 1231
1662900 1230
1662910 1230
1662920 1230
1662930 1230
1662940 1230
1662950 1225
1662960 1227
1662970 1227
1662980 1223
1662990 1222
1663000 1222
1663010 1216
1663020 1211
1663030 1211
1663040 1209
1663050 1216
1663060 1218
1663070 1218
1663080 1209
1663090 1209
1663100 1209
1663110 1209
1663120 1211
1663130 1211
1663140 1211
1663150 1225
1663160 1225
1663170 1228
1663180 1230
1663190 1230
1663200 1223
1663210 1212
1663220 1212
1663230 1228
1663240 1226
1663250 1225
1663260 1225
1663270 1222
1663280 1222
1663290 1222
1663300 1220
1663310 1215
1663320 1215
1663330 1214
1663340 1213
1663350 1213
1663360 1212
1663370 1208
1663380 1208
1663390 1204
1663400 1214
1663410 1214
1663420 1225
1663430 1213
1663440 1226
1663450 1226
1663460 1220
1663470 1216
1663480 1216
1663490 1212
1663500 1207
1663510 1207
1663520 1204
1663530 1191
1663540 1191
1663550 1194
1663560 1185
1663570 1185
1663580 1201
1663590 1197
1663600 1197
1663610 1197
1663620 1195
1663630 1182
1663640 1182
1663650 1186
1663660 1190
1663670 1190
1663680 1189
1663690 1188
1663700 1188
1663710 1186
1663720 1186
1663730 1186
1663740 1183
1663750 1179
1663760 1179
1663770 1178
1663780 1172
1663790 1172
1663800 1171
1663810 1166
1663820 1161
1663830 1161
1663840 1156
1663850 1149
1663860 1149
1663870 1149
1663880 1149
1663890 1149
1663900 1148
1663910 1157
1663920 1157
1663930 1163
1663940 1158
1663950 1158
1663960 1145
1663970 1170
1663980 1170
1663990 1170
1664000 1175
1664010 1169
1664020 1169
1664030 1173
1664040 1175
1664050 1175
1664060 1184
1664070 1180
1664080 1180
1664090 1177
1664100 1181
1664110 1181
1664120 1184
1664130 1185
1664140 1185
1664150 1185
1664160 1186
1664170 1186
1664180 1191
1664190 1192
1664200 1195
1664210 1195
1664220 1202
1664230 1205
1664240 1205
1664250 1211
1664260 1213
1664270 1213
1664280 1216
1664290 1215
1664300 1215
1664310 1223
1664320 1223
1664330 1223
1664340 1219
1664350 1220
1664360 1220
1664370 1225
1664380 1223
1664390 1223
1664400 1223
1664410 1224
1664420 1222
1664430 1222
1664440 1224
1664450 1225
1664460 1225
1664470 1225
1664480 1222
1664490 1222
1664500 1220
1664510 1218
1664520 1218
1664530 1214
1664540 1214
1664550 1214
1664560 1211
1664570 1209
1664580 1208
1664590 1208
1664600 1205
1664610 1200
1664620 1200
1664630 1209
1664640 1208
1664650 1208
1664660 1206
1664670 1205
1664680 1205
1664690 1202
1664700 1200
1664710 1200
1664720 1199
1664730 1199
1664740 1199
1664750 1183
1664760 1195
1664770 1192
1664780 1192
1664790 1193
1664800 1197
1664810 1197
1664820 1199
1664830 1203
1664840 1203
1664850 1206
1664860 1210
1664870 1210
1664880 1214
1664890 1217
1664900 1217
1664910 1219
1664920 1224
1664930 1224
1664940 1227
1664950 1228
1664960 1231
1664970 1231
1664980 1233
1664990 1233
1665000 1233
1665010 1236
1665020 1240
1665030 1240
1665040 1240
1665050 1240
1665060 1240
1665070 1241
1665080 1245
1665090 1245
1665100 1246
1665110 1246
1665120 1246
1665130 1249
1665140 1246
1665150 1247
1665160 1247
1665170 1246
1665180 1241
1665190 1241
1665200 1240
1665210 1239
1665220 1239
1665230 1238
1665240 1237
1665250 1237
1665260 1238
1665270 1236
1665280 1236
1665290 1235
1665300 1233
1665310 1233
1665320 1235
1665330 1235
1665340 1232
1665350 1232
1665360 1232
1665370 1231
1665380 1231
1665390 1232
1665400 1232
1665410 1232
1665420 1233
1665430 1235
1665440 1235
1665450 1238
1665460 1240
1665470 1240
1665480 1241
1665490 1245
1665500 1245
1665510 1248
1665520 1252
1665530 1255
1665540 1255
1665550 1257
1665560 1257
1665570 1257
1665580 1257
1665590 1256
1665600 1256
1665610 1255
1665620 1257
1665630 1257
1665640 1251
1665650 1251
1665660 1251
1665670 1250
1665680 1251
1665690 1251
1665700 1248
1665710 1250
1665720 1246
1665730 1246
1665740 1247
1665750 1247
1665760 1247
1665770 1245
1665780 1246
1665790 1246
1665800 1250
1665810 1252
1665820 1252
1665830 1253
1665840 1255
1665850 1255
1665860 1258
1665870 1261
1665880 1261
1665890 1262
1665900 1262
1665910 1266
1665920 1266
1665930 1266
1665940 1264
1665950 1264
1665960 1262
1665970 1262
1665980 1262
1665990 1256
1666000 1258
1666010 1258
1666020 1253
1666030 1250
1666040 1250
1666050 1246
1666060 1232
1666070 1232
1666080 1224
1666090 1217
1666100 1229
1666110 1224
1666120 1230
1666130 1225
1666140 1225
1666150 1217
1666160 1216
1666170 1216
1666180 1214
1666190 1184
1666200 1184
1666210 1181
1666220 1180
1666230 1180
1666240 1178
1666250 1177
1666260 1177
1666270 1175
1666280 1172
1666290 1170
1666300 1170
1666310 1168
1666320 1165
1666330 1165
1666340 1162
1666350 1160
1666360 1160
1666370 1157
1666380 1153
1666390 1153
1666400 1150
1666410 1148
1666420 1148
1666430 1145
1666440 1160
1666450 1160
1666460 1167
1666470 1163
1666480 1161
1666490 1161
1666500 1155
1666510 1148
1666520 1148
1666530 1141
1666540 1132
1666550 1132
1666560 1134
1666570 1141
1666580 1141
1666590 1139
1666600 1140
1666610 1140
1666620 1156
1666630 1175
1666640 1175
1666650 1174
1666660 1171
1666670 1171
1666680 1171
1666690 1169
1666700 1168
1666710 1168
1666720 1167
1666730 1162
1666740 1162
1666750 1154
1666760 1147
1666770 1147
1666780 1148
1666790 1141
1666800 1141
1666810 1140
1666820 1147
1666830 1147
1666840 1153
1666850 1150
1666860 1158
1666870 1158
1666880 1154
1666890 1160
1666900 1160
1666910 1169
1666920 1169
1666930 1169
1666940 1171
1666950 1167
1666960 1167
1666970 1175
1666980 1180
1666990 1180
1667000 1178
1667010 1183
1667020 1183
1667030 1177
1667040 1183
1667050 1188
1667060 1188
1667070 1186
1667080 1194
1667090 1194
1667100 1193
1667110 1191
1667120 1191
1667130 1193
1667140 1195
1667150 1195
1667160 1184
1667170 1181
1667180 1181
1667190 1180
1667200 1179
1667210 1179
1667220 1178
1667230 1177
1667240 1176
1667250 1176
1667260 1174
1667270 1187
1667280 1187
1667290 1186
1667300 1186
1667310 1186
1667320 1189
1667330 1188
1667340 1188
1667350 1191
1667360 1187
1667370 1187
1667380 1190
1667390 1188
1667400 1188
1667410 1187
1667420 1187
1667430 1179
1667440 1179
1667450 1184
1667460 1185
1667470 1185
1667480 1176
1667490 1176
1667500 1176
1667510 1183
1667520 1181
1667530 1181
1667540 1185
1667550 1179
1667560 1179
1667570 1183
1667580 1184
1667590 1184
1667600 1185
1667610 1183
1667620 1187
1667630 1187
1667640 1182
1667650 1187
1667660 1187
1667670 1187
1667680 1187
1667690 1187
1667700 1191
1667710 1184
1667720 1184
1667730 1171
1667740 1173
1667750 1173
1667760 1176
1667770 1177
1667780 1177
1667790 1172
1667800 1176
1667810 1176
1667820 1176
1667830 1172
1667840 1174
1667850 1174
1667860 1177
1667870 1178
1667880 1178
1667890 1178
1667900 1179
1667910 1179
1667920 1180
1667930 1206
1667940 1206
1667950 1187
1667960 1187
1667970 1187
1667980 1187
1667990 1190
1668000 1192
1668010 1192
1668020 1191
1668030 1191
1668040 1191
1668050 1191
1668060 1194
1668070 1194
1668080 1196
1668090 1198
1668100 1198
1668110 1201
1668120 1201
1668130 1201
1668140 1204
1668150 1207
1668160 1207
1668170 1207
1668180 1205
1668190 1208
1668200 1208
1668210 1205
1668220 1205
1668230 1205
1668240 1206
1668250 1204
1668260 1204
1668270 1198
1668280 1196
1668290 1196
1668300 1191
1668310 1198
1668320 1198
1668330 1199
1668340 1199
1668350 1199
1668360 1189
1668370 1192
1668380 1191
1668390 1191
1668400 1188
1668410 1189
1668420 1189
1668430 1185
1668440 1186
1668450 1186
1668460 1189
1668470 1197
1668480 1197
1668490 1199
1668500 1208
1668510 1208
1668520 1206
1668530 1210
1668540 1210
1668550 1212
1668560 1212
1668570 1210
1668580 1210
1668590 1210
1668600 1210
1668610 1212
1668620 1212
1668630 1220
1668640 1226
1668650 1226
1668660 1230
1668670 1236
1668680 1236
1668690 1239
1668700 1240
1668710 1240
1668720 1245
1668730 1247
1668740 1252
1668750 1252
1668760 1253
1668770 1254
1668780 1254
1668790 1257
1668800 1260
1668810 1260
1668820 1261
1668830 1268
1668840 1268
1668850 1271
1668860 1274
1668870 1274
1668880 1271
1668890 1273
1668900 1273
1668910 1268
1668920 1271
1668930 1271
1668940 1271
1668950 1272
1668960 1272
1668970 1272
1668980 1272
1668990 1273
1669000 1273
1669010 1276
1669020 1277
1669030 1277
1669040 1277
1669050 1278
1669060 1278
1669070 1280
1669080 1278
1669090 1278
1669100 1279
1669110 1279
1669120 1282
1669130 1282
1669140 1281
1669150 1281
1669160 1281
1669170 1282
1669180 1282
1669190 1282
1669200 1283
1669210 1281
1669220 1281
1669230 1278
1669240 1281
1669250 1281
1669260 1281
1669270 1279
1669280 1279
1669290 1279
1669300 1279
1669310 1282
1669320 1282
1669330 1277
1669340 1284
1669350 1284
1669360 1284
1669370 1288
1669380 1288
1669390 1288
1669400 1287
1669410 1287
1669420 1286
1669430 1286
1669440 1286
1669450 1282
1669460 1278
1669470 1278
1669480 1278
1669490 1277
1669500 1276
1669510 1276
1669520 1275
1669530 1274
1669540 1274
1669550 1273
1669560 1273
1669570 1273
1669580 1271
1669590 1270
1669600 1265
1669610 1254
1669620 1256
1669630 1256
1669640 1256
1669650 1257
1669660 1257
1669670 1253
1669680 1264
1669690 1242
1669700 1242
1669710 1241
1669720 1261
1669730 1261
1669740 1240
1669750 1237
1669760 1237
1669770 1239
1669780 1243
1669790 1243
1669800 1245
1669810 1240
1669820 1240
1669830 1236
1669840 1231
1669850 1231
1669860 1227
1669870 1224
1669880 1216
1669890 1216
1669900 1213
1669910 1214
1669920 1214
1669930 1207
1669940 1205
1669950 1205
1669960 1199
1669970 1200
1669980 1200
1669990 1201
1670000 1203
1670010 1203
1670020 1202
1670030 1201
1670040 1201
1670050 1194
1670060 1190
1670070 1187
1670080 1187
1670090 1192
1670100 1198
1670110 1198
1670120 1202
1670130 1203
1670140 1203
1670150 1199
1670160 1204
1670170 1204
1670180 1204
1670190 1210
1670200 1210
1670210 1212
1670220 1213
1670230 1213
1670240 1216
1670250 1220
1670260 1224
1670270 1224
1670280 1229
1670290 1235
1670300 1235
1670310 1252
1670320 1258
1670330 1258
1670340 1257
1670350 1255
1670360 1255
1670370 1256
1670380 1258
1670390 1258
1670400 1260
1670410 1263
1670420 1263
1670430 1265
1670440 1267
1670450 1269
1670460 1269
1670470 1275
1670480 1279
1670490 1279
1670500 1276
1670510 1280
1670520 1280
1670530 1287
1670540 1285
1670550 1285
1670560 1291
1670570 1291
1670580 1291
1670590 1295
1670600 1296
1670610 1296
1670620 1301
1670630 1299
1670640 1300
1670650 1300
1670660 1294
1670670 1287
1670680 1287
1670690 1288
1670700 1291
1670710 1291
1670720 1311
1670730 1315
1670740 1315
1670750 1313
1670760 1303
1670770 1303
1670780 1307
1670790 1318
1670800 1318
1670810 1323
1670820 1324
1670830 1327
1670840 1327
1670850 1330
1670860 1327
1670870 1327
1670880 1332
1670890 1342
1670900 1342
1670910 1339
1670920 1348
1670930 1348
1670940 1351
1670950 1350
1670960 1350
1670970 1355
1670980 1353
1670990 1353
1671000 1357
1671010 1360
1671020 1364
1671030 1364
1671040 1364
1671050 1366
1671060 1366
1671070 1368
1671080 1367
1671090 1367
1671100 1375
1671110 1380
1671120 1380
1671130 1382
1671140 1384
1671150 1384
1671160 1388
1671170 1390
1671180 1390
1671190 1393
1671200 1395
1671210 1397
1671220 1397
1671230 1400
1671240 1402
1671250 1402
1671260 1405
1671270 1406
1671280 1406
1671290 1409
1671300 1412
1671310 1412
1671320 1417
1671330 1421
1671340 1421
1671350 1427
1671360 1428
1671370 1428
1671380 1430
1671390 1433
1671400 1435
1671410 1435
1671420 1437
1671430 1439
1671440 1439
1671450 1443
1671460 1446
1671470 1446
1671480 1447
1671490 1449
1671500 1449
1671510 1450
1671520 1452
1671530 1452
1671540 1452
1671550 1453
1671560 1453
1671570 1452
1671580 1453
1671590 1453
1671600 1453
1671610 1456
1671620 1456
1671630 1456
1671640 1456
1671650 1458
1671660 1458
1671670 1459
1671680 1461
1671690 1461
1671700 1463
1671710 1464
1671720 1464
1671730 1467
1671740 1467
1671750 1467
1671760 1464
1671770 1471
1671780 1473
1671790 1473
1671800 1474
1671810 1474
1671820 1474
1671830 1472
1671840 1474
1671850 1474
1671860 1471
1671870 1476
1671880 1476
1671890 1472
1671900 1473
1671910 1473
1671920 1470
1671930 1481
1671940 1481
1671950 1482
1671960 1483
1671970 1478
1671980 1478
1671990 1476
1672000 1480
1672010 1480
1672020 1483
1672030 1476
1672040 1476
1672050 1490
1672060 1489
1672070 1489
1672080 1491
1672090 1496
1672100 1496
1672110 1497
1672120 1491
1672130 1491
1672140 1494
1672150 1491
1672160 1494
1672170 1494
1672180 1492
1672190 1493
1672200 1493
1672210 1486
1672220 1491
1672230 1491
1672240 1488
1672250 1491
1672260 1491
1672270 1495
1672280 1494
1672290 1494
