1667560 1122
1667570 1122
1667580 1123
1667590 1124
1667600 1126
1667610 1126
1667620 1127
1667630 1129
1667640 1129
1667650 1130
1667660 1131
1667670 1131
1667680 1132
1667690 1132
1667700 1132
1667710 1133
1667720 1133
1667730 1133
1667740 1134
1667750 1134
1667760 1134
1667770 1134
1667780 1134
1667790 1135
1667800 1135
1667810 1135
1667820 1136
1667830 1136
1667840 1137
1667850 1138
1667860 1138
1667870 1139
1667880 1139
1667890 1139
1667900 1140
1667910 1141
1667920 1141
1667930 1142
1667940 1143
1667950 1143
1667960 1144
1667970 1145
1667980 1147
1667990 1147
1668000 1148
1668010 1149
1668020 1149
1668030 1149
1668040 1151
1668050 1151
1668060 1152
1668070 1154
1668080 1154
1668090 1155
1668100 1156
1668110 1156
1668120 1157
1668130 1158
1668140 1158
1668150 1160
1668160 1159
1668170 1159
1668180 1160
1668190 1160
1668200 1159
1668210 1159
1668220 1159
1668230 1158
1668240 1158
1668250 1156
1668260 1155
1668270 1155
1668280 1155
1668290 1154
1668300 1154
1668310 1152
1668320 1151
1668330 1151
1668340 1149
1668350 1146
1668360 1146
1668370 1142
1668380 1140
1668390 1138
1668400 1138
1668410 1137
1668420 1136
1668430 1136
1668440 1136
1668450 1136
1668460 1136
1668470 1135
1668480 1135
1668490 1135
1668500 1134
1668510 1134
1668520 1134
1668530 1132
1668540 1131
1668550 1131
1668560 1129
1668570 1125
1668580 1122
1668590 1122
1668600 1120
1668610 1119
1668620 1119
1668630 1118
1668640 1118
1668650 1118
1668660 1117
1668670 1117
1668680 1117
1668690 1117
1668700 1114
1668710 1114
1668720 1116
1668730 1117
1668740 1117
1668750 1118
1668760 1120
1668770 1122
1668780 1122
1668790 1124
1668800 1126
1668810 1126
1668820 1128
1668830 1130
1668840 1130
1668850 1132
1668860 1134
1668870 1134
1668880 1136
1668890 1138
1668900 1138
1668910 1138
1668920 1141
1668930 1141
1668940 1142
1668950 1143
1668960 1145
1668970 1145
1668980 1147
1668990 1150
1669000 1150
1669010 1153
1669020 1151
1669030 1151
1669040 1151
1669050 1152
1669060 1152
1669070 1152
1669080 1153
1669090 1153
1669100 1154
1669110 1154
1669120 1154
1669130 1153
1669140 1151
1669150 1147
1669160 1147
1669170 1143
1669180 1139
1669190 1139
1669200 1138
1669210 1140
1669220 1140
1669230 1143
1669240 1147
1669250 1147
1669260 1149
1669270 1151
1669280 1151
1669290 1154
1669300 1156
1669310 1156
1669320 1158
1669330 1161
1669340 1163
1669350 1163
1669360 1165
1669370 1167
1669380 1167
1669390 1169
1669400 1170
1669410 1170
1669420 1172
1669430 1175
1669440 1175
1669450 1176
1669460 1178
1669470 1178
1669480 1180
1669490 1182
1669500 1182
1669510 1184
1669520 1186
1669530 1187
1669540 1187
1669550 1188
1669560 1191
1669570 1191
1669580 1195
1669590 1196
1669600 1196
1669610 1198
1669620 1200
1669630 1200
1669640 1202
1669650 1203
1669660 1203
1669670 1205
1669680 1206
1669690 1206
1669700 1208
1669710 1209
1669720 1210
1669730 1210
1669740 1210
1669750 1211
1669760 1211
1669770 1211
1669780 1211
1669790 1211
1669800 1211
1669810 1211
1669820 1211
1669830 1211
1669840 1211
1669850 1211
1669860 1211
1669870 1210
1669880 1210
1669890 1209
1669900 1207
1669910 1206
1669920 1206
1669930 1205
1669940 1205
1669950 1205
1669960 1205
1669970 1206
1669980 1206
1669990 1206
1670000 1205
1670010 1205
1670020 1207
1670030 1208
1670040 1208
1670050 1209
1670060 1210
1670070 1210
1670080 1211
1670090 1211
1670100 1213
1670110 1213
1670120 1214
1670130 1216
1670140 1216
1670150 1217
1670160 1217
1670170 1217
1670180 1218
1670190 1219
1670200 1219
1670210 1219
1670220 1219
1670230 1219
1670240 1220
1670250 1219
1670260 1219
1670270 1217
1670280 1214
1670290 1214
1670300 1213
1670310 1214
1670320 1216
1670330 1216
1670340 1219
1670350 1221
1670360 1221
1670370 1225
1670380 1228
1670390 1228
1670400 1231
1670410 1233
1670420 1233
1670430 1235
1670440 1238
1670450 1238
1670460 1241
1670470 1244
1670480 1244
1670490 1246
1670500 1248
1670510 1250
1670520 1250
1670530 1252
1670540 1254
1670550 1254
1670560 1256
1670570 1258
1670580 1258
1670590 1260
1670600 1263
1670610 1263
1670620 1265
1670630 1268
1670640 1268
1670650 1269
1670660 1271
1670670 1271
1670680 1273
1670690 1274
1670700 1276
1670710 1276
1670720 1277
1670730 1279
1670740 1279
1670750 1281
1670760 1284
1670770 1284
1670780 1287
1670790 1290
1670800 1290
1670810 1293
1670820 1296
1670830 1296
1670840 1299
1670850 1303
1670860 1303
1670870 1305
1670880 1306
1670890 1308
1670900 1308
1670910 1311
1670920 1311
1670930 1311
1670940 1314
1670950 1315
1670960 1315
1670970 1317
1670980 1318
1670990 1318
1671000 1320
1671010 1321
1671020 1321
1671030 1323
1671040 1324
1671050 1324
1671060 1325
1671070 1327
1671080 1329
1671090 1329
1671100 1331
1671110 1332
1671120 1332
1671130 1333
1671140 1334
1671150 1334
1671160 1337
1671170 1340
1671180 1340
1671190 1341
1671200 1343
1671210 1343
1671220 1346
1671230 1348
1671240 1348
1671250 1350
1671260 1351
1671270 1353
1671280 1353
1671290 1356
1671300 1357
1671310 1357
1671320 1359
1671330 1361
1671340 1361
1671350 1363
1671360 1365
1671370 1365
1671380 1367
1671390 1369
1671400 1369
1671410 1371
1671420 1373
1671430 1373
1671440 1375
1671450 1377
1671460 1378
1671470 1378
1671480 1381
1671490 1383
1671500 1383
1671510 1387
1671520 1394
1671530 1394
1671540 1397
1671550 1397
1671560 1397
1671570 1398
1671580 1398
1671590 1398
1671600 1398
1671610 1397
1671620 1397
1671630 1397
1671640 1398
1671650 1401
1671660 1401
1671670 1404
1671680 1406
1671690 1406
1671700 1406
1671710 1408
1671720 1408
1671730 1409
1671740 1410
1671750 1410
1671760 1411
1671770 1412
1671780 1412
1671790 1414
1671800 1414
1671810 1414
1671820 1416
1671830 1416
1671840 1415
1671850 1415
1671860 1414
1671870 1413
1671880 1413
1671890 1412
1671900 1411
1671910 1411
1671920 1411
1671930 1410
1671940 1410
1671950 1409
1671960 1408
1671970 1408
1671980 1407
1671990 1406
1672000 1406
1672010 1405
1672020 1405
1672030 1402
1672040 1402
1672050 1401
1672060 1401
1672070 1401
1672080 1401
1672090 1400
1672100 1400
1672110 1399
1672120 1397
1672130 1397
1672140 1395
1672150 1393
1672160 1393
1672170 1393
1672180 1392
1672190 1392
1672200 1390
1672210 1389
1672220 1387
1672230 1387
1672240 1386
1672250 1385
1672260 1385
1672270 1385
1672280 1384
1672290 1384
1672300 1383
1672310 1382
1672320 1382
1672330 1382
1672340 1382
1672350 1382
1672360 1381
1672370 1379
1672380 1379
1672390 1378
1672400 1377
1672410 1377
1672420 1377
1672430 1376
1672440 1376
1672450 1376
1672460 1376
1672470 1376
1672480 1376
1672490 1375
1672500 1374
1672510 1374
1672520 1374
1672530 1373
1672540 1373
1672550 1372
1672560 1371
1672570 1371
1672580 1370
1672590 1369
1672600 1369
1672610 1367
1672620 1365
1672630 1363
1672640 1363
1672650 1362
1672660 1359
1672670 1359
1672680 1355
1672690 1351
1672700 1351
1672710 1347
1672720 1345
1672730 1345
1672740 1344
1672750 1342
1672760 1342
1672770 1340
1672780 1339
1672790 1339
1672800 1338
1672810 1336
1672820 1335
1672830 1335
1672840 1334
1672850 1334
1672860 1334
1672870 1333
1672880 1333
1672890 1333
1672900 1332
1672910 1332
1672920 1332
1672930 1331
1672940 1328
1672950 1328
1672960 1328
1672970 1327
1672980 1327
1672990 1326
1673000 1326
1673010 1325
1673020 1325
1673030 1325
1673040 1325
1673050 1325
1673060 1325
1673070 1325
1673080 1325
1673090 1325
1673100 1323
1673110 1323
1673120 1321
1673130 1319
1673140 1319
1673150 1316
1673160 1312
1673170 1312
1673180 1308
1673190 1304
1673200 1300
1673210 1300
1673220 1296
1673230 1292
1673240 1292
1673250 1290
1673260 1287
1673270 1287
1673280 1282
1673290 1276
1673300 1276
1673310 1268
1673320 1263
1673330 1263
1673340 1256
1673350 1250
1673360 1250
1673370 1245
1673380 1242
1673390 1243
1673400 1243
1673410 1244
1673420 1244
1673430 1244
1673440 1244
1673450 1243
1673460 1243
1673470 1244
1673480 1242
1673490 1242
1673500 1240
1673510 1240
1673520 1240
1673530 1239
1673540 1237
1673550 1237
1673560 1236
1673570 1233
1673580 1232
1673590 1232
1673600 1234
1673610 1238
1673620 1238
1673630 1242
1673640 1245
1673650 1245
1673660 1246
1673670 1247
1673680 1247
1673690 1248
1673700 1249
1673710 1249
1673720 1248
1673730 1248
1673740 1248
1673750 1245
1673760 1244
1673770 1248
1673780 1248
1673790 1249
1673800 1250
1673810 1250
1673820 1251
1673830 1252
1673840 1252
1673850 1255
1673860 1256
1673870 1256
1673880 1255
1673890 1254
1673900 1254
1673910 1252
1673920 1250
1673930 1250
1673940 1249
1673950 1250
1673960 1251
1673970 1251
1673980 1254
1673990 1257
1674000 1257
1674010 1257
1674020 1258
1674030 1258
1674040 1258
1674050 1259
1674060 1259
1674070 1261
1674080 1262
1674090 1262
1674100 1262
1674110 1263
1674120 1263
1674130 1265
1674140 1269
1674150 1272
1674160 1272
1674170 1274
1674180 1276
1674190 1276
1674200 1278
1674210 1280
1674220 1280
1674230 1282
1674240 1285
1674250 1285
1674260 1287
1674270 1289
1674280 1289
1674290 1291
1674300 1294
1674310 1294
1674320 1295
1674330 1298
1674340 1298
1674350 1301
1674360 1304
1674370 1305
1674380 1305
1674390 1308
1674400 1311
1674410 1311
1674420 1313
1674430 1315
1674440 1315
1674450 1317
1674460 1320
1674470 1320
1674480 1323
1674490 1326
1674500 1326
1674510 1329
1674520 1332
1674530 1332
1674540 1334
1674550 1337
1674560 1340
1674570 1340
1674580 1343
1674590 1345
1674600 1345
1674610 1347
1674620 1349
1674630 1349
1674640 1351
1674650 1353
1674660 1353
1674670 1356
1674680 1358
1674690 1358
1674700 1359
1674710 1361
1674720 1361
1674730 1362
1674740 1365
1674750 1366
1674760 1366
1674770 1368
1674780 1371
1674790 1371
1674800 1373
1674810 1375
1674820 1375
1674830 1377
1674840 1378
1674850 1378
1674860 1381
1674870 1383
1674880 1383
1674890 1384
1674900 1384
1674910 1384
1674920 1385
1674930 1386
1674940 1386
1674950 1386
1674960 1386
1674970 1385
1674980 1385
1674990 1384
1675000 1384
1675010 1384
1675020 1383
1675030 1381
1675040 1381
1675050 1381
1675060 1381
1675070 1381
1675080 1381
1675090 1382
1675100 1382
1675110 1382
1675120 1383
1675130 1384
1675140 1384
1675150 1384
1675160 1386
1675170 1386
1675180 1386
1675190 1387
1675200 1387
1675210 1388
1675220 1389
1675230 1389
1675240 1389
1675250 1390
1675260 1390
1675270 1390
1675280 1390
1675290 1390
1675300 1390
1675310 1389
1675320 1389
1675330 1389
1675340 1388
1675350 1387
1675360 1387
1675370 1387
1675380 1386
1675390 1386
1675400 1385
1675410 1384
1675420 1384
1675430 1383
1675440 1383
1675450 1383
1675460 1384
1675470 1384
1675480 1384
1675490 1383
1675500 1382
1675510 1382
1675520 1382
1675530 1383
1675540 1383
1675550 1383
1675560 1383
1675570 1383
1675580 1383
1675590 1382
1675600 1382
1675610 1382
1675620 1383
1675630 1383
1675640 1383
1675650 1382
1675660 1383
1675670 1383
1675680 1383
1675690 1382
1675700 1382
1675710 1382
1675720 1381
1675730 1378
1675740 1378
1675750 1375
1675760 1370
1675770 1370
1675780 1372
1675790 1372
1675800 1372
1675810 1373
1675820 1374
1675830 1374
1675840 1376
1675850 1377
1675860 1377
1675870 1378
1675880 1380
1675890 1380
1675900 1380
1675910 1381
1675920 1382
1675930 1382
1675940 1384
1675950 1385
1675960 1385
1675970 1387
1675980 1388
1675990 1388
1676000 1390
1676010 1392
1676020 1392
1676030 1394
1676040 1395
1676050 1395
1676060 1397
1676070 1399
1676080 1401
1676090 1401
1676100 1402
1676110 1404
1676120 1404
1676130 1406
1676140 1408
1676150 1408
1676160 1409
1676170 1411
1676180 1411
1676190 1413
1676200 1415
1676210 1415
1676220 1416
1676230 1418
1676240 1418
1676250 1420
1676260 1421
1676270 1423
1676280 1423
1676290 1424
1676300 1426
1676310 1426
1676320 1427
1676330 1428
1676340 1428
1676350 1429
1676360 1430
1676370 1430
1676380 1431
1676390 1431
1676400 1431
1676410 1433
1676420 1435
1676430 1435
1676440 1436
1676450 1437
1676460 1437
1676470 1438
1676480 1439
1676490 1441
1676500 1441
1676510 1441
1676520 1442
1676530 1442
1676540 1443
1676550 1444
1676560 1444
1676570 1445
1676580 1446
1676590 1446
1676600 1447
1676610 1447
1676620 1447
1676630 1448
1676640 1449
1676650 1449
1676660 1450
1676670 1451
1676680 1451
1676690 1451
1676700 1452
1676710 1453
1676720 1453
1676730 1454
1676740 1455
1676750 1455
1676760 1456
1676770 1457
1676780 1457
1676790 1458
1676800 1459
1676810 1459
1676820 1460
1676830 1462
1676840 1462
1676850 1463
1676860 1464
1676870 1465
1676880 1465
1676890 1465
1676900 1466
1676910 1466
1676920 1466
1676930 1467
1676940 1467
1676950 1467
1676960 1468
1676970 1468
1676980 1469
1676990 1469
1677000 1469
1677010 1469
1677020 1470
1677030 1470
1677040 1471
1677050 1472
1677060 1472
1677070 1472
1677080 1473
1677090 1474
1677100 1474
1677110 1474
1677120 1475
1677130 1475
1677140 1475
1677150 1476
1677160 1476
1677170 1476
1677180 1477
1677190 1477
1677200 1478
1677210 1479
1677220 1479
1677230 1479
1677240 1479
1677250 1480
1677260 1480
1677270 1480
1677280 1481
1677290 1481
1677300 1481
1677310 1481
1677320 1481
1677330 1481
1677340 1481
1677350 1481
1677360 1481
1677370 1481
1677380 1481
1677390 1481
1677400 1480
1677410 1480
1677420 1479
1677430 1479
1677440 1478
1677450 1478
1677460 1477
1677470 1477
1677480 1477
1677490 1476
1677500 1475
1677510 1475
1677520 1474
1677530 1473
1677540 1473
1677550 1472
1677560 1471
1677570 1471
1677580 1469
1677590 1468
1677600 1468
1677610 1467
1677620 1466
1677630 1464
1677640 1464
1677650 1463
1677660 1463
1677670 1463
1677680 1461
1677690 1461
1677700 1461
1677710 1460
1677720 1459
1677730 1459
1677740 1458
1677750 1458
1677760 1458
1677770 1457
1677780 1456
1677790 1456
1677800 1456
1677810 1455
1677820 1455
1677830 1455
1677840 1455
1677850 1455
1677860 1455
1677870 1455
1677880 1454
1677890 1454
1677900 1454
1677910 1453
1677920 1453
1677930 1451
1677940 1449
1677950 1449
1677960 1447
1677970 1445
1677980 1445
1677990 1443
1678000 1442
1678010 1439
1678020 1439
1678030 1438
1678040 1435
1678050 1435
1678060 1433
1678070 1431
1678080 1431
1678090 1429
1678100 1425
1678110 1425
1678120 1421
1678130 1418
1678140 1418
1678150 1416
1678160 1414
1678170 1414
1678180 1410
1678190 1407
1678200 1405
1678210 1405
1678220 1403
1678230 1400
1678240 1400
1678250 1396
1678260 1392
1678270 1392
1678280 1388
1678290 1385
1678300 1385
1678310 1383
1678320 1380
1678330 1380
1678340 1378
1678350 1376
1678360 1376
1678370 1374
1678380 1372
1678390 1370
1678400 1370
1678410 1370
1678420 1370
1678430 1370
1678440 1369
1678450 1368
1678460 1368
1678470 1366
1678480 1365
1678490 1365
1678500 1365
1678510 1363
1678520 1363
1678530 1362
1678540 1361
1678550 1361
1678560 1360
1678570 1359
1678580 1359
1678590 1359
1678600 1358
1678610 1358
1678620 1358
1678630 1357
1678640 1355
1678650 1355
1678660 1353
1678670 1352
1678680 1352
1678690 1351
1678700 1349
1678710 1349
1678720 1347
1678730 1345
1678740 1345
1678750 1343
1678760 1341
1678770 1341
1678780 1338
1678790 1334
1678800 1331
1678810 1331
1678820 1329
1678830 1326
1678840 1326
1678850 1323
1678860 1320
1678870 1320
1678880 1315
1678890 1311
1678900 1311
1678910 1304
1678920 1300
1678930 1300
1678940 1296
1678950 1292
1678960 1292
1678970 1290
1678980 1288
1678990 1285
1679000 1285
1679010 1280
1679020 1274
1679030 1274
1679040 1270
1679050 1265
1679060 1265
1679070 1261
1679080 1257
1679090 1257
1679100 1255
1679110 1254
1679120 1254
1679130 1252
1679140 1249
1679150 1249
1679160 1247
1679170 1246
1679180 1245
1679190 1245
1679200 1244
1679210 1243
1679220 1243
1679230 1242
1679240 1243
1679250 1243
1679260 1243
1679270 1243
1679280 1243
1679290 1244
1679300 1244
1679310 1244
1679320 1243
1679330 1243
1679340 1243
1679350 1246
1679360 1246
1679370 1246
1679380 1246
1679390 1246
1679400 1246
1679410 1246
1679420 1245
1679430 1244
1679440 1244
1679450 1243
1679460 1242
1679470 1242
1679480 1240
1679490 1239
1679500 1239
1679510 1238
1679520 1236
1679530 1236
1679540 1235
1679550 1233
1679560 1231
1679570 1231
1679580 1229
1679590 1226
1679600 1226
1679610 1223
1679620 1222
1679630 1222
1679640 1221
1679650 1220
1679660 1220
1679670 1218
1679680 1217
1679690 1217
1679700 1216
1679710 1216
1679720 1216
1679730 1216
1679740 1216
1679750 1215
1679760 1215
1679770 1215
1679780 1216
1679790 1216
1679800 1216
1679810 1216
1679820 1216
1679830 1217
1679840 1216
1679850 1216
1679860 1216
1679870 1215
1679880 1215
1679890 1213
1679900 1212
1679910 1212
1679920 1212
1679930 1211
1679940 1211
1679950 1211
1679960 1212
1679970 1214
1679980 1214
1679990 1216
