1667520 1255
1667530 1256
1667540 1256
1667550 1257
1667560 1258
1667570 1259
1667580 1259
1667590 1260
1667600 1262
1667610 1262
1667620 1263
1667630 1263
1667640 1263
1667650 1264
1667660 1265
1667670 1265
1667680 1265
1667690 1266
1667700 1266
1667710 1266
1667720 1267
1667730 1267
1667740 1267
1667750 1267
1667760 1267
1667770 1267
1667780 1268
1667790 1269
1667800 1269
1667810 1271
1667820 1272
1667830 1272
1667840 1274
1667850 1276
1667860 1276
1667870 1278
1667880 1280
1667890 1280
1667900 1282
1667910 1284
1667920 1284
1667930 1285
1667940 1287
1667950 1287
1667960 1289
1667970 1290
1667980 1292
1667990 1292
1668000 1294
1668010 1295
1668020 1295
1668030 1297
1668040 1299
1668050 1299
1668060 1301
1668070 1303
1668080 1303
1668090 1305
1668100 1307
1668110 1307
1668120 1308
1668130 1310
1668140 1310
1668150 1310
1668160 1313
1668170 1317
1668180 1317
1668190 1318
1668200 1319
1668210 1319
1668220 1321
1668230 1323
1668240 1323
1668250 1324
1668260 1326
1668270 1326
1668280 1328
1668290 1330
1668300 1330
1668310 1332
1668320 1334
1668330 1334
1668340 1336
1668350 1337
1668360 1338
1668370 1338
1668380 1340
1668390 1343
1668400 1343
1668410 1345
1668420 1346
1668430 1346
1668440 1348
1668450 1350
1668460 1350
1668470 1353
1668480 1355
1668490 1355
1668500 1359
1668510 1361
1668520 1361
1668530 1364
1668540 1366
1668550 1370
1668560 1370
1668570 1370
1668580 1373
1668590 1373
1668600 1376
1668610 1378
1668620 1378
1668630 1380
1668640 1382
1668650 1382
1668660 1384
1668670 1386
1668680 1386
1668690 1388
1668700 1392
1668710 1392
1668720 1393
1668730 1397
1668740 1399
1668750 1399
1668760 1402
1668770 1405
1668780 1405
1668790 1408
1668800 1410
1668810 1410
1668820 1412
1668830 1414
1668840 1414
1668850 1416
1668860 1417
1668870 1417
1668880 1418
1668890 1418
1668900 1418
1668910 1418
1668920 1418
1668930 1418
1668940 1418
1668950 1418
1668960 1418
1668970 1418
1668980 1417
1668990 1416
1669000 1416
1669010 1414
1669020 1413
1669030 1413
1669040 1410
1669050 1408
1669060 1408
1669070 1406
1669080 1404
1669090 1404
1669100 1402
1669110 1400
1669120 1400
1669130 1398
1669140 1396
1669150 1393
1669160 1393
1669170 1391
1669180 1388
1669190 1388
1669200 1385
1669210 1381
1669220 1381
1669230 1378
1669240 1374
1669250 1374
1669260 1371
1669270 1367
1669280 1367
1669290 1364
1669300 1361
1669310 1361
1669320 1357
1669330 1354
1669340 1350
1669350 1350
1669360 1346
1669370 1342
1669380 1342
1669390 1339
1669400 1334
1669410 1334
1669420 1330
1669430 1326
1669440 1326
1669450 1323
1669460 1321
1669470 1321
1669480 1319
1669490 1317
1669500 1317
1669510 1314
1669520 1311
1669530 1309
1669540 1309
1669550 1307
1669560 1304
1669570 1304
1669580 1302
1669590 1299
1669600 1299
1669610 1295
1669620 1293
1669630 1293
1669640 1291
1669650 1288
1669660 1288
1669670 1285
1669680 1280
1669690 1280
1669700 1275
1669710 1272
1669720 1270
1669730 1270
1669740 1268
1669750 1264
1669760 1264
1669770 1260
1669780 1258
1669790 1258
1669800 1256
1669810 1253
1669820 1253
1669830 1251
1669840 1247
1669850 1247
1669860 1242
1669870 1238
1669880 1238
1669890 1233
1669900 1227
1669910 1223
1669920 1223
1669930 1219
1669940 1214
1669950 1214
1669960 1211
1669970 1207
1669980 1207
1669990 1202
1670000 1198
1670010 1198
1670020 1195
1670030 1192
1670040 1192
1670050 1189
1670060 1187
1670070 1187
1670080 1184
1670090 1182
1670100 1182
1670110 1179
1670120 1177
1670130 1175
1670140 1175
1670150 1171
1670160 1168
1670170 1168
1670180 1165
1670190 1162
1670200 1162
1670210 1159
1670220 1156
1670230 1156
1670240 1153
1670250 1149
1670260 1149
1670270 1146
1670280 1142
1670290 1142
1670300 1136
1670310 1133
1670320 1130
1670330 1130
1670340 1127
1670350 1125
1670360 1125
1670370 1126
1670380 1125
1670390 1125
1670400 1122
1670410 1120
1670420 1120
1670430 1117
1670440 1114
1670450 1114
1670460 1112
1670470 1110
1670480 1110
1670490 1107
1670500 1105
1670510 1103
1670520 1103
1670530 1101
1670540 1099
1670550 1099
1670560 1097
1670570 1096
1670580 1096
1670590 1098
1670600 1100
1670610 1100
1670620 1101
1670630 1102
1670640 1102
1670650 1102
1670660 1102
1670670 1102
1670680 1102
1670690 1101
1670700 1099
1670710 1099
1670720 1097
1670730 1094
1670740 1094
1670750 1094
1670760 1093
1670770 1093
1670780 1092
1670790 1092
1670800 1092
1670810 1093
1670820 1093
1670830 1093
1670840 1093
1670850 1093
1670860 1093
1670870 1094
1670880 1096
1670890 1097
1670900 1097
1670910 1098
1670920 1100
1670930 1100
1670940 1101
1670950 1102
1670960 1102
1670970 1104
1670980 1106
1670990 1106
1671000 1109
1671010 1111
1671020 1111
1671030 1112
1671040 1114
1671050 1114
1671060 1116
1671070 1118
1671080 1120
1671090 1120
1671100 1122
1671110 1123
1671120 1123
1671130 1125
1671140 1126
1671150 1126
1671160 1126
1671170 1127
1671180 1127
1671190 1127
1671200 1126
1671210 1126
1671220 1125
1671230 1125
1671240 1125
1671250 1124
1671260 1123
1671270 1123
1671280 1122
1671290 1121
1671300 1120
1671310 1120
1671320 1119
1671330 1118
1671340 1118
1671350 1117
1671360 1115
1671370 1115
1671380 1113
1671390 1112
1671400 1112
1671410 1111
1671420 1109
1671430 1109
1671440 1105
1671450 1103
1671460 1103
1671470 1099
1671480 1096
1671490 1093
1671500 1093
1671510 1092
1671520 1089
1671530 1089
1671540 1085
1671550 1083
1671560 1083
1671570 1082
1671580 1080
1671590 1080
1671600 1079
1671610 1077
1671620 1077
1671630 1076
1671640 1073
1671650 1073
1671660 1070
1671670 1068
1671680 1067
1671690 1067
1671700 1066
1671710 1064
1671720 1064
1671730 1061
1671740 1057
1671750 1057
1671760 1053
1671770 1048
1671780 1048
1671790 1043
1671800 1035
1671810 1035
1671820 1029
1671830 1030
1671840 1030
1671850 1031
1671860 1031
1671870 1031
1671880 1031
1671890 1032
1671900 1034
1671910 1034
1671920 1038
1671930 1043
1671940 1043
1671950 1048
1671960 1053
1671970 1053
1671980 1057
1671990 1061
1672000 1061
1672010 1064
1672020 1067
1672030 1067
1672040 1069
1672050 1072
1672060 1074
1672070 1074
1672080 1076
1672090 1079
1672100 1079
1672110 1081
1672120 1084
1672130 1084
1672140 1087
1672150 1089
1672160 1089
1672170 1091
1672180 1094
1672190 1094
1672200 1098
1672210 1101
1672220 1101
1672230 1103
1672240 1106
1672250 1106
1672260 1110
1672270 1113
1672280 1115
1672290 1115
1672300 1117
1672310 1118
1672320 1118
1672330 1119
1672340 1121
1672350 1121
1672360 1123
1672370 1125
1672380 1125
1672390 1126
1672400 1127
1672410 1127
1672420 1128
1672430 1129
1672440 1129
1672450 1130
1672460 1131
1672470 1133
1672480 1133
1672490 1134
1672500 1135
1672510 1135
1672520 1136
1672530 1137
1672540 1137
1672550 1139
1672560 1140
1672570 1140
1672580 1141
1672590 1143
1672600 1143
1672610 1144
1672620 1146
1672630 1146
1672640 1147
1672650 1149
1672660 1151
1672670 1151
1672680 1152
1672690 1154
1672700 1154
1672710 1156
1672720 1158
1672730 1158
1672740 1159
1672750 1161
1672760 1161
1672770 1163
1672780 1164
1672790 1164
1672800 1166
1672810 1167
1672820 1167
1672830 1169
1672840 1170
1672850 1170
1672860 1170
1672870 1171
1672880 1172
1672890 1172
1672900 1174
1672910 1175
1672920 1175
1672930 1176
1672940 1177
1672950 1177
1672960 1178
1672970 1179
1672980 1179
1672990 1181
1673000 1183
1673010 1183
1673020 1184
1673030 1186
1673040 1187
1673050 1187
1673060 1189
1673070 1190
1673080 1190
1673090 1192
1673100 1195
1673110 1195
1673120 1195
1673130 1198
1673140 1198
1673150 1200
1673160 1201
1673170 1201
1673180 1203
1673190 1206
1673200 1206
1673210 1208
1673220 1210
1673230 1211
1673240 1211
1673250 1214
1673260 1216
1673270 1216
1673280 1218
1673290 1220
1673300 1220
1673310 1221
1673320 1224
1673330 1224
1673340 1226
1673350 1228
1673360 1228
1673370 1230
1673380 1231
1673390 1231
1673400 1233
1673410 1237
1673420 1237
1673430 1239
1673440 1241
1673450 1243
1673460 1243
1673470 1246
1673480 1249
1673490 1249
1673500 1251
1673510 1253
1673520 1253
1673530 1256
1673540 1257
1673550 1257
1673560 1259
1673570 1262
1673580 1262
1673590 1264
1673600 1266
1673610 1266
1673620 1268
1673630 1271
1673640 1274
1673650 1274
1673660 1276
1673670 1279
1673680 1279
1673690 1281
1673700 1284
1673710 1284
1673720 1286
1673730 1288
1673740 1288
1673750 1291
1673760 1293
1673770 1293
1673780 1295
1673790 1297
1673800 1297
1673810 1300
1673820 1303
1673830 1306
1673840 1306
1673850 1308
1673860 1310
1673870 1310
1673880 1312
1673890 1314
1673900 1314
1673910 1316
1673920 1318
1673930 1318
1673940 1320
1673950 1322
1673960 1322
1673970 1323
1673980 1325
1673990 1325
1674000 1327
1674010 1329
1674020 1331
1674030 1331
1674040 1334
1674050 1335
1674060 1335
1674070 1337
1674080 1340
1674090 1340
1674100 1342
1674110 1344
1674120 1344
1674130 1346
1674140 1348
1674150 1348
1674160 1350
1674170 1352
1674180 1352
1674190 1354
1674200 1356
1674210 1358
1674220 1358
1674230 1359
1674240 1361
1674250 1361
1674260 1362
1674270 1363
1674280 1363
1674290 1364
1674300 1365
1674310 1365
1674320 1365
1674330 1366
1674340 1366
1674350 1367
1674360 1367
1674370 1367
1674380 1366
1674390 1363
1674400 1362
1674410 1362
1674420 1359
1674430 1356
1674440 1356
1674450 1354
1674460 1351
1674470 1351
1674480 1346
1674490 1345
1674500 1345
1674510 1342
1674520 1340
1674530 1340
1674540 1338
1674550 1335
1674560 1335
1674570 1332
1674580 1329
1674590 1329
1674600 1327
1674610 1324
1674620 1323
1674630 1323
1674640 1320
1674650 1318
1674660 1318
1674670 1315
1674680 1313
1674690 1313
1674700 1313
1674710 1309
1674720 1309
1674730 1307
1674740 1304
1674750 1304
1674760 1301
1674770 1299
1674780 1299
1674790 1296
1674800 1293
1674810 1289
1674820 1289
1674830 1285
1674840 1281
1674850 1281
1674860 1274
1674870 1272
1674880 1272
1674890 1271
1674900 1266
1674910 1266
1674920 1266
1674930 1263
1674940 1263
1674950 1261
1674960 1258
1674970 1258
1674980 1258
1674990 1259
1675000 1256
1675010 1256
1675020 1254
1675030 1253
1675040 1253
1675050 1253
1675060 1252
1675070 1252
1675080 1250
1675090 1249
1675100 1249
1675110 1248
1675120 1247
1675130 1247
1675140 1247
1675150 1247
1675160 1247
1675170 1249
1675180 1248
1675190 1249
1675200 1249
1675210 1248
1675220 1248
1675230 1248
1675240 1249
1675250 1247
1675260 1247
1675270 1246
1675280 1246
1675290 1246
1675300 1246
1675310 1246
1675320 1246
1675330 1245
1675340 1245
1675350 1245
1675360 1244
1675370 1242
1675380 1238
1675390 1238
1675400 1236
1675410 1235
1675420 1235
1675430 1232
1675440 1229
1675450 1229
1675460 1227
1675470 1225
1675480 1225
1675490 1223
1675500 1219
1675510 1219
1675520 1217
1675530 1215
1675540 1215
1675550 1212
1675560 1209
1675570 1209
1675580 1206
1675590 1202
1675600 1201
1675610 1201
1675620 1199
1675630 1195
1675640 1195
1675650 1191
1675660 1190
1675670 1190
1675680 1188
1675690 1186
1675700 1186
1675710 1183
1675720 1182
1675730 1182
1675740 1183
1675750 1182
1675760 1182
1675770 1182
1675780 1183
1675790 1183
1675800 1183
1675810 1185
1675820 1188
1675830 1188
1675840 1189
1675850 1190
1675860 1190
1675870 1191
1675880 1192
1675890 1192
1675900 1194
1675910 1196
1675920 1196
1675930 1199
1675940 1202
1675950 1202
1675960 1205
1675970 1208
1675980 1210
1675990 1210
1676000 1213
1676010 1215
1676020 1215
1676030 1217
1676040 1218
1676050 1218
1676060 1219
1676070 1218
1676080 1218
1676090 1218
1676100 1217
1676110 1217
1676120 1216
1676130 1215
1676140 1215
1676150 1213
1676160 1211
1676170 1208
1676180 1208
1676190 1205
1676200 1203
1676210 1203
1676220 1200
1676230 1200
1676240 1200
1676250 1199
1676260 1196
1676270 1196
1676280 1194
1676290 1192
1676300 1192
1676310 1191
1676320 1189
1676330 1189
1676340 1191
1676350 1195
1676360 1198
1676370 1198
1676380 1200
1676390 1201
1676400 1201
1676410 1204
1676420 1206
1676430 1206
1676440 1208
1676450 1210
1676460 1210
1676470 1212
1676480 1214
1676490 1214
1676500 1216
1676510 1219
1676520 1219
1676530 1221
1676540 1222
1676550 1225
1676560 1225
1676570 1227
1676580 1230
1676590 1230
1676600 1232
1676610 1234
1676620 1234
1676630 1237
1676640 1239
1676650 1239
1676660 1241
1676670 1243
1676680 1243
1676690 1245
1676700 1248
1676710 1248
1676720 1250
1676730 1251
1676740 1251
1676750 1252
1676760 1253
1676770 1254
1676780 1254
1676790 1256
1676800 1259
1676810 1259
1676820 1261
1676830 1262
1676840 1262
1676850 1262
1676860 1261
1676870 1261
1676880 1261
1676890 1260
1676900 1260
1676910 1259
1676920 1258
1676930 1258
1676940 1257
1676950 1254
1676960 1253
1676970 1253
1676980 1251
1676990 1250
1677000 1250
1677010 1248
1677020 1246
1677030 1246
1677040 1243
1677050 1241
1677060 1241
1677070 1237
1677080 1233
1677090 1233
1677100 1229
1677110 1226
1677120 1226
1677130 1221
1677140 1217
1677150 1213
1677160 1213
1677170 1210
1677180 1208
1677190 1208
1677200 1205
1677210 1202
1677220 1202
1677230 1198
1677240 1197
1677250 1197
1677260 1194
1677270 1193
1677280 1193
1677290 1192
1677300 1191
1677310 1191
1677320 1191
1677330 1191
1677340 1189
1677350 1189
1677360 1187
1677370 1185
1677380 1185
1677390 1183
1677400 1181
1677410 1181
1677420 1178
1677430 1175
1677440 1175
1677450 1173
1677460 1170
1677470 1170
1677480 1168
1677490 1165
1677500 1165
1677510 1163
1677520 1159
1677530 1155
1677540 1155
1677550 1150
1677560 1144
1677570 1144
1677580 1142
1677590 1140
1677600 1140
1677610 1139
1677620 1139
1677630 1139
1677640 1142
1677650 1146
1677660 1146
1677670 1148
1677680 1151
1677690 1151
1677700 1153
1677710 1155
1677720 1156
1677730 1156
1677740 1158
1677750 1159
1677760 1159
1677770 1161
1677780 1162
1677790 1162
1677800 1163
1677810 1165
1677820 1165
1677830 1166
1677840 1166
1677850 1166
1677860 1167
1677870 1167
1677880 1167
1677890 1168
1677900 1169
1677910 1169
1677920 1170
1677930 1171
1677940 1172
1677950 1172
1677960 1172
1677970 1172
1677980 1172
1677990 1173
1678000 1176
1678010 1176
1678020 1177
1678030 1179
1678040 1179
1678050 1180
1678060 1181
1678070 1181
1678080 1183
1678090 1184
1678100 1184
1678110 1186
1678120 1187
1678130 1188
1678140 1188
1678150 1190
1678160 1191
1678170 1191
1678180 1192
1678190 1193
1678200 1193
1678210 1194
1678220 1195
1678230 1195
1678240 1196
1678250 1198
1678260 1198
1678270 1199
1678280 1200
1678290 1200
1678300 1201
1678310 1203
1678320 1204
1678330 1204
1678340 1204
1678350 1205
1678360 1205
1678370 1206
1678380 1207
1678390 1207
1678400 1208
1678410 1209
1678420 1209
1678430 1210
1678440 1211
1678450 1211
1678460 1212
1678470 1213
1678480 1213
1678490 1213
1678500 1212
1678510 1211
1678520 1211
1678530 1210
1678540 1209
1678550 1209
1678560 1208
1678570 1208
1678580 1208
1678590 1207
1678600 1206
1678610 1206
1678620 1205
1678630 1204
1678640 1204
1678650 1203
1678660 1200
1678670 1200
1678680 1199
1678690 1195
1678700 1192
1678710 1192
1678720 1188
1678730 1185
1678740 1185
1678750 1181
1678760 1179
1678770 1179
1678780 1177
1678790 1175
1678800 1175
1678810 1173
1678820 1171
1678830 1171
1678840 1169
1678850 1164
1678860 1164
1678870 1160
1678880 1157
1678890 1157
1678900 1154
1678910 1151
1678920 1149
1678930 1149
1678940 1148
1678950 1146
1678960 1146
1678970 1144
1678980 1142
1678990 1142
1679000 1140
1679010 1138
1679020 1138
1679030 1135
1679040 1133
1679050 1133
1679060 1131
1679070 1127
1679080 1127
1679090 1126
1679100 1124
1679110 1124
1679120 1124
1679130 1125
1679140 1124
1679150 1124
1679160 1122
1679170 1119
1679180 1119
1679190 1119
1679200 1118
1679210 1118
1679220 1117
1679230 1115
1679240 1115
1679250 1112
1679260 1109
1679270 1109
1679280 1109
1679290 1108
1679300 1107
1679310 1107
1679320 1106
1679330 1105
1679340 1105
1679350 1104
1679360 1101
1679370 1101
1679380 1097
1679390 1092
1679400 1092
1679410 1092
1679420 1089
1679430 1089
1679440 1088
1679450 1088
1679460 1088
1679470 1088
1679480 1088
1679490 1087
1679500 1087
1679510 1087
1679520 1086
1679530 1086
1679540 1087
1679550 1086
1679560 1086
1679570 1087
1679580 1088
1679590 1088
1679600 1088
1679610 1087
1679620 1087
1679630 1090
1679640 1093
1679650 1093
1679660 1098
1679670 1100
1679680 1103
1679690 1103
1679700 1105
1679710 1106
1679720 1106
1679730 1108
1679740 1111
1679750 1111
1679760 1114
1679770 1117
1679780 1117
1679790 1121
1679800 1125
1679810 1125
1679820 1128
1679830 1129
1679840 1129
1679850 1131
1679860 1133
1679870 1135
1679880 1135
1679890 1137
1679900 1140
1679910 1140
1679920 1142
1679930 1144
1679940 1144
1679950 1147
1679960 1150
1679970 1150
1679980 1152
1679990 1154
1660000 1022
1660010 1022
1660020 1024
1660030 1025
1660040 1025
1660050 1026
1660060 1027
1660070 1028
1660080 1028
1660090 1028
1660100 1027
1660110 1027
1660120 1039
1660130 1035
1660140 1040
1660150 1037
1660160 1035
1660170 1035
1660180 1043
1660190 1048
1660200 1048
1660210 1047
1660220 1035
1660230 1035
1660240 1037
1660250 1036
1660260 1036
1660270 1036
1660280 1032
1660290 1033
1660300 1033
1660310 1032
1660320 1032
1660330 1032
1660340 1033
1660350 1033
1660360 1033
1660370 1035
1660380 1033
1660390 1033
1660400 1033
1660410 1035
1660420 1035
1660430 1034
1660440 1034
1660450 1034
1660460 1034
1660470 1035
1660480 1035
1660490 1035
1660500 1036
1660510 1038
1660520 1038
1660530 1036
1660540 1036
1660550 1036
1660560 1039
1660570 1037
1660580 1037
1660590 1038
1660600 1039
1660610 1039
1660620 1042
1660630 1042
1660640 1042
1660650 1042
1660660 1048
1660670 1064
1660680 1064
1660690 1061
1660700 1059
1660710 1059
1660720 1077
1660730 1079
1660740 1079
1660750 1079
1660760 1079
1660770 1079
1660780 1077
1660790 1076
1660800 1076
1660810 1056
1660820 1062
1660830 1061
1660840 1061
1660850 1056
1660860 1063
1660870 1060
1660880 1060
1660890 1068
1660900 1068
1660910 1061
1660920 1059
1660930 1059
1660940 1059
1660950 1059
1660960 1059
1660970 1064
1660980 1062
1660990 1062
1661000 1062
1661010 1069
1661020 1069
1661030 1068
1661040 1061
1661050 1061
1661060 1061
1661070 1061
1661080 1061
1661090 1061
1661100 1060
1661110 1065
1661120 1065
1661130 1070
1661140 1070
1661150 1070
1661160 1069
1661170 1060
1661180 1060
1661190 1061
1661200 1064
1661210 1064
1661220 1061
1661230 1068
1661240 1070
1661250 1070
1661260 1069
1661270 1065
1661280 1065
1661290 1070
1661300 1079
1661310 1079
1661320 1079
1661330 1068
1661340 1068
1661350 1069
1661360 1079
1661370 1079
1661380 1077
1661390 1077
1661400 1077
1661410 1075
1661420 1082
1661430 1082
1661440 1082
1661450 1079
1661460 1080
1661470 1080
1661480 1079
1661490 1082
1661500 1082
1661510 1079
1661520 1079
1661530 1079
1661540 1083
1661550 1082
1661560 1082
1661570 1083
1661580 1075
1661590 1076
1661600 1079
1661610 1086
1661620 1089
1661630 1089
1661640 1082
1661650 1080
1661660 1080
1661670 1086
1661680 1091
1661690 1091
1661700 1089
1661710 1090
1661720 1090
1661730 1091
1661740 1088
1661750 1088
1661760 1086
1661770 1089
1661780 1089
1661790 1093
1661800 1093
1661810 1090
1661820 1090
1661830 1092
1661840 1092
1661850 1092
1661860 1094
1661870 1092
1661880 1092
1661890 1088
1661900 1091
1661910 1091
1661920 1089
1661930 1088
1661940 1088
1661950 1086
1661960 1086
1661970 1086
1661980 1085
1661990 1092
1662000 1095
1662010 1095
1662020 1094
1662030 1089
1662040 1089
1662050 1093
1662060 1095
1662070 1095
1662080 1094
1662090 1094
1662100 1094
1662110 1091
1662120 1090
1662130 1090
1662140 1079
1662150 1078
1662160 1078
1662170 1077
1662180 1075
1662190 1074
1662200 1074
1662210 1073
1662220 1072
1662230 1072
1662240 1071
1662250 1071
1662260 1071
1662270 1070
1662280 1069
1662290 1069
1662300 1068
1662310 1065
1662320 1065
1662330 1064
1662340 1063
1662350 1063
1662360 1063
1662370 1062
1662380 1062
1662390 1062
1662400 1061
1662410 1060
1662420 1060
1662430 1059
1662440 1058
1662450 1058
1662460 1056
1662470 1066
1662480 1066
1662490 1077
1662500 1082
1662510 1082
1662520 1083
1662530 1081
1662540 1081
1662550 1068
1662560 1067
1662570 1065
1662580 1065
1662590 1053
1662600 1058
1662610 1058
1662620 1060
1662630 1055
1662640 1055
1662650 1058
1662660 1056
1662670 1056
1662680 1056
1662690 1053
1662700 1053
1662710 1048
1662720 1044
1662730 1044
1662740 1050
1662750 1051
1662760 1048
1662770 1048
1662780 1048
1662790 1048
1662800 1048
1662810 1045
1662820 1042
1662830 1042
1662840 1054
1662850 1051
1662860 1051
1662870 1047
1662880 1048
1662890 1048
1662900 1047
1662910 1026
1662920 1026
1662930 1050
1662940 1049
1662950 1048
1662960 1048
1662970 1046
1662980 1046
1662990 1046
1663000 1048
1663010 1045
1663020 1045
1663030 1045
1663040 1043
1663050 1043
1663060 1042
1663070 1042
1663080 1042
1663090 1044
1663100 1045
1663110 1045
1663120 1045
1663130 1043
1663140 1039
1663150 1039
1663160 1042
1663170 1044
1663180 1044
1663190 1041
1663200 1037
1663210 1037
1663220 1037
1663230 1033
1663240 1033
1663250 1034
1663260 1032
1663270 1032
1663280 1028
1663290 1024
1663300 1024
1663310 1019
1663320 1024
1663330 1023
1663340 1023
1663350 1020
1663360 1015
1663370 1015
1663380 1012
1663390 1020
1663400 1020
1663410 1024
1663420 1025
1663430 1025
1663440 1030
1663450 1032
1663460 1032
1663470 1035
1663480 1039
1663490 1039
1663500 1041
1663510 1042
1663520 1042
1663530 1050
1663540 1050
1663550 1038
1663560 1038
1663570 1024
1663580 1026
1663590 1026
1663600 1028
1663610 1030
1663620 1030
1663630 1031
1663640 1033
1663650 1033
1663660 1035
1663670 1037
1663680 1037
1663690 1039
1663700 1040
1663710 1040
1663720 1041
1663730 1042
1663740 1045
1663750 1045
1663760 1046
1663770 1046
1663780 1046
1663790 1055
1663800 1054
1663810 1054
1663820 1044
1663830 1044
1663840 1044
1663850 1043
1663860 1042
1663870 1042
1663880 1042
1663890 1042
1663900 1042
1663910 1042
1663920 1042
1663930 1044
1663940 1044
1663950 1063
1663960 1061
1663970 1061
1663980 1050
1663990 1060
1664000 1060
1664010 1060
1664020 1066
1664030 1066
1664040 1071
1664050 1061
1664060 1061
1664070 1072
1664080 1079
1664090 1079
1664100 1076
1664110 1077
1664120 1084
1664130 1084
1664140 1080
1664150 1091
1664160 1091
1664170 1092
1664180 1095
1664190 1095
1664200 1096
1664210 1093
1664220 1093
1664230 1094
1664240 1098
1664250 1098
1664260 1096
1664270 1098
1664280 1098
1664290 1079
1664300 1100
1664310 1098
1664320 1098
1664330 1101
1664340 1105
1664350 1105
1664360 1107
1664370 1105
1664380 1105
1664390 1109
1664400 1105
1664410 1105
1664420 1107
1664430 1106
1664440 1106
1664450 1110
1664460 1109
1664470 1109
1664480 1108
1664490 1110
1664500 1109
1664510 1109
1664520 1084
1664530 1083
1664540 1083
1664550 1111
1664560 1113
1664570 1113
1664580 1113
1664590 1106
1664600 1106
1664610 1109
1664620 1110
1664630 1110
1664640 1097
1664650 1101
1664660 1101
1664670 1087
1664680 1082
1664690 1087
1664700 1087
1664710 1091
1664720 1091
1664730 1091
1664740 1090
1664750 1093
1664760 1093
1664770 1093
1664780 1095
1664790 1095
1664800 1095
1664810 1098
1664820 1098
1664830 1094
1664840 1093
1664850 1093
1664860 1098
1664870 1097
1664880 1101
1664890 1101
1664900 1106
1664910 1103
1664920 1103
1664930 1107
1664940 1113
1664950 1113
1664960 1102
1664970 1100
1664980 1100
1664990 1099
1665000 1119
1665010 1119
1665020 1110
1665030 1112
1665040 1112
1665050 1113
1665060 1113
1665070 1117
1665080 1117
1665090 1109
1665100 1117
1665110 1117
1665120 1118
1665130 1116
1665140 1116
1665150 1114
1665160 1111
1665170 1111
1665180 1110
1665190 1106
1665200 1106
1665210 1130
1665220 1125
1665230 1125
1665240 1131
1665250 1127
1665260 1120
1665270 1120
1665280 1128
1665290 1134
1665300 1134
1665310 1129
1665320 1128
1665330 1128
1665340 1132
1665350 1142
1665360 1142
1665370 1141
1665380 1143
1665390 1143
1665400 1144
1665410 1142
1665420 1142
1665430 1145
1665440 1149
1665450 1153
1665460 1153
1665470 1153
1665480 1153
1665490 1153
1665500 1156
1665510 1157
1665520 1157
1665530 1158
1665540 1159
1665550 1159
1665560 1163
1665570 1163
1665580 1163
1665590 1166
1665600 1163
1665610 1163
1665620 1172
1665630 1171
1665640 1174
1665650 1174
1665660 1177
1665670 1176
1665680 1176
1665690 1175
1665700 1177
1665710 1177
1665720 1180
1665730 1182
1665740 1182
1665750 1179
1665760 1182
1665770 1182
1665780 1183
1665790 1183
1665800 1183
1665810 1160
1665820 1161
1665830 1163
1665840 1163
1665850 1164
1665860 1166
1665870 1166
1665880 1168
1665890 1170
1665900 1170
1665910 1172
1665920 1174
1665930 1174
1665940 1184
1665950 1178
1665960 1178
1665970 1181
1665980 1183
1665990 1183
1666000 1188
1666010 1190
1666020 1190
1666030 1196
1666040 1196
1666050 1195
1666060 1195
1666070 1196
1666080 1200
1666090 1200
1666100 1199
1666110 1193
1666120 1193
1666130 1195
1666140 1196
1666150 1196
1666160 1213
1666170 1216
1666180 1216
1666190 1215
1666200 1215
1666210 1215
1666220 1213
1666230 1209
1666240 1210
1666250 1210
1666260 1207
1666270 1208
1666280 1208
1666290 1211
1666300 1212
1666310 1212
1666320 1215
1666330 1218
1666340 1218
1666350 1216
1666360 1219
1666370 1219
1666380 1218
1666390 1218
1666400 1218
1666410 1214
1666420 1218
1666430 1216
1666440 1216
1666450 1214
1666460 1217
1666470 1217
1666480 1222
1666490 1222
1666500 1222
1666510 1222
1666520 1221
1666530 1221
1666540 1225
1666550 1226
1666560 1226
1666570 1225
1666580 1233
1666590 1233
1666600 1232
1666610 1232
1666620 1237
1666630 1237
1666640 1238
1666650 1237
1666660 1237
1666670 1240
1666680 1243
1666690 1243
1666700 1244
1666710 1243
1666720 1243
1666730 1241
1666740 1219
1666750 1219
1666760 1220
1666770 1220
1666780 1220
1666790 1221
1666800 1222
1666810 1223
1666820 1223
1666830 1223
1666840 1224
1666850 1224
1666860 1225
1666870 1225
1666880 1225
1666890 1228
1666900 1250
1666910 1250
1666920 1250
1666930 1251
1666940 1251
1666950 1245
1666960 1241
1666970 1241
1666980 1245
1666990 1244
1667000 1254
1667010 1254
1667020 1254
1667030 1257
1667040 1257
1667050 1258
1667060 1245
1667070 1245
1667080 1257
1667090 1254
1667100 1254
1667110 1234
1667120 1248
1667130 1248
1667140 1254
1667150 1238
1667160 1238
1667170 1234
1667180 1234
1667190 1235
1667200 1235
1667210 1236
1667220 1237
1667230 1237
1667240 1238
1667250 1239
1667260 1239
1667270 1241
1667280 1242
1667290 1242
1667300 1243
1667310 1243
1667320 1243
1667330 1244
1667340 1244
1667350 1244
1667360 1245
1667370 1255
1667380 1256
1667390 1256
1667400 1248
1667410 1252
1667420 1252
1667430 1249
1667440 1255
1667450 1255
1667460 1253
1667470 1254
1667480 1254
1667490 1255
1667500 1256
1667510 1256
1667520 1268
1667530 1269
1667540 1269
1667550 1270
1667560 1270
1667570 1292
1667580 1292
1667590 1294
1667600 1295
1667610 1295
1667620 1293
1667630 1291
1667640 1291
1667650 1278
1667660 1276
1667670 1276
1667680 1276
1667690 1289
1667700 1289
1667710 1290
1667720 1291
1667730 1291
1667740 1290
1667750 1290
1667760 1291
1667770 1291
1667780 1288
1667790 1293
1667800 1293
1667810 1295
1667820 1295
1667830 1295
1667840 1298
1667850 1296
1667860 1296
1667870 1280
1667880 1282
1667890 1282
1667900 1284
1667910 1285
1667920 1285
1667930 1287
1667940 1289
1667950 1290
1667960 1290
1667970 1293
1667980 1295
1667990 1295
1668000 1297
1668010 1299
1668020 1299
1668030 1301
1668040 1303
1668050 1303
1668060 1305
1668070 1306
1668080 1306
1668090 1315
1668100 1318
1668110 1318
1668120 1325
1668130 1318
1668140 1319
1668150 1319
1668160 1329
1668170 1331
1668180 1331
1668190 1328
1668200 1342
1668210 1342
1668220 1345
1668230 1344
1668240 1344
1668250 1350
1668260 1350
1668270 1350
1668280 1353
1668290 1349
1668300 1349
1668310 1354
1668320 1354
1668330 1356
1668340 1356
1668350 1357
1668360 1359
1668370 1359
1668380 1364
1668390 1366
1668400 1366
1668410 1367
1668420 1367
1668430 1367
1668440 1371
1668450 1370
1668460 1370
1668470 1374
1668480 1375
1668490 1375
1668500 1381
1668510 1383
1668520 1383
1668530 1390
1668540 1388
1668550 1394
1668560 1394
1668570 1395
1668580 1399
1668590 1399
1668600 1399
1668610 1404
1668620 1403
1668630 1403
1668640 1402
1668650 1406
1668660 1406
1668670 1409
1668680 1414
1668690 1414
1668700 1414
1668710 1417
1668720 1417
1668730 1420
1668740 1420
1668750 1429
1668760 1429
1668770 1431
1668780 1428
1668790 1428
1668800 1433
1668810 1430
1668820 1430
1668830 1430
1668840 1434
1668850 1434
1668860 1434
1668870 1437
1668880 1437
1668890 1435
1668900 1437
1668910 1437
1668920 1438
1668930 1440
1668940 1440
1668950 1440
1668960 1437
