1664530 1050
1664540 1050
1664550 1052
1664560 1054
1664570 1056
1664580 1056
1664590 1059
1664600 1060
1664610 1060
1664620 1060
1664630 1060
1664640 1060
1664650 1061
1664660 1062
1664670 1062
1664680 1063
1664690 1064
1664700 1064
1664710 1065
1664720 1061
1664730 1061
1664740 1061
1664750 1061
1664760 1061
1664770 1061
1664780 1061
1664790 1061
1664800 1061
1664810 1061
1664820 1062
1664830 1062
1664840 1062
1664850 1062
1664860 1062
1664870 1062
1664880 1062
1664890 1062
1664900 1062
1664910 1062
1664920 1062
1664930 1063
1664940 1063
1664950 1065
1664960 1065
1664970 1067
1664980 1068
1664990 1068
1665000 1069
1665010 1067
1665020 1067
1665030 1065
1665040 1065
1665050 1065
1665060 1064
1665070 1064
1665080 1064
1665090 1063
1665100 1061
1665110 1061
1665120 1059
1665130 1057
1665140 1057
1665150 1053
1665160 1049
1665170 1044
1665180 1044
1665190 1042
1665200 1044
1665210 1044
1665220 1045
1665230 1046
1665240 1046
1665250 1048
1665260 1050
1665270 1050
1665280 1051
1665290 1051
1665300 1051
1665310 1053
1665320 1055
1665330 1055
1665340 1059
1665350 1062
1665360 1063
1665370 1063
1665380 1061
1665390 1060
1665400 1060
1665410 1059
1665420 1059
1665430 1059
1665440 1059
1665450 1059
1665460 1059
1665470 1059
1665480 1059
1665490 1059
1665500 1059
1665510 1059
1665520 1059
1665530 1059
1665540 1059
1665550 1059
1665560 1059
1665570 1059
1665580 1059
1665590 1059
1665600 1059
1665610 1059
1665620 1059
1665630 1061
1665640 1063
1665650 1063
1665660 1064
1665670 1067
1665680 1067
1665690 1069
1665700 1069
1665710 1069
1665720 1067
1665730 1066
1665740 1065
1665750 1065
1665760 1065
1665770 1064
1665780 1064
1665790 1064
1665800 1063
1665810 1063
1665820 1063
1665830 1062
1665840 1062
1665850 1062
1665860 1058
1665870 1058
1665880 1057
1665890 1060
1665900 1060
1665910 1063
1665920 1067
1665930 1067
1665940 1069
1665950 1070
1665960 1071
1665970 1071
1665980 1071
1665990 1071
1666000 1071
1666010 1071
1666020 1070
1666030 1070
1666040 1069
1666050 1067
1666060 1067
1666070 1065
1666080 1062
1666090 1062
1666100 1060
1666110 1060
1666120 1060
1666130 1061
1666140 1062
1666150 1064
1666160 1064
1666170 1066
1666180 1068
1666190 1068
1666200 1070
1666210 1072
1666220 1072
1666230 1075
1666240 1076
1666250 1076
1666260 1078
1666270 1080
1666280 1080
1666290 1082
1666300 1085
1666310 1085
1666320 1087
1666330 1089
1666340 1091
1666350 1091
1666360 1093
1666370 1095
1666380 1095
1666390 1097
1666400 1098
1666410 1098
1666420 1100
1666430 1102
1666440 1102
1666450 1103
1666460 1104
1666470 1104
1666480 1107
1666490 1109
1666500 1109
1666510 1111
1666520 1112
1666530 1112
1666540 1115
1666550 1117
1666560 1119
1666570 1119
1666580 1120
1666590 1122
1666600 1122
1666610 1124
1666620 1126
1666630 1126
1666640 1128
1666650 1131
1666660 1131
1666670 1133
1666680 1136
1666690 1136
1666700 1138
1666710 1139
1666720 1139
1666730 1141
1666740 1143
1666750 1144
1666760 1144
1666770 1145
1666780 1147
1666790 1147
1666800 1148
1666810 1149
1666820 1149
1666830 1150
1666840 1152
1666850 1152
1666860 1153
1666870 1154
1666880 1154
1666890 1155
1666900 1157
1666910 1157
1666920 1158
1666930 1159
1666940 1161
1666950 1161
1666960 1163
1666970 1166
1666980 1166
1666990 1165
1667000 1167
1667010 1167
1667020 1169
1667030 1171
1667040 1171
1667050 1173
1667060 1174
1667070 1174
1667080 1176
1667090 1178
1667100 1178
1667110 1179
1667120 1181
1667130 1183
1667140 1183
1667150 1186
1667160 1187
1667170 1187
1667180 1190
1667190 1191
1667200 1191
1667210 1193
1667220 1195
1667230 1195
1667240 1197
1667250 1199
1667260 1199
1667270 1201
1667280 1204
1667290 1204
1667300 1206
1667310 1207
1667320 1207
1667330 1209
1667340 1211
1667350 1213
1667360 1213
1667370 1215
1667380 1217
1667390 1217
1667400 1218
1667410 1220
1667420 1220
1667430 1222
1667440 1223
1667450 1223
1667460 1224
1667470 1225
1667480 1225
1667490 1226
1667500 1226
1667510 1226
1667520 1226
1667530 1226
1667540 1225
1667550 1225
1667560 1224
1667570 1223
1667580 1223
1667590 1222
1667600 1221
1667610 1221
1667620 1220
1667630 1218
1667640 1218
1667650 1217
1667660 1216
1667670 1216
1667680 1216
1667690 1215
1667700 1215
1667710 1215
1667720 1215
1667730 1214
1667740 1214
1667750 1213
1667760 1212
1667770 1212
1667780 1211
1667790 1210
1667800 1210
1667810 1208
1667820 1207
1667830 1207
1667840 1205
1667850 1204
1667860 1204
1667870 1204
1667880 1202
1667890 1202
1667900 1201
1667910 1199
1667920 1199
1667930 1197
1667940 1194
1667950 1191
1667960 1191
1667970 1189
1667980 1186
1667990 1186
1668000 1184
1668010 1182
1668020 1182
1668030 1180
1668040 1178
1668050 1178
1668060 1176
1668070 1174
1668080 1174
1668090 1171
1668100 1169
1668110 1169
1668120 1166
1668130 1164
1668140 1162
1668150 1162
1668160 1158
1668170 1156
1668180 1156
1668190 1153
1668200 1150
1668210 1150
1668220 1147
1668230 1143
1668240 1143
1668250 1139
1668260 1136
1668270 1136
1668280 1132
1668290 1129
1668300 1129
1668310 1126
1668320 1124
1668330 1122
1668340 1122
1668350 1119
1668360 1116
1668370 1116
1668380 1114
1668390 1111
1668400 1111
1668410 1107
1668420 1104
1668430 1104
1668440 1102
1668450 1100
1668460 1100
1668470 1099
1668480 1097
1668490 1097
1668500 1095
1668510 1093
1668520 1091
1668530 1091
1668540 1089
1668550 1086
1668560 1086
1668570 1085
1668580 1083
1668590 1083
1668600 1081
1668610 1079
1668620 1079
1668630 1077
1668640 1075
1668650 1075
1668660 1073
1668670 1071
1668680 1071
1668690 1069
1668700 1067
1668710 1067
1668720 1066
1668730 1063
1668740 1061
1668750 1061
1668760 1058
1668770 1056
1668780 1056
1668790 1054
1668800 1052
1668810 1052
1668820 1048
1668830 1045
1668840 1045
1668850 1042
1668860 1040
1668870 1040
1668880 1036
1668890 1036
1668900 1036
1668910 1034
1668920 1029
1668930 1027
1668940 1027
1668950 1024
1668960 1021
1668970 1021
1668980 1017
1668990 1013
1669000 1013
1669010 1011
1669020 1008
1669030 1008
1669040 1005
1669050 1002
1669060 1002
1669070 999
1669080 996
1669090 996
1669100 992
1669110 990
1669120 987
1669130 987
1669140 984
1669150 980
1669160 980
1669170 974
1669180 969
1669190 969
1669200 965
1669210 963
1669220 963
1669230 959
1669240 955
1669250 955
1669260 949
1669270 948
1669280 948
1669290 949
1669300 950
1669310 950
1669320 950
1669330 951
1669340 951
1669350 951
1669360 952
1669370 952
1669380 952
1669390 952
1669400 952
1669410 952
1669420 952
1669430 952
1669440 952
1669450 952
1669460 951
1669470 951
1669480 949
1669490 948
1669500 948
1669510 947
1669520 946
1669530 944
1669540 944
1669550 943
1669560 942
1669570 942
1669580 941
1669590 938
1669600 938
1669610 936
1669620 933
1669630 933
1669640 930
1669650 926
1669660 926
1669670 923
1669680 921
1669690 921
1669700 919
1669710 918
1669720 918
1669730 918
1669740 918
1669750 917
1669760 917
1669770 916
1669780 916
1669790 916
1669800 915
1669810 918
1669820 918
1669830 923
1669840 927
1669850 927
1669860 930
1669870 933
1669880 933
1669890 936
1669900 939
1669910 943
1669920 943
1669930 947
1669940 950
1669950 950
1669960 953
1669970 956
1669980 956
1669990 958
1670000 960
1670010 960
1670020 962
1670030 964
1670040 964
1670050 968
1670060 966
1670070 966
1670080 961
1670090 962
1670100 962
1670110 965
1670120 967
1670130 969
1670140 969
1670150 972
1670160 975
1670170 975
1670180 977
1670190 980
1670200 980
1670210 982
1670220 984
1670230 984
1670240 987
1670250 988
1670260 988
1670270 991
1670280 994
1670290 994
1670300 996
1670310 998
1670320 1000
1670330 1000
1670340 1003
1670350 1005
1670360 1005
1670370 1008
1670380 1011
1670390 1011
1670400 1013
1670410 1016
1670420 1016
1670430 1019
1670440 1021
1670450 1021
1670460 1023
1670470 1025
1670480 1025
1670490 1027
1670500 1029
1670510 1031
1670520 1031
1670530 1033
1670540 1035
1670550 1035
1670560 1037
1670570 1039
1670580 1039
1670590 1040
1670600 1042
1670610 1042
1670620 1043
1670630 1044
1670640 1044
1670650 1045
1670660 1046
1670670 1046
1670680 1045
1670690 1044
1670700 1044
1670710 1045
1670720 1047
1670730 1049
1670740 1049
1670750 1051
1670760 1053
1670770 1053
1670780 1055
1670790 1057
1670800 1057
1670810 1059
1670820 1061
1670830 1061
1670840 1063
1670850 1065
1670860 1065
1670870 1068
1670880 1071
1670890 1071
1670900 1072
1670910 1073
1670920 1075
1670930 1075
1670940 1077
1670950 1079
1670960 1079
1670970 1081
1670980 1083
1670990 1083
1671000 1085
1671010 1087
1671020 1087
1671030 1089
1671040 1091
1671050 1091
1671060 1093
1671070 1094
1671080 1094
1671090 1095
1671100 1097
1671110 1099
1671120 1099
1671130 1101
1671140 1103
1671150 1103
1671160 1105
1671170 1107
1671180 1107
1671190 1108
1671200 1110
1671210 1110
1671220 1111
1671230 1113
1671240 1113
1671250 1115
1671260 1116
1671270 1116
1671280 1117
1671290 1119
1671300 1121
1671310 1121
1671320 1122
1671330 1123
1671340 1123
1671350 1124
1671360 1125
1671370 1125
1671380 1127
1671390 1128
1671400 1128
1671410 1129
1671420 1131
1671430 1131
1671440 1132
1671450 1133
1671460 1133
1671470 1134
1671480 1136
1671490 1136
1671500 1137
1671510 1139
1671520 1141
1671530 1141
1671540 1142
1671550 1144
1671560 1144
1671570 1145
1671580 1146
1671590 1146
1671600 1147
1671610 1149
1671620 1149
1671630 1150
1671640 1152
1671650 1152
1671660 1153
1671670 1155
1671680 1155
1671690 1154
1671700 1154
1671710 1153
1671720 1153
1671730 1152
1671740 1152
1671750 1152
1671760 1151
1671770 1150
1671780 1150
1671790 1147
1671800 1145
1671810 1145
1671820 1144
1671830 1143
1671840 1143
1671850 1142
1671860 1141
1671870 1141
1671880 1141
1671890 1140
1671900 1140
1671910 1140
1671920 1140
1671930 1140
1671940 1140
1671950 1141
1671960 1141
1671970 1141
1671980 1140
1671990 1140
1672000 1140
1672010 1139
1672020 1139
1672030 1139
1672040 1139
1672050 1139
1672060 1139
1672070 1139
1672080 1139
1672090 1139
1672100 1139
1672110 1139
1672120 1139
1672130 1139
1672140 1139
1672150 1139
1672160 1139
1672170 1139
1672180 1139
1672190 1139
1672200 1139
1672210 1139
1672220 1139
1672230 1139
1672240 1139
1672250 1139
1672260 1139
1672270 1138
1672280 1138
1672290 1138
1672300 1137
1672310 1136
1672320 1136
1672330 1136
1672340 1136
1672350 1136
1672360 1136
1672370 1135
1672380 1135
1672390 1136
1672400 1135
1672410 1135
1672420 1135
1672430 1136
1672440 1136
1672450 1137
1672460 1138
1672470 1138
1672480 1139
1672490 1140
1672500 1141
1672510 1141
1672520 1142
1672530 1144
1672540 1144
1672550 1145
1672560 1146
1672570 1146
1672580 1147
1672590 1148
1672600 1148
1672610 1148
1672620 1147
1672630 1147
1672640 1146
1672650 1144
1672660 1144
1672670 1143
1672680 1141
1672690 1138
1672700 1138
1672710 1136
1672720 1133
1672730 1133
1672740 1130
1672750 1126
1672760 1126
1672770 1123
1672780 1121
1672790 1121
1672800 1116
1672810 1113
1672820 1113
1672830 1110
1672840 1108
1672850 1108
1672860 1105
1672870 1102
1672880 1102
1672890 1099
1672900 1095
1672910 1090
1672920 1090
1672930 1083
1672940 1079
1672950 1079
1672960 1076
1672970 1075
1672980 1075
1672990 1074
1673000 1071
1673010 1071
1673020 1067
1673030 1064
1673040 1064
1673050 1061
1673060 1058
1673070 1058
1673080 1054
1673090 1049
1673100 1046
1673110 1046
1673120 1043
1673130 1041
1673140 1041
1673150 1039
1673160 1038
1673170 1038
1673180 1037
1673190 1037
1673200 1037
1673210 1035
1673220 1034
1673230 1034
1673240 1033
1673250 1032
1673260 1032
1673270 1030
1673280 1027
1673290 1023
1673300 1023
1673310 1022
1673320 1021
1673330 1021
1673340 1020
1673350 1019
1673360 1019
1673370 1017
1673380 1017
1673390 1017
1673400 1017
1673410 1017
1673420 1017
1673430 1017
1673440 1017
1673450 1017
1673460 1017
1673470 1017
1673480 1017
1673490 1017
1673500 1017
1673510 1016
1673520 1016
1673530 1015
1673540 1014
1673550 1014
1673560 1013
1673570 1011
1673580 1011
1673590 1010
1673600 1008
1673610 1008
1673620 1006
1673630 1004
1673640 1004
1673650 1002
1673660 1000
1673670 1000
1673680 997
1673690 993
1673700 988
1673710 988
1673720 983
1673730 980
1673740 980
1673750 978
1673760 974
1673770 974
1673780 971
1673790 969
1673800 969
1673810 968
1673820 966
1673830 966
1673840 965
1673850 970
1673860 970
1673870 973
1673880 975
1673890 978
1673900 978
1673910 980
1673920 983
1673930 983
1673940 986
1673950 988
1673960 988
1673970 990
1673980 992
1673990 992
1674000 995
1674010 996
1674020 996
1674030 999
1674040 1001
1674050 1001
1674060 1003
1674070 1005
1674080 1006
1674090 1006
1674100 1008
1674110 1010
1674120 1010
1674130 1010
1674140 1011
1674150 1011
1674160 1012
1674170 1013
1674180 1013
1674190 1013
1674200 1013
1674210 1013
1674220 1013
1674230 1013
1674240 1013
1674250 1012
1674260 1011
1674270 1011
1674280 1010
1674290 1009
1674300 1008
1674310 1008
1674320 1006
1674330 1005
1674340 1005
1674350 1003
1674360 1000
1674370 1000
1674380 998
1674390 996
1674400 996
1674410 993
1674420 991
1674430 991
1674440 988
1674450 984
1674460 984
1674470 982
1674480 981
1674490 979
1674500 979
1674510 977
1674520 974
1674530 974
1674540 972
1674550 970
1674560 970
1674570 968
1674580 966
1674590 966
1674600 967
1674610 967
1674620 967
1674630 966
1674640 962
1674650 962
1674660 962
1674670 961
1674680 961
1674690 961
1674700 960
1674710 957
1674720 957
1674730 954
1674740 952
1674750 952
1674760 947
1674770 945
1674780 945
1674790 945
1674800 945
1674810 945
1674820 945
1674830 945
1674840 945
1674850 946
1674860 945
1674870 945
1674880 944
1674890 944
1674900 944
1674910 944
1674920 943
1674930 943
1674940 943
1674950 943
1674960 942
1674970 942
1674980 942
1674990 941
1675000 941
1675010 939
1675020 937
1675030 937
1675040 935
1675050 933
1675060 933
1675070 931
1675080 929
1675090 929
1675100 929
1675110 928
1675120 927
1675130 927
1675140 926
1675150 924
1675160 924
1675170 923
1675180 922
1675190 922
1675200 922
1675210 921
1675220 921
1675230 920
1675240 920
1675250 920
1675260 919
1675270 919
1675280 918
1675290 918
1675300 917
1675310 914
1675320 914
1675330 913
1675340 912
1675350 912
1675360 911
1675370 911
1675380 911
1675390 911
1675400 916
1675410 916
1675420 920
1675430 924
1675440 924
1675450 926
1675460 930
1675470 931
1675480 931
1675490 933
1675500 933
1675510 933
1675520 932
1675530 929
1675540 929
1675550 927
1675560 929
1675570 929
1675580 930
1675590 931
1675600 931
1675610 932
1675620 933
1675630 933
1675640 934
1675650 936
1675660 936
1675670 937
1675680 938
1675690 940
1675700 940
1675710 942
1675720 944
1675730 944
1675740 946
1675750 947
1675760 947
1675770 949
1675780 949
1675790 949
1675800 950
1675810 951
1675820 951
1675830 952
1675840 952
1675850 952
1675860 953
1675870 954
1675880 956
1675890 956
1675900 958
1675910 959
1675920 959
1675930 960
1675940 962
1675950 962
1675960 963
1675970 964
1675980 964
1675990 966
1676000 968
1676010 968
1676020 971
1676030 974
1676040 974
1676050 977
1676060 979
1676070 979
1676080 979
1676090 978
1676100 976
1676110 976
1676120 977
1676130 977
1676140 977
1676150 977
1676160 977
1676170 977
1676180 977
1676190 977
1676200 977
1676210 977
1676220 976
1676230 976
1676240 976
1676250 976
1676260 976
1676270 976
1676280 975
1676290 975
1676300 975
1676310 974
1676320 974
1676330 974
1676340 973
1676350 972
1676360 972
1676370 969
1676380 968
1676390 968
1676400 969
1676410 970
1676420 970
1676430 970
1676440 971
1676450 971
1676460 972
1676470 972
1676480 973
1676490 973
1676500 972
1676510 973
1676520 973
1676530 973
1676540 973
1676550 973
1676560 972
1676570 972
1676580 972
1676590 971
1676600 970
1676610 970
1676620 968
1676630 967
1676640 967
1676650 966
1676660 965
1676670 964
1676680 964
1676690 963
1676700 963
1676710 963
1676720 962
1676730 961
1676740 961
1676750 960
1676760 959
1676770 959
1676780 957
1676790 956
1676800 956
1676810 955
1676820 953
1676830 953
1676840 952
1676850 950
1676860 947
1676870 947
1676880 943
1676890 938
1676900 938
1676910 932
1676920 929
1676930 929
1676940 927
1676950 928
1676960 928
1676970 929
1676980 933
1676990 933
1677000 936
1677010 939
1677020 939
1677030 942
1677040 944
1677050 944
1677060 946
1677070 948
1677080 951
1677090 951
1677100 952
1677110 953
1677120 953
1677130 954
1677140 955
1677150 955
1677160 956
1677170 956
1677180 956
1677190 955
1677200 954
1677210 954
1677220 950
1677230 945
1677240 945
1677250 941
1677260 939
1677270 935
1677280 935
1677290 933
1677300 932
1677310 932
1677320 929
1677330 929
1677340 929
1677350 930
1677360 932
1677370 932
1677380 934
1677390 934
1677400 934
1677410 935
1677420 936
1677430 936
1677440 937
1677450 937
1677460 938
1677470 938
1677480 938
1677490 939
1677500 939
1677510 938
1677520 934
1677530 934
1677540 933
1677550 933
1677560 933
1677570 935
1677580 938
1677590 938
1677600 941
1677610 945
1677620 945
1677630 949
1677640 952
1677650 952
1677660 956
1677670 966
1677680 974
1677690 974
1677700 977
1677710 979
1677720 979
1677730 981
1677740 983
1677750 983
1677760 985
1677770 985
1677780 985
1677790 982
1677800 980
1677810 980
1677820 979
1677830 979
1677840 979
1677850 979
1677860 979
1677870 981
1677880 981
1677890 983
1677900 986
1677910 986
1677920 989
1677930 991
1677940 991
1677950 993
1677960 995
1677970 995
1677980 997
1677990 999
1678000 999
1678010 1001
1678020 1003
1678030 1003
1678040 1005
1678050 1006
1678060 1008
1678070 1008
1678080 1009
1678090 1010
1678100 1010
1678110 1011
1678120 1012
1678130 1012
1678140 1011
1678150 1011
1678160 1011
1678170 1011
1678180 1010
1678190 1010
1678200 1009
1678210 1008
1678220 1008
1678230 1006
1678240 1005
1678250 1005
1678260 1004
1678270 1003
1678280 1003
1678290 1003
1678300 1003
1678310 1003
1678320 1003
1678330 1002
1678340 1003
1678350 1003
1678360 1004
1678370 1005
1678380 1005
1678390 1005
1678400 1006
1678410 1006
1678420 1007
1678430 1008
1678440 1008
1678450 1008
1678460 1009
1678470 1010
1678480 1010
1678490 1012
1678500 1013
1678510 1013
1678520 1014
1678530 1014
1678540 1014
1678550 1015
1678560 1017
1678570 1017
1678580 1018
1678590 1020
1678600 1020
1678610 1022
1678620 1023
1678630 1023
1678640 1025
1678650 1026
1678660 1028
1678670 1028
1678680 1029
1678690 1029
1678700 1029
1678710 1029
1678720 1029
1678730 1029
1678740 1029
1678750 1029
1678760 1029
1678770 1029
1678780 1029
1678790 1029
1678800 1029
1678810 1029
1678820 1029
1678830 1028
1678840 1024
1678850 1026
1678860 1026
1678870 1028
1678880 1028
1678890 1028
1678900 1028
1678910 1028
1678920 1028
1678930 1029
1678940 1029
1678950 1029
1678960 1030
1678970 1031
1678980 1031
1678990 1031
1679000 1031
1679010 1031
1679020 1030
1679030 1028
1679040 1028
1679050 1026
1679060 1024
1679070 1022
1679080 1022
1679090 1018
1679100 1012
1679110 1012
1679120 1007
1679130 1007
1679140 1007
1679150 1008
1679160 1013
1679170 1013
1679180 1016
1679190 1020
1679200 1020
1679210 1023
1679220 1025
1679230 1025
1679240 1027
1679250 1029
1679260 1031
1679270 1031
1679280 1034
1679290 1035
1679300 1035
1679310 1037
1679320 1038
1679330 1038
1679340 1039
1679350 1041
1679360 1041
1679370 1042
1679380 1044
1679390 1044
1679400 1045
1679410 1047
1679420 1047
1679430 1048
1679440 1049
1679450 1051
1679460 1051
1679470 1052
1679480 1053
1679490 1053
1679500 1054
1679510 1055
1679520 1055
1679530 1055
1679540 1056
1679550 1056
1679560 1056
1679570 1057
1679580 1057
1679590 1058
1679600 1058
1679610 1058
1679620 1058
1679630 1058
1679640 1058
1679650 1058
1679660 1058
1679670 1058
1679680 1058
1679690 1057
1679700 1057
1679710 1057
1679720 1057
1679730 1057
1679740 1057
1679750 1057
1679760 1057
1679770 1057
1679780 1057
1679790 1058
1679800 1058
1679810 1059
1679820 1059
1679830 1059
1679840 1060
1679850 1061
1679860 1061
1679870 1061
1679880 1062
1679890 1063
1679900 1063
1679910 1063
1679920 1063
1679930 1063
1679940 1063
1679950 1063
1679960 1063
1679970 1063
1679980 1064
1679990 1064
