1664500 1229
1664510 1230
1664520 1230
1664530 1230
1664540 1230
1664550 1230
1664560 1231
1664570 1231
1664580 1231
1664590 1232
1664600 1232
1664610 1232
1664620 1232
1664630 1233
1664640 1233
1664650 1233
1664660 1232
1664670 1232
1664680 1231
1664690 1229
1664700 1229
1664710 1229
1664720 1227
1664730 1226
1664740 1226
1664750 1225
1664760 1224
1664770 1224
1664780 1223
1664790 1222
1664800 1222
1664810 1221
1664820 1219
1664830 1219
1664840 1217
1664850 1215
1664860 1215
1664870 1213
1664880 1212
1664890 1212
1664900 1212
1664910 1211
1664920 1210
1664930 1210
1664940 1209
1664950 1208
1664960 1208
1664970 1208
1664980 1207
1664990 1207
1665000 1206
1665010 1205
1665020 1205
1665030 1205
1665040 1204
1665050 1204
1665060 1204
1665070 1203
1665080 1203
1665090 1202
1665100 1202
1665110 1201
1665120 1201
1665130 1201
1665140 1201
1665150 1201
1665160 1200
1665170 1200
1665180 1200
1665190 1199
1665200 1199
1665210 1199
1665220 1198
1665230 1196
1665240 1196
1665250 1194
1665260 1191
1665270 1191
1665280 1189
1665290 1186
1665300 1186
1665310 1184
1665320 1182
1665330 1180
1665340 1180
1665350 1178
1665360 1176
1665370 1176
1665380 1174
1665390 1172
1665400 1172
1665410 1170
1665420 1167
1665430 1167
1665440 1163
1665450 1158
1665460 1158
1665470 1158
1665480 1157
1665490 1157
1665500 1158
1665510 1160
1665520 1162
1665530 1162
1665540 1164
1665550 1165
1665560 1165
1665570 1166
1665580 1170
1665590 1170
1665600 1173
1665610 1177
1665620 1177
1665630 1179
1665640 1182
1665650 1182
1665660 1185
1665670 1188
1665680 1188
1665690 1190
1665700 1193
1665710 1196
1665720 1196
1665730 1199
1665740 1200
1665750 1200
1665760 1201
1665770 1203
1665780 1203
1665790 1204
1665800 1206
1665810 1206
1665820 1207
1665830 1208
1665840 1208
1665850 1209
1665860 1210
1665870 1210
1665880 1211
1665890 1211
1665900 1211
1665910 1212
1665920 1213
1665930 1213
1665940 1213
1665950 1214
1665960 1215
1665970 1215
1665980 1216
1665990 1217
1666000 1217
1666010 1218
1666020 1219
1666030 1219
1666040 1220
1666050 1222
1666060 1222
1666070 1223
1666080 1225
1666090 1225
1666100 1227
1666110 1228
1666120 1229
1666130 1229
1666140 1231
1666150 1233
1666160 1233
1666170 1233
1666180 1234
1666190 1234
1666200 1236
1666210 1237
1666220 1237
1666230 1238
1666240 1240
1666250 1240
1666260 1241
1666270 1242
1666280 1242
1666290 1244
1666300 1245
1666310 1246
1666320 1246
1666330 1247
1666340 1248
1666350 1248
1666360 1248
1666370 1248
1666380 1248
1666390 1248
1666400 1248
1666410 1248
1666420 1248
1666430 1248
1666440 1248
1666450 1248
1666460 1248
1666470 1248
1666480 1248
1666490 1247
1666500 1247
1666510 1248
1666520 1249
1666530 1249
1666540 1249
1666550 1249
1666560 1249
1666570 1249
1666580 1249
1666590 1249
1666600 1249
1666610 1248
1666620 1247
1666630 1247
1666640 1246
1666650 1246
1666660 1246
1666670 1246
1666680 1246
1666690 1246
1666700 1246
1666710 1245
1666720 1245
1666730 1245
1666740 1244
1666750 1244
1666760 1244
1666770 1243
1666780 1243
1666790 1243
1666800 1242
1666810 1241
1666820 1241
1666830 1240
1666840 1239
1666850 1239
1666860 1237
1666870 1236
1666880 1236
1666890 1234
1666900 1232
1666910 1231
1666920 1231
1666930 1229
1666940 1226
1666950 1226
1666960 1224
1666970 1222
1666980 1222
1666990 1220
1667000 1218
1667010 1218
1667020 1215
1667030 1212
1667040 1212
1667050 1208
1667060 1205
1667070 1205
1667080 1202
1667090 1199
1667100 1199
1667110 1196
1667120 1194
1667130 1192
1667140 1192
1667150 1189
1667160 1186
1667170 1186
1667180 1184
1667190 1181
1667200 1181
1667210 1178
1667220 1172
1667230 1172
1667240 1171
1667250 1171
1667260 1171
1667270 1171
1667280 1170
1667290 1170
1667300 1170
1667310 1170
1667320 1169
1667330 1169
1667340 1168
1667350 1167
1667360 1167
1667370 1167
1667380 1167
1667390 1167
1667400 1166
1667410 1166
1667420 1166
1667430 1164
1667440 1163
1667450 1163
1667460 1160
1667470 1157
1667480 1157
1667490 1155
1667500 1154
1667510 1153
1667520 1153
1667530 1152
1667540 1150
1667550 1150
1667560 1149
1667570 1147
1667580 1147
1667590 1145
1667600 1144
1667610 1144
1667620 1143
1667630 1141
1667640 1141
1667650 1140
1667660 1139
1667670 1139
1667680 1137
1667690 1135
1667700 1135
1667710 1133
1667720 1130
1667730 1127
1667740 1127
1667750 1123
1667760 1119
1667770 1119
1667780 1115
1667790 1111
1667800 1111
1667810 1108
1667820 1104
1667830 1104
1667840 1101
1667850 1098
1667860 1098
1667870 1094
1667880 1090
1667890 1090
1667900 1086
1667910 1083
1667920 1078
1667930 1078
1667940 1075
1667950 1073
1667960 1073
1667970 1071
1667980 1070
1667990 1070
1668000 1068
1668010 1065
1668020 1065
1668030 1064
1668040 1062
1668050 1062
1668060 1061
1668070 1059
1668080 1059
1668090 1057
1668100 1056
1668110 1053
1668120 1053
1668130 1051
1668140 1047
1668150 1047
1668160 1043
1668170 1040
1668180 1040
1668190 1039
1668200 1039
1668210 1039
1668220 1038
1668230 1037
1668240 1037
1668250 1037
1668260 1036
1668270 1036
1668280 1035
1668290 1033
1668300 1033
1668310 1032
1668320 1031
1668330 1030
1668340 1030
1668350 1029
1668360 1029
1668370 1029
1668380 1029
1668390 1029
1668400 1029
1668410 1027
1668420 1025
1668430 1025
1668440 1024
1668450 1022
1668460 1022
1668470 1021
1668480 1020
1668490 1020
1668500 1019
1668510 1018
1668520 1017
1668530 1017
1668540 1016
1668550 1015
1668560 1015
1668570 1013
1668580 1012
1668590 1012
1668600 1011
1668610 1009
1668620 1009
1668630 1008
1668640 1006
1668650 1006
1668660 1005
1668670 1003
1668680 1003
1668690 1002
1668700 1000
1668710 998
1668720 998
1668730 996
1668740 995
1668750 995
1668760 993
1668770 991
1668780 991
1668790 988
1668800 987
1668810 987
1668820 984
1668830 983
1668840 983
1668850 980
1668860 978
1668870 978
1668880 976
1668890 974
1668900 974
1668910 971
1668920 967
1668930 963
1668940 963
1668950 960
1668960 957
1668970 957
1668980 952
1668990 948
1669000 948
1669010 947
1669020 944
1669030 944
1669040 940
1669050 939
1669060 939
1669070 940
1669080 941
1669090 941
1669100 941
1669110 942
1669120 943
1669130 943
1669140 945
1669150 946
1669160 946
1669170 948
1669180 949
1669190 949
1669200 949
1669210 949
1669220 949
1669230 949
1669240 948
1669250 948
1669260 948
1669270 947
1669280 947
1669290 946
1669300 945
1669310 943
1669320 943
1669330 941
1669340 934
1669350 934
1669360 930
1669370 928
1669380 928
1669390 929
1669400 929
1669410 929
1669420 930
1669430 930
1669440 930
1669450 931
1669460 931
1669470 931
1669480 932
1669490 932
1669500 932
1669510 932
1669520 931
1669530 930
1669540 930
1669550 930
1669560 929
1669570 929
1669580 928
1669590 926
1669600 926
1669610 924
1669620 922
1669630 922
1669640 918
1669650 915
1669660 915
1669670 913
1669680 909
1669690 909
1669700 908
1669710 906
1669720 903
1669730 903
1669740 897
1669750 891
1669760 891
1669770 886
1669780 884
1669790 884
1669800 883
1669810 881
1669820 881
1669830 881
1669840 881
1669850 881
1669860 880
1669870 882
1669880 882
1669890 881
1669900 886
1669910 891
1669920 891
1669930 895
1669940 898
1669950 898
1669960 901
1669970 904
1669980 904
1669990 907
1670000 909
1670010 909
1670020 911
1670030 910
1670040 910
1670050 910
1670060 906
1670070 906
1670080 908
1670090 910
1670100 910
1670110 911
1670120 913
1670130 914
1670140 914
1670150 916
1670160 917
1670170 917
1670180 920
1670190 922
1670200 922
1670210 924
1670220 926
1670230 926
1670240 929
1670250 931
1670260 931
1670270 935
1670280 938
1670290 938
1670300 941
1670310 944
1670320 946
1670330 946
1670340 949
1670350 951
1670360 951
1670370 953
1670380 955
1670390 955
1670400 958
1670410 960
1670420 960
1670430 962
1670440 964
1670450 964
1670460 965
1670470 966
1670480 966
1670490 968
1670500 970
1670510 970
1670520 971
1670530 973
1670540 974
1670550 974
1670560 975
1670570 976
1670580 976
1670590 977
1670600 978
1670610 978
1670620 979
1670630 980
1670640 980
1670650 981
1670660 982
1670670 982
1670680 982
1670690 982
1670700 982
1670710 982
1670720 983
1670730 982
1670740 982
1670750 983
1670760 983
1670770 983
1670780 984
1670790 984
1670800 984
1670810 985
1670820 986
1670830 986
1670840 986
1670850 986
1670860 986
1670870 986
1670880 986
1670890 986
1670900 986
1670910 985
1670920 985
1670930 985
1670940 984
1670950 984
1670960 984
1670970 983
1670980 982
1670990 982
1671000 980
1671010 980
1671020 980
1671030 980
1671040 980
1671050 980
1671060 980
1671070 979
1671080 979
1671090 978
1671100 977
1671110 977
1671120 976
1671130 974
1671140 972
1671150 972
1671160 969
1671170 965
1671180 965
1671190 962
1671200 961
1671210 961
1671220 960
1671230 959
1671240 959
1671250 959
1671260 958
1671270 958
1671280 958
1671290 957
1671300 957
1671310 957
1671320 956
1671330 955
1671340 955
1671350 955
1671360 954
1671370 954
1671380 954
1671390 953
1671400 953
1671410 953
1671420 953
1671430 953
1671440 952
1671450 952
1671460 952
1671470 952
1671480 951
1671490 951
1671500 951
1671510 951
1671520 951
1671530 951
1671540 951
1671550 951
1671560 951
1671570 952
1671580 952
1671590 952
1671600 953
1671610 953
1671620 953
1671630 953
1671640 953
1671650 953
1671660 953
1671670 953
1671680 953
1671690 953
1671700 953
1671710 953
1671720 953
1671730 953
1671740 953
1671750 953
1671760 953
1671770 953
1671780 953
1671790 953
1671800 953
1671810 953
1671820 953
1671830 952
1671840 952
1671850 952
1671860 952
1671870 952
1671880 951
1671890 951
1671900 951
1671910 950
1671920 950
1671930 949
1671940 949
1671950 947
1671960 946
1671970 946
1671980 944
1671990 941
1672000 941
1672010 938
1672020 935
1672030 935
1672040 932
1672050 931
1672060 931
1672070 929
1672080 927
1672090 927
1672100 925
1672110 922
1672120 918
1672130 918
1672140 915
1672150 910
1672160 910
1672170 906
1672180 903
1672190 903
1672200 903
1672210 905
1672220 905
1672230 907
1672240 910
1672250 910
1672260 912
1672270 916
1672280 916
1672290 920
1672300 920
1672310 920
1672320 923
1672330 924
1672340 926
1672350 926
1672360 928
1672370 931
1672380 931
1672390 933
1672400 934
1672410 934
1672420 936
1672430 937
1672440 937
1672450 938
1672460 939
1672470 939
1672480 940
1672490 941
1672500 941
1672510 942
1672520 943
1672530 944
1672540 944
1672550 944
1672560 945
1672570 945
1672580 945
1672590 944
1672600 944
1672610 944
1672620 943
1672630 943
1672640 942
1672650 940
1672660 940
1672670 938
1672680 936
1672690 936
1672700 935
1672710 934
1672720 933
1672730 933
1672740 932
1672750 931
1672760 931
1672770 930
1672780 929
1672790 929
1672800 927
1672810 926
1672820 926
1672830 926
1672840 925
1672850 925
1672860 924
1672870 923
1672880 923
1672890 922
1672900 921
1672910 921
1672920 920
1672930 919
1672940 918
1672950 918
1672960 917
1672970 916
1672980 916
1672990 913
1673000 909
1673010 909
1673020 906
1673030 903
1673040 903
1673050 901
1673060 899
1673070 899
1673080 897
1673090 896
1673100 896
1673110 897
1673120 899
1673130 899
1673140 899
1673150 901
1673160 902
1673170 902
1673180 903
1673190 904
1673200 904
1673210 904
1673220 905
1673230 905
1673240 905
1673250 904
1673260 904
1673270 901
1673280 896
1673290 896
1673300 895
1673310 897
1673320 898
1673330 898
1673340 899
1673350 900
1673360 900
1673370 901
1673380 902
1673390 902
1673400 902
1673410 903
1673420 903
1673430 904
1673440 904
1673450 904
1673460 904
1673470 904
1673480 904
1673490 903
1673500 903
1673510 903
1673520 902
1673530 901
1673540 900
1673550 900
1673560 898
1673570 895
1673580 895
1673590 893
1673600 893
1673610 893
1673620 892
1673630 891
1673640 891
1673650 891
1673660 890
1673670 890
1673680 890
1673690 888
1673700 888
1673710 887
1673720 884
1673730 879
1673740 879
1673750 876
1673760 876
1673770 876
1673780 880
1673790 881
1673800 881
1673810 881
1673820 881
1673830 881
1673840 880
1673850 878
1673860 878
1673870 876
1673880 871
1673890 871
1673900 864
1673910 863
1673920 863
1673930 863
1673940 864
1673950 864
1673960 864
1673970 864
1673980 864
1673990 864
1674000 863
1674010 864
1674020 864
1674030 864
1674040 864
1674050 864
1674060 864
1674070 865
1674080 865
1674090 865
1674100 865
1674110 865
1674120 865
1674130 866
1674140 867
1674150 867
1674160 867
1674170 868
1674180 868
1674190 869
1674200 870
1674210 870
1674220 871
1674230 874
1674240 874
1674250 875
1674260 875
1674270 875
1674280 876
1674290 878
1674300 878
1674310 880
1674320 880
1674330 883
1674340 883
1674350 885
1674360 885
1674370 885
1674380 888
1674390 889
1674400 889
1674410 891
1674420 893
1674430 893
1674440 895
1674450 896
1674460 896
1674470 898
1674480 900
1674490 900
1674500 901
1674510 903
1674520 904
1674530 904
1674540 906
1674550 908
1674560 908
1674570 909
1674580 910
1674590 910
1674600 911
1674610 912
1674620 912
1674630 912
1674640 912
1674650 912
1674660 912
1674670 913
1674680 913
1674690 913
1674700 912
1674710 912
1674720 910
1674730 910
1674740 910
1674750 910
1674760 912
1674770 916
1674780 916
1674790 919
1674800 921
1674810 921
1674820 923
1674830 925
1674840 925
1674850 926
1674860 927
1674870 927
1674880 928
1674890 927
1674900 927
1674910 926
1674920 925
1674930 924
1674940 924
1674950 923
1674960 923
1674970 923
1674980 924
1674990 925
1675000 925
1675010 926
1675020 927
1675030 927
1675040 928
1675050 929
1675060 929
1675070 931
1675080 933
1675090 933
1675100 934
1675110 936
1675120 937
1675130 937
1675140 938
1675150 940
1675160 940
1675170 943
1675180 945
1675190 945
1675200 946
1675210 949
1675220 949
1675230 950
1675240 952
1675250 952
1675260 955
1675270 957
1675280 957
1675290 959
1675300 961
1675310 961
1675320 963
1675330 965
1675340 966
1675350 966
1675360 968
1675370 970
1675380 970
1675390 971
1675400 973
1675410 973
1675420 974
1675430 976
1675440 976
1675450 977
1675460 979
1675470 979
1675480 980
1675490 982
1675500 982
1675510 983
1675520 984
1675530 985
1675540 985
1675550 986
1675560 986
1675570 986
1675580 987
1675590 988
1675600 988
1675610 990
1675620 991
1675630 991
1675640 992
1675650 994
1675660 994
1675670 996
1675680 997
1675690 997
1675700 998
1675710 998
1675720 997
1675730 997
1675740 996
1675750 995
1675760 995
1675770 992
1675780 991
1675790 991
1675800 990
1675810 991
1675820 991
1675830 991
1675840 993
1675850 993
1675860 993
1675870 994
1675880 994
1675890 994
1675900 995
1675910 995
1675920 995
1675930 996
1675940 997
1675950 997
1675960 997
1675970 998
1675980 998
1675990 999
1676000 1000
1676010 1000
1676020 1000
1676030 1001
1676040 1001
1676050 1001
1676060 1002
1676070 1002
1676080 1003
1676090 1003
1676100 1003
1676110 1004
1676120 1005
1676130 1005
1676140 1005
1676150 1006
1676160 1006
1676170 1006
1676180 1006
1676190 1003
1676200 1003
1676210 1002
1676220 1002
1676230 1002
1676240 1002
1676250 1002
1676260 1002
1676270 1003
1676280 1004
1676290 1004
1676300 1005
1676310 1005
1676320 1005
1676330 1005
1676340 1006
1676350 1006
1676360 1006
1676370 1006
1676380 1006
1676390 1006
1676400 1006
1676410 1006
1676420 1006
1676430 1007
1676440 1007
1676450 1007
1676460 1008
1676470 1010
1676480 1010
1676490 1011
1676500 1013
1676510 1013
1676520 1014
1676530 1016
1676540 1017
1676550 1017
1676560 1018
1676570 1019
1676580 1019
1676590 1020
1676600 1022
1676610 1022
1676620 1023
1676630 1025
1676640 1025
1676650 1026
1676660 1026
1676670 1026
1676680 1027
1676690 1028
1676700 1028
1676710 1029
1676720 1029
1676730 1029
1676740 1029
1676750 1031
1676760 1032
1676770 1032
1676780 1032
1676790 1033
1676800 1033
1676810 1033
1676820 1034
1676830 1034
1676840 1035
1676850 1036
1676860 1036
1676870 1036
1676880 1037
1676890 1037
1676900 1037
1676910 1038
1676920 1038
1676930 1038
1676940 1039
1676950 1040
1676960 1040
1676970 1041
1676980 1041
1676990 1041
1677000 1042
1677010 1043
1677020 1043
1677030 1043
1677040 1045
1677050 1045
1677060 1045
1677070 1046
1677080 1046
1677090 1046
1677100 1046
1677110 1046
1677120 1046
1677130 1046
1677140 1046
1677150 1046
1677160 1046
1677170 1046
1677180 1046
1677190 1046
1677200 1046
1677210 1046
1677220 1045
1677230 1045
1677240 1045
1677250 1041
1677260 1043
1677270 1043
1677280 1044
1677290 1044
1677300 1044
1677310 1046
1677320 1047
1677330 1049
1677340 1049
1677350 1051
1677360 1053
1677370 1053
1677380 1055
1677390 1055
1677400 1055
1677410 1055
1677420 1054
1677430 1054
1677440 1054
1677450 1054
1677460 1054
1677470 1055
1677480 1056
1677490 1056
1677500 1057
1677510 1057
1677520 1058
1677530 1058
1677540 1059
1677550 1059
1677560 1059
1677570 1061
1677580 1062
1677590 1062
1677600 1063
1677610 1064
1677620 1064
1677630 1065
1677640 1066
1677650 1066
1677660 1066
1677670 1067
1677680 1067
1677690 1068
1677700 1068
1677710 1068
1677720 1067
1677730 1067
1677740 1067
1677750 1067
1677760 1067
1677770 1067
1677780 1067
1677790 1067
1677800 1067
1677810 1067
1677820 1066
1677830 1067
1677840 1067
1677850 1067
1677860 1067
1677870 1067
1677880 1067
1677890 1067
1677900 1067
1677910 1067
1677920 1067
1677930 1067
1677940 1067
1677950 1068
1677960 1068
1677970 1068
1677980 1069
1677990 1069
1678000 1069
1678010 1069
1678020 1069
1678030 1069
1678040 1070
1678050 1070
1678060 1070
1678070 1071
1678080 1071
1678090 1071
1678100 1071
1678110 1072
1678120 1072
1678130 1072
1678140 1072
1678150 1072
1678160 1072
1678170 1072
1678180 1072
1678190 1072
1678200 1072
1678210 1071
1678220 1071
1678230 1071
1678240 1071
1678250 1071
1678260 1071
1678270 1070
1678280 1070
1678290 1070
1678300 1069
1678310 1069
1678320 1069
1678330 1068
1678340 1067
1678350 1067
1678360 1067
1678370 1067
1678380 1067
1678390 1066
1678400 1065
1678410 1065
1678420 1065
1678430 1064
1678440 1064
1678450 1063
1678460 1062
1678470 1062
1678480 1061
1678490 1060
1678500 1060
1678510 1060
1678520 1059
1678530 1058
1678540 1058
1678550 1057
1678560 1056
1678570 1056
1678580 1056
1678590 1055
1678600 1055
1678610 1054
1678620 1052
1678630 1052
1678640 1050
1678650 1049
1678660 1049
1678670 1047
1678680 1045
1678690 1045
1678700 1043
1678710 1041
1678720 1041
1678730 1039
1678740 1036
1678750 1034
1678760 1034
1678770 1032
1678780 1029
1678790 1029
1678800 1028
1678810 1026
1678820 1026
1678830 1024
1678840 1022
1678850 1022
1678860 1020
1678870 1017
1678880 1017
1678890 1015
1678900 1012
1678910 1012
1678920 1010
1678930 1008
1678940 1005
1678950 1005
1678960 1002
1678970 999
1678980 999
1678990 997
1679000 995
1679010 995
1679020 993
1679030 991
1679040 991
1679050 988
1679060 987
1679070 987
1679080 984
1679090 981
1679100 981
1679110 979
1679120 975
1679130 966
1679140 966
1679150 957
1679160 957
1679170 957
1679180 956
1679190 954
1679200 954
1679210 946
1679220 946
1679230 946
1679240 946
1679250 946
1679260 946
1679270 946
1679280 947
1679290 947
1679300 948
1679310 948
1679320 948
1679330 944
1679340 939
1679350 934
1679360 934
1679370 930
1679380 929
1679390 929
1679400 928
1679410 927
1679420 927
1679430 925
1679440 924
1679450 924
1679460 924
1679470 923
1679480 923
1679490 922
1679500 921
1679510 921
1679520 920
1679530 919
1679540 919
1679550 919
1679560 919
1679570 918
1679580 918
1679590 916
1679600 915
1679610 915
1679620 914
1679630 913
1679640 913
1679650 913
1679660 912
1679670 912
1679680 911
1679690 909
1679700 909
1679710 906
1679720 903
1679730 900
1679740 900
1679750 898
1679760 896
1679770 896
1679780 896
1679790 895
1679800 895
1679810 893
1679820 890
1679830 890
1679840 886
1679850 880
1679860 880
1679870 878
1679880 881
1679890 881
1679900 882
1679910 887
1679920 887
1679930 891
1679940 895
1679950 898
1679960 898
1679970 901
1679980 904
1679990 904
