1660000 1313
1660010 1313
1660020 1312
1660030 1312
1660040 1312
1660050 1312
1660060 1312
1660070 1312
1660080 1312
1660090 1312
1660100 1312
1660110 1311
1660120 1311
1660130 1311
1660140 1310
1660150 1311
1660160 1311
1660170 1311
1660180 1311
1660190 1311
1660200 1311
1660210 1311
1660220 1311
1660230 1310
1660240 1310
1660250 1309
1660260 1309
1660270 1308
1660280 1308
1660290 1308
1660300 1307
1660310 1307
1660320 1307
1660330 1306
1660340 1306
1660350 1306
1660360 1306
1660370 1306
1660380 1306
1660390 1305
1660400 1305
1660410 1305
1660420 1304
1660430 1304
1660440 1304
1660450 1303
1660460 1303
1660470 1304
1660480 1304
1660490 1305
1660500 1305
1660510 1305
1660520 1303
1660530 1297
1660540 1297
1660550 1295
1660560 1294
1660570 1294
1660580 1294
1660590 1294
1660600 1294
1660610 1294
1660620 1295
1660630 1295
1660640 1294
1660650 1294
1660660 1293
1660670 1293
1660680 1292
1660690 1293
1660700 1293
1660710 1292
1660720 1291
1660730 1291
1660740 1290
1660750 1289
1660760 1289
1660770 1288
1660780 1287
1660790 1287
1660800 1287
1660810 1288
1660820 1288
1660830 1288
1660840 1288
1660850 1288
1660860 1288
1660870 1288
1660880 1289
1660890 1289
1660900 1289
1660910 1289
1660920 1289
1660930 1290
1660940 1289
1660950 1289
1660960 1288
1660970 1288
1660980 1288
1660990 1288
1661000 1287
1661010 1287
1661020 1286
1661030 1286
1661040 1286
1661050 1286
1661060 1287
1661070 1287
1661080 1287
1661090 1288
1661100 1287
1661110 1287
1661120 1286
1661130 1285
1661140 1285
1661150 1283
1661160 1282
1661170 1282
1661180 1282
1661190 1282
1661200 1282
1661210 1282
1661220 1281
1661230 1281
1661240 1280
1661250 1279
1661260 1278
1661270 1278
1661280 1277
1661290 1275
1661300 1275
1661310 1271
1661320 1266
1661330 1266
1661340 1259
1661350 1259
1661360 1259
1661370 1261
1661380 1262
1661390 1262
1661400 1267
1661410 1271
1661420 1271
1661430 1273
1661440 1276
1661450 1276
1661460 1278
1661470 1280
1661480 1282
1661490 1282
1661500 1284
1661510 1286
1661520 1286
1661530 1287
1661540 1288
1661550 1288
1661560 1290
1661570 1291
1661580 1291
1661590 1293
1661600 1294
1661610 1294
1661620 1295
1661630 1296
1661640 1296
1661650 1298
1661660 1300
1661670 1301
1661680 1301
1661690 1303
1661700 1305
1661710 1305
1661720 1306
1661730 1308
1661740 1308
1661750 1309
1661760 1311
1661770 1311
1661780 1313
1661790 1316
1661800 1316
1661810 1317
1661820 1318
1661830 1318
1661840 1320
1661850 1321
1661860 1321
1661870 1321
1661880 1318
1661890 1315
1661900 1315
1661910 1311
1661920 1308
1661930 1308
1661940 1306
1661950 1302
1661960 1302
1661970 1301
1661980 1299
1661990 1299
1662000 1297
1662010 1295
1662020 1295
1662030 1293
1662040 1291
1662050 1291
1662060 1290
1662070 1288
1662080 1287
1662090 1287
1662100 1285
1662110 1284
1662120 1284
1662130 1283
1662140 1281
1662150 1281
1662160 1280
1662170 1278
1662180 1278
1662190 1277
1662200 1276
1662210 1276
1662220 1275
1662230 1273
1662240 1273
1662250 1271
1662260 1270
1662270 1268
1662280 1268
1662290 1268
1662300 1268
1662310 1268
1662320 1269
1662330 1270
1662340 1270
1662350 1270
1662360 1271
1662370 1271
1662380 1271
1662390 1270
1662400 1270
1662410 1269
1662420 1268
1662430 1268
1662440 1268
1662450 1266
1662460 1266
1662470 1263
1662480 1261
1662490 1259
1662500 1259
1662510 1256
1662520 1254
1662530 1254
1662540 1252
1662550 1250
1662560 1250
1662570 1247
1662580 1247
1662590 1247
1662600 1244
1662610 1242
1662620 1242
1662630 1240
1662640 1243
1662650 1243
1662660 1245
1662670 1247
1662680 1249
1662690 1249
1662700 1250
1662710 1250
1662720 1250
1662730 1251
1662740 1249
1662750 1249
1662760 1246
1662770 1246
1662780 1246
1662790 1248
1662800 1249
1662810 1249
1662820 1251
1662830 1252
1662840 1252
1662850 1252
1662860 1253
1662870 1256
1662880 1256
1662890 1258
1662900 1260
1662910 1260
1662920 1262
1662930 1263
1662940 1263
1662950 1264
1662960 1265
1662970 1265
1662980 1267
1662990 1269
1663000 1269
1663010 1270
1663020 1272
1663030 1272
1663040 1273
1663050 1274
1663060 1274
1663070 1274
1663080 1274
1663090 1274
1663100 1274
1663110 1274
1663120 1273
1663130 1273
1663140 1273
1663150 1272
1663160 1272
1663170 1271
1663180 1271
1663190 1271
1663200 1270
1663210 1270
1663220 1270
1663230 1269
1663240 1268
1663250 1268
1663260 1268
1663270 1268
1663280 1267
1663290 1267
1663300 1266
1663310 1266
1663320 1266
1663330 1265
1663340 1263
1663350 1263
1663360 1262
1663370 1261
1663380 1261
1663390 1260
1663400 1260
1663410 1260
1663420 1259
1663430 1258
1663440 1258
1663450 1258
1663460 1257
1663470 1258
1663480 1258
1663490 1257
1663500 1257
1663510 1257
1663520 1257
1663530 1256
1663540 1256
1663550 1256
1663560 1255
1663570 1255
1663580 1256
1663590 1257
1663600 1257
1663610 1256
1663620 1256
1663630 1256
1663640 1255
1663650 1255
1663660 1255
1663670 1254
1663680 1255
1663690 1255
1663700 1255
1663710 1255
1663720 1255
1663730 1255
1663740 1256
1663750 1256
1663760 1256
1663770 1256
1663780 1256
1663790 1256
1663800 1255
1663810 1254
1663820 1254
1663830 1254
1663840 1252
1663850 1252
1663860 1251
1663870 1250
1663880 1248
1663890 1248
1663900 1247
1663910 1246
1663920 1246
1663930 1244
1663940 1242
1663950 1242
1663960 1240
1663970 1237
1663980 1237
1663990 1235
1664000 1233
1664010 1233
1664020 1231
1664030 1229
1664040 1229
1664050 1227
1664060 1223
1664070 1223
1664080 1218
1664090 1215
1664100 1213
1664110 1213
1664120 1213
1664130 1213
1664140 1213
1664150 1214
1664160 1214
1664170 1214
1664180 1214
1664190 1215
1664200 1215
1664210 1217
1664220 1218
1664230 1218
1664240 1219
1664250 1220
1664260 1220
1664270 1221
1664280 1221
1664290 1222
1664300 1222
1664310 1222
1664320 1223
1664330 1223
1664340 1223
1664350 1223
1664360 1223
1664370 1223
1664380 1223
1664390 1223
1664400 1222
1664410 1219
1664420 1219
1664430 1218
1664440 1215
1664450 1215
1664460 1212
1664470 1210
1664480 1210
1664490 1210
1664500 1210
1664510 1209
1664520 1209
1664530 1210
1664540 1212
1664550 1212
1664560 1214
1664570 1216
1664580 1216
1664590 1217
1664600 1218
1664610 1218
1664620 1219
1664630 1219
1664640 1219
1664650 1220
1664660 1221
1664670 1221
1664680 1222
1664690 1222
1664700 1223
1664710 1223
1664720 1224
1664730 1225
1664740 1225
1664750 1225
1664760 1226
1664770 1226
1664780 1227
1664790 1228
1664800 1228
1664810 1228
1664820 1229
1664830 1229
1664840 1230
1664850 1230
1664860 1230
1664870 1231
1664880 1232
1664890 1233
1664900 1233
1664910 1233
1664920 1234
1664930 1234
1664940 1234
1664950 1235
1664960 1235
1664970 1234
1664980 1234
1664990 1234
1665000 1234
1665010 1233
1665020 1233
1665030 1232
1665040 1230
1665050 1230
1665060 1225
1665070 1227
1665080 1228
1665090 1228
1665100 1229
1665110 1230
1665120 1230
1665130 1230
1665140 1231
1665150 1231
1665160 1233
1665170 1234
1665180 1234
1665190 1236
1665200 1238
1665210 1238
1665220 1240
1665230 1241
1665240 1241
1665250 1243
1665260 1244
1665270 1244
1665280 1246
1665290 1247
1665300 1248
1665310 1248
1665320 1250
1665330 1251
1665340 1251
1665350 1252
1665360 1254
1665370 1254
1665380 1255
1665390 1256
1665400 1256
1665410 1258
1665420 1259
1665430 1259
1665440 1260
1665450 1262
1665460 1262
1665470 1263
1665480 1265
1665490 1266
1665500 1266
1665510 1267
1665520 1268
1665530 1268
1665540 1270
1665550 1271
1665560 1271
1665570 1273
1665580 1275
1665590 1275
1665600 1276
1665610 1277
1665620 1277
1665630 1279
1665640 1280
1665650 1280
1665660 1282
1665670 1283
1665680 1283
1665690 1284
1665700 1286
1665710 1288
1665720 1288
1665730 1290
1665740 1292
1665750 1292
1665760 1294
1665770 1296
1665780 1296
1665790 1298
1665800 1300
1665810 1300
1665820 1301
1665830 1303
1665840 1303
1665850 1305
1665860 1307
1665870 1307
1665880 1309
1665890 1311
1665900 1312
1665910 1312
1665920 1314
1665930 1315
1665940 1315
1665950 1316
1665960 1317
1665970 1317
1665980 1318
1665990 1318
1666000 1318
1666010 1320
1666020 1321
1666030 1321
1666040 1322
1666050 1322
1666060 1322
1666070 1321
1666080 1322
1666090 1322
1666100 1322
1666110 1323
1666120 1323
1666130 1323
1666140 1321
1666150 1319
1666160 1319
1666170 1317
1666180 1316
1666190 1316
1666200 1314
1666210 1312
1666220 1312
1666230 1310
1666240 1308
1666250 1308
1666260 1306
1666270 1304
1666280 1304
1666290 1302
1666300 1300
1666310 1297
1666320 1297
1666330 1295
1666340 1293
1666350 1293
1666360 1292
1666370 1291
1666380 1291
1666390 1290
1666400 1288
1666410 1288
1666420 1288
1666430 1286
1666440 1286
1666450 1285
1666460 1283
1666470 1283
1666480 1281
1666490 1280
1666500 1279
1666510 1279
1666520 1276
1666530 1274
1666540 1274
1666550 1272
1666560 1271
1666570 1271
1666580 1269
1666590 1266
1666600 1266
1666610 1262
1666620 1259
1666630 1259
1666640 1258
1666650 1257
1666660 1257
1666670 1256
1666680 1255
1666690 1253
1666700 1253
1666710 1252
1666720 1249
1666730 1249
1666740 1248
1666750 1246
1666760 1246
1666770 1244
1666780 1242
1666790 1242
1666800 1240
1666810 1238
1666820 1238
1666830 1237
1666840 1236
1666850 1236
1666860 1235
1666870 1233
1666880 1233
1666890 1232
1666900 1231
1666910 1230
1666920 1230
1666930 1229
1666940 1229
1666950 1229
1666960 1227
1666970 1227
1666980 1227
1666990 1226
1667000 1225
1667010 1225
1667020 1224
1667030 1222
1667040 1222
1667050 1222
1667060 1221
1667070 1221
1667080 1221
1667090 1220
1667100 1219
1667110 1219
1667120 1217
1667130 1216
1667140 1216
1667150 1214
1667160 1213
1667170 1213
1667180 1210
1667190 1208
1667200 1208
1667210 1207
1667220 1206
1667230 1206
1667240 1205
1667250 1202
1667260 1202
1667270 1201
1667280 1199
1667290 1199
1667300 1197
1667310 1196
1667320 1195
1667330 1195
1667340 1194
1667350 1193
1667360 1193
1667370 1192
1667380 1191
1667390 1191
1667400 1189
1667410 1187
1667420 1187
1667430 1185
1667440 1182
1667450 1182
1667460 1180
1667470 1178
1667480 1178
1667490 1175
1667500 1171
1667510 1166
1667520 1166
1667530 1164
1667540 1164
1667550 1164
1667560 1163
1667570 1163
1667580 1163
1667590 1162
1667600 1161
1667610 1161
1667620 1158
1667630 1155
1667640 1155
1667650 1153
1667660 1151
1667670 1151
1667680 1150
1667690 1148
1667700 1147
1667710 1147
1667720 1146
1667730 1146
1667740 1146
1667750 1145
1667760 1144
1667770 1144
1667780 1144
1667790 1142
1667800 1142
1667810 1140
1667820 1139
1667830 1139
1667840 1139
1667850 1138
1667860 1138
1667870 1137
1667880 1135
1667890 1135
1667900 1132
1667910 1129
1667920 1128
1667930 1128
1667940 1126
1667950 1122
1667960 1122
1667970 1121
1667980 1121
1667990 1121
1668000 1120
1668010 1117
1668020 1117
1668030 1116
1668040 1116
1668050 1116
1668060 1116
1668070 1115
1668080 1115
1668090 1114
1668100 1113
1668110 1112
1668120 1112
1668130 1110
1668140 1109
1668150 1109
1668160 1109
1668170 1108
1668180 1108
1668190 1107
1668200 1106
1668210 1106
1668220 1106
1668230 1105
1668240 1105
1668250 1104
1668260 1103
1668270 1103
1668280 1103
1668290 1101
1668300 1101
1668310 1099
1668320 1097
1668330 1095
1668340 1095
1668350 1093
1668360 1092
1668370 1092
1668380 1090
1668390 1089
1668400 1089
1668410 1087
1668420 1085
1668430 1085
1668440 1082
1668450 1081
1668460 1081
1668470 1079
1668480 1078
1668490 1078
1668500 1076
1668510 1075
1668520 1073
1668530 1073
1668540 1072
1668550 1071
1668560 1071
1668570 1069
1668580 1068
1668590 1068
1668600 1067
1668610 1067
1668620 1067
1668630 1066
1668640 1064
1668650 1064
1668660 1063
1668670 1061
1668680 1061
1668690 1059
1668700 1058
1668710 1056
1668720 1056
1668730 1055
1668740 1053
1668750 1053
1668760 1052
1668770 1050
1668780 1050
1668790 1049
1668800 1047
1668810 1047
1668820 1046
1668830 1045
1668840 1045
1668850 1043
1668860 1042
1668870 1042
1668880 1040
1668890 1038
1668900 1038
1668910 1037
1668920 1033
1668930 1031
1668940 1031
1668950 1029
1668960 1027
1668970 1027
1668980 1025
1668990 1022
1669000 1022
1669010 1020
1669020 1017
1669030 1017
1669040 1014
1669050 1010
1669060 1010
1669070 1009
1669080 1007
1669090 1007
1669100 1005
1669110 1002
1669120 997
1669130 997
1669140 993
1669150 992
1669160 992
1669170 991
1669180 991
1669190 991
1669200 990
1669210 989
1669220 989
1669230 989
1669240 988
1669250 988
1669260 985
1669270 984
1669280 984
1669290 982
1669300 980
1669310 977
1669320 977
1669330 975
1669340 973
1669350 973
1669360 971
1669370 969
1669380 969
1669390 968
1669400 967
1669410 967
1669420 966
1669430 965
1669440 965
1669450 963
1669460 961
1669470 961
1669480 959
1669490 957
1669500 957
1669510 955
1669520 954
1669530 954
1669540 954
1669550 953
1669560 951
1669570 951
1669580 951
1669590 950
1669600 950
1669610 950
1669620 949
1669630 949
1669640 948
1669650 946
1669660 946
1669670 946
1669680 945
1669690 945
1669700 943
1669710 940
1669720 938
1669730 938
1669740 939
1669750 937
1669760 937
1669770 938
1669780 938
1669790 938
1669800 937
1669810 937
1669820 937
1669830 936
1669840 935
1669850 935
1669860 934
1669870 935
1669880 935
1669890 935
1669900 936
1669910 936
1669920 936
1669930 935
1669940 935
1669950 935
1669960 935
1669970 935
1669980 935
1669990 935
1670000 935
1670010 935
1670020 935
1670030 935
1670040 935
1670050 935
1670060 935
1670070 935
1670080 934
1670090 932
1670100 932
1670110 930
1670120 928
1670130 927
1670140 927
1670150 926
1670160 925
1670170 925
1670180 924
1670190 924
1670200 924
1670210 923
1670220 922
1670230 922
1670240 921
1670250 920
1670260 920
1670270 920
1670280 919
1670290 919
1670300 918
1670310 916
1670320 916
1670330 916
1670340 916
1670350 917
1670360 917
1670370 918
1670380 918
1670390 918
1670400 918
1670410 917
1670420 917
1670430 918
1670440 917
1670450 917
1670460 915
1670470 911
1670480 911
1670490 908
1670500 904
1670510 904
1670520 902
1670530 902
1670540 902
1670550 902
1670560 902
1670570 902
1670580 902
1670590 902
1670600 902
1670610 902
1670620 902
1670630 901
1670640 901
1670650 901
1670660 899
1670670 899
1670680 898
1670690 897
1670700 897
1670710 895
1670720 894
1670730 894
1670740 894
1670750 894
1670760 893
1670770 893
1670780 891
1670790 884
1670800 884
1670810 878
1670820 876
1670830 876
1670840 875
1670850 875
1670860 875
1670870 876
1670880 876
1670890 876
1670900 878
1670910 880
1670920 881
1670930 881
1670940 882
1670950 882
1670960 882
1670970 880
1670980 876
1670990 876
1671000 878
1671010 879
1671020 879
1671030 880
1671040 881
1671050 881
1671060 882
1671070 883
1671080 883
1671090 884
1671100 885
1671110 885
1671120 886
1671130 887
1671140 888
1671150 888
1671160 889
1671170 890
1671180 890
1671190 890
1671200 891
1671210 891
1671220 892
1671230 893
1671240 893
1671250 893
1671260 894
1671270 894
1671280 894
1671290 894
1671300 894
1671310 894
1671320 894
1671330 894
1671340 894
1671350 893
1671360 891
1671370 891
1671380 890
1671390 892
1671400 892
1671410 892
1671420 892
1671430 892
1671440 893
1671450 893
1671460 893
1671470 893
1671480 893
1671490 893
1671500 892
1671510 891
1671520 891
1671530 891
1671540 890
1671550 890
1671560 890
1671570 890
1671580 889
1671590 889
1671600 888
1671610 888
1671620 888
1671630 888
1671640 887
1671650 887
1671660 886
1671670 886
1671680 886
1671690 885
1671700 884
1671710 884
1671720 884
1671730 883
1671740 880
1671750 880
1671760 877
1671770 874
1671780 874
1671790 875
1671800 875
1671810 875
1671820 876
1671830 876
1671840 876
1671850 876
1671860 876
1671870 876
1671880 875
1671890 874
1671900 874
1671910 869
1671920 869
1671930 868
1671940 868
1671950 868
1671960 868
1671970 868
1671980 867
1671990 865
1672000 865
1672010 866
1672020 867
1672030 867
1672040 867
1672050 866
1672060 866
1672070 865
1672080 865
1672090 865
1672100 865
1672110 864
1672120 864
1672130 862
1672140 862
1672150 862
1672160 862
1672170 862
1672180 861
1672190 861
1672200 859
1672210 856
1672220 856
1672230 855
1672240 854
1672250 854
1672260 852
1672270 850
1672280 850
1672290 849
1672300 847
1672310 847
1672320 846
1672330 844
1672340 843
1672350 843
1672360 843
1672370 843
1672380 843
1672390 843
1672400 845
1672410 845
1672420 849
1672430 853
1672440 853
1672450 855
1672460 857
1672470 857
1672480 859
1672490 860
1672500 860
1672510 863
1672520 867
1672530 867
1672540 867
1672550 869
1672560 869
1672570 869
1672580 869
1672590 872
1672600 872
1672610 873
1672620 873
1672630 873
1672640 873
1672650 875
1672660 875
1672670 876
1672680 875
1672690 875
1672700 872
1672710 868
1672720 868
1672730 869
1672740 869
1672750 869
1672760 869
1672770 871
1672780 872
1672790 872
1672800 873
1672810 876
1672820 876
1672830 881
1672840 882
1672850 882
1672860 882
1672870 882
1672880 882
1672890 882
1672900 880
1672910 880
1672920 879
1672930 880
1672940 881
1672950 881
1672960 881
1672970 882
1672980 882
1672990 883
1673000 885
1673010 885
1673020 885
1673030 885
1673040 885
1673050 886
1673060 886
1673070 886
1673080 886
1673090 886
1673100 886
1673110 885
1673120 884
1673130 884
1673140 886
1673150 888
1673160 888
1673170 888
1673180 889
1673190 890
1673200 890
1673210 891
1673220 892
1673230 892
1673240 892
1673250 892
1673260 892
1673270 890
1673280 890
1673290 890
1673300 887
1673310 889
1673320 889
1673330 889
1673340 888
1673350 890
1673360 890
1673370 890
1673380 893
1673390 893
1673400 896
1673410 898
1673420 898
1673430 900
1673440 902
1673450 902
1673460 904
1673470 907
1673480 907
1673490 911
1673500 912
1673510 912
1673520 915
1673530 918
1673540 919
1673550 919
1673560 921
1673570 922
1673580 922
1673590 924
1673600 925
1673610 925
1673620 926
1673630 927
1673640 927
1673650 927
1673660 927
1673670 927
1673680 926
1673690 921
1673700 921
1673710 918
1673720 913
1673730 913
1673740 911
1673750 910
1673760 908
1673770 908
1673780 909
1673790 910
1673800 910
1673810 910
1673820 911
1673830 911
1673840 912
1673850 912
1673860 912
1673870 914
1673880 915
1673890 915
1673900 916
1673910 917
1673920 917
1673930 917
1673940 917
1673950 917
1673960 917
1673970 918
1673980 919
1673990 919
1674000 919
1674010 918
1674020 918
1674030 921
1674040 924
1674050 924
1674060 927
1674070 929
1674080 929
1674090 931
1674100 933
1674110 933
1674120 935
1674130 937
1674140 939
1674150 939
1674160 941
1674170 943
1674180 943
1674190 945
1674200 947
1674210 947
1674220 949
1674230 950
1674240 950
1674250 951
1674260 952
1674270 952
1674280 952
1674290 951
1674300 951
1674310 951
1674320 951
1674330 951
1674340 948
1674350 944
1674360 941
1674370 941
1674380 937
1674390 932
1674400 932
1674410 933
1674420 934
1674430 934
1674440 936
1674450 939
1674460 939
1674470 943
1674480 947
1674490 947
1674500 949
1674510 950
1674520 950
1674530 950
1674540 951
1674550 952
1674560 952
1674570 955
1674580 956
1674590 956
1674600 958
1674610 960
1674620 960
1674630 962
1674640 963
1674650 963
1674660 965
1674670 966
1674680 966
1674690 968
1674700 969
1674710 969
1674720 971
1674730 972
1674740 972
1674750 973
1674760 975
1674770 976
1674780 976
1674790 978
1674800 979
1674810 979
1674820 980
1674830 981
1674840 981
1674850 982
1674860 983
1674870 983
1674880 984
1674890 985
1674900 985
1674910 986
1674920 988
1674930 988
1674940 989
1674950 990
1674960 992
1674970 992
1674980 993
1674990 995
1675000 995
1675010 996
1675020 997
1675030 997
1675040 998
1675050 999
1675060 999
1675070 1000
1675080 1001
1675090 1001
1675100 1003
1675110 1004
1675120 1004
1675130 1006
1675140 1006
1675150 1008
1675160 1008
1675170 1009
1675180 1010
1675190 1010
1675200 1011
1675210 1013
1675220 1013
1675230 1014
1675240 1016
1675250 1016
1675260 1018
1675270 1019
1675280 1019
1675290 1020
1675300 1021
1675310 1021
1675320 1023
1675330 1024
1675340 1024
1675350 1026
1675360 1027
1675370 1028
1675380 1028
1675390 1029
1675400 1030
1675410 1030
1675420 1031
1675430 1033
1675440 1033
1675450 1034
1675460 1036
1675470 1036
1675480 1037
1675490 1038
1675500 1038
1675510 1039
1675520 1040
1675530 1040
1675540 1041
1675550 1043
1675560 1044
1675570 1044
1675580 1046
1675590 1047
1675600 1047
1675610 1048
1675620 1049
1675630 1049
1675640 1051
1675650 1052
1675660 1052
1675670 1052
1675680 1052
1675690 1052
1675700 1052
1675710 1052
1675720 1052
1675730 1052
1675740 1052
1675750 1053
1675760 1053
1675770 1053
1675780 1053
1675790 1053
1675800 1053
1675810 1053
1675820 1053
1675830 1054
1675840 1053
1675850 1053
1675860 1053
1675870 1054
1675880 1054
1675890 1054
1675900 1054
1675910 1054
1675920 1054
1675930 1054
1675940 1054
1675950 1055
1675960 1055
1675970 1056
1675980 1056
1675990 1056
1676000 1056
1676010 1056
1676020 1057
1676030 1057
1676040 1057
1676050 1058
1676060 1059
1676070 1059
1676080 1059
1676090 1060
1676100 1060
1676110 1061
1676120 1062
1676130 1062
1676140 1063
1676150 1063
1676160 1063
1676170 1063
1676180 1064
1676190 1064
1676200 1064
1676210 1064
1676220 1064
1676230 1064
1676240 1064
1676250 1063
1676260 1063
1676270 1063
1676280 1063
1676290 1063
1676300 1063
1676310 1063
1676320 1063
1676330 1063
1676340 1063
1676350 1063
1676360 1063
1676370 1063
1676380 1064
1676390 1064
1676400 1064
1676410 1064
1676420 1064
1676430 1064
1676440 1064
1676450 1064
1676460 1063
1676470 1062
1676480 1062
1676490 1061
1676500 1060
1676510 1060
1676520 1060
1676530 1059
1676540 1059
1676550 1060
1676560 1060
1676570 1059
1676580 1059
1676590 1060
1676600 1059
1676610 1059
1676620 1058
1676630 1059
1676640 1059
1676650 1059
1676660 1059
1676670 1059
1676680 1059
1676690 1059
1676700 1059
1676710 1058
1676720 1060
1676730 1060
1676740 1062
1676750 1063
1676760 1064
1676770 1064
1676780 1064
1676790 1065
1676800 1065
1676810 1065
1676820 1065
1676830 1065
1676840 1064
1676850 1064
1676860 1064
1676870 1064
1676880 1063
1676890 1063
1676900 1063
1676910 1064
1676920 1064
1676930 1064
1676940 1064
1676950 1064
1676960 1063
1676970 1062
1676980 1062
1676990 1062
1677000 1064
1677010 1065
1677020 1065
1677030 1066
1677040 1067
1677050 1067
1677060 1068
1677070 1069
1677080 1069
1677090 1070
1677100 1071
1677110 1071
1677120 1072
1677130 1072
1677140 1072
1677150 1073
1677160 1074
1677170 1075
1677180 1075
1677190 1076
1677200 1077
1677210 1077
1677220 1079
1677230 1080
1677240 1080
1677250 1081
1677260 1081
1677270 1081
1677280 1082
1677290 1081
1677300 1081
1677310 1080
1677320 1078
1677330 1078
1677340 1077
1677350 1076
1677360 1076
1677370 1076
1677380 1075
1677390 1075
1677400 1075
1677410 1074
1677420 1073
1677430 1073
1677440 1073
1677450 1073
1677460 1073
1677470 1072
1677480 1070
1677490 1070
1677500 1069
1677510 1068
1677520 1068
1677530 1067
1677540 1066
1677550 1066
1677560 1065
1677570 1064
1677580 1064
1677590 1064
1677600 1063
1677610 1062
1677620 1062
1677630 1061
1677640 1061
1677650 1061
1677660 1060
1677670 1059
1677680 1059
1677690 1057
1677700 1057
1677710 1057
1677720 1056
1677730 1054
1677740 1054
1677750 1053
1677760 1052
1677770 1050
1677780 1050
1677790 1048
1677800 1047
1677810 1047
1677820 1047
1677830 1045
1677840 1045
1677850 1043
1677860 1041
1677870 1041
1677880 1040
1677890 1039
1677900 1039
1677910 1038
1677920 1037
1677930 1037
1677940 1035
1677950 1034
1677960 1034
1677970 1033
1677980 1031
1677990 1030
1678000 1030
1678010 1030
1678020 1029
1678030 1029
1678040 1029
1678050 1028
1678060 1028
1678070 1027
1678080 1026
1678090 1026
1678100 1024
1678110 1023
1678120 1023
1678130 1021
1678140 1020
1678150 1020
1678160 1019
1678170 1017
1678180 1015
1678190 1015
1678200 1011
1678210 1008
1678220 1008
1678230 1006
1678240 1004
1678250 1004
1678260 1003
1678270 1002
1678280 1002
1678290 1000
1678300 999
1678310 999
1678320 997
1678330 996
1678340 996
1678350 994
1678360 991
1678370 988
1678380 988
1678390 984
1678400 982
1678410 982
1678420 981
1678430 980
1678440 980
1678450 978
1678460 977
1678470 977
1678480 977
1678490 976
1678500 976
1678510 975
1678520 975
1678530 975
1678540 974
1678550 973
1678560 973
1678570 971
1678580 969
1678590 968
1678600 968
1678610 969
1678620 968
1678630 968
1678640 968
1678650 967
1678660 967
1678670 967
1678680 968
1678690 968
1678700 968
1678710 968
1678720 968
1678730 967
1678740 966
1678750 966
1678760 965
1678770 965
1678780 965
1678790 965
1678800 964
1678810 963
1678820 963
1678830 963
1678840 962
1678850 962
1678860 963
1678870 963
1678880 963
1678890 963
1678900 963
1678910 963
1678920 963
1678930 963
1678940 963
1678950 962
1678960 961
1678970 960
1678980 960
1678990 960
1679000 959
1679010 959
1679020 958
1679030 957
1679040 957
1679050 956
1679060 954
1679070 954
1679080 951
1679090 949
1679100 949
1679110 945
1679120 938
1679130 938
1679140 938
1679150 938
1679160 938
1679170 938
1679180 938
1679190 938
1679200 938
1679210 939
1679220 940
1679230 940
1679240 940
1679250 941
1679260 941
1679270 942
1679280 942
1679290 942
1679300 943
1679310 943
1679320 943
1679330 943
1679340 943
1679350 943
1679360 943
1679370 943
1679380 943
1679390 943
1679400 942
1679410 941
1679420 941
1679430 939
1679440 938
1679450 938
1679460 938
1679470 935
1679480 935
1679490 934
1679500 934
1679510 934
1679520 933
1679530 932
1679540 932
1679550 931
1679560 930
1679570 930
1679580 928
1679590 925
1679600 921
1679610 921
1679620 917
1679630 915
1679640 915
1679650 912
1679660 909
1679670 909
1679680 905
1679690 901
1679700 901
1679710 897
1679720 893
1679730 893
1679740 891
1679750 887
1679760 887
1679770 884
1679780 880
1679790 877
1679800 877
1679810 873
1679820 868
1679830 868
1679840 864
1679850 858
1679860 858
1679870 851
1679880 848
1679890 848
1679900 841
1679910 836
1679920 836
1679930 831
1679940 825
1679950 825
1679960 819
1679970 815
1679980 809
1679990 809
