1660000 1410
1660010 1407
1660020 1404
1660030 1402
1660040 1402
1660050 1400
1660060 1398
1660070 1398
1660080 1397
1660090 1396
1660100 1396
1660110 1395
1660120 1393
1660130 1393
1660140 1391
1660150 1391
1660160 1391
1660170 1389
1660180 1389
1660190 1389
1660200 1388
1660210 1388
1660220 1387
1660230 1387
1660240 1386
1660250 1385
1660260 1385
1660270 1385
1660280 1384
1660290 1384
1660300 1383
1660310 1381
1660320 1381
1660330 1379
1660340 1378
1660350 1378
1660360 1377
1660370 1375
1660380 1375
1660390 1374
1660400 1373
1660410 1373
1660420 1372
1660430 1372
1660440 1370
1660450 1370
1660460 1370
1660470 1369
1660480 1369
1660490 1368
1660500 1368
1660510 1368
1660520 1368
1660530 1367
1660540 1367
1660550 1367
1660560 1367
1660570 1367
1660580 1367
1660590 1367
1660600 1367
1660610 1366
1660620 1366
1660630 1367
1660640 1367
1660650 1367
1660660 1367
1660670 1367
1660680 1367
1660690 1368
1660700 1368
1660710 1369
1660720 1371
1660730 1371
1660740 1369
1660750 1367
1660760 1367
1660770 1366
1660780 1367
1660790 1367
1660800 1366
1660810 1366
1660820 1366
1660830 1366
1660840 1365
1660850 1364
1660860 1364
1660870 1364
1660880 1363
1660890 1363
1660900 1363
1660910 1362
1660920 1362
1660930 1361
1660940 1360
1660950 1360
1660960 1360
1660970 1359
1660980 1359
1660990 1358
1661000 1357
1661010 1357
1661020 1356
1661030 1355
1661040 1355
1661050 1355
1661060 1354
1661070 1353
1661080 1353
1661090 1353
1661100 1352
1661110 1352
1661120 1351
1661130 1350
1661140 1350
1661150 1348
1661160 1347
1661170 1347
1661180 1347
1661190 1346
1661200 1346
1661210 1346
1661220 1345
1661230 1344
1661240 1344
1661250 1343
1661260 1342
1661270 1342
1661280 1341
1661290 1341
1661300 1341
1661310 1339
1661320 1338
1661330 1338
1661340 1336
1661350 1335
1661360 1335
1661370 1334
1661380 1333
1661390 1333
1661400 1332
1661410 1331
1661420 1331
1661430 1329
1661440 1326
1661450 1323
1661460 1323
1661470 1321
1661480 1319
1661490 1319
1661500 1318
1661510 1317
1661520 1317
1661530 1315
1661540 1314
1661550 1314
1661560 1313
1661570 1314
1661580 1314
1661590 1315
1661600 1317
1661610 1317
1661620 1319
1661630 1321
1661640 1323
1661650 1323
1661660 1325
1661670 1327
1661680 1327
1661690 1328
1661700 1330
1661710 1330
1661720 1331
1661730 1333
1661740 1333
1661750 1335
1661760 1337
1661770 1337
1661780 1338
1661790 1339
1661800 1339
1661810 1340
1661820 1341
1661830 1341
1661840 1341
1661850 1342
1661860 1342
1661870 1342
1661880 1343
1661890 1343
1661900 1343
1661910 1342
1661920 1343
1661930 1343
1661940 1340
1661950 1337
1661960 1337
1661970 1336
1661980 1336
1661990 1336
1662000 1335
1662010 1334
1662020 1334
1662030 1334
1662040 1333
1662050 1333
1662060 1333
1662070 1333
1662080 1333
1662090 1333
1662100 1334
1662110 1337
1662120 1337
1662130 1338
1662140 1336
1662150 1336
1662160 1335
1662170 1334
1662180 1334
1662190 1332
1662200 1330
1662210 1330
1662220 1327
1662230 1324
1662240 1321
1662250 1321
1662260 1319
1662270 1319
1662280 1319
1662290 1317
1662300 1316
1662310 1316
1662320 1316
1662330 1315
1662340 1315
1662350 1314
1662360 1313
1662370 1313
1662380 1312
1662390 1312
1662400 1312
1662410 1311
1662420 1310
1662430 1310
1662440 1310
1662450 1310
1662460 1311
1662470 1311
1662480 1311
1662490 1312
1662500 1312
1662510 1312
1662520 1313
1662530 1313
1662540 1313
1662550 1313
1662560 1313
1662570 1314
1662580 1314
1662590 1314
1662600 1314
1662610 1315
1662620 1315
1662630 1316
1662640 1317
1662650 1318
1662660 1318
1662670 1318
1662680 1319
1662690 1319
1662700 1320
1662710 1320
1662720 1320
1662730 1321
1662740 1322
1662750 1322
1662760 1323
1662770 1325
1662780 1325
1662790 1326
1662800 1327
1662810 1327
1662820 1327
1662830 1328
1662840 1329
1662850 1329
1662860 1328
1662870 1327
1662880 1327
1662890 1325
1662900 1323
1662910 1323
1662920 1320
1662930 1319
1662940 1319
1662950 1318
1662960 1317
1662970 1317
1662980 1317
1662990 1317
1663000 1317
1663010 1319
1663020 1321
1663030 1321
1663040 1323
1663050 1322
1663060 1320
1663070 1320
1663080 1320
1663090 1320
1663100 1320
1663110 1320
1663120 1320
1663130 1320
1663140 1320
1663150 1320
1663160 1320
1663170 1320
1663180 1319
1663190 1319
1663200 1321
1663210 1321
1663220 1321
1663230 1321
1663240 1322
1663250 1323
1663260 1323
1663270 1324
1663280 1324
1663290 1324
1663300 1325
1663310 1325
1663320 1325
1663330 1327
1663340 1328
1663350 1328
1663360 1329
1663370 1330
1663380 1330
1663390 1331
1663400 1332
1663410 1332
1663420 1332
1663430 1332
1663440 1332
1663450 1332
1663460 1331
1663470 1331
1663480 1331
1663490 1330
1663500 1329
1663510 1329
1663520 1328
1663530 1327
1663540 1327
1663550 1327
1663560 1326
1663570 1326
1663580 1324
1663590 1323
1663600 1323
1663610 1321
1663620 1319
1663630 1319
1663640 1317
1663650 1316
1663660 1314
1663670 1314
1663680 1312
1663690 1312
1663700 1312
1663710 1311
1663720 1310
1663730 1310
1663740 1310
1663750 1311
1663760 1311
1663770 1311
1663780 1310
1663790 1310
1663800 1309
1663810 1308
1663820 1308
1663830 1308
1663840 1307
1663850 1305
1663860 1305
1663870 1303
1663880 1301
1663890 1301
1663900 1299
1663910 1296
1663920 1296
1663930 1293
1663940 1291
1663950 1291
1663960 1291
1663970 1291
1663980 1291
1663990 1289
1664000 1288
1664010 1288
1664020 1288
1664030 1291
1664040 1291
1664050 1293
1664060 1293
1664070 1294
1664080 1294
1664090 1295
1664100 1296
1664110 1296
1664120 1296
1664130 1296
1664140 1296
1664150 1297
1664160 1297
1664170 1297
1664180 1297
1664190 1297
1664200 1297
1664210 1297
1664220 1297
1664230 1297
1664240 1297
1664250 1297
1664260 1297
1664270 1297
1664280 1297
1664290 1297
1664300 1297
1664310 1297
1664320 1295
1664330 1295
1664340 1295
1664350 1295
1664360 1295
1664370 1295
1664380 1294
1664390 1294
1664400 1294
1664410 1293
1664420 1293
1664430 1292
1664440 1292
1664450 1292
1664460 1292
1664470 1291
1664480 1290
1664490 1290
1664500 1289
1664510 1288
1664520 1288
1664530 1288
1664540 1288
1664550 1288
1664560 1287
1664570 1286
1664580 1286
1664590 1285
1664600 1284
1664610 1284
1664620 1282
1664630 1279
1664640 1279
1664650 1277
1664660 1274
1664670 1272
1664680 1272
1664690 1271
1664700 1269
1664710 1269
1664720 1268
1664730 1265
1664740 1265
1664750 1263
1664760 1262
1664770 1262
1664780 1261
1664790 1264
1664800 1264
1664810 1266
1664820 1267
1664830 1267
1664840 1268
1664850 1269
1664860 1270
1664870 1270
1664880 1271
1664890 1273
1664900 1273
1664910 1275
1664920 1277
1664930 1277
1664940 1277
1664950 1277
1664960 1277
1664970 1276
1664980 1276
1664990 1276
1665000 1275
1665010 1275
1665020 1275
1665030 1276
1665040 1275
1665050 1275
1665060 1275
1665070 1275
1665080 1275
1665090 1275
1665100 1274
1665110 1273
1665120 1273
1665130 1273
1665140 1275
1665150 1275
1665160 1276
1665170 1277
1665180 1277
1665190 1278
1665200 1278
1665210 1278
1665220 1278
1665230 1279
1665240 1279
1665250 1279
1665260 1280
1665270 1281
1665280 1281
1665290 1281
1665300 1282
1665310 1282
1665320 1282
1665330 1282
1665340 1282
1665350 1283
1665360 1283
1665370 1283
1665380 1284
1665390 1284
1665400 1284
1665410 1284
1665420 1284
1665430 1284
1665440 1284
1665450 1284
1665460 1284
1665470 1284
1665480 1284
1665490 1283
1665500 1283
1665510 1283
1665520 1283
1665530 1283
1665540 1283
1665550 1283
1665560 1283
1665570 1282
1665580 1282
1665590 1282
1665600 1280
1665610 1279
1665620 1279
1665630 1279
1665640 1278
1665650 1278
1665660 1278
1665670 1278
1665680 1277
1665690 1277
1665700 1277
1665710 1276
1665720 1276
1665730 1276
1665740 1275
1665750 1275
1665760 1275
1665770 1275
1665780 1275
1665790 1275
1665800 1275
1665810 1275
1665820 1275
1665830 1275
1665840 1275
1665850 1275
1665860 1275
1665870 1275
1665880 1275
1665890 1275
1665900 1274
1665910 1274
1665920 1274
1665930 1274
1665940 1274
1665950 1274
1665960 1274
1665970 1274
1665980 1274
1665990 1274
1666000 1274
1666010 1274
1666020 1275
1666030 1275
1666040 1275
1666050 1275
1666060 1275
1666070 1275
1666080 1275
1666090 1275
1666100 1275
1666110 1275
1666120 1276
1666130 1276
1666140 1276
1666150 1276
1666160 1276
1666170 1276
1666180 1276
1666190 1276
1666200 1275
1666210 1275
1666220 1275
1666230 1274
1666240 1273
1666250 1273
1666260 1272
1666270 1271
1666280 1269
1666290 1269
1666300 1268
1666310 1267
1666320 1267
1666330 1266
1666340 1265
1666350 1265
1666360 1264
1666370 1262
1666380 1262
1666390 1261
1666400 1259
1666410 1259
1666420 1257
1666430 1255
1666440 1255
1666450 1252
1666460 1250
1666470 1250
1666480 1247
1666490 1244
1666500 1243
1666510 1243
1666520 1242
1666530 1241
1666540 1241
1666550 1240
1666560 1240
1666570 1240
1666580 1238
1666590 1235
1666600 1235
1666610 1234
1666620 1231
1666630 1231
1666640 1229
1666650 1226
1666660 1226
1666670 1224
1666680 1221
1666690 1219
1666700 1219
1666710 1216
1666720 1213
1666730 1213
1666740 1210
1666750 1207
1666760 1207
1666770 1205
1666780 1203
1666790 1203
1666800 1201
1666810 1197
1666820 1197
1666830 1195
1666840 1193
1666850 1193
1666860 1191
1666870 1189
1666880 1189
1666890 1186
1666900 1184
1666910 1180
1666920 1180
1666930 1177
1666940 1173
1666950 1173
1666960 1172
1666970 1170
1666980 1170
1666990 1168
1667000 1164
1667010 1164
1667020 1161
1667030 1158
1667040 1158
1667050 1156
1667060 1153
1667070 1153
1667080 1150
1667090 1147
1667100 1144
1667110 1144
1667120 1141
1667130 1136
1667140 1136
1667150 1131
1667160 1127
1667170 1127
1667180 1123
1667190 1120
1667200 1120
1667210 1118
1667220 1116
1667230 1116
1667240 1113
1667250 1110
1667260 1110
1667270 1106
1667280 1102
1667290 1102
1667300 1102
1667310 1101
1667320 1101
1667330 1101
1667340 1099
1667350 1097
1667360 1097
1667370 1096
1667380 1095
1667390 1095
1667400 1092
1667410 1090
1667420 1090
1667430 1087
1667440 1086
1667450 1086
1667460 1084
1667470 1083
1667480 1083
1667490 1081
1667500 1080
1667510 1079
1667520 1079
1667530 1077
1667540 1075
1667550 1075
1667560 1074
1667570 1072
1667580 1072
1667590 1070
1667600 1068
1667610 1068
1667620 1065
1667630 1063
1667640 1063
1667650 1060
1667660 1058
1667670 1058
1667680 1057
1667690 1055
1667700 1053
1667710 1053
1667720 1052
1667730 1050
1667740 1050
1667750 1048
1667760 1046
1667770 1046
1667780 1044
1667790 1042
1667800 1042
1667810 1043
1667820 1041
1667830 1041
1667840 1037
1667850 1035
1667860 1035
1667870 1033
1667880 1031
1667890 1031
1667900 1029
1667910 1027
1667920 1024
1667930 1024
1667940 1022
1667950 1020
1667960 1020
1667970 1018
1667980 1015
1667990 1015
1668000 1012
1668010 1010
1668020 1010
1668030 1008
1668040 1007
1668050 1007
1668060 1004
1668070 1004
1668080 1004
1668090 1001
1668100 999
1668110 997
1668120 997
1668130 995
1668140 992
1668150 992
1668160 991
1668170 989
1668180 989
1668190 986
1668200 981
1668210 981
1668220 976
1668230 971
1668240 971
1668250 966
1668260 961
1668270 961
1668280 956
1668290 955
1668300 953
1668310 953
1668320 952
1668330 954
1668340 954
1668350 955
1668360 956
1668370 956
1668380 959
1668390 960
1668400 960
1668410 962
1668420 964
1668430 964
1668440 966
1668450 968
1668460 968
1668470 970
1668480 971
1668490 971
1668500 973
1668510 975
1668520 976
1668530 976
1668540 977
1668550 979
1668560 979
1668570 981
1668580 982
1668590 982
1668600 982
1668610 983
1668620 983
1668630 984
1668640 985
1668650 985
1668660 984
1668670 984
1668680 984
1668690 983
1668700 981
1668710 979
1668720 979
1668730 976
1668740 972
1668750 972
1668760 969
1668770 964
1668780 964
1668790 959
1668800 956
1668810 956
1668820 957
1668830 958
1668840 958
1668850 958
1668860 959
1668870 959
1668880 960
1668890 960
1668900 960
1668910 960
1668920 961
1668930 962
1668940 962
1668950 963
1668960 964
1668970 964
1668980 965
1668990 966
1669000 966
1669010 967
1669020 968
1669030 968
1669040 969
1669050 970
1669060 970
1669070 972
1669080 973
1669090 973
1669100 974
1669110 976
1669120 977
1669130 977
1669140 979
1669150 980
1669160 980
1669170 980
1669180 981
1669190 981
1669200 981
1669210 981
1669220 981
1669230 981
1669240 981
1669250 981
1669260 981
1669270 982
1669280 982
1669290 982
1669300 983
1669310 984
1669320 984
1669330 985
1669340 987
1669350 987
1669360 988
1669370 989
1669380 989
1669390 990
1669400 990
1669410 990
1669420 991
1669430 991
1669440 991
1669450 991
1669460 992
1669470 992
1669480 992
1669490 992
1669500 992
1669510 992
1669520 991
1669530 990
1669540 990
1669550 989
1669560 988
1669570 988
1669580 986
1669590 985
1669600 985
1669610 983
1669620 983
1669630 983
1669640 982
1669650 981
1669660 981
1669670 980
1669680 978
1669690 978
1669700 976
1669710 974
1669720 972
1669730 972
1669740 970
1669750 968
1669760 968
1669770 967
1669780 965
1669790 965
1669800 964
1669810 963
1669820 963
1669830 962
1669840 962
1669850 962
1669860 961
1669870 960
1669880 960
1669890 959
1669900 958
1669910 958
1669920 957
1669930 956
1669940 956
1669950 956
1669960 956
1669970 956
1669980 956
1669990 956
1670000 956
1670010 956
1670020 955
1670030 955
1670040 955
1670050 955
1670060 956
1670070 956
1670080 956
1670090 956
1670100 956
1670110 957
1670120 957
1670130 958
1670140 958
1670150 958
1670160 957
1670170 957
1670180 957
1670190 956
1670200 956
1670210 956
1670220 956
1670230 956
1670240 956
1670250 955
1670260 955
1670270 955
1670280 955
1670290 955
1670300 955
1670310 955
1670320 955
1670330 955
1670340 955
1670350 956
1670360 956
1670370 956
1670380 956
1670390 956
1670400 957
1670410 957
1670420 957
1670430 957
1670440 957
1670450 957
1670460 956
1670470 955
1670480 955
1670490 955
1670500 953
1670510 953
1670520 952
1670530 951
1670540 949
1670550 949
1670560 948
1670570 946
1670580 946
1670590 945
1670600 944
1670610 944
1670620 942
1670630 941
1670640 941
1670650 940
1670660 938
1670670 938
1670680 937
1670690 934
1670700 934
1670710 933
1670720 931
1670730 930
1670740 930
1670750 928
1670760 927
1670770 927
1670780 926
1670790 925
1670800 925
1670810 924
1670820 922
1670830 922
1670840 921
1670850 920
1670860 920
1670870 919
1670880 918
1670890 918
1670900 917
1670910 918
1670920 918
1670930 917
1670940 916
1670950 916
1670960 916
1670970 915
1670980 914
1670990 914
1671000 913
1671010 912
1671020 912
1671030 913
1671040 911
1671050 911
1671060 910
1671070 909
1671080 909
1671090 907
1671100 906
1671110 906
1671120 904
1671130 902
1671140 900
1671150 900
1671160 898
1671170 897
1671180 897
1671190 895
1671200 893
1671210 893
1671220 891
1671230 889
1671240 889
1671250 888
1671260 886
1671270 886
1671280 884
1671290 882
1671300 882
1671310 880
1671320 877
1671330 875
1671340 875
1671350 872
1671360 870
1671370 870
1671380 867
1671390 864
1671400 864
1671410 860
1671420 857
1671430 857
1671440 852
1671450 847
1671460 847
1671470 842
1671480 837
1671490 837
1671500 829
1671510 827
1671520 827
1671530 827
1671540 829
1671550 830
1671560 830
1671570 831
1671580 832
1671590 832
1671600 833
1671610 835
1671620 835
1671630 837
1671640 838
1671650 838
1671660 840
1671670 841
1671680 841
1671690 842
1671700 844
1671710 844
1671720 846
1671730 848
1671740 851
1671750 851
1671760 852
1671770 854
1671780 854
1671790 857
1671800 860
1671810 860
1671820 862
1671830 864
1671840 864
1671850 866
1671860 868
1671870 868
1671880 870
1671890 871
1671900 871
1671910 873
1671920 874
1671930 874
1671940 876
1671950 877
1671960 879
1671970 879
1671980 881
1671990 882
1672000 882
1672010 883
1672020 885
1672030 885
1672040 886
1672050 887
1672060 887
1672070 889
1672080 891
1672090 891
1672100 892
1672110 893
1672120 893
1672130 894
1672140 894
1672150 894
1672160 894
1672170 896
1672180 896
1672190 896
1672200 896
1672210 895
1672220 895
1672230 897
1672240 898
1672250 898
1672260 899
1672270 899
1672280 899
1672290 899
1672300 900
1672310 900
1672320 900
1672330 899
1672340 898
1672350 898
1672360 898
1672370 898
1672380 898
1672390 898
1672400 894
1672410 894
1672420 888
1672430 890
1672440 890
1672450 890
1672460 891
1672470 891
1672480 893
1672490 894
1672500 894
1672510 896
1672520 900
1672530 900
1672540 902
1672550 904
1672560 905
1672570 905
1672580 907
1672590 909
1672600 909
1672610 911
1672620 914
1672630 914
1672640 915
1672650 918
1672660 918
1672670 922
1672680 925
1672690 925
1672700 928
1672710 932
1672720 932
1672730 934
1672740 936
1672750 938
1672760 938
1672770 941
1672780 943
1672790 943
1672800 946
1672810 949
1672820 949
1672830 952
1672840 954
1672850 954
1672860 956
1672870 958
1672880 958
1672890 959
1672900 961
1672910 961
1672920 962
1672930 962
1672940 962
1672950 963
1672960 964
1672970 965
1672980 965
1672990 966
1673000 967
1673010 967
1673020 969
1673030 971
1673040 971
1673050 972
1673060 972
1673070 972
1673080 973
1673090 974
1673100 974
1673110 975
1673120 977
1673130 977
1673140 978
1673150 979
1673160 980
1673170 980
1673180 981
1673190 982
1673200 982
1673210 983
1673220 983
1673230 983
1673240 983
1673250 983
1673260 983
1673270 984
1673280 984
1673290 984
1673300 985
1673310 985
1673320 985
1673330 986
1673340 986
1673350 986
1673360 986
1673370 987
1673380 988
1673390 988
1673400 988
1673410 988
1673420 988
1673430 989
1673440 989
1673450 989
1673460 989
1673470 990
1673480 990
1673490 989
1673500 987
1673510 987
1673520 987
1673530 985
1673540 985
1673550 983
1673560 983
1673570 982
1673580 982
1673590 978
1673600 976
1673610 976
1673620 975
1673630 976
1673640 976
1673650 977
1673660 979
1673670 979
1673680 980
1673690 981
1673700 981
1673710 983
1673720 984
1673730 984
1673740 985
1673750 986
1673760 988
1673770 988
1673780 990
1673790 991
1673800 991
1673810 992
1673820 994
1673830 994
1673840 996
1673850 998
1673860 998
1673870 1000
1673880 1002
1673890 1002
1673900 1004
1673910 1006
1673920 1006
1673930 1007
1673940 1009
1673950 1009
1673960 1010
1673970 1011
1673980 1012
1673990 1012
1674000 1012
1674010 1011
1674020 1011
1674030 1010
1674040 1009
1674050 1009
1674060 1009
1674070 1007
1674080 1007
1674090 1005
1674100 1003
1674110 1003
1674120 1001
1674130 1000
1674140 1000
1674150 999
1674160 999
1674170 999
1674180 999
1674190 1000
1674200 1000
1674210 1000
1674220 1000
1674230 1000
1674240 1000
1674250 1000
1674260 1000
1674270 1000
1674280 999
1674290 999
1674300 999
1674310 999
1674320 998
1674330 998
1674340 997
1674350 997
1674360 996
1674370 996
1674380 995
1674390 994
1674400 994
1674410 995
1674420 995
1674430 995
1674440 994
1674450 993
1674460 993
1674470 992
1674480 989
1674490 989
1674500 988
1674510 989
1674520 989
1674530 989
1674540 992
1674550 992
1674560 992
1674570 993
1674580 995
1674590 995
1674600 997
1674610 998
1674620 998
1674630 1000
1674640 1001
1674650 1001
1674660 1001
1674670 1001
1674680 1001
1674690 1002
1674700 1002
1674710 1002
1674720 1002
1674730 1002
1674740 1002
1674750 1002
1674760 1002
1674770 1003
1674780 1003
1674790 1003
1674800 1003
1674810 1003
1674820 1003
1674830 1004
1674840 1004
1674850 1004
1674860 1004
1674870 1004
1674880 1005
1674890 1005
1674900 1005
1674910 1006
1674920 1006
1674930 1006
1674940 1005
1674950 1005
1674960 1005
1674970 1005
1674980 1006
1674990 1006
1675000 1006
1675010 1006
1675020 1006
1675030 1006
1675040 1007
1675050 1008
1675060 1008
1675070 1008
1675080 1009
1675090 1009
1675100 1010
1675110 1011
1675120 1011
1675130 1012
1675140 1012
1675150 1012
1675160 1012
1675170 1013
1675180 1013
1675190 1013
1675200 1014
1675210 1014
1675220 1014
1675230 1014
1675240 1014
1675250 1014
1675260 1014
1675270 1015
1675280 1015
1675290 1015
1675300 1015
1675310 1015
1675320 1015
1675330 1016
1675340 1016
1675350 1017
1675360 1018
1675370 1019
1675380 1019
1675390 1019
1675400 1020
1675410 1020
1675420 1021
1675430 1021
1675440 1021
1675450 1022
1675460 1022
1675470 1022
1675480 1023
1675490 1024
1675500 1024
1675510 1024
1675520 1024
1675530 1024
1675540 1025
1675550 1025
1675560 1025
1675570 1026
1675580 1026
1675590 1027
1675600 1027
1675610 1028
1675620 1030
1675630 1030
1675640 1031
1675650 1032
1675660 1032
1675670 1032
1675680 1032
1675690 1032
1675700 1032
1675710 1031
1675720 1031
1675730 1030
1675740 1029
1675750 1029
1675760 1028
1675770 1026
1675780 1023
1675790 1023
1675800 1021
1675810 1018
1675820 1018
1675830 1018
1675840 1017
1675850 1017
1675860 1017
1675870 1017
1675880 1017
1675890 1018
1675900 1018
1675910 1018
1675920 1018
1675930 1018
1675940 1018
1675950 1018
1675960 1018
1675970 1018
1675980 1018
1675990 1017
1676000 1017
1676010 1017
1676020 1016
1676030 1013
1676040 1013
1676050 1011
1676060 1012
1676070 1012
1676080 1013
1676090 1014
1676100 1014
1676110 1015
1676120 1016
1676130 1016
1676140 1016
1676150 1016
1676160 1016
1676170 1017
1676180 1017
1676190 1017
1676200 1017
1676210 1018
1676220 1018
1676230 1018
1676240 1018
1676250 1018
1676260 1018
1676270 1019
1676280 1018
1676290 1018
1676300 1019
1676310 1019
1676320 1019
1676330 1019
1676340 1019
1676350 1019
1676360 1019
1676370 1019
1676380 1019
1676390 1019
1676400 1020
1676410 1020
1676420 1020
1676430 1021
1676440 1021
1676450 1021
1676460 1022
1676470 1023
1676480 1023
1676490 1024
1676500 1024
1676510 1024
1676520 1022
1676530 1019
1676540 1019
1676550 1015
1676560 1015
1676570 1015
1676580 1015
1676590 1015
1676600 1015
1676610 1015
1676620 1015
1676630 1017
1676640 1017
1676650 1018
1676660 1020
1676670 1020
1676680 1021
1676690 1022
1676700 1022
1676710 1023
1676720 1024
1676730 1024
1676740 1025
1676750 1025
1676760 1025
1676770 1026
1676780 1027
1676790 1028
1676800 1028
1676810 1028
1676820 1029
1676830 1029
1676840 1030
1676850 1031
1676860 1031
1676870 1032
1676880 1034
1676890 1034
1676900 1035
1676910 1036
1676920 1036
1676930 1037
1676940 1038
1676950 1038
1676960 1039
1676970 1040
1676980 1040
1676990 1040
1677000 1040
1677010 1040
1677020 1040
1677030 1040
1677040 1041
1677050 1041
1677060 1041
1677070 1041
1677080 1041
1677090 1040
1677100 1040
1677110 1040
1677120 1040
1677130 1040
1677140 1040
1677150 1038
1677160 1038
1677170 1038
1677180 1036
1677190 1034
1677200 1034
1677210 1034
1677220 1033
1677230 1032
1677240 1032
1677250 1032
1677260 1031
1677270 1031
1677280 1030
1677290 1029
1677300 1029
1677310 1028
1677320 1026
1677330 1026
1677340 1023
1677350 1022
1677360 1022
1677370 1025
1677380 1026
1677390 1027
1677400 1027
1677410 1027
1677420 1027
1677430 1027
1677440 1027
1677450 1026
1677460 1026
1677470 1025
1677480 1023
1677490 1023
1677500 1022
1677510 1021
1677520 1021
1677530 1020
1677540 1018
1677550 1018
1677560 1017
1677570 1016
1677580 1016
1677590 1014
1677600 1012
1677610 1011
1677620 1011
1677630 1009
1677640 1008
1677650 1008
1677660 1005
1677670 1003
1677680 1003
1677690 1001
1677700 998
1677710 998
1677720 997
1677730 997
1677740 997
1677750 995
1677760 994
1677770 994
1677780 992
1677790 991
1677800 990
1677810 990
1677820 987
1677830 982
1677840 982
1677850 976
1677860 974
1677870 974
1677880 975
1677890 978
1677900 978
1677910 974
1677920 972
1677930 972
1677940 975
1677950 973
1677960 973
1677970 974
1677980 975
1677990 975
1678000 976
1678010 976
1678020 976
1678030 976
1678040 975
1678050 974
1678060 974
1678070 972
1678080 971
1678090 971
1678100 969
1678110 966
1678120 966
1678130 964
1678140 962
1678150 962
1678160 960
1678170 957
1678180 957
1678190 952
1678200 950
1678210 950
1678220 950
1678230 950
1678240 949
1678250 949
1678260 950
1678270 949
1678280 949
1678290 952
1678300 950
1678310 950
1678320 944
1678330 940
1678340 940
1678350 939
1678360 936
1678370 936
1678380 935
1678390 934
1678400 933
1678410 933
1678420 932
1678430 930
1678440 930
1678450 927
1678460 924
1678470 924
1678480 924
1678490 923
1678500 923
1678510 920
1678520 919
1678530 919
1678540 918
1678550 916
1678560 916
1678570 913
1678580 910
1678590 910
1678600 905
1678610 901
1678620 898
1678630 898
1678640 896
1678650 894
1678660 894
1678670 890
1678680 886
1678690 886
1678700 882
1678710 878
1678720 878
1678730 877
1678740 875
1678750 875
1678760 873
1678770 871
1678780 871
1678790 868
1678800 864
1678810 859
1678820 859
1678830 856
1678840 851
1678850 851
1678860 848
1678870 845
1678880 845
1678890 841
1678900 837
1678910 837
1678920 831
1678930 828
1678940 828
1678950 826
1678960 825
1678970 825
1678980 821
1678990 821
1679000 821
1679010 822
1679020 826
1679030 828
1679040 828
1679050 830
1679060 831
1679070 831
1679080 833
1679090 834
1679100 834
1679110 836
1679120 839
1679130 839
1679140 840
1679150 841
1679160 841
1679170 842
1679180 842
1679190 842
1679200 841
1679210 841
1679220 839
1679230 839
1679240 838
1679250 837
1679260 837
1679270 836
1679280 834
1679290 834
1679300 833
1679310 830
1679320 830
1679330 826
1679340 821
1679350 821
1679360 820
1679370 816
1679380 816
1679390 813
1679400 808
1679410 806
1679420 806
1679430 804
1679440 803
1679450 803
1679460 802
1679470 801
1679480 801
1679490 800
1679500 798
1679510 798
1679520 796
1679530 794
1679540 794
1679550 792
1679560 789
1679570 789
1679580 787
1679590 785
1679600 785
1679610 783
1679620 782
1679630 779
1679640 779
1679650 778
1679660 776
1679670 776
1679680 773
1679690 771
1679700 771
1679710 768
1679720 766
1679730 766
1679740 764
1679750 761
1679760 761
1679770 758
1679780 755
1679790 755
1679800 751
1679810 748
1679820 745
1679830 745
1679840 741
1679850 738
1679860 738
1679870 736
1679880 734
1679890 734
1679900 733
1679910 732
1679920 732
1679930 731
1679940 728
1679950 728
1679960 727
1679970 726
1679980 726
1679990 725
