1660000 1454
1660010 1454
1660020 1453
1660030 1453
1660040 1453
1660050 1453
1660060 1452
1660070 1452
1660080 1451
1660090 1450
1660100 1450
1660110 1449
1660120 1448
1660130 1448
1660140 1447
1660150 1447
1660160 1447
1660170 1446
1660180 1446
1660190 1445
1660200 1445
1660210 1445
1660220 1445
1660230 1445
1660240 1444
1660250 1444
1660260 1444
1660270 1444
1660280 1443
1660290 1443
1660300 1443
1660310 1443
1660320 1443
1660330 1443
1660340 1443
1660350 1443
1660360 1444
1660370 1443
1660380 1443
1660390 1442
1660400 1441
1660410 1441
1660420 1441
1660430 1440
1660440 1439
1660450 1439
1660460 1438
1660470 1436
1660480 1436
1660490 1435
1660500 1434
1660510 1434
1660520 1432
1660530 1432
1660540 1432
1660550 1430
1660560 1429
1660570 1429
1660580 1429
1660590 1428
1660600 1427
1660610 1427
1660620 1426
1660630 1424
1660640 1424
1660650 1423
1660660 1422
1660670 1422
1660680 1421
1660690 1419
1660700 1419
1660710 1418
1660720 1416
1660730 1416
1660740 1415
1660750 1413
1660760 1413
1660770 1413
1660780 1411
1660790 1411
1660800 1410
1660810 1408
1660820 1408
1660830 1408
1660840 1407
1660850 1406
1660860 1406
1660870 1405
1660880 1404
1660890 1404
1660900 1402
1660910 1402
1660920 1402
1660930 1400
1660940 1397
1660950 1397
1660960 1395
1660970 1394
1660980 1394
1660990 1392
1661000 1390
1661010 1388
1661020 1388
1661030 1386
1661040 1384
1661050 1384
1661060 1382
1661070 1380
1661080 1380
1661090 1378
1661100 1376
1661110 1376
1661120 1374
1661130 1372
1661140 1372
1661150 1369
1661160 1368
1661170 1368
1661180 1367
1661190 1367
1661200 1366
1661210 1366
1661220 1365
1661230 1364
1661240 1364
1661250 1362
1661260 1360
1661270 1360
1661280 1358
1661290 1357
1661300 1357
1661310 1356
1661320 1356
1661330 1356
1661340 1354
1661350 1353
1661360 1353
1661370 1353
1661380 1352
1661390 1352
1661400 1352
1661410 1351
1661420 1351
1661430 1351
1661440 1352
1661450 1352
1661460 1352
1661470 1353
1661480 1353
1661490 1353
1661500 1354
1661510 1355
1661520 1355
1661530 1355
1661540 1356
1661550 1356
1661560 1357
1661570 1358
1661580 1358
1661590 1359
1661600 1361
1661610 1362
1661620 1362
1661630 1364
1661640 1365
1661650 1365
1661660 1366
1661670 1368
1661680 1368
1661690 1369
1661700 1372
1661710 1372
1661720 1374
1661730 1377
1661740 1377
1661750 1380
1661760 1382
1661770 1382
1661780 1383
1661790 1384
1661800 1384
1661810 1385
1661820 1385
1661830 1385
1661840 1385
1661850 1385
1661860 1385
1661870 1385
1661880 1385
1661890 1385
1661900 1385
1661910 1384
1661920 1384
1661930 1384
1661940 1384
1661950 1384
1661960 1384
1661970 1384
1661980 1384
1661990 1384
1662000 1384
1662010 1384
1662020 1384
1662030 1384
1662040 1383
1662050 1382
1662060 1382
1662070 1382
1662080 1381
1662090 1381
1662100 1380
1662110 1377
1662120 1377
1662130 1376
1662140 1376
1662150 1376
1662160 1375
1662170 1374
1662180 1374
1662190 1374
1662200 1373
1662210 1373
1662220 1371
1662230 1371
1662240 1371
1662250 1371
1662260 1370
1662270 1370
1662280 1370
1662290 1370
1662300 1369
1662310 1369
1662320 1370
1662330 1370
1662340 1370
1662350 1369
1662360 1370
1662370 1370
1662380 1370
1662390 1370
1662400 1370
1662410 1370
1662420 1371
1662430 1371
1662440 1371
1662450 1371
1662460 1371
1662470 1371
1662480 1370
1662490 1371
1662500 1371
1662510 1370
1662520 1369
1662530 1369
1662540 1368
1662550 1367
1662560 1367
1662570 1366
1662580 1366
1662590 1366
1662600 1366
1662610 1366
1662620 1366
1662630 1366
1662640 1366
1662650 1366
1662660 1366
1662670 1365
1662680 1364
1662690 1364
1662700 1364
1662710 1363
1662720 1363
1662730 1362
1662740 1361
1662750 1361
1662760 1360
1662770 1356
1662780 1356
1662790 1352
1662800 1350
1662810 1350
1662820 1349
1662830 1349
1662840 1349
1662850 1349
1662860 1348
1662870 1347
1662880 1347
1662890 1348
1662900 1349
1662910 1349
1662920 1349
1662930 1350
1662940 1350
1662950 1350
1662960 1352
1662970 1352
1662980 1353
1662990 1354
1663000 1354
1663010 1355
1663020 1356
1663030 1356
1663040 1356
1663050 1357
1663060 1358
1663070 1358
1663080 1360
1663090 1361
1663100 1361
1663110 1362
1663120 1365
1663130 1365
1663140 1368
1663150 1369
1663160 1369
1663170 1372
1663180 1374
1663190 1374
1663200 1376
1663210 1379
1663220 1379
1663230 1381
1663240 1383
1663250 1386
1663260 1386
1663270 1387
1663280 1388
1663290 1388
1663300 1388
1663310 1389
1663320 1389
1663330 1389
1663340 1389
1663350 1389
1663360 1388
1663370 1388
1663380 1388
1663390 1388
1663400 1388
1663410 1388
1663420 1388
1663430 1388
1663440 1388
1663450 1388
1663460 1386
1663470 1386
1663480 1386
1663490 1385
1663500 1385
1663510 1385
1663520 1384
1663530 1383
1663540 1383
1663550 1382
1663560 1381
1663570 1381
1663580 1380
1663590 1379
1663600 1379
1663610 1379
1663620 1378
1663630 1378
1663640 1377
1663650 1375
1663660 1374
1663670 1374
1663680 1373
1663690 1372
1663700 1372
1663710 1371
1663720 1371
1663730 1371
1663740 1370
1663750 1369
1663760 1369
1663770 1368
1663780 1367
1663790 1367
1663800 1365
1663810 1364
1663820 1364
1663830 1363
1663840 1361
1663850 1360
1663860 1360
1663870 1359
1663880 1358
1663890 1358
1663900 1357
1663910 1357
1663920 1357
1663930 1356
1663940 1356
1663950 1356
1663960 1356
1663970 1356
1663980 1356
1663990 1356
1664000 1355
1664010 1355
1664020 1354
1664030 1352
1664040 1350
1664050 1350
1664060 1349
1664070 1349
1664080 1349
1664090 1347
1664100 1346
1664110 1346
1664120 1345
1664130 1344
1664140 1344
1664150 1342
1664160 1340
1664170 1340
1664180 1339
1664190 1337
1664200 1337
1664210 1336
1664220 1335
1664230 1335
1664240 1334
1664250 1333
1664260 1332
1664270 1332
1664280 1331
1664290 1331
1664300 1331
1664310 1330
1664320 1329
1664330 1329
1664340 1329
1664350 1329
1664360 1329
1664370 1329
1664380 1328
1664390 1328
1664400 1328
1664410 1327
1664420 1327
1664430 1325
1664440 1324
1664450 1323
1664460 1323
1664470 1321
1664480 1320
1664490 1320
1664500 1318
1664510 1316
1664520 1316
1664530 1314
1664540 1313
1664550 1313
1664560 1311
1664570 1310
1664580 1310
1664590 1308
1664600 1304
1664610 1304
1664620 1303
1664630 1302
1664640 1302
1664650 1304
1664660 1305
1664670 1306
1664680 1306
1664690 1308
1664700 1309
1664710 1309
1664720 1309
1664730 1311
1664740 1311
1664750 1312
1664760 1313
1664770 1313
1664780 1315
1664790 1317
1664800 1317
1664810 1318
1664820 1319
1664830 1319
1664840 1320
1664850 1321
1664860 1322
1664870 1322
1664880 1322
1664890 1323
1664900 1323
1664910 1323
1664920 1323
1664930 1323
1664940 1321
1664950 1321
1664960 1321
1664970 1320
1664980 1319
1664990 1319
1665000 1318
1665010 1317
1665020 1317
1665030 1316
1665040 1315
1665050 1314
1665060 1314
1665070 1314
1665080 1313
1665090 1313
1665100 1312
1665110 1312
1665120 1312
1665130 1310
1665140 1309
1665150 1309
1665160 1308
1665170 1308
1665180 1308
1665190 1307
1665200 1305
1665210 1305
1665220 1304
1665230 1303
1665240 1303
1665250 1304
1665260 1303
1665270 1303
1665280 1303
1665290 1303
1665300 1303
1665310 1303
1665320 1304
1665330 1303
1665340 1303
1665350 1303
1665360 1303
1665370 1303
1665380 1303
1665390 1303
1665400 1303
1665410 1303
1665420 1302
1665430 1302
1665440 1302
1665450 1302
1665460 1302
1665470 1302
1665480 1302
1665490 1302
1665500 1302
1665510 1302
1665520 1302
1665530 1302
1665540 1301
1665550 1301
1665560 1301
1665570 1300
1665580 1299
1665590 1299
1665600 1299
1665610 1298
1665620 1298
1665630 1297
1665640 1297
1665650 1297
1665660 1296
1665670 1296
1665680 1295
1665690 1295
1665700 1294
1665710 1293
1665720 1293
1665730 1293
1665740 1292
1665750 1292
1665760 1291
1665770 1290
1665780 1290
1665790 1289
1665800 1288
1665810 1288
1665820 1286
1665830 1285
1665840 1285
1665850 1283
1665860 1282
1665870 1281
1665880 1281
1665890 1280
1665900 1278
1665910 1278
1665920 1276
1665930 1274
1665940 1274
1665950 1273
1665960 1272
1665970 1272
1665980 1269
1665990 1267
1666000 1267
1666010 1265
1666020 1263
1666030 1263
1666040 1260
1666050 1258
1666060 1258
1666070 1256
1666080 1253
1666090 1250
1666100 1250
1666110 1249
1666120 1247
1666130 1247
1666140 1244
1666150 1241
1666160 1241
1666170 1238
1666180 1235
1666190 1235
1666200 1231
1666210 1227
1666220 1227
1666230 1224
1666240 1221
1666250 1221
1666260 1218
1666270 1216
1666280 1215
1666290 1215
1666300 1211
1666310 1210
1666320 1210
1666330 1206
1666340 1202
1666350 1202
1666360 1198
1666370 1194
1666380 1194
1666390 1192
1666400 1190
1666410 1190
1666420 1188
1666430 1186
1666440 1186
1666450 1183
1666460 1182
1666470 1180
1666480 1180
1666490 1177
1666500 1174
1666510 1174
1666520 1172
1666530 1169
1666540 1169
1666550 1167
1666560 1165
1666570 1165
1666580 1164
1666590 1163
1666600 1163
1666610 1160
1666620 1157
1666630 1157
1666640 1155
1666650 1153
1666660 1153
1666670 1153
1666680 1151
1666690 1151
1666700 1151
1666710 1149
1666720 1147
1666730 1147
1666740 1143
1666750 1139
1666760 1139
1666770 1137
1666780 1136
1666790 1136
1666800 1134
1666810 1132
1666820 1132
1666830 1129
1666840 1124
1666850 1124
1666860 1119
1666870 1115
1666880 1111
1666890 1111
1666900 1108
1666910 1106
1666920 1106
1666930 1104
1666940 1102
1666950 1102
1666960 1098
1666970 1096
1666980 1096
1666990 1093
1667000 1091
1667010 1091
1667020 1090
1667030 1090
1667040 1090
1667050 1090
1667060 1089
1667070 1089
1667080 1089
1667090 1088
1667100 1087
1667110 1087
1667120 1085
1667130 1083
1667140 1083
1667150 1081
1667160 1079
1667170 1079
1667180 1077
1667190 1075
1667200 1075
1667210 1073
1667220 1072
1667230 1072
1667240 1071
1667250 1068
1667260 1068
1667270 1064
1667280 1063
1667290 1060
1667300 1060
1667310 1058
1667320 1056
1667330 1056
1667340 1052
1667350 1052
1667360 1052
1667370 1051
1667380 1048
1667390 1048
1667400 1045
1667410 1044
1667420 1044
1667430 1044
1667440 1043
1667450 1043
1667460 1040
1667470 1038
1667480 1036
1667490 1036
1667500 1034
1667510 1028
1667520 1028
1667530 1021
1667540 1017
1667550 1017
1667560 1013
1667570 1012
1667580 1012
1667590 1010
1667600 1009
1667610 1009
1667620 1008
1667630 1005
1667640 1005
1667650 1004
1667660 1003
1667670 1003
1667680 1001
1667690 1000
1667700 999
1667710 999
1667720 999
1667730 998
1667740 998
1667750 994
1667760 990
1667770 990
1667780 987
1667790 987
1667800 987
1667810 986
1667820 984
1667830 984
1667840 982
1667850 982
1667860 982
1667870 981
1667880 982
1667890 981
1667900 981
1667910 981
1667920 981
1667930 981
1667940 981
1667950 980
1667960 980
1667970 981
1667980 981
1667990 981
1668000 979
1668010 979
1668020 979
1668030 979
1668040 981
1668050 981
1668060 981
1668070 981
1668080 981
1668090 980
1668100 979
1668110 979
1668120 979
1668130 978
1668140 976
1668150 976
1668160 972
1668170 968
1668180 968
1668190 964
1668200 961
1668210 961
1668220 961
1668230 961
1668240 961
1668250 963
1668260 963
1668270 963
1668280 965
1668290 965
1668300 965
1668310 965
1668320 964
1668330 964
1668340 964
1668350 963
1668360 962
1668370 962
1668380 961
1668390 960
1668400 960
1668410 959
1668420 959
1668430 959
1668440 958
1668450 957
1668460 957
1668470 956
1668480 955
1668490 955
1668500 954
1668510 954
1668520 953
1668530 953
1668540 952
1668550 952
1668560 952
1668570 951
1668580 950
1668590 950
1668600 949
1668610 948
1668620 948
1668630 947
1668640 945
1668650 945
1668660 942
1668670 940
1668680 940
1668690 938
1668700 936
1668710 932
1668720 932
1668730 926
1668740 922
1668750 922
1668760 920
1668770 919
1668780 919
1668790 917
1668800 915
1668810 915
1668820 913
1668830 913
1668840 913
1668850 914
1668860 915
1668870 915
1668880 915
1668890 915
1668900 913
1668910 913
1668920 912
1668930 911
1668940 911
1668950 909
1668960 910
1668970 910
1668980 908
1668990 906
1669000 906
1669010 903
1669020 899
1669030 899
1669040 896
1669050 893
1669060 893
1669070 890
1669080 891
1669090 891
1669100 888
1669110 887
1669120 883
1669130 883
1669140 879
1669150 879
1669160 879
1669170 875
1669180 873
1669190 873
1669200 871
1669210 872
1669220 872
1669230 875
1669240 877
1669250 877
1669260 877
1669270 878
1669280 878
1669290 878
1669300 877
1669310 877
1669320 877
1669330 877
1669340 875
1669350 875
1669360 874
1669370 874
1669380 874
1669390 875
1669400 875
1669410 875
1669420 874
1669430 873
1669440 873
1669450 873
1669460 874
1669470 874
1669480 872
1669490 873
1669500 873
1669510 874
1669520 873
1669530 875
1669540 875
1669550 877
1669560 877
1669570 877
1669580 877
1669590 878
1669600 878
1669610 879
1669620 880
1669630 880
1669640 881
1669650 882
1669660 882
1669670 882
1669680 882
1669690 882
1669700 882
1669710 882
1669720 881
1669730 881
1669740 881
1669750 880
1669760 880
1669770 878
1669780 874
1669790 874
1669800 870
1669810 867
1669820 867
1669830 867
1669840 867
1669850 867
1669860 866
1669870 869
1669880 869
1669890 871
1669900 873
1669910 873
1669920 872
1669930 871
1669940 871
1669950 871
1669960 871
1669970 871
1669980 871
1669990 870
1670000 870
1670010 870
1670020 870
1670030 871
1670040 871
1670050 870
1670060 872
1670070 872
1670080 872
1670090 873
1670100 873
1670110 874
1670120 876
1670130 878
1670140 878
1670150 879
1670160 880
1670170 880
1670180 881
1670190 882
1670200 882
1670210 883
1670220 884
1670230 884
1670240 885
1670250 886
1670260 886
1670270 888
1670280 891
1670290 891
1670300 893
1670310 894
1670320 896
1670330 896
1670340 897
1670350 898
1670360 898
1670370 900
1670380 902
1670390 902
1670400 903
1670410 904
1670420 904
1670430 906
1670440 908
1670450 908
1670460 908
1670470 908
1670480 908
1670490 909
1670500 910
1670510 910
1670520 910
1670530 910
1670540 910
1670550 910
1670560 910
1670570 910
1670580 910
1670590 910
1670600 909
1670610 909
1670620 909
1670630 907
1670640 907
1670650 907
1670660 905
1670670 905
1670680 904
1670690 904
1670700 904
1670710 902
1670720 900
1670730 898
1670740 898
1670750 896
1670760 895
1670770 895
1670780 892
1670790 890
1670800 890
1670810 889
1670820 887
1670830 887
1670840 884
1670850 882
1670860 882
1670870 880
1670880 877
1670890 877
1670900 875
1670910 873
1670920 873
1670930 871
1670940 870
1670950 869
1670960 869
1670970 868
1670980 866
1670990 866
1671000 866
1671010 864
1671020 864
1671030 863
1671040 862
1671050 862
1671060 860
1671070 859
1671080 859
1671090 857
1671100 856
1671110 856
1671120 854
1671130 853
1671140 852
1671150 852
1671160 851
1671170 849
1671180 849
1671190 847
1671200 845
1671210 845
1671220 842
1671230 840
1671240 840
1671250 839
1671260 838
1671270 838
1671280 837
1671290 836
1671300 836
1671310 836
1671320 836
1671330 835
1671340 835
1671350 835
1671360 834
1671370 834
1671380 833
1671390 832
1671400 832
1671410 829
1671420 826
1671430 826
1671440 826
1671450 826
1671460 826
1671470 822
1671480 822
1671490 822
1671500 821
1671510 822
1671520 822
1671530 824
1671540 823
1671550 825
1671560 825
1671570 827
1671580 829
1671590 829
1671600 831
1671610 834
1671620 834
1671630 836
1671640 839
1671650 839
1671660 842
1671670 843
1671680 843
1671690 845
1671700 845
1671710 845
1671720 845
1671730 846
1671740 852
1671750 852
1671760 855
1671770 855
1671780 855
1671790 860
1671800 864
1671810 864
1671820 868
1671830 871
1671840 871
1671850 875
1671860 878
1671870 878
1671880 881
1671890 884
1671900 884
1671910 888
1671920 890
1671930 890
1671940 892
1671950 895
1671960 898
1671970 898
1671980 900
1671990 902
1672000 902
1672010 904
1672020 906
1672030 906
1672040 908
1672050 910
1672060 910
1672070 912
1672080 914
1672090 914
1672100 916
1672110 918
1672120 918
1672130 920
1672140 922
1672150 925
1672160 925
1672170 927
1672180 929
1672190 929
1672200 931
1672210 933
1672220 933
1672230 933
1672240 935
1672250 935
1672260 936
1672270 938
1672280 938
1672290 940
1672300 941
1672310 941
1672320 942
1672330 943
1672340 943
1672350 945
1672360 947
1672370 949
1672380 949
1672390 950
1672400 951
1672410 951
1672420 953
1672430 954
1672440 954
1672450 956
1672460 957
1672470 957
1672480 958
1672490 960
1672500 960
1672510 962
1672520 963
1672530 963
1672540 963
1672550 964
1672560 964
1672570 964
1672580 964
1672590 965
1672600 965
1672610 964
1672620 964
1672630 964
1672640 964
1672650 963
1672660 963
1672670 963
1672680 961
1672690 961
1672700 959
1672710 958
1672720 958
1672730 958
1672740 957
1672750 956
1672760 956
1672770 956
1672780 954
1672790 954
1672800 953
1672810 953
1672820 953
1672830 954
1672840 956
1672850 956
1672860 957
1672870 958
1672880 958
1672890 960
1672900 961
1672910 961
1672920 962
1672930 962
1672940 962
1672950 962
1672960 962
1672970 962
1672980 962
1672990 963
1673000 965
1673010 965
1673020 967
1673030 969
1673040 969
1673050 971
1673060 973
1673070 973
1673080 976
1673090 978
1673100 978
1673110 980
1673120 980
1673130 980
1673140 983
1673150 985
1673160 987
1673170 987
1673180 989
1673190 992
1673200 992
1673210 994
1673220 995
1673230 995
1673240 997
1673250 999
1673260 999
1673270 1002
1673280 1004
1673290 1004
1673300 1006
1673310 1009
1673320 1009
1673330 1011
1673340 1013
1673350 1013
1673360 1015
1673370 1017
1673380 1020
1673390 1020
1673400 1022
1673410 1026
1673420 1026
1673430 1031
1673440 1036
1673450 1036
1673460 1039
1673470 1041
1673480 1041
1673490 1042
1673500 1044
1673510 1044
1673520 1045
1673530 1046
1673540 1046
1673550 1047
1673560 1049
1673570 1051
1673580 1051
1673590 1052
1673600 1053
1673610 1053
1673620 1053
1673630 1053
1673640 1053
1673650 1052
1673660 1048
1673670 1048
1673680 1046
1673690 1045
1673700 1045
1673710 1044
1673720 1043
1673730 1043
1673740 1042
1673750 1041
1673760 1041
1673770 1041
1673780 1040
1673790 1039
1673800 1039
1673810 1038
1673820 1037
1673830 1037
1673840 1037
1673850 1037
1673860 1037
1673870 1037
1673880 1037
1673890 1037
1673900 1036
1673910 1036
1673920 1036
1673930 1035
1673940 1034
1673950 1034
1673960 1034
1673970 1034
1673980 1034
1673990 1034
1674000 1034
1674010 1035
1674020 1035
1674030 1035
1674040 1036
1674050 1036
1674060 1036
1674070 1037
1674080 1037
1674090 1038
1674100 1038
1674110 1038
1674120 1039
1674130 1040
1674140 1040
1674150 1041
1674160 1042
1674170 1042
1674180 1042
1674190 1042
1674200 1043
1674210 1043
1674220 1043
1674230 1042
1674240 1042
1674250 1042
1674260 1042
1674270 1042
1674280 1041
1674290 1041
1674300 1041
1674310 1040
1674320 1039
1674330 1039
1674340 1039
1674350 1039
1674360 1039
1674370 1038
1674380 1038
1674390 1037
1674400 1037
1674410 1037
1674420 1037
1674430 1037
1674440 1036
1674450 1036
1674460 1036
1674470 1035
1674480 1035
1674490 1035
1674500 1035
1674510 1035
1674520 1035
1674530 1034
1674540 1034
1674550 1034
1674560 1034
1674570 1034
1674580 1034
1674590 1034
1674600 1034
1674610 1034
1674620 1034
1674630 1033
1674640 1033
1674650 1033
1674660 1032
1674670 1032
1674680 1032
1674690 1032
1674700 1032
1674710 1032
1674720 1031
1674730 1031
1674740 1031
1674750 1030
1674760 1029
1674770 1029
1674780 1029
1674790 1029
1674800 1028
1674810 1028
1674820 1028
1674830 1027
1674840 1027
1674850 1027
1674860 1027
1674870 1027
1674880 1026
1674890 1026
1674900 1026
1674910 1026
1674920 1025
1674930 1025
1674940 1025
1674950 1024
1674960 1024
1674970 1024
1674980 1024
1674990 1023
1675000 1023
1675010 1023
1675020 1022
1675030 1022
1675040 1021
1675050 1020
1675060 1020
1675070 1019
1675080 1018
1675090 1018
1675100 1018
1675110 1016
1675120 1016
1675130 1016
1675140 1015
1675150 1015
1675160 1013
1675170 1010
1675180 1007
1675190 1007
1675200 1005
1675210 1003
1675220 1003
1675230 1003
1675240 1001
1675250 1001
1675260 1000
1675270 999
1675280 999
1675290 999
1675300 999
1675310 999
1675320 998
1675330 997
1675340 997
1675350 994
1675360 991
1675370 991
1675380 989
1675390 986
1675400 983
1675410 983
1675420 980
1675430 977
1675440 977
1675450 978
1675460 979
1675470 979
1675480 979
1675490 980
1675500 980
1675510 982
1675520 984
1675530 984
1675540 985
1675550 984
1675560 984
1675570 984
1675580 983
1675590 981
1675600 981
1675610 981
1675620 981
1675630 981
1675640 980
1675650 980
1675660 980
1675670 982
1675680 984
1675690 984
1675700 984
1675710 985
1675720 985
1675730 985
1675740 986
1675750 986
1675760 986
1675770 986
1675780 986
1675790 986
1675800 985
1675810 984
1675820 984
1675830 983
1675840 983
1675850 983
1675860 981
1675870 978
1675880 978
1675890 973
1675900 970
1675910 970
1675920 967
1675930 968
1675940 968
1675950 970
1675960 973
1675970 973
1675980 975
1675990 978
1676000 979
1676010 979
1676020 981
1676030 982
1676040 982
1676050 983
1676060 985
1676070 985
1676080 986
1676090 987
1676100 987
1676110 989
1676120 991
1676130 991
1676140 993
1676150 995
1676160 995
1676170 996
1676180 997
1676190 997
1676200 998
1676210 999
1676220 1000
1676230 1000
1676240 1001
1676250 1002
1676260 1002
1676270 1003
1676280 1004
1676290 1004
1676300 1004
1676310 1005
1676320 1005
1676330 1006
1676340 1007
1676350 1007
1676360 1008
1676370 1009
1676380 1009
1676390 1010
1676400 1011
1676410 1012
1676420 1012
1676430 1013
1676440 1015
1676450 1015
1676460 1016
1676470 1018
1676480 1018
1676490 1019
1676500 1022
1676510 1022
1676520 1024
1676530 1025
1676540 1025
1676550 1024
1676560 1023
1676570 1023
1676580 1022
1676590 1021
1676600 1021
1676610 1021
1676620 1020
1676630 1019
1676640 1019
1676650 1018
1676660 1017
1676670 1017
1676680 1016
1676690 1016
1676700 1016
1676710 1015
1676720 1014
1676730 1014
1676740 1014
1676750 1013
1676760 1013
1676770 1013
1676780 1012
1676790 1012
1676800 1012
1676810 1012
1676820 1012
1676830 1012
1676840 1012
1676850 1011
1676860 1011
1676870 1010
1676880 1009
1676890 1009
1676900 1008
1676910 1007
1676920 1007
1676930 1006
1676940 1005
1676950 1005
1676960 1004
1676970 1003
1676980 1003
1676990 1002
1677000 1000
1677010 999
1677020 999
1677030 998
1677040 997
1677050 997
1677060 996
1677070 995
1677080 995
1677090 994
1677100 993
1677110 993
1677120 990
1677130 991
1677140 991
1677150 990
1677160 989
1677170 989
1677180 989
1677190 988
1677200 988
1677210 987
1677220 986
1677230 985
1677240 985
1677250 984
1677260 983
1677270 983
1677280 983
1677290 983
1677300 983
1677310 983
1677320 983
1677330 983
1677340 983
1677350 982
1677360 982
1677370 982
1677380 982
1677390 982
1677400 982
1677410 983
1677420 983
1677430 983
1677440 983
1677450 983
1677460 983
1677470 982
1677480 981
1677490 981
1677500 980
1677510 979
1677520 979
1677530 978
1677540 978
1677550 978
1677560 977
1677570 977
1677580 977
1677590 975
1677600 977
1677610 977
1677620 978
1677630 979
1677640 979
1677650 979
1677660 979
1677670 978
1677680 978
1677690 977
1677700 977
1677710 977
1677720 975
1677730 974
1677740 974
1677750 972
1677760 971
1677770 971
1677780 969
1677790 968
1677800 968
1677810 967
1677820 965
1677830 963
1677840 963
1677850 961
1677860 959
1677870 959
1677880 958
1677890 955
1677900 955
1677910 953
1677920 952
1677930 952
1677940 950
1677950 948
1677960 948
1677970 946
1677980 944
1677990 944
1678000 942
1678010 940
1678020 937
1678030 937
1678040 935
1678050 932
1678060 932
1678070 930
1678080 928
1678090 928
1678100 927
1678110 925
1678120 925
1678130 924
1678140 922
1678150 922
1678160 920
1678170 917
1678180 917
1678190 915
1678200 913
1678210 913
1678220 911
1678230 909
1678240 906
1678250 906
1678260 901
1678270 897
1678280 897
1678290 896
1678300 896
1678310 896
1678320 895
1678330 893
1678340 893
1678350 892
1678360 891
1678370 891
1678380 889
1678390 887
1678400 887
1678410 885
1678420 883
1678430 880
1678440 880
1678450 878
1678460 876
1678470 876
1678480 874
1678490 872
1678500 872
1678510 870
1678520 866
1678530 866
1678540 864
1678550 861
1678560 861
1678570 857
1678580 853
1678590 853
1678600 849
1678610 846
1678620 846
1678630 841
1678640 836
1678650 831
1678660 831
1678670 823
1678680 815
1678690 815
1678700 809
1678710 803
1678720 803
1678730 799
1678740 795
1678750 795
1678760 792
1678770 789
1678780 789
1678790 786
1678800 781
1678810 781
1678820 779
1678830 780
1678840 781
1678850 781
1678860 779
1678870 777
1678880 777
1678890 777
1678900 776
1678910 776
1678920 774
1678930 773
1678940 773
1678950 772
1678960 771
1678970 771
1678980 772
1678990 774
1679000 774
1679010 773
1679020 772
1679030 773
1679040 773
1679050 773
1679060 774
1679070 774
1679080 776
1679090 775
1679100 775
1679110 771
1679120 766
1679130 766
1679140 759
1679150 753
1679160 753
1679170 747
1679180 743
1679190 743
1679200 740
1679210 737
1679220 737
1679230 737
1679240 737
1679250 736
1679260 736
1679270 734
1679280 728
1679290 728
1679300 722
1679310 715
1679320 715
1679330 709
1679340 701
1679350 701
1679360 697
1679370 692
1679380 692
1679390 695
1679400 701
1679410 701
1679420 696
1679430 692
1679440 689
1679450 689
1679460 685
1679470 680
1679480 680
1679490 674
1679500 671
1679510 671
1679520 666
1679530 665
1679540 665
1679550 665
1679560 670
1679570 670
1679580 673
1679590 675
1679600 675
1679610 675
1679620 672
1679630 672
1679640 667
1679650 664
1679660 661
1679670 661
1679680 657
1679690 656
1679700 656
1679710 656
1679720 656
1679730 656
1679740 654
1679750 654
1679760 654
1679770 654
1679780 656
1679790 656
1679800 656
1679810 656
1679820 656
1679830 656
1679840 659
1679850 660
1679860 660
1679870 661
1679880 662
1679890 662
1679900 663
1679910 667
1679920 667
1679930 669
1679940 670
1679950 670
1679960 672
1679970 673
1679980 673
1679990 676
