1660000 1509
1660010 1509
1660020 1508
1660030 1507
1660040 1507
1660050 1506
1660060 1504
1660070 1504
1660080 1503
1660090 1502
1660100 1502
1660110 1500
1660120 1499
1660130 1499
1660140 1498
1660150 1496
1660160 1495
1660170 1495
1660180 1494
1660190 1492
1660200 1492
1660210 1491
1660220 1490
1660230 1490
1660240 1488
1660250 1485
1660260 1485
1660270 1484
1660280 1482
1660290 1482
1660300 1480
1660310 1479
1660320 1479
1660330 1476
1660340 1474
1660350 1474
1660360 1472
1660370 1470
1660380 1468
1660390 1468
1660400 1466
1660410 1465
1660420 1465
1660430 1463
1660440 1459
1660450 1459
1660460 1457
1660470 1455
1660480 1455
1660490 1453
1660500 1451
1660510 1451
1660520 1449
1660530 1446
1660540 1446
1660550 1444
1660560 1442
1660570 1439
1660580 1439
1660590 1439
1660600 1438
1660610 1438
1660620 1436
1660630 1434
1660640 1434
1660650 1433
1660660 1429
1660670 1429
1660680 1429
1660690 1429
1660700 1429
1660710 1428
1660720 1428
1660730 1428
1660740 1429
1660750 1428
1660760 1428
1660770 1428
1660780 1428
1660790 1429
1660800 1429
1660810 1430
1660820 1430
1660830 1430
1660840 1430
1660850 1430
1660860 1430
1660870 1429
1660880 1429
1660890 1429
1660900 1428
1660910 1427
1660920 1427
1660930 1425
1660940 1424
1660950 1424
1660960 1423
1660970 1421
1660980 1421
1660990 1421
1661000 1421
1661010 1420
1661020 1420
1661030 1419
1661040 1416
1661050 1416
1661060 1416
1661070 1417
1661080 1417
1661090 1417
1661100 1418
1661110 1418
1661120 1418
1661130 1419
1661140 1419
1661150 1420
1661160 1421
1661170 1421
1661180 1422
1661190 1423
1661200 1424
1661210 1424
1661220 1425
1661230 1425
1661240 1425
1661250 1425
1661260 1426
1661270 1426
1661280 1426
1661290 1427
1661300 1427
1661310 1428
1661320 1428
1661330 1428
1661340 1429
1661350 1429
1661360 1429
1661370 1431
1661380 1431
1661390 1431
1661400 1431
1661410 1432
1661420 1433
1661430 1433
1661440 1434
1661450 1434
1661460 1434
1661470 1435
1661480 1436
1661490 1436
1661500 1437
1661510 1438
1661520 1438
1661530 1439
1661540 1439
1661550 1439
1661560 1439
1661570 1438
1661580 1438
1661590 1438
1661600 1438
1661610 1438
1661620 1438
1661630 1438
1661640 1437
1661650 1437
1661660 1437
1661670 1437
1661680 1437
1661690 1436
1661700 1435
1661710 1435
1661720 1435
1661730 1433
1661740 1433
1661750 1434
1661760 1433
1661770 1433
1661780 1432
1661790 1432
1661800 1431
1661810 1431
1661820 1431
1661830 1431
1661840 1431
1661850 1430
1661860 1430
1661870 1430
1661880 1430
1661890 1431
1661900 1431
1661910 1431
1661920 1431
1661930 1431
1661940 1431
1661950 1430
1661960 1430
1661970 1430
1661980 1430
1661990 1431
1662000 1431
1662010 1431
1662020 1431
1662030 1431
1662040 1431
1662050 1431
1662060 1431
1662070 1431
1662080 1432
1662090 1432
1662100 1432
1662110 1432
1662120 1432
1662130 1432
1662140 1433
1662150 1433
1662160 1433
1662170 1433
1662180 1433
1662190 1433
1662200 1434
1662210 1434
1662220 1434
1662230 1434
1662240 1434
1662250 1434
1662260 1434
1662270 1434
1662280 1434
1662290 1435
1662300 1435
1662310 1435
1662320 1436
1662330 1436
1662340 1436
1662350 1436
1662360 1436
1662370 1436
1662380 1436
1662390 1435
1662400 1435
1662410 1435
1662420 1435
1662430 1435
1662440 1435
1662450 1433
1662460 1433
1662470 1433
1662480 1432
1662490 1432
1662500 1432
1662510 1433
1662520 1433
1662530 1433
1662540 1432
1662550 1433
1662560 1433
1662570 1433
1662580 1432
1662590 1432
1662600 1432
1662610 1432
1662620 1432
1662630 1432
1662640 1432
1662650 1432
1662660 1432
1662670 1432
1662680 1432
1662690 1432
1662700 1432
1662710 1431
1662720 1431
1662730 1432
1662740 1431
1662750 1431
1662760 1430
1662770 1430
1662780 1430
1662790 1429
1662800 1428
1662810 1427
1662820 1427
1662830 1426
1662840 1426
1662850 1426
1662860 1425
1662870 1424
1662880 1424
1662890 1422
1662900 1420
1662910 1420
1662920 1418
1662930 1416
1662940 1416
1662950 1415
1662960 1413
1662970 1413
1662980 1412
1662990 1410
1663000 1409
1663010 1409
1663020 1409
1663030 1409
1663040 1409
1663050 1409
1663060 1409
1663070 1409
1663080 1409
1663090 1409
1663100 1409
1663110 1409
1663120 1409
1663130 1409
1663140 1409
1663150 1409
1663160 1409
1663170 1409
1663180 1409
1663190 1409
1663200 1408
1663210 1408
1663220 1409
1663230 1409
1663240 1410
1663250 1410
1663260 1410
1663270 1411
1663280 1412
1663290 1412
1663300 1412
1663310 1413
1663320 1413
1663330 1413
1663340 1413
1663350 1413
1663360 1414
1663370 1414
1663380 1414
1663390 1414
1663400 1414
1663410 1415
1663420 1415
1663430 1415
1663440 1415
1663450 1415
1663460 1415
1663470 1415
1663480 1415
1663490 1415
1663500 1415
1663510 1415
1663520 1414
1663530 1414
1663540 1414
1663550 1413
1663560 1412
1663570 1412
1663580 1411
1663590 1410
1663600 1410
1663610 1409
1663620 1408
1663630 1406
1663640 1406
1663650 1405
1663660 1403
1663670 1403
1663680 1401
1663690 1399
1663700 1399
1663710 1397
1663720 1396
1663730 1396
1663740 1394
1663750 1394
1663760 1394
1663770 1394
1663780 1394
1663790 1394
1663800 1394
1663810 1393
1663820 1392
1663830 1392
1663840 1392
1663850 1391
1663860 1391
1663870 1391
1663880 1389
1663890 1389
1663900 1386
1663910 1385
1663920 1385
1663930 1384
1663940 1384
1663950 1384
1663960 1383
1663970 1382
1663980 1382
1663990 1380
1664000 1379
1664010 1379
1664020 1378
1664030 1377
1664040 1376
1664050 1376
1664060 1376
1664070 1374
1664080 1374
1664090 1374
1664100 1373
1664110 1373
1664120 1373
1664130 1372
1664140 1372
1664150 1371
1664160 1370
1664170 1370
1664180 1370
1664190 1369
1664200 1369
1664210 1369
1664220 1369
1664230 1368
1664240 1368
1664250 1368
1664260 1367
1664270 1367
1664280 1367
1664290 1366
1664300 1366
1664310 1366
1664320 1366
1664330 1366
1664340 1366
1664350 1365
1664360 1365
1664370 1365
1664380 1365
1664390 1365
1664400 1365
1664410 1365
1664420 1365
1664430 1366
1664440 1366
1664450 1366
1664460 1366
1664470 1367
1664480 1367
1664490 1367
1664500 1368
1664510 1368
1664520 1368
1664530 1368
1664540 1368
1664550 1368
1664560 1367
1664570 1367
1664580 1367
1664590 1367
1664600 1366
1664610 1366
1664620 1366
1664630 1365
1664640 1364
1664650 1364
1664660 1363
1664670 1362
1664680 1362
1664690 1361
1664700 1359
1664710 1359
1664720 1358
1664730 1357
1664740 1357
1664750 1356
1664760 1355
1664770 1355
1664780 1354
1664790 1354
1664800 1354
1664810 1353
1664820 1351
1664830 1350
1664840 1350
1664850 1349
1664860 1348
1664870 1348
1664880 1347
1664890 1347
1664900 1347
1664910 1346
1664920 1345
1664930 1345
1664940 1344
1664950 1343
1664960 1343
1664970 1342
1664980 1340
1664990 1340
1665000 1339
1665010 1337
1665020 1337
1665030 1335
1665040 1334
1665050 1332
1665060 1332
1665070 1331
1665080 1330
1665090 1330
1665100 1329
1665110 1328
1665120 1328
1665130 1327
1665140 1326
1665150 1326
1665160 1325
1665170 1324
1665180 1324
1665190 1323
1665200 1322
1665210 1322
1665220 1321
1665230 1321
1665240 1320
1665250 1320
1665260 1319
1665270 1318
1665280 1318
1665290 1317
1665300 1316
1665310 1316
1665320 1315
1665330 1313
1665340 1313
1665350 1312
1665360 1311
1665370 1311
1665380 1310
1665390 1309
1665400 1309
1665410 1307
1665420 1305
1665430 1305
1665440 1303
1665450 1301
1665460 1299
1665470 1299
1665480 1296
1665490 1294
1665500 1294
1665510 1293
1665520 1290
1665530 1290
1665540 1288
1665550 1286
1665560 1286
1665570 1283
1665580 1280
1665590 1280
1665600 1278
1665610 1275
1665620 1275
1665630 1272
1665640 1268
1665650 1266
1665660 1266
1665670 1263
1665680 1262
1665690 1262
1665700 1260
1665710 1258
1665720 1258
1665730 1256
1665740 1253
1665750 1253
1665760 1251
1665770 1249
1665780 1249
1665790 1247
1665800 1247
1665810 1247
1665820 1246
1665830 1245
1665840 1245
1665850 1243
1665860 1242
1665870 1241
1665880 1241
1665890 1238
1665900 1233
1665910 1233
1665920 1230
1665930 1228
1665940 1228
1665950 1226
1665960 1225
1665970 1225
1665980 1224
1665990 1223
1666000 1223
1666010 1222
1666020 1221
1666030 1221
1666040 1219
1666050 1219
1666060 1217
1666070 1217
1666080 1215
1666090 1213
1666100 1213
1666110 1212
1666120 1211
1666130 1211
1666140 1209
1666150 1208
1666160 1208
1666170 1207
1666180 1206
1666190 1206
1666200 1205
1666210 1204
1666220 1204
1666230 1202
1666240 1200
1666250 1200
1666260 1197
1666270 1194
1666280 1191
1666290 1191
1666300 1189
1666310 1187
1666320 1187
1666330 1183
1666340 1180
1666350 1180
1666360 1177
1666370 1175
1666380 1175
1666390 1173
1666400 1172
1666410 1172
1666420 1170
1666430 1169
1666440 1169
1666450 1167
1666460 1167
1666470 1164
1666480 1164
1666490 1161
1666500 1159
1666510 1159
1666520 1155
1666530 1147
1666540 1147
1666550 1140
1666560 1134
1666570 1134
1666580 1130
1666590 1126
1666600 1126
1666610 1122
1666620 1119
1666630 1119
1666640 1116
1666650 1113
1666660 1108
1666670 1108
1666680 1104
1666690 1100
1666700 1100
1666710 1098
1666720 1096
1666730 1096
1666740 1093
1666750 1091
1666760 1091
1666770 1087
1666780 1082
1666790 1082
1666800 1080
1666810 1078
1666820 1078
1666830 1075
1666840 1073
1666850 1073
1666860 1070
1666870 1067
1666880 1064
1666890 1064
1666900 1062
1666910 1060
1666920 1060
1666930 1057
1666940 1053
1666950 1053
1666960 1048
1666970 1048
1666980 1048
1666990 1048
1667000 1047
1667010 1047
1667020 1047
1667030 1048
1667040 1048
1667050 1047
1667060 1046
1667070 1046
1667080 1046
1667090 1046
1667100 1046
1667110 1046
1667120 1045
1667130 1044
1667140 1044
1667150 1043
1667160 1043
1667170 1043
1667180 1042
1667190 1042
1667200 1042
1667210 1041
1667220 1042
1667230 1042
1667240 1042
1667250 1042
1667260 1042
1667270 1042
1667280 1042
1667290 1042
1667300 1042
1667310 1041
1667320 1041
1667330 1041
1667340 1041
1667350 1041
1667360 1041
1667370 1041
1667380 1040
1667390 1040
1667400 1040
1667410 1041
1667420 1041
1667430 1041
1667440 1041
1667450 1041
1667460 1041
1667470 1040
1667480 1040
1667490 1040
1667500 1041
1667510 1041
1667520 1041
1667530 1041
1667540 1041
1667550 1041
1667560 1041
1667570 1042
1667580 1042
1667590 1041
1667600 1041
1667610 1041
1667620 1042
1667630 1042
1667640 1042
1667650 1043
1667660 1044
1667670 1044
1667680 1045
1667690 1045
1667700 1044
1667710 1044
1667720 1044
1667730 1042
1667740 1042
1667750 1041
1667760 1040
1667770 1040
1667780 1039
1667790 1038
1667800 1038
1667810 1037
1667820 1036
1667830 1036
1667840 1035
1667850 1034
1667860 1034
1667870 1034
1667880 1033
1667890 1033
1667900 1033
1667910 1032
1667920 1032
1667930 1032
1667940 1032
1667950 1032
1667960 1032
1667970 1032
1667980 1032
1667990 1032
1668000 1031
1668010 1030
1668020 1030
1668030 1030
1668040 1029
1668050 1029
1668060 1028
1668070 1026
1668080 1026
1668090 1025
1668100 1024
1668110 1024
1668120 1024
1668130 1023
1668140 1022
1668150 1022
1668160 1020
1668170 1020
1668180 1020
1668190 1019
1668200 1019
1668210 1019
1668220 1018
1668230 1018
1668240 1018
1668250 1017
1668260 1017
1668270 1017
1668280 1016
1668290 1015
1668300 1013
1668310 1013
1668320 1013
1668330 1012
1668340 1012
1668350 1012
1668360 1011
1668370 1011
1668380 1010
1668390 1009
1668400 1009
1668410 1010
1668420 1009
1668430 1009
1668440 1009
1668450 1009
1668460 1009
1668470 1009
1668480 1009
1668490 1008
1668500 1008
1668510 1006
1668520 1005
1668530 1005
1668540 1004
1668550 1003
1668560 1003
1668570 1002
1668580 1000
1668590 1000
1668600 999
1668610 997
1668620 997
1668630 995
1668640 993
1668650 993
1668660 991
1668670 989
1668680 989
1668690 988
1668700 986
1668710 985
1668720 985
1668730 983
1668740 981
1668750 981
1668760 979
1668770 978
1668780 978
1668790 976
1668800 975
1668810 975
1668820 973
1668830 971
1668840 971
1668850 968
1668860 966
1668870 966
1668880 963
1668890 961
1668900 960
1668910 960
1668920 959
1668930 957
1668940 957
1668950 955
1668960 951
1668970 951
1668980 949
1668990 949
1669000 949
1669010 948
1669020 945
1669030 945
1669040 944
1669050 942
1669060 942
1669070 940
1669080 938
1669090 938
1669100 936
1669110 936
1669120 934
1669130 934
1669140 934
1669150 934
1669160 934
1669170 933
1669180 933
1669190 933
1669200 933
1669210 934
1669220 934
1669230 934
1669240 934
1669250 934
1669260 934
1669270 934
1669280 934
1669290 933
1669300 933
1669310 933
1669320 933
1669330 932
1669340 932
1669350 932
1669360 931
1669370 931
1669380 931
1669390 930
1669400 929
1669410 929
1669420 928
1669430 928
1669440 928
1669450 927
1669460 926
1669470 926
1669480 926
1669490 925
1669500 925
1669510 923
1669520 922
1669530 920
1669540 920
1669550 918
1669560 917
1669570 917
1669580 915
1669590 914
1669600 914
1669610 912
1669620 910
1669630 910
1669640 909
1669650 907
1669660 907
1669670 905
1669680 903
1669690 903
1669700 902
1669710 901
1669720 899
1669730 899
1669740 897
1669750 896
1669760 896
1669770 894
1669780 892
1669790 892
1669800 890
1669810 889
1669820 889
1669830 887
1669840 885
1669850 885
1669860 883
1669870 881
1669880 881
1669890 879
1669900 878
1669910 878
1669920 875
1669930 873
1669940 871
1669950 871
1669960 870
1669970 869
1669980 869
1669990 867
1670000 864
1670010 864
1670020 863
1670030 862
1670040 862
1670050 860
1670060 859
1670070 859
1670080 857
1670090 855
1670100 855
1670110 853
1670120 850
1670130 847
1670140 847
1670150 845
1670160 842
1670170 842
1670180 839
1670190 836
1670200 836
1670210 833
1670220 831
1670230 831
1670240 828
1670250 825
1670260 825
1670270 821
1670280 819
1670290 819
1670300 816
1670310 813
1670320 811
1670330 811
1670340 809
1670350 807
1670360 807
1670370 808
1670380 810
1670390 810
1670400 811
1670410 811
1670420 811
1670430 812
1670440 817
1670450 817
1670460 821
1670470 825
1670480 825
1670490 828
1670500 831
1670510 831
1670520 835
1670530 838
1670540 842
1670550 842
1670560 843
1670570 845
1670580 845
1670590 846
1670600 847
1670610 847
1670620 848
1670630 849
1670640 849
1670650 850
1670660 853
1670670 853
1670680 853
1670690 853
1670700 853
1670710 854
1670720 855
1670730 855
1670740 855
1670750 855
1670760 856
1670770 856
1670780 855
1670790 854
1670800 854
1670810 854
1670820 854
1670830 854
1670840 854
1670850 854
1670860 854
1670870 854
1670880 854
1670890 854
1670900 856
1670910 857
1670920 857
1670930 858
1670940 858
1670950 858
1670960 858
1670970 858
1670980 859
1670990 859
1671000 861
1671010 863
1671020 863
1671030 866
1671040 866
1671050 866
1671060 867
1671070 867
1671080 867
1671090 868
1671100 870
1671110 870
1671120 869
1671130 870
1671140 870
1671150 870
1671160 870
1671170 870
1671180 870
1671190 870
1671200 870
1671210 870
1671220 870
1671230 870
1671240 870
1671250 869
1671260 870
1671270 870
1671280 870
1671290 869
1671300 869
1671310 871
1671320 873
1671330 873
1671340 876
1671350 878
1671360 881
1671370 881
1671380 884
1671390 887
1671400 887
1671410 891
1671420 893
1671430 893
1671440 896
1671450 899
1671460 899
1671470 901
1671480 904
1671490 904
1671500 906
1671510 907
1671520 907
1671530 909
1671540 911
1671550 913
1671560 913
1671570 915
1671580 917
1671590 917
1671600 919
1671610 920
1671620 920
1671630 920
1671640 923
1671650 923
1671660 925
1671670 926
1671680 926
1671690 928
1671700 929
1671710 929
1671720 930
1671730 932
1671740 932
1671750 933
1671760 934
1671770 935
1671780 935
1671790 936
1671800 937
1671810 937
1671820 938
1671830 938
1671840 938
1671850 938
1671860 939
1671870 939
1671880 940
1671890 942
1671900 942
1671910 944
1671920 945
1671930 945
1671940 947
1671950 949
1671960 951
1671970 951
1671980 953
1671990 954
1672000 954
1672010 956
1672020 958
1672030 958
1672040 959
1672050 960
1672060 960
1672070 962
1672080 963
1672090 963
1672100 965
1672110 966
1672120 966
1672130 968
1672140 970
1672150 972
1672160 972
1672170 973
1672180 974
1672190 974
1672200 975
1672210 976
1672220 976
1672230 976
1672240 976
1672250 976
1672260 976
1672270 976
1672280 976
1672290 974
1672300 972
1672310 972
1672320 971
1672330 971
1672340 971
1672350 971
1672360 971
1672370 971
1672380 971
1672390 971
1672400 972
1672410 972
1672420 972
1672430 973
1672440 973
1672450 973
1672460 974
1672470 974
1672480 975
1672490 975
1672500 975
1672510 976
1672520 977
1672530 977
1672540 978
1672550 979
1672560 980
1672570 980
1672580 981
1672590 983
1672600 983
1672610 984
1672620 984
1672630 984
1672640 986
1672650 986
1672660 986
1672670 987
1672680 988
1672690 988
1672700 989
1672710 989
1672720 989
1672730 990
1672740 991
1672750 991
1672760 992
1672770 992
1672780 993
1672790 993
1672800 994
1672810 996
1672820 996
1672830 997
1672840 999
1672850 999
1672860 999
1672870 1001
1672880 1001
1672890 1002
1672900 1003
1672910 1003
1672920 1005
1672930 1007
1672940 1007
1672950 1010
1672960 1012
1672970 1014
1672980 1014
1672990 1014
1673000 1015
1673010 1015
1673020 1016
1673030 1016
1673040 1016
1673050 1016
1673060 1017
1673070 1017
1673080 1017
1673090 1017
1673100 1017
1673110 1017
1673120 1017
1673130 1017
1673140 1018
1673150 1018
1673160 1018
1673170 1018
1673180 1018
1673190 1019
1673200 1019
1673210 1019
1673220 1020
1673230 1020
1673240 1020
1673250 1021
1673260 1021
1673270 1022
1673280 1023
1673290 1023
1673300 1024
1673310 1024
1673320 1024
1673330 1024
1673340 1025
1673350 1025
1673360 1025
1673370 1025
1673380 1025
1673390 1025
1673400 1024
1673410 1024
1673420 1024
1673430 1023
1673440 1024
1673450 1024
1673460 1024
1673470 1025
1673480 1025
1673490 1026
1673500 1027
1673510 1027
1673520 1027
1673530 1028
1673540 1028
1673550 1028
1673560 1028
1673570 1028
1673580 1029
1673590 1029
1673600 1029
1673610 1029
1673620 1030
1673630 1030
1673640 1030
1673650 1030
1673660 1030
1673670 1030
1673680 1031
1673690 1031
1673700 1031
1673710 1031
1673720 1032
1673730 1032
1673740 1032
1673750 1033
1673760 1033
1673770 1033
1673780 1033
1673790 1033
1673800 1033
1673810 1033
1673820 1033
1673830 1033
1673840 1032
1673850 1032
1673860 1032
1673870 1031
1673880 1030
1673890 1030
1673900 1029
1673910 1029
1673920 1029
1673930 1028
1673940 1027
1673950 1027
1673960 1026
1673970 1025
1673980 1024
1673990 1024
1674000 1024
1674010 1023
1674020 1023
1674030 1022
1674040 1022
1674050 1022
1674060 1021
1674070 1021
1674080 1021
1674090 1020
1674100 1020
1674110 1020
1674120 1020
1674130 1020
1674140 1020
1674150 1020
1674160 1021
1674170 1021
1674180 1021
1674190 1021
1674200 1021
1674210 1021
1674220 1021
1674230 1021
1674240 1021
1674250 1020
1674260 1020
1674270 1020
1674280 1020
1674290 1019
1674300 1019
1674310 1019
1674320 1018
1674330 1018
1674340 1017
1674350 1016
1674360 1016
1674370 1015
1674380 1013
1674390 1012
1674400 1012
1674410 1011
1674420 1012
1674430 1012
1674440 1012
1674450 1012
1674460 1012
1674470 1010
1674480 1009
1674490 1009
1674500 1007
1674510 1007
1674520 1007
1674530 1005
1674540 1005
1674550 1005
1674560 1004
1674570 1004
1674580 1004
1674590 1004
1674600 1002
1674610 1003
1674620 1003
1674630 1002
1674640 1001
1674650 1001
1674660 1000
1674670 1000
1674680 1000
1674690 999
1674700 998
1674710 998
1674720 998
1674730 997
1674740 997
1674750 995
1674760 994
1674770 994
1674780 993
1674790 992
1674800 991
1674810 991
1674820 989
1674830 988
1674840 988
1674850 986
1674860 984
1674870 984
1674880 981
1674890 978
1674900 978
1674910 973
1674920 969
1674930 969
1674940 966
1674950 963
1674960 963
1674970 962
1674980 961
1674990 961
1675000 960
1675010 957
1675020 955
1675030 955
1675040 955
1675050 952
1675060 952
1675070 952
1675080 951
1675090 951
1675100 949
1675110 946
1675120 946
1675130 945
1675140 943
1675150 943
1675160 942
1675170 941
1675180 941
1675190 940
1675200 938
1675210 935
1675220 935
1675230 932
1675240 933
1675250 933
1675260 932
1675270 932
1675280 932
1675290 932
1675300 930
1675310 930
1675320 927
1675330 925
1675340 925
1675350 923
1675360 919
1675370 919
1675380 914
1675390 912
1675400 912
1675410 910
1675420 907
1675430 904
1675440 904
1675450 902
1675460 897
1675470 897
1675480 893
1675490 892
1675500 892
1675510 893
1675520 894
1675530 894
1675540 895
1675550 896
1675560 896
1675570 896
1675580 897
1675590 897
1675600 897
1675610 891
1675620 886
1675630 886
1675640 880
1675650 879
1675660 879
1675670 879
1675680 883
1675690 883
1675700 890
1675710 894
1675720 894
1675730 898
1675740 900
1675750 900
1675760 904
1675770 907
1675780 907
1675790 910
1675800 912
1675810 914
1675820 914
1675830 916
1675840 918
1675850 918
1675860 919
1675870 920
1675880 920
1675890 921
1675900 922
1675910 922
1675920 923
1675930 924
1675940 924
1675950 925
1675960 926
1675970 926
1675980 928
1675990 929
1676000 929
1676010 930
1676020 931
1676030 933
1676040 933
1676050 934
1676060 935
1676070 935
1676080 937
1676090 939
1676100 939
1676110 941
1676120 942
1676130 942
1676140 944
1676150 945
1676160 945
1676170 946
1676180 948
1676190 948
1676200 948
1676210 950
1676220 951
1676230 951
1676240 952
1676250 952
1676260 952
1676270 953
1676280 954
1676290 954
1676300 954
1676310 955
1676320 955
1676330 956
1676340 956
1676350 956
1676360 956
1676370 956
1676380 956
1676390 957
1676400 957
1676410 957
1676420 957
1676430 958
1676440 958
1676450 958
1676460 960
1676470 960
1676480 960
1676490 959
1676500 959
1676510 959
1676520 960
1676530 960
1676540 960
1676550 960
1676560 960
1676570 960
1676580 961
1676590 961
1676600 961
1676610 961
1676620 960
1676630 962
1676640 962
1676650 962
1676660 962
1676670 962
1676680 962
1676690 961
1676700 961
1676710 961
1676720 961
1676730 961
1676740 962
1676750 961
1676760 961
1676770 961
1676780 961
1676790 961
1676800 960
1676810 959
1676820 959
1676830 959
1676840 958
1676850 957
1676860 957
1676870 957
1676880 956
1676890 956
1676900 955
1676910 954
1676920 954
1676930 953
1676940 952
1676950 952
1676960 951
1676970 951
1676980 951
1676990 951
1677000 950
1677010 950
1677020 950
1677030 949
1677040 947
1677050 947
1677060 945
1677070 943
1677080 943
1677090 942
1677100 940
1677110 940
1677120 938
1677130 934
1677140 934
1677150 930
1677160 925
1677170 925
1677180 921
1677190 917
1677200 917
1677210 915
1677220 916
1677230 916
1677240 916
1677250 916
1677260 915
1677270 915
1677280 914
1677290 914
1677300 914
1677310 913
1677320 913
1677330 913
1677340 912
1677350 911
1677360 911
1677370 911
1677380 910
1677390 910
1677400 910
1677410 910
1677420 910
1677430 911
1677440 911
1677450 911
1677460 911
1677470 911
1677480 909
1677490 909
1677500 907
1677510 904
1677520 904
1677530 900
1677540 894
1677550 894
1677560 890
1677570 888
1677580 888
1677590 888
1677600 886
1677610 886
1677620 883
1677630 882
1677640 882
1677650 882
1677660 884
1677670 886
1677680 886
1677690 887
1677700 890
1677710 890
1677720 895
1677730 897
1677740 897
1677750 895
1677760 892
1677770 892
1677780 890
1677790 887
1677800 887
1677810 885
1677820 884
1677830 884
1677840 882
1677850 880
1677860 879
1677870 879
1677880 877
1677890 874
1677900 874
1677910 873
1677920 872
1677930 872
1677940 871
1677950 870
1677960 870
1677970 868
1677980 867
1677990 867
1678000 866
1678010 865
1678020 865
1678030 866
1678040 865
1678050 865
1678060 865
1678070 865
1678080 864
1678090 864
1678100 863
1678110 862
1678120 862
1678130 862
1678140 860
1678150 860
1678160 861
1678170 861
1678180 861
1678190 861
1678200 861
1678210 861
1678220 861
1678230 861
1678240 861
1678250 860
1678260 859
1678270 858
1678280 858
1678290 857
1678300 856
1678310 856
1678320 856
1678330 855
1678340 855
1678350 854
1678360 853
1678370 853
1678380 849
1678390 851
1678400 851
1678410 850
1678420 848
1678430 848
1678440 847
1678450 843
1678460 842
1678470 842
1678480 840
1678490 839
1678500 839
1678510 836
1678520 831
1678530 831
1678540 825
1678550 823
1678560 823
1678570 822
1678580 821
1678590 821
1678600 820
1678610 819
1678620 819
1678630 820
1678640 820
1678650 820
1678660 819
1678670 819
1678680 818
1678690 818
1678700 818
1678710 819
1678720 819
1678730 818
1678740 818
1678750 818
1678760 818
1678770 818
1678780 818
1678790 817
1678800 817
1678810 817
1678820 817
1678830 815
1678840 815
1678850 814
1678860 813
1678870 811
1678880 811
1678890 806
1678900 802
1678910 802
1678920 798
1678930 796
1678940 796
1678950 796
1678960 798
1678970 798
1678980 799
1678990 800
1679000 800
1679010 801
1679020 802
1679030 802
1679040 802
1679050 802
1679060 802
1679070 802
1679080 800
1679090 798
1679100 798
1679110 795
1679120 792
1679130 792
1679140 788
1679150 784
1679160 784
1679170 780
1679180 777
1679190 777
1679200 773
1679210 770
1679220 770
1679230 767
1679240 762
1679250 762
1679260 757
1679270 753
1679280 747
1679290 747
1679300 742
1679310 735
1679320 735
1679330 731
1679340 727
1679350 727
1679360 721
1679370 714
1679380 714
1679390 709
1679400 702
1679410 702
1679420 696
1679430 689
1679440 689
1679450 684
1679460 680
1679470 675
1679480 675
1679490 675
1679500 664
1679510 664
1679520 655
1679530 652
1679540 652
1679550 653
1679560 656
1679570 656
1679580 661
1679590 663
1679600 663
1679610 665
1679620 673
1679630 673
1679640 677
1679650 683
1679660 683
1679670 688
1679680 693
1679690 697
1679700 697
1679710 701
1679720 705
1679730 705
1679740 709
1679750 712
1679760 712
1679770 716
1679780 723
1679790 723
1679800 727
1679810 732
1679820 732
1679830 738
1679840 738
1679850 738
1679860 741
1679870 744
1679880 748
1679890 748
1679900 752
1679910 755
1679920 755
1679930 759
1679940 762
1679950 762
1679960 764
1679970 767
1679980 767
1679990 770
1660000 1524
1660010 1529
1660020 1529
1660030 1510
1660040 1508
1660050 1508
1660060 1510
1660070 1515
1660080 1515
1660090 1504
1660100 1501
1660110 1501
1660120 1500
1660130 1499
1660140 1510
1660150 1510
1660160 1520
1660170 1502
1660180 1502
1660190 1515
1660200 1511
1660210 1511
1660220 1509
1660230 1499
1660240 1499
1660250 1499
1660260 1496
1660270 1496
1660280 1496
1660290 1503
1660300 1503
1660310 1500
1660320 1499
1660330 1493
1660340 1493
1660350 1497
1660360 1490
1660370 1490
1660380 1492
1660390 1488
1660400 1488
1660410 1486
1660420 1481
1660430 1481
1660440 1477
1660450 1479
1660460 1479
1660470 1474
1660480 1475
1660490 1475
1660500 1475
1660510 1471
1660520 1470
1660530 1470
1660540 1468
1660550 1461
1660560 1461
1660570 1463
1660580 1461
1660590 1461
1660600 1458
1660610 1459
1660620 1459
1660630 1452
1660640 1449
1660650 1449
1660660 1452
1660670 1446
1660680 1446
1660690 1445
1660700 1433
1660710 1433
1660720 1430
1660730 1429
1660740 1441
1660750 1441
1660760 1449
1660770 1449
1660780 1449
1660790 1430
1660800 1430
1660810 1430
1660820 1430
1660830 1435
1660840 1435
1660850 1430
1660860 1430
1660870 1430
1660880 1429
1660890 1428
1660900 1428
1660910 1428
1660920 1427
1660930 1425
1660940 1425
1660950 1424
1660960 1422
1660970 1422
1660980 1430
1660990 1441
1661000 1441
1661010 1439
1661020 1419
1661030 1419
1661040 1432
1661050 1441
1661060 1423
1661070 1419
1661080 1429
1661090 1429
1661100 1421
1661110 1439
1661120 1421
1661130 1421
1661140 1423
1661150 1423
1661160 1423
1661170 1436
1661180 1436
1661190 1436
1661200 1433
1661210 1442
1661220 1442
1661230 1427
1661240 1443
1661250 1443
1661260 1427
1661270 1446
1661280 1446
1661290 1447
1661300 1447
1661310 1447
1661320 1443
1661330 1442
1661340 1445
1661350 1445
1661360 1441
1661370 1432
1661380 1432
1661390 1455
1661400 1439
1661410 1439
1661420 1437
1661430 1435
1661440 1435
1661450 1453
1661460 1450
1661470 1450
1661480 1455
1661490 1456
1661500 1456
1661510 1456
1661520 1452
1661530 1454
1661540 1454
1661550 1444
1661560 1444
1661570 1444
1661580 1457
1661590 1453
1661600 1453
1661610 1455
1661620 1457
1661630 1457
1661640 1458
1661650 1455
1661660 1455
1661670 1457
1661680 1453
1661690 1453
1661700 1449
1661710 1436
1661720 1452
1661730 1452
1661740 1434
1661750 1445
1661760 1445
1661770 1448
1661780 1453
1661790 1453
1661800 1453
1661810 1456
1661820 1456
1661830 1451
1661840 1449
1661850 1449
1661860 1450
1661870 1447
1661880 1447
1661890 1442
1661900 1443
1661910 1443
1661920 1442
1661930 1439
1661940 1443
1661950 1443
1661960 1449
1661970 1451
1661980 1451
1661990 1448
1662000 1446
1662010 1446
1662020 1441
1662030 1444
1662040 1444
1662050 1441
1662060 1450
1662070 1450
1662080 1453
1662090 1454
1662100 1454
1662110 1458
1662120 1454
1662130 1452
1662140 1452
1662150 1444
1662160 1442
1662170 1442
1662180 1451
1662190 1452
1662200 1452
1662210 1451
1662220 1454
1662230 1454
1662240 1455
1662250 1455
1662260 1455
1662270 1454
1662280 1455
1662290 1455
1662300 1455
1662310 1456
1662320 1457
1662330 1457
1662340 1455
1662350 1451
1662360 1451
1662370 1455
1662380 1458
1662390 1458
1662400 1453
1662410 1452
1662420 1452
1662430 1456
1662440 1453
1662450 1453
1662460 1450
1662470 1452
1662480 1452
1662490 1452
1662500 1454
1662510 1454
1662520 1455
1662530 1452
1662540 1451
1662550 1451
1662560 1455
1662570 1454
1662580 1454
1662590 1455
1662600 1451
1662610 1451
1662620 1449
1662630 1447
1662640 1447
1662650 1447
1662660 1452
1662670 1452
1662680 1451
1662690 1450
1662700 1450
1662710 1449
1662720 1452
1662730 1443
1662740 1443
1662750 1451
1662760 1449
1662770 1449
1662780 1447
1662790 1447
1662800 1447
1662810 1447
1662820 1441
1662830 1441
1662840 1441
1662850 1444
1662860 1444
1662870 1438
1662880 1448
1662890 1448
1662900 1439
1662910 1436
1662920 1439
1662930 1439
1662940 1438
1662950 1433
1662960 1433
1662970 1432
1662980 1432
1662990 1432
1663000 1428
1663010 1429
1663020 1429
1663030 1433
1663040 1430
1663050 1430
1663060 1427
1663070 1429
1663080 1429
1663090 1426
1663100 1431
1663110 1431
1663120 1422
1663130 1430
1663140 1426
1663150 1426
1663160 1424
1663170 1430
1663180 1430
1663190 1430
1663200 1426
1663210 1427
1663220 1425
1663230 1429
1663240 1429
1663250 1426
1663260 1430
1663270 1430
1663280 1427
1663290 1428
1663300 1428
1663310 1420
1663320 1420
1663330 1414
1663340 1414
1663350 1415
1663360 1415
1663370 1415
1663380 1415
1663390 1415
1663400 1415
1663410 1416
1663420 1416
1663430 1416
1663440 1416
1663450 1417
1663460 1417
1663470 1416
1663480 1416
1663490 1416
1663500 1415
1663510 1415
1663520 1415
1663530 1415
1663540 1414
1663550 1413
1663560 1413
1663570 1412
1663580 1425
1663590 1425
1663600 1420
1663610 1409
1663620 1409
1663630 1420
1663640 1406
1663650 1406
1663660 1404
1663670 1402
1663680 1402
1663690 1401
1663700 1408
1663710 1408
1663720 1418
1663730 1421
1663740 1411
1663750 1411
1663760 1412
1663770 1415
1663780 1415
1663790 1414
1663800 1410
1663810 1410
1663820 1409
1663830 1416
1663840 1416
1663850 1412
1663860 1413
1663870 1413
1663880 1407
1663890 1410
1663900 1410
1663910 1392
1663920 1405
1663930 1402
1663940 1402
1663950 1399
1663960 1403
1663970 1403
1663980 1399
1663990 1402
1664000 1402
1664010 1395
1664020 1394
1664030 1394
1664040 1391
1664050 1389
1664060 1389
1664070 1391
1664080 1390
1664090 1390
1664100 1390
1664110 1393
1664120 1387
1664130 1387
1664140 1394
1664150 1392
1664160 1392
1664170 1395
1664180 1393
1664190 1393
1664200 1395
1664210 1391
1664220 1391
1664230 1387
1664240 1392
1664250 1392
1664260 1391
1664270 1388
1664280 1388
1664290 1376
1664300 1377
1664310 1377
1664320 1375
1664330 1376
1664340 1378
1664350 1378
1664360 1377
1664370 1377
1664380 1377
1664390 1384
1664400 1383
1664410 1383
1664420 1386
1664430 1385
1664440 1385
1664450 1366
1664460 1367
1664470 1367
1664480 1367
1664490 1368
1664500 1368
1664510 1368
1664520 1368
1664530 1368
1664540 1368
1664550 1382
