1660000 1527
1660010 1527
1660020 1525
1660030 1523
1660040 1523
1660050 1522
1660060 1520
1660070 1520
1660080 1518
1660090 1517
1660100 1517
1660110 1515
1660120 1513
1660130 1513
1660140 1512
1660150 1511
1660160 1510
1660170 1510
1660180 1508
1660190 1508
1660200 1508
1660210 1505
1660220 1503
1660230 1503
1660240 1501
1660250 1499
1660260 1499
1660270 1498
1660280 1497
1660290 1497
1660300 1495
1660310 1494
1660320 1494
1660330 1492
1660340 1490
1660350 1487
1660360 1487
1660370 1484
1660380 1481
1660390 1481
1660400 1478
1660410 1475
1660420 1475
1660430 1473
1660440 1472
1660450 1472
1660460 1471
1660470 1470
1660480 1470
1660490 1468
1660500 1467
1660510 1467
1660520 1463
1660530 1459
1660540 1459
1660550 1456
1660560 1455
1660570 1454
1660580 1454
1660590 1454
1660600 1455
1660610 1455
1660620 1456
1660630 1457
1660640 1457
1660650 1457
1660660 1457
1660670 1457
1660680 1458
1660690 1460
1660700 1460
1660710 1460
1660720 1461
1660730 1461
1660740 1462
1660750 1462
1660760 1464
1660770 1464
1660780 1465
1660790 1466
1660800 1466
1660810 1466
1660820 1465
1660830 1465
1660840 1463
1660850 1463
1660860 1463
1660870 1462
1660880 1461
1660890 1461
1660900 1460
1660910 1460
1660920 1460
1660930 1459
1660940 1459
1660950 1459
1660960 1458
1660970 1457
1660980 1455
1660990 1455
1661000 1455
1661010 1455
1661020 1455
1661030 1456
1661040 1455
1661050 1455
1661060 1455
1661070 1457
1661080 1457
1661090 1457
1661100 1458
1661110 1458
1661120 1459
1661130 1460
1661140 1460
1661150 1460
1661160 1461
1661170 1461
1661180 1461
1661190 1461
1661200 1462
1661210 1462
1661220 1462
1661230 1463
1661240 1463
1661250 1464
1661260 1465
1661270 1465
1661280 1466
1661290 1466
1661300 1466
1661310 1467
1661320 1467
1661330 1467
1661340 1468
1661350 1469
1661360 1469
1661370 1471
1661380 1472
1661390 1473
1661400 1473
1661410 1474
1661420 1475
1661430 1475
1661440 1476
1661450 1477
1661460 1477
1661470 1478
1661480 1477
1661490 1477
1661500 1477
1661510 1477
1661520 1477
1661530 1477
1661540 1477
1661550 1477
1661560 1476
1661570 1477
1661580 1476
1661590 1476
1661600 1476
1661610 1476
1661620 1476
1661630 1476
1661640 1475
1661650 1475
1661660 1475
1661670 1475
1661680 1475
1661690 1475
1661700 1475
1661710 1475
1661720 1475
1661730 1476
1661740 1476
1661750 1477
1661760 1477
1661770 1477
1661780 1477
1661790 1478
1661800 1477
1661810 1477
1661820 1477
1661830 1477
1661840 1477
1661850 1477
1661860 1478
1661870 1478
1661880 1477
1661890 1476
1661900 1476
1661910 1476
1661920 1476
1661930 1476
1661940 1476
1661950 1476
1661960 1476
1661970 1477
1661980 1476
1661990 1476
1662000 1476
1662010 1476
1662020 1476
1662030 1476
1662040 1476
1662050 1474
1662060 1474
1662070 1471
1662080 1470
1662090 1470
1662100 1468
1662110 1467
1662120 1467
1662130 1466
1662140 1465
1662150 1465
1662160 1465
1662170 1464
1662180 1464
1662190 1464
1662200 1463
1662210 1463
1662220 1463
1662230 1463
1662240 1463
1662250 1463
1662260 1464
1662270 1465
1662280 1465
1662290 1467
1662300 1466
1662310 1466
1662320 1465
1662330 1464
1662340 1464
1662350 1464
1662360 1463
1662370 1463
1662380 1462
1662390 1462
1662400 1461
1662410 1461
1662420 1460
1662430 1460
1662440 1460
1662450 1459
1662460 1458
1662470 1458
1662480 1458
1662490 1457
1662500 1457
1662510 1457
1662520 1457
1662530 1457
1662540 1457
1662550 1456
1662560 1456
1662570 1456
1662580 1456
1662590 1455
1662600 1455
1662610 1454
1662620 1454
1662630 1454
1662640 1453
1662650 1453
1662660 1453
1662670 1452
1662680 1451
1662690 1451
1662700 1451
1662710 1450
1662720 1450
1662730 1449
1662740 1448
1662750 1448
1662760 1447
1662770 1446
1662780 1446
1662790 1445
1662800 1444
1662810 1443
1662820 1443
1662830 1442
1662840 1442
1662850 1442
1662860 1441
1662870 1440
1662880 1440
1662890 1440
1662900 1439
1662910 1439
1662920 1439
1662930 1439
1662940 1439
1662950 1438
1662960 1438
1662970 1438
1662980 1437
1662990 1437
1663000 1436
1663010 1436
1663020 1436
1663030 1435
1663040 1435
1663050 1435
1663060 1435
1663070 1435
1663080 1435
1663090 1435
1663100 1435
1663110 1435
1663120 1435
1663130 1435
1663140 1435
1663150 1435
1663160 1435
1663170 1434
1663180 1434
1663190 1434
1663200 1434
1663210 1433
1663220 1433
1663230 1433
1663240 1433
1663250 1433
1663260 1433
1663270 1433
1663280 1433
1663290 1433
1663300 1433
1663310 1433
1663320 1433
1663330 1433
1663340 1434
1663350 1434
1663360 1434
1663370 1434
1663380 1434
1663390 1434
1663400 1434
1663410 1434
1663420 1434
1663430 1433
1663440 1433
1663450 1433
1663460 1432
1663470 1432
1663480 1432
1663490 1431
1663500 1431
1663510 1431
1663520 1430
1663530 1429
1663540 1429
1663550 1428
1663560 1427
1663570 1427
1663580 1426
1663590 1424
1663600 1424
1663610 1423
1663620 1422
1663630 1421
1663640 1421
1663650 1420
1663660 1419
1663670 1419
1663680 1417
1663690 1416
1663700 1416
1663710 1415
1663720 1413
1663730 1413
1663740 1412
1663750 1411
1663760 1411
1663770 1410
1663780 1409
1663790 1409
1663800 1408
1663810 1408
1663820 1407
1663830 1407
1663840 1406
1663850 1405
1663860 1405
1663870 1405
1663880 1404
1663890 1404
1663900 1403
1663910 1403
1663920 1403
1663930 1402
1663940 1402
1663950 1402
1663960 1401
1663970 1399
1663980 1399
1663990 1399
1664000 1398
1664010 1397
1664020 1397
1664030 1396
1664040 1395
1664050 1395
1664060 1394
1664070 1393
1664080 1393
1664090 1393
1664100 1392
1664110 1392
1664120 1392
1664130 1391
1664140 1391
1664150 1390
1664160 1389
1664170 1389
1664180 1388
1664190 1388
1664200 1388
1664210 1387
1664220 1386
1664230 1385
1664240 1385
1664250 1385
1664260 1384
1664270 1384
1664280 1383
1664290 1383
1664300 1383
1664310 1382
1664320 1381
1664330 1381
1664340 1380
1664350 1379
1664360 1379
1664370 1378
1664380 1377
1664390 1377
1664400 1376
1664410 1376
1664420 1374
1664430 1374
1664440 1373
1664450 1372
1664460 1372
1664470 1370
1664480 1369
1664490 1369
1664500 1367
1664510 1366
1664520 1366
1664530 1364
1664540 1363
1664550 1363
1664560 1361
1664570 1359
1664580 1359
1664590 1357
1664600 1356
1664610 1356
1664620 1354
1664630 1351
1664640 1350
1664650 1350
1664660 1347
1664670 1345
1664680 1345
1664690 1344
1664700 1342
1664710 1342
1664720 1340
1664730 1339
1664740 1339
1664750 1338
1664760 1336
1664770 1336
1664780 1334
1664790 1331
1664800 1331
1664810 1329
1664820 1327
1664830 1326
1664840 1326
1664850 1325
1664860 1323
1664870 1323
1664880 1323
1664890 1321
1664900 1321
1664910 1319
1664920 1318
1664930 1318
1664940 1317
1664950 1315
1664960 1315
1664970 1313
1664980 1312
1664990 1312
1665000 1310
1665010 1309
1665020 1309
1665030 1308
1665040 1307
1665050 1306
1665060 1306
1665070 1304
1665080 1303
1665090 1303
1665100 1301
1665110 1300
1665120 1300
1665130 1299
1665140 1298
1665150 1298
1665160 1297
1665170 1297
1665180 1297
1665190 1296
1665200 1296
1665210 1296
1665220 1296
1665230 1296
1665240 1295
1665250 1295
1665260 1294
1665270 1294
1665280 1294
1665290 1294
1665300 1294
1665310 1294
1665320 1293
1665330 1293
1665340 1293
1665350 1293
1665360 1293
1665370 1293
1665380 1293
1665390 1292
1665400 1292
1665410 1292
1665420 1292
1665430 1292
1665440 1290
1665450 1289
1665460 1288
1665470 1288
1665480 1286
1665490 1285
1665500 1285
1665510 1284
1665520 1283
1665530 1283
1665540 1282
1665550 1278
1665560 1278
1665570 1277
1665580 1275
1665590 1275
1665600 1274
1665610 1273
1665620 1273
1665630 1271
1665640 1269
1665650 1266
1665660 1266
1665670 1264
1665680 1262
1665690 1262
1665700 1261
1665710 1259
1665720 1259
1665730 1258
1665740 1256
1665750 1256
1665760 1254
1665770 1253
1665780 1253
1665790 1250
1665800 1248
1665810 1248
1665820 1246
1665830 1244
1665840 1244
1665850 1242
1665860 1240
1665870 1237
1665880 1237
1665890 1234
1665900 1231
1665910 1231
1665920 1229
1665930 1225
1665940 1225
1665950 1221
1665960 1217
1665970 1217
1665980 1213
1665990 1209
1666000 1209
1666010 1206
1666020 1203
1666030 1203
1666040 1200
1666050 1197
1666060 1194
1666070 1194
1666080 1190
1666090 1184
1666100 1184
1666110 1180
1666120 1178
1666130 1178
1666140 1179
1666150 1179
1666160 1179
1666170 1179
1666180 1179
1666190 1179
1666200 1180
1666210 1180
1666220 1180
1666230 1180
1666240 1178
1666250 1177
1666260 1177
1666270 1176
1666280 1174
1666290 1174
1666300 1172
1666310 1168
1666320 1168
1666330 1167
1666340 1165
1666350 1165
1666360 1163
1666370 1160
1666380 1160
1666390 1157
1666400 1154
1666410 1154
1666420 1153
1666430 1151
1666440 1151
1666450 1149
1666460 1147
1666470 1144
1666480 1144
1666490 1142
1666500 1139
1666510 1139
1666520 1136
1666530 1133
1666540 1133
1666550 1131
1666560 1129
1666570 1129
1666580 1127
1666590 1125
1666600 1125
1666610 1122
1666620 1122
1666630 1122
1666640 1119
1666650 1118
1666660 1117
1666670 1117
1666680 1115
1666690 1113
1666700 1113
1666710 1110
1666720 1108
1666730 1108
1666740 1106
1666750 1103
1666760 1103
1666770 1101
1666780 1099
1666790 1099
1666800 1097
1666810 1095
1666820 1095
1666830 1092
1666840 1089
1666850 1089
1666860 1086
1666870 1084
1666880 1082
1666890 1082
1666900 1080
1666910 1078
1666920 1078
1666930 1077
1666940 1075
1666950 1075
1666960 1074
1666970 1073
1666980 1073
1666990 1071
1667000 1068
1667010 1068
1667020 1064
1667030 1061
1667040 1061
1667050 1058
1667060 1054
1667070 1049
1667080 1049
1667090 1043
1667100 1038
1667110 1038
1667120 1034
1667130 1030
1667140 1030
1667150 1025
1667160 1019
1667170 1019
1667180 1014
1667190 1011
1667200 1011
1667210 1010
1667220 1010
1667230 1010
1667240 1010
1667250 1010
1667260 1010
1667270 1010
1667280 1009
1667290 1008
1667300 1008
1667310 1009
1667320 1009
1667330 1009
1667340 1009
1667350 1008
1667360 1008
1667370 1007
1667380 1006
1667390 1006
1667400 1006
1667410 1006
1667420 1006
1667430 1006
1667440 1006
1667450 1006
1667460 1006
1667470 1006
1667480 1006
1667490 1006
1667500 1006
1667510 1006
1667520 1006
1667530 1005
1667540 1004
1667550 1004
1667560 1006
1667570 1005
1667580 1005
1667590 1005
1667600 1005
1667610 1005
1667620 1005
1667630 1005
1667640 1005
1667650 1005
1667660 1006
1667670 1006
1667680 1007
1667690 1008
1667700 1008
1667710 1008
1667720 1008
1667730 1008
1667740 1008
1667750 1009
1667760 1009
1667770 1009
1667780 1009
1667790 1010
1667800 1010
1667810 1011
1667820 1012
1667830 1012
1667840 1012
1667850 1011
1667860 1011
1667870 1011
1667880 1011
1667890 1011
1667900 1011
1667910 1012
1667920 1012
1667930 1012
1667940 1013
1667950 1013
1667960 1013
1667970 1013
1667980 1012
1667990 1012
1668000 1012
1668010 1011
1668020 1011
1668030 1010
1668040 1010
1668050 1010
1668060 1010
1668070 1010
1668080 1010
1668090 1010
1668100 1010
1668110 1011
1668120 1011
1668130 1011
1668140 1011
1668150 1011
1668160 1011
1668170 1010
1668180 1010
1668190 1010
1668200 1011
1668210 1011
1668220 1010
1668230 1011
1668240 1011
1668250 1011
1668260 1011
1668270 1011
1668280 1012
1668290 1012
1668300 1012
1668310 1012
1668320 1012
1668330 1010
1668340 1010
1668350 1008
1668360 1007
1668370 1007
1668380 1006
1668390 1004
1668400 1004
1668410 1003
1668420 1001
1668430 1001
1668440 998
1668450 996
1668460 996
1668470 994
1668480 993
1668490 992
1668500 992
1668510 991
1668520 991
1668530 991
1668540 990
1668550 990
1668560 990
1668570 989
1668580 989
1668590 989
1668600 988
1668610 987
1668620 987
1668630 987
1668640 986
1668650 986
1668660 985
1668670 984
1668680 984
1668690 983
1668700 983
1668710 983
1668720 983
1668730 982
1668740 982
1668750 982
1668760 982
1668770 981
1668780 981
1668790 980
1668800 979
1668810 979
1668820 979
1668830 978
1668840 978
1668850 977
1668860 977
1668870 977
1668880 977
1668890 977
1668900 977
1668910 977
1668920 977
1668930 977
1668940 977
1668950 977
1668960 977
1668970 977
1668980 977
1668990 977
1669000 977
1669010 976
1669020 975
1669030 975
1669040 974
1669050 973
1669060 973
1669070 972
1669080 970
1669090 970
1669100 968
1669110 967
1669120 966
1669130 966
1669140 965
1669150 964
1669160 964
1669170 963
1669180 963
1669190 963
1669200 962
1669210 961
1669220 961
1669230 960
1669240 958
1669250 958
1669260 958
1669270 956
1669280 956
1669290 954
1669300 952
1669310 950
1669320 950
1669330 949
1669340 947
1669350 947
1669360 945
1669370 944
1669380 944
1669390 941
1669400 939
1669410 939
1669420 938
1669430 936
1669440 936
1669450 934
1669460 931
1669470 931
1669480 929
1669490 925
1669500 925
1669510 923
1669520 920
1669530 916
1669540 916
1669550 913
1669560 910
1669570 910
1669580 908
1669590 906
1669600 906
1669610 904
1669620 901
1669630 901
1669640 898
1669650 896
1669660 896
1669670 893
1669680 890
1669690 890
1669700 888
1669710 887
1669720 885
1669730 885
1669740 884
1669750 882
1669760 882
1669770 879
1669780 877
1669790 877
1669800 875
1669810 873
1669820 873
1669830 872
1669840 871
1669850 871
1669860 870
1669870 869
1669880 869
1669890 868
1669900 866
1669910 866
1669920 865
1669930 864
1669940 863
1669950 863
1669960 863
1669970 862
1669980 862
1669990 860
1670000 860
1670010 860
1670020 860
1670030 859
1670040 859
1670050 859
1670060 858
1670070 858
1670080 858
1670090 858
1670100 858
1670110 857
1670120 856
1670130 855
1670140 855
1670150 854
1670160 853
1670170 853
1670180 852
1670190 851
1670200 851
1670210 850
1670220 849
1670230 849
1670240 848
1670250 846
1670260 846
1670270 843
1670280 836
1670290 836
1670300 830
1670310 826
1670320 823
1670330 823
1670340 819
1670350 814
1670360 814
1670370 810
1670380 808
1670390 808
1670400 805
1670410 805
1670420 805
1670430 807
1670440 808
1670450 808
1670460 808
1670470 809
1670480 809
1670490 813
1670500 817
1670510 817
1670520 820
1670530 823
1670540 826
1670550 826
1670560 829
1670570 832
1670580 832
1670590 834
1670600 836
1670610 836
1670620 839
1670630 841
1670640 841
1670650 844
1670660 847
1670670 847
1670680 851
1670690 851
1670700 851
1670710 855
1670720 857
1670730 861
1670740 861
1670750 863
1670760 865
1670770 865
1670780 868
1670790 871
1670800 871
1670810 873
1670820 875
1670830 875
1670840 877
1670850 878
1670860 878
1670870 879
1670880 880
1670890 880
1670900 882
1670910 884
1670920 884
1670930 885
1670940 888
1670950 891
1670960 891
1670970 894
1670980 897
1670990 897
1671000 899
1671010 900
1671020 900
1671030 901
1671040 903
1671050 903
1671060 904
1671070 905
1671080 905
1671090 906
1671100 906
1671110 906
1671120 905
1671130 905
1671140 906
1671150 906
1671160 908
1671170 910
1671180 910
1671190 912
1671200 916
1671210 916
1671220 918
1671230 919
1671240 919
1671250 919
1671260 919
1671270 919
1671280 919
1671290 920
1671300 920
1671310 920
1671320 920
1671330 920
1671340 920
1671350 920
1671360 919
1671370 919
1671380 919
1671390 919
1671400 919
1671410 920
1671420 920
1671430 920
1671440 922
1671450 923
1671460 923
1671470 924
1671480 924
1671490 924
1671500 925
1671510 926
1671520 926
1671530 927
1671540 929
1671550 931
1671560 931
1671570 933
1671580 934
1671590 934
1671600 936
1671610 938
1671620 938
1671630 939
1671640 941
1671650 941
1671660 942
1671670 944
1671680 944
1671690 946
1671700 948
1671710 948
1671720 950
1671730 951
1671740 951
1671750 952
1671760 953
1671770 954
1671780 954
1671790 955
1671800 955
1671810 955
1671820 956
1671830 956
1671840 956
1671850 957
1671860 958
1671870 958
1671880 959
1671890 960
1671900 960
1671910 961
1671920 963
1671930 963
1671940 964
1671950 964
1671960 966
1671970 966
1671980 968
1671990 970
1672000 970
1672010 972
1672020 975
1672030 975
1672040 977
1672050 979
1672060 979
1672070 982
1672080 984
1672090 984
1672100 986
1672110 990
1672120 990
1672130 993
1672140 995
1672150 995
1672160 998
1672170 1000
1672180 1002
1672190 1002
1672200 1005
1672210 1007
1672220 1007
1672230 1009
1672240 1010
1672250 1010
1672260 1013
1672270 1013
1672280 1013
1672290 1012
1672300 1011
1672310 1011
1672320 1010
1672330 1009
1672340 1009
1672350 1009
1672360 1008
1672370 1007
1672380 1007
1672390 1007
1672400 1006
1672410 1006
1672420 1005
1672430 1004
1672440 1004
1672450 1003
1672460 1004
1672470 1004
1672480 1005
1672490 1004
1672500 1004
1672510 1003
1672520 1004
1672530 1004
1672540 1006
1672550 1007
1672560 1008
1672570 1008
1672580 1008
1672590 1009
1672600 1009
1672610 1009
1672620 1009
1672630 1009
1672640 1009
1672650 1009
1672660 1009
1672670 1009
1672680 1010
1672690 1010
1672700 1011
1672710 1012
1672720 1012
1672730 1012
1672740 1013
1672750 1013
1672760 1013
1672770 1014
1672780 1015
1672790 1015
1672800 1016
1672810 1017
1672820 1017
1672830 1018
1672840 1019
1672850 1019
1672860 1020
1672870 1021
1672880 1021
1672890 1022
1672900 1023
1672910 1023
1672920 1024
1672930 1025
1672940 1025
1672950 1026
1672960 1028
1672970 1029
1672980 1029
1672990 1031
1673000 1032
1673010 1032
1673020 1033
1673030 1033
1673040 1033
1673050 1034
1673060 1034
1673070 1034
1673080 1034
1673090 1034
1673100 1034
1673110 1034
1673120 1035
1673130 1035
1673140 1035
1673150 1035
1673160 1035
1673170 1036
1673180 1036
1673190 1036
1673200 1036
1673210 1037
1673220 1037
1673230 1037
1673240 1037
1673250 1038
1673260 1038
1673270 1037
1673280 1038
1673290 1038
1673300 1039
1673310 1040
1673320 1040
1673330 1041
1673340 1041
1673350 1041
1673360 1041
1673370 1041
1673380 1040
1673390 1040
1673400 1039
1673410 1039
1673420 1039
1673430 1038
1673440 1038
1673450 1038
1673460 1037
1673470 1037
1673480 1037
1673490 1037
1673500 1036
1673510 1036
1673520 1036
1673530 1036
1673540 1036
1673550 1036
1673560 1035
1673570 1035
1673580 1035
1673590 1034
1673600 1034
1673610 1034
1673620 1034
1673630 1034
1673640 1034
1673650 1033
1673660 1033
1673670 1033
1673680 1033
1673690 1032
1673700 1032
1673710 1031
1673720 1029
1673730 1029
1673740 1028
1673750 1025
1673760 1025
1673770 1023
1673780 1019
1673790 1016
1673800 1016
1673810 1012
1673820 1009
1673830 1009
1673840 1006
1673850 1005
1673860 1005
1673870 1004
1673880 1004
1673890 1004
1673900 1002
1673910 1001
1673920 1001
1673930 1001
1673940 1001
1673950 1001
1673960 1000
1673970 1000
1673980 1000
1673990 998
1674000 997
1674010 997
1674020 997
1674030 996
1674040 995
1674050 995
1674060 995
1674070 997
1674080 997
1674090 998
1674100 998
1674110 998
1674120 999
1674130 1000
1674140 1000
1674150 1000
1674160 1001
1674170 1001
1674180 1002
1674190 1003
1674200 1003
1674210 1003
1674220 1005
1674230 1006
1674240 1006
1674250 1008
1674260 1010
1674270 1010
1674280 1012
1674290 1015
1674300 1015
1674310 1018
1674320 1020
1674330 1020
1674340 1020
1674350 1018
1674360 1018
1674370 1016
1674380 1014
1674390 1013
1674400 1013
1674410 1011
1674420 1008
1674430 1008
1674440 1007
1674450 1005
1674460 1005
1674470 1003
1674480 1001
1674490 1001
1674500 999
1674510 997
1674520 997
1674530 994
1674540 991
1674550 991
1674560 988
1674570 985
1674580 985
1674590 983
1674600 980
1674610 976
1674620 976
1674630 972
1674640 968
1674650 968
1674660 965
1674670 963
1674680 963
1674690 961
1674700 959
1674710 959
1674720 959
1674730 959
1674740 959
1674750 959
1674760 962
1674770 962
1674780 962
1674790 964
1674800 965
1674810 965
1674820 965
1674830 965
1674840 965
1674850 964
1674860 964
1674870 964
1674880 963
1674890 962
1674900 962
1674910 962
1674920 961
1674930 961
1674940 960
1674950 958
1674960 958
1674970 956
1674980 954
1674990 954
1675000 953
1675010 951
1675020 951
1675030 951
1675040 949
1675050 947
1675060 947
1675070 945
1675080 944
1675090 944
1675100 944
1675110 944
1675120 944
1675130 945
1675140 945
1675150 945
1675160 944
1675170 943
1675180 943
1675190 942
1675200 940
1675210 938
1675220 938
1675230 936
1675240 932
1675250 932
1675260 927
1675270 923
1675280 923
1675290 921
1675300 919
1675310 919
1675320 918
1675330 916
1675340 916
1675350 913
1675360 911
1675370 911
1675380 908
1675390 906
1675400 906
1675410 906
1675420 905
1675430 900
1675440 900
1675450 897
1675460 898
1675470 898
1675480 896
1675490 891
1675500 891
1675510 890
1675520 888
1675530 888
1675540 887
1675550 885
1675560 885
1675570 881
1675580 879
1675590 879
1675600 878
1675610 877
1675620 872
1675630 872
1675640 868
1675650 865
1675660 865
1675670 864
1675680 861
1675690 861
1675700 861
1675710 862
1675720 862
1675730 867
1675740 870
1675750 870
1675760 873
1675770 875
1675780 875
1675790 881
1675800 883
1675810 883
1675820 885
1675830 887
1675840 889
1675850 889
1675860 891
1675870 893
1675880 893
1675890 894
1675900 895
1675910 895
1675920 897
1675930 898
1675940 898
1675950 899
1675960 899
1675970 899
1675980 899
1675990 899
1676000 899
1676010 899
1676020 902
1676030 904
1676040 904
1676050 906
1676060 908
1676070 908
1676080 909
1676090 911
1676100 911
1676110 914
1676120 915
1676130 915
1676140 916
1676150 918
1676160 918
1676170 922
1676180 925
1676190 925
1676200 929
1676210 933
1676220 933
1676230 934
1676240 933
1676250 934
1676260 934
1676270 934
1676280 935
1676290 935
1676300 935
1676310 936
1676320 936
1676330 937
1676340 937
1676350 937
1676360 938
1676370 938
1676380 938
1676390 939
1676400 939
1676410 939
1676420 939
1676430 940
1676440 940
1676450 940
1676460 940
1676470 940
1676480 940
1676490 941
1676500 940
1676510 940
1676520 939
1676530 938
1676540 938
1676550 937
1676560 937
1676570 937
1676580 937
1676590 938
1676600 938
1676610 939
1676620 940
1676630 940
1676640 940
1676650 941
1676660 941
1676670 941
1676680 942
1676690 942
1676700 942
1676710 943
1676720 943
1676730 943
1676740 943
1676750 943
1676760 943
1676770 944
1676780 944
1676790 944
1676800 944
1676810 944
1676820 944
1676830 944
1676840 943
1676850 942
1676860 942
1676870 941
1676880 939
1676890 939
1676900 938
1676910 936
1676920 936
1676930 934
1676940 932
1676950 932
1676960 930
1676970 927
1676980 927
1676990 924
1677000 922
1677010 922
1677020 920
1677030 918
1677040 915
1677050 915
1677060 912
1677070 910
1677080 910
1677090 908
1677100 908
1677110 908
1677120 907
1677130 907
1677140 907
1677150 907
1677160 907
1677170 907
1677180 907
1677190 907
1677200 907
1677210 907
1677220 907
1677230 907
1677240 906
1677250 906
1677260 906
1677270 906
1677280 905
1677290 903
1677300 903
1677310 901
1677320 898
1677330 898
1677340 895
1677350 892
1677360 892
1677370 888
1677380 882
1677390 882
1677400 877
1677410 873
1677420 873
1677430 871
1677440 868
1677450 870
1677460 870
1677470 871
1677480 870
1677490 870
1677500 870
1677510 870
1677520 870
1677530 870
1677540 870
1677550 870
1677560 870
1677570 869
1677580 869
1677590 867
1677600 865
1677610 865
1677620 863
1677630 860
1677640 860
1677650 857
1677660 854
1677670 852
1677680 852
1677690 849
1677700 845
1677710 845
1677720 842
1677730 842
1677740 842
1677750 843
1677760 844
1677770 844
1677780 846
1677790 849
1677800 849
1677810 850
1677820 851
1677830 851
1677840 851
1677850 851
1677860 851
1677870 851
1677880 849
1677890 848
1677900 848
1677910 848
1677920 848
1677930 848
1677940 848
1677950 844
1677960 844
1677970 841
1677980 836
1677990 836
1678000 834
1678010 831
1678020 831
1678030 827
1678040 823
1678050 823
1678060 822
1678070 820
1678080 819
1678090 819
1678100 819
1678110 819
1678120 819
1678130 817
1678140 817
1678150 817
1678160 818
1678170 818
1678180 818
1678190 819
1678200 819
1678210 819
1678220 819
1678230 820
1678240 820
1678250 821
1678260 822
1678270 822
1678280 822
1678290 823
1678300 823
1678310 823
1678320 823
1678330 822
1678340 822
1678350 821
1678360 821
1678370 821
1678380 820
1678390 820
1678400 820
1678410 819
1678420 819
1678430 819
1678440 818
1678450 817
1678460 817
1678470 815
1678480 814
1678490 813
1678500 813
1678510 812
1678520 811
1678530 811
1678540 809
1678550 808
1678560 808
1678570 807
1678580 806
1678590 806
1678600 806
1678610 806
1678620 806
1678630 805
1678640 804
1678650 804
1678660 803
1678670 802
1678680 802
1678690 802
1678700 801
1678710 800
1678720 800
1678730 799
1678740 798
1678750 798
1678760 795
1678770 792
1678780 792
1678790 789
1678800 786
1678810 786
1678820 784
1678830 785
1678840 785
1678850 785
1678860 786
1678870 786
1678880 786
1678890 785
1678900 784
1678910 784
1678920 783
1678930 781
1678940 781
1678950 779
1678960 777
1678970 777
1678980 775
1678990 774
1679000 774
1679010 770
1679020 768
1679030 768
1679040 767
1679050 765
1679060 765
1679070 763
1679080 761
1679090 760
1679100 760
1679110 759
1679120 758
1679130 758
1679140 758
1679150 758
1679160 758
1679170 757
1679180 757
1679190 757
1679200 755
1679210 750
1679220 750
1679230 739
1679240 730
1679250 730
1679260 721
1679270 713
1679280 706
1679290 706
1679300 701
1679310 695
1679320 695
1679330 695
1679340 691
1679350 691
1679360 685
1679370 677
1679380 677
1679390 668
1679400 661
1679410 661
1679420 656
1679430 654
1679440 654
1679450 656
1679460 661
1679470 661
1679480 667
1679490 673
1679500 678
1679510 678
1679520 684
1679530 691
1679540 691
1679550 698
1679560 706
1679570 706
1679580 711
1679590 715
1679600 715
1679610 724
1679620 732
1679630 732
1679640 731
1679650 734
1679660 734
1679670 735
1679680 739
1679690 744
1679700 744
1679710 747
1679720 751
1679730 751
1679740 756
1679750 760
1679760 760
1679770 764
1679780 767
1679790 767
1679800 769
1679810 771
1679820 771
1679830 773
1679840 775
1679850 775
1679860 776
1679870 778
1679880 778
1679890 780
1679900 780
1679910 781
1679920 781
1679930 781
1679940 780
1679950 780
1679960 779
1679970 779
1679980 779
1679990 779
1660000 1534
1660010 1534
1660020 1534
1660030 1535
1660040 1535
1660050 1528
1660060 1528
1660070 1528
1660080 1522
1660090 1532
1660100 1532
1660110 1531
1660120 1527
1660130 1531
1660140 1531
1660150 1530
1660160 1527
1660170 1527
1660180 1527
1660190 1524
1660200 1524
1660210 1519
1660220 1521
1660230 1521
1660240 1509
1660250 1517
1660260 1517
1660270 1517
1660280 1516
1660290 1516
1660300 1513
1660310 1514
1660320 1514
1660330 1511
1660340 1511
1660350 1510
1660360 1510
1660370 1504
1660380 1503
1660390 1503
1660400 1497
1660410 1498
1660420 1498
1660430 1494
1660440 1492
1660450 1492
1660460 1494
1660470 1491
1660480 1491
1660490 1491
1660500 1491
1660510 1491
1660520 1480
1660530 1479
1660540 1465
1660550 1465
1660560 1476
1660570 1473
1660580 1473
1660590 1468
1660600 1472
1660610 1472
1660620 1460
1660630 1476
1660640 1476
1660650 1485
1660660 1470
1660670 1470
1660680 1460
1660690 1461
1660700 1461
1660710 1462
1660720 1463
1660730 1467
1660740 1467
1660750 1483
1660760 1465
1660770 1465
1660780 1477
1660790 1474
1660800 1474
1660810 1467
1660820 1480
1660830 1480
1660840 1466
1660850 1465
1660860 1465
1660870 1472
1660880 1479
1660890 1479
1660900 1477
1660910 1460
1660920 1460
1660930 1461
1660940 1466
1660950 1476
1660960 1476
1660970 1461
1660980 1478
1660990 1478
1661000 1465
1661010 1470
1661020 1470
1661030 1472
1661040 1478
1661050 1478
1661060 1481
1661070 1482
1661080 1482
1661090 1464
1661100 1462
1661110 1462
1661120 1473
1661130 1480
1661140 1480
1661150 1480
1661160 1466
1661170 1463
1661180 1463
1661190 1473
1661200 1478
1661210 1478
1661220 1480
1661230 1484
1661240 1484
1661250 1481
1661260 1484
1661270 1484
1661280 1486
1661290 1469
1661300 1469
1661310 1469
1661320 1470
1661330 1483
1661340 1483
1661350 1487
1661360 1493
1661370 1493
1661380 1484
1661390 1479
1661400 1479
1661410 1486
1661420 1487
1661430 1487
1661440 1487
1661450 1490
1661460 1490
1661470 1494
1661480 1494
1661490 1494
1661500 1492
1661510 1492
1661520 1492
1661530 1493
1661540 1487
1661550 1488
1661560 1488
1661570 1489
1661580 1491
1661590 1491
1661600 1493
1661610 1494
1661620 1494
1661630 1491
1661640 1486
1661650 1486
1661660 1488
1661670 1490
1661680 1490
1661690 1487
1661700 1481
1661710 1481
1661720 1492
1661730 1492
1661740 1494
1661750 1494
1661760 1499
1661770 1494
1661780 1494
1661790 1495
1661800 1500
1661810 1500
1661820 1494
1661830 1494
1661840 1494
1661850 1492
1661860 1493
1661870 1493
1661880 1492
1661890 1493
1661900 1493
1661910 1493
1661920 1493
1661930 1489
1661940 1489
1661950 1499
1661960 1492
1661970 1492
1661980 1493
1661990 1488
1662000 1488
1662010 1489
1662020 1517
1662030 1517
1662040 1487
1662050 1493
1662060 1493
1662070 1493
1662080 1492
1662090 1492
1662100 1489
1662110 1485
1662120 1485
1662130 1486
1662140 1484
1662150 1482
1662160 1482
1662170 1483
1662180 1484
1662190 1484
1662200 1483
1662210 1479
1662220 1479
1662230 1480
1662240 1482
1662250 1482
1662260 1483
1662270 1481
1662280 1481
1662290 1481
1662300 1484
1662310 1484
1662320 1483
1662330 1483
1662340 1481
1662350 1481
1662360 1480
1662370 1481
1662380 1481
1662390 1478
1662400 1477
1662410 1477
1662420 1478
1662430 1476
1662440 1476
1662450 1479
1662460 1477
1662470 1478
1662480 1483
1662490 1467
1662500 1467
1662510 1459
1662520 1458
1662530 1458
1662540 1458
1662550 1458
1662560 1457
1662570 1457
1662580 1464
1662590 1456
1662600 1456
1662610 1455
1662620 1455
1662630 1455
1662640 1454
1662650 1454
1662660 1454
1662670 1458
1662680 1455
1662690 1455
1662700 1459
1662710 1451
1662720 1451
1662730 1461
1662740 1449
1662750 1448
1662760 1448
1662770 1447
1662780 1446
1662790 1446
1662800 1445
1662810 1444
1662820 1444
1662830 1443
1662840 1442
1662850 1442
1662860 1442
1662870 1441
1662880 1441
1662890 1440
1662900 1440
1662910 1440
1662920 1439
1662930 1439
1662940 1439
1662950 1439
1662960 1438
1662970 1438
1662980 1438
1662990 1437
1663000 1436
1663010 1436
1663020 1436
1663030 1435
1663040 1435
1663050 1435
1663060 1435
1663070 1435
1663080 1435
1663090 1435
1663100 1435
1663110 1435
1663120 1435
1663130 1435
1663140 1435
1663150 1435
1663160 1434
1663170 1434
1663180 1434
1663190 1444
1663200 1444
1663210 1434
1663220 1434
1663230 1434
1663240 1434
1663250 1433
1663260 1433
1663270 1433
1663280 1434
1663290 1434
1663300 1434
1663310 1434
1663320 1434
1663330 1434
1663340 1434
1663350 1435
1663360 1435
1663370 1442
1663380 1448
1663390 1448
1663400 1445
1663410 1447
1663420 1447
1663430 1447
1663720 1422
1663730 1423
1663740 1423
1663750 1412
1663760 1412
1663770 1412
1663780 1410
1663790 1409
1663800 1409
1663810 1418
1663820 1414
1663830 1414
1663840 1406
1663850 1411
1663860 1411
1663870 1405
1663880 1404
1663890 1404
1663900 1404
1663910 1419
1663920 1419
1663930 1403
1663940 1402
1663950 1403
1663960 1403
1663970 1400
1663980 1399
1663990 1399
1664000 1398
1664010 1397
1664020 1397
1664030 1396
1664040 1396
1664050 1396
1664060 1395
1664070 1394
1664080 1394
1664090 1393
1664100 1393
1664110 1393
1664120 1392
1664130 1391
1664140 1391
1664150 1391
1664160 1390
1664170 1389
1664180 1389
1664190 1388
1664200 1388
1664210 1388
1664220 1387
1664230 1387
1664240 1387
