1660000 1602
1660010 1602
1660020 1600
1660030 1599
1660040 1599
1660050 1597
1660060 1595
1660070 1595
1660080 1594
1660090 1591
1660100 1589
1660110 1589
1660120 1587
1660130 1585
1660140 1585
1660150 1583
1660160 1580
1660170 1580
1660180 1579
1660190 1576
1660200 1576
1660210 1573
1660220 1570
1660230 1570
1660240 1567
1660250 1564
1660260 1564
1660270 1561
1660280 1558
1660290 1557
1660300 1557
1660310 1554
1660320 1551
1660330 1551
1660340 1549
1660350 1547
1660360 1547
1660370 1544
1660380 1541
1660390 1541
1660400 1538
1660410 1535
1660420 1535
1660430 1532
1660440 1529
1660450 1529
1660460 1528
1660470 1526
1660480 1526
1660490 1523
1660500 1521
1660510 1520
1660520 1520
1660530 1517
1660540 1515
1660550 1515
1660560 1513
1660570 1512
1660580 1512
1660590 1510
1660600 1508
1660610 1508
1660620 1506
1660630 1504
1660640 1504
1660650 1503
1660660 1502
1660670 1502
1660680 1501
1660690 1500
1660700 1498
1660710 1498
1660720 1497
1660730 1496
1660740 1496
1660750 1495
1660760 1494
1660770 1494
1660780 1493
1660790 1493
1660800 1493
1660810 1492
1660820 1491
1660830 1491
1660840 1491
1660850 1491
1660860 1491
1660870 1491
1660880 1491
1660890 1491
1660900 1490
1660910 1490
1660920 1489
1660930 1489
1660940 1488
1660950 1487
1660960 1487
1660970 1485
1660980 1483
1660990 1483
1661000 1481
1661010 1480
1661020 1480
1661030 1478
1661040 1476
1661050 1476
1661060 1474
1661070 1472
1661080 1472
1661090 1471
1661100 1469
1661110 1467
1661120 1467
1661130 1464
1661140 1463
1661150 1463
1661160 1462
1661170 1460
1661180 1460
1661190 1459
1661200 1457
1661210 1457
1661220 1455
1661230 1453
1661240 1453
1661250 1453
1661260 1452
1661270 1452
1661280 1451
1661290 1449
1661300 1449
1661310 1448
1661320 1447
1661330 1447
1661340 1447
1661350 1446
1661360 1445
1661370 1445
1661380 1444
1661390 1443
1661400 1443
1661410 1443
1661420 1442
1661430 1442
1661440 1442
1661450 1442
1661460 1442
1661470 1441
1661480 1441
1661490 1441
1661500 1442
1661510 1441
1661520 1441
1661530 1441
1661540 1441
1661550 1441
1661560 1441
1661570 1441
1661580 1440
1661590 1440
1661600 1440
1661610 1441
1661620 1441
1661630 1440
1661640 1441
1661650 1441
1661660 1442
1661670 1442
1661680 1442
1661690 1443
1661700 1443
1661710 1443
1661720 1444
1661730 1444
1661740 1445
1661750 1445
1661760 1445
1661770 1446
1661780 1446
1661790 1447
1661800 1447
1661810 1447
1661820 1448
1661830 1449
1661840 1449
1661850 1449
1661860 1449
1661870 1449
1661880 1450
1661890 1451
1661900 1451
1661910 1453
1661920 1454
1661930 1456
1661940 1456
1661950 1456
1661960 1456
1661970 1456
1661980 1457
1661990 1457
1662000 1457
1662010 1457
1662020 1457
1662030 1457
1662040 1457
1662050 1456
1662060 1456
1662070 1454
1662080 1452
1662090 1452
1662100 1449
1662110 1447
1662120 1447
1662130 1444
1662140 1441
1662150 1439
1662160 1439
1662170 1436
1662180 1434
1662190 1434
1662200 1432
1662210 1430
1662220 1430
1662230 1428
1662240 1425
1662250 1425
1662260 1421
1662270 1418
1662280 1418
1662290 1415
1662300 1412
1662310 1412
1662320 1408
1662330 1405
1662340 1403
1662350 1403
1662360 1403
1662370 1395
1662380 1395
1662390 1392
1662400 1390
1662410 1390
1662420 1386
1662430 1384
1662440 1384
1662450 1381
1662460 1378
1662470 1378
1662480 1376
1662490 1373
1662500 1373
1662510 1370
1662520 1368
1662530 1368
1662540 1366
1662550 1362
1662560 1360
1662570 1360
1662580 1356
1662590 1354
1662600 1354
1662610 1352
1662620 1349
1662630 1349
1662640 1348
1662650 1344
1662660 1344
1662670 1339
1662680 1335
1662690 1335
1662700 1332
1662710 1328
1662720 1328
1662730 1327
1662740 1325
1662750 1324
1662760 1324
1662770 1323
1662780 1323
1662790 1323
1662800 1323
1662810 1322
1662820 1322
1662830 1323
1662840 1325
1662850 1325
1662860 1321
1662870 1318
1662880 1318
1662890 1315
1662900 1314
1662910 1314
1662920 1312
1662930 1311
1662940 1311
1662950 1310
1662960 1308
1662970 1307
1662980 1307
1662990 1305
1663000 1301
1663010 1301
1663020 1297
1663030 1293
1663040 1293
1663050 1289
1663060 1288
1663070 1288
1663080 1286
1663090 1283
1663100 1283
1663110 1282
1663120 1280
1663130 1280
1663140 1277
1663150 1276
1663160 1273
1663170 1273
1663180 1271
1663190 1267
1663200 1267
1663210 1263
1663220 1261
1663230 1261
1663240 1260
1663250 1257
1663260 1257
1663270 1254
1663280 1250
1663290 1250
1663300 1248
1663310 1246
1663320 1246
1663330 1244
1663340 1241
1663350 1241
1663360 1238
1663370 1236
1663380 1234
1663390 1234
1663400 1230
1663410 1227
1663420 1227
1663430 1223
1663440 1221
1663450 1221
1663460 1219
1663470 1216
1663480 1216
1663490 1214
1663500 1211
1663510 1211
1663520 1209
1663530 1207
1663540 1207
1663550 1205
1663560 1204
1663570 1204
1663580 1204
1663590 1203
1663600 1201
1663610 1201
1663620 1200
1663630 1200
1663640 1200
1663650 1198
1663660 1195
1663670 1195
1663680 1193
1663690 1191
1663700 1191
1663710 1189
1663720 1188
1663730 1188
1663740 1188
1663750 1187
1663760 1187
1663770 1186
1663780 1187
1663790 1184
1663800 1184
1663810 1181
1663820 1179
1663830 1179
1663840 1178
1663850 1176
1663860 1176
1663870 1175
1663880 1174
1663890 1174
1663900 1173
1663910 1173
1663920 1173
1663930 1172
1663940 1171
1663950 1171
1663960 1171
1663970 1171
1663980 1172
1663990 1172
1664000 1172
1664010 1171
1664020 1171
1664030 1171
1664040 1170
1664050 1170
1664060 1169
1664070 1169
1664080 1169
1664090 1169
1664100 1168
1664110 1168
1664120 1168
1664130 1166
1664140 1166
1664150 1167
1664160 1166
1664170 1166
1664180 1166
1664190 1165
1664200 1165
1664210 1165
1664220 1165
1664230 1164
1664240 1164
1664250 1165
1664260 1163
1664270 1163
1664280 1162
1664290 1161
1664300 1161
1664310 1161
1664320 1160
1664330 1160
1664340 1160
1664350 1159
1664360 1159
1664370 1159
1664380 1158
1664390 1156
1664400 1156
1664410 1155
1664420 1154
1664430 1154
1664440 1152
1664450 1149
1664460 1149
1664470 1147
1664480 1145
1664490 1145
1664500 1143
1664510 1143
1664520 1143
1664530 1140
1664540 1136
1664550 1136
1664560 1133
1664570 1132
1664580 1132
1664590 1131
1664600 1130
1664610 1129
1664620 1129
1664630 1128
1664640 1127
1664650 1127
1664660 1126
1664670 1125
1664680 1125
1664690 1124
1664700 1122
1664710 1122
1664720 1120
1664730 1118
1664740 1118
1664750 1117
1664760 1117
1664770 1117
1664780 1115
1664790 1112
1664800 1111
1664810 1111
1664820 1109
1664830 1106
1664840 1106
1664850 1106
1664860 1105
1664870 1105
1664880 1104
1664890 1103
1664900 1103
1664910 1100
1664920 1099
1664930 1099
1664940 1096
1664950 1094
1664960 1094
1664970 1092
1664980 1091
1664990 1091
1665000 1089
1665010 1088
1665020 1087
1665030 1087
1665040 1086
1665050 1085
1665060 1085
1665070 1084
1665080 1082
1665090 1082
1665100 1081
1665110 1080
1665120 1080
1665130 1079
1665140 1079
1665150 1079
1665160 1077
1665170 1076
1665180 1076
1665190 1072
1665200 1070
1665210 1067
1665220 1067
1665230 1066
1665240 1064
1665250 1064
1665260 1063
1665270 1061
1665280 1061
1665290 1057
1665300 1057
1665310 1057
1665320 1056
1665330 1055
1665340 1055
1665350 1051
1665360 1048
1665370 1048
1665380 1044
1665390 1039
1665400 1039
1665410 1036
1665420 1035
1665430 1035
1665440 1035
1665450 1036
1665460 1036
1665470 1036
1665480 1036
1665490 1037
1665500 1037
1665510 1037
1665520 1038
1665530 1038
1665540 1037
1665550 1038
1665560 1038
1665570 1039
1665580 1040
1665590 1040
1665600 1041
1665610 1042
1665620 1042
1665630 1042
1665640 1044
1665650 1045
1665660 1045
1665670 1047
1665680 1046
1665690 1046
1665700 1046
1665710 1046
1665720 1046
1665730 1047
1665740 1047
1665750 1047
1665760 1048
1665770 1048
1665780 1048
1665790 1048
1665800 1047
1665810 1047
1665820 1047
1665830 1046
1665840 1048
1665850 1048
1665860 1047
1665870 1047
1665880 1047
1665890 1046
1665900 1047
1665910 1047
1665920 1046
1665930 1046
1665940 1046
1665950 1045
1665960 1047
1665970 1047
1665980 1046
1665990 1047
1666000 1047
1666010 1048
1666020 1048
1666030 1049
1666040 1049
1666050 1049
1666060 1050
1666070 1050
1666080 1050
1666090 1050
1666100 1050
1666110 1050
1666120 1049
1666130 1049
1666140 1049
1666150 1050
1666160 1050
1666170 1050
1666180 1052
1666190 1052
1666200 1053
1666210 1054
1666220 1054
1666230 1055
1666240 1056
1666250 1057
1666260 1057
1666270 1058
1666280 1057
1666290 1057
1666300 1057
1666310 1058
1666320 1058
1666330 1057
1666340 1057
1666350 1057
1666360 1057
1666370 1056
1666380 1056
1666390 1056
1666400 1055
1666410 1055
1666420 1055
1666430 1055
1666440 1055
1666450 1055
1666460 1054
1666470 1053
1666480 1053
1666490 1051
1666500 1050
1666510 1050
1666520 1048
1666530 1047
1666540 1047
1666550 1045
1666560 1045
1666570 1045
1666580 1043
1666590 1042
1666600 1042
1666610 1040
1666620 1041
1666630 1041
1666640 1040
1666650 1039
1666660 1038
1666670 1038
1666680 1037
1666690 1037
1666700 1037
1666710 1036
1666720 1036
1666730 1036
1666740 1036
1666750 1037
1666760 1037
1666770 1037
1666780 1037
1666790 1037
1666800 1038
1666810 1038
1666820 1038
1666830 1037
1666840 1036
1666850 1036
1666860 1036
1666870 1036
1666880 1036
1666890 1036
1666900 1035
1666910 1035
1666920 1035
1666930 1035
1666940 1034
1666950 1034
1666960 1035
1666970 1035
1666980 1035
1666990 1035
1667000 1036
1667010 1036
1667020 1036
1667030 1036
1667040 1036
1667050 1035
1667060 1035
1667070 1035
1667080 1035
1667090 1035
1667100 1035
1667110 1035
1667120 1035
1667130 1035
1667140 1035
1667150 1035
1667160 1035
1667170 1035
1667180 1035
1667190 1035
1667200 1035
1667210 1034
1667220 1033
1667230 1033
1667240 1033
1667250 1033
1667260 1033
1667270 1033
1667280 1032
1667290 1031
1667300 1031
1667310 1030
1667320 1029
1667330 1029
1667340 1027
1667350 1026
1667360 1026
1667370 1024
1667380 1023
1667390 1023
1667400 1023
1667410 1020
1667420 1020
1667430 1018
1667440 1017
1667450 1017
1667460 1015
1667470 1014
1667480 1012
1667490 1012
1667500 1010
1667510 1008
1667520 1008
1667530 1007
1667540 1006
1667550 1006
1667560 1005
1667570 1004
1667580 1004
1667590 1003
1667600 1003
1667610 1003
1667620 1002
1667630 1001
1667640 1001
1667650 999
1667660 998
1667670 997
1667680 997
1667690 996
1667700 995
1667710 995
1667720 994
1667730 992
1667740 992
1667750 991
1667760 989
1667770 989
1667780 987
1667790 984
1667800 984
1667810 981
1667820 979
1667830 979
1667840 977
1667850 977
1667860 977
1667870 975
1667880 974
1667890 973
1667900 973
1667910 971
1667920 970
1667930 970
1667940 968
1667950 967
1667960 967
1667970 965
1667980 964
1667990 964
1668000 962
1668010 961
1668020 961
1668030 959
1668040 956
1668050 956
1668060 956
1668070 955
1668080 955
1668090 955
1668100 954
1668110 953
1668120 953
1668130 952
1668140 950
1668150 950
1668160 949
1668170 948
1668180 948
1668190 947
1668200 946
1668210 946
1668220 945
1668230 945
1668240 945
1668250 944
1668260 943
1668270 943
1668280 941
1668290 939
1668300 936
1668310 936
1668320 931
1668330 929
1668340 929
1668350 927
1668360 924
1668370 924
1668380 922
1668390 921
1668400 921
1668410 920
1668420 919
1668430 919
1668440 917
1668450 916
1668460 916
1668470 913
1668480 911
1668490 907
1668500 907
1668510 902
1668520 897
1668530 897
1668540 890
1668550 891
1668560 891
1668570 892
1668580 895
1668590 895
1668600 898
1668610 900
1668620 900
1668630 901
1668640 901
1668650 901
1668660 900
1668670 900
1668680 900
1668690 899
1668700 898
1668710 897
1668720 897
1668730 895
1668740 894
1668750 894
1668760 893
1668770 891
1668780 891
1668790 890
1668800 889
1668810 889
1668820 888
1668830 887
1668840 887
1668850 886
1668860 884
1668870 884
1668880 884
1668890 883
1668900 882
1668910 882
1668920 881
1668930 880
1668940 880
1668950 878
1668960 877
1668970 877
1668980 872
1668990 867
1669000 867
1669010 862
1669020 857
1669030 857
1669040 851
1669050 845
1669060 845
1669070 845
1669080 843
1669090 843
1669100 847
1669110 848
1669120 850
1669130 850
1669140 850
1669150 851
1669160 851
1669170 853
1669180 854
1669190 854
1669200 855
1669210 856
1669220 856
1669230 857
1669240 858
1669250 858
1669260 859
1669270 860
1669280 860
1669290 861
1669300 862
1669310 864
1669320 864
1669330 865
1669340 866
1669350 866
1669360 868
1669370 870
1669380 870
1669390 871
1669400 873
1669410 873
1669420 874
1669430 874
1669440 874
1669450 874
1669460 873
1669470 873
1669480 873
1669490 873
1669500 873
1669510 872
1669520 870
1669530 867
1669540 867
1669550 865
1669560 865
1669570 865
1669580 866
1669590 866
1669600 866
1669610 867
1669620 868
1669630 868
1669640 869
1669650 871
1669660 871
1669670 873
1669680 875
1669690 875
1669700 878
1669710 880
1669720 883
1669730 883
1669740 884
1669750 884
1669760 884
1669770 884
1669780 882
1669790 882
1669800 880
1669810 880
1669820 880
1669830 878
1669840 877
1669850 877
1669860 877
1669870 877
1669880 877
1669890 877
1669900 877
1669910 877
1669920 877
1669930 877
1669940 877
1669950 877
1669960 876
1669970 877
1669980 877
1669990 877
1670000 874
1670010 874
1670020 869
1670030 865
1670040 865
1670050 861
1670060 856
1670070 856
1670080 853
1670090 848
1670100 848
1670110 845
1670120 842
1670130 840
1670140 840
1670150 836
1670160 835
1670170 835
1670180 835
1670190 834
1670200 834
1670210 831
1670220 831
1670230 831
1670240 830
1670250 830
1670260 830
1670270 831
1670280 831
1670290 831
1670300 832
1670310 832
1670320 832
1670330 832
1670340 833
1670350 833
1670360 833
1670370 834
1670380 835
1670390 835
1670400 836
1670410 837
1670420 837
1670430 839
1670440 841
1670450 841
1670460 843
1670470 842
1670480 842
1670490 841
1670500 840
1670510 840
1670520 839
1670530 839
1670540 839
1670550 839
1670560 840
1670570 840
1670580 840
1670590 841
1670600 840
1670610 840
1670620 838
1670630 838
1670640 838
1670650 837
1670660 836
1670670 836
1670680 835
1670690 836
1670700 836
1670710 836
1670720 836
1670730 836
1670740 835
1670750 835
1670760 835
1670770 835
1670780 835
1670790 835
1670800 835
1670810 835
1670820 835
1670830 835
1670840 834
1670850 834
1670860 834
1670870 834
1670880 834
1670890 834
1670900 833
1670910 832
1670920 832
1670930 833
1670940 832
1670950 831
1670960 831
1670970 831
1670980 829
1670990 829
1671000 828
1671010 827
1671020 827
1671030 825
1671040 824
1671050 824
1671060 824
1671070 824
1671080 824
1671090 825
1671100 826
1671110 826
1671120 826
1671130 825
1671140 825
1671150 824
1671160 822
1671170 819
1671180 819
1671190 811
1671200 806
1671210 806
1671220 806
1671230 806
1671240 806
1671250 801
1671260 797
1671270 797
1671280 797
1671290 795
1671300 795
1671310 791
1671320 790
1671330 790
1671340 793
1671350 803
1671360 802
1671370 802
1671380 802
1671390 803
1671400 803
1671410 803
1671420 805
1671430 805
1671440 811
1671450 811
1671460 811
1671470 809
1671480 809
1671490 809
1671500 811
1671510 813
1671520 813
1671530 814
1671540 815
1671550 815
1671560 816
1671570 816
1671580 816
1671590 816
1671600 816
1671610 816
1671620 816
1671630 816
1671640 815
1671650 815
1671660 815
1671670 815
1671680 815
1671690 815
1671700 814
1671710 814
1671720 813
1671730 811
1671740 811
1671750 810
1671760 808
1671770 807
1671780 807
1671790 804
1671800 798
1671810 798
1671820 794
1671830 792
1671840 792
1671850 789
1671860 788
1671870 788
1671880 788
1671890 786
1671900 786
1671910 783
1671920 783
1671930 783
1671940 785
1671950 785
1671960 785
1671970 786
1671980 790
1671990 793
1672000 793
1672010 796
1672020 801
1672030 801
1672040 804
1672050 807
1672060 807
1672070 810
1672080 814
1672090 814
1672100 818
1672110 821
1672120 821
1672130 824
1672140 826
1672150 826
1672160 828
1672170 830
1672180 832
1672190 832
1672200 834
1672210 837
1672220 837
1672230 842
1672240 844
1672250 844
1672260 845
1672270 845
1672280 845
1672290 846
1672300 846
1672310 846
1672320 848
1672330 851
1672340 851
1672350 854
1672360 856
1672370 856
1672380 858
1672390 860
1672400 862
1672410 862
1672420 865
1672430 866
1672440 866
1672450 868
1672460 870
1672470 870
1672480 872
1672490 874
1672500 874
1672510 875
1672520 879
1672530 879
1672540 881
1672550 883
1672560 883
1672570 885
1672580 887
1672590 889
1672600 889
1672610 891
1672620 893
1672630 893
1672640 895
1672650 896
1672660 896
1672670 898
1672680 900
1672690 900
1672700 903
1672710 905
1672720 905
1672730 908
1672740 910
1672750 910
1672760 911
1672770 913
1672780 914
1672790 914
1672800 915
1672810 916
1672820 916
1672830 917
1672840 916
1672850 916
1672860 914
1672870 913
1672880 913
1672890 911
1672900 908
1672910 908
1672920 904
1672930 900
1672940 900
1672950 898
1672960 896
1672970 896
1672980 895
1672990 894
1673000 894
1673010 894
1673020 892
1673030 889
1673040 889
1673050 889
1673060 888
1673070 888
1673080 892
1673090 894
1673100 894
1673110 896
1673120 896
1673130 896
1673140 896
1673150 896
1673160 896
1673170 897
1673180 898
1673190 899
1673200 899
1673210 900
1673220 901
1673230 901
1673240 902
1673250 903
1673260 903
1673270 902
1673280 902
1673290 902
1673300 903
1673310 904
1673320 904
1673330 906
1673340 907
1673350 907
1673360 908
1673370 909
1673380 909
1673390 911
1673400 912
1673410 914
1673420 914
1673430 915
1673440 917
1673450 917
1673460 918
1673470 919
1673480 919
1673490 921
1673500 922
1673510 922
1673520 923
1673530 924
1673540 924
1673550 926
1673560 929
1673570 929
1673580 931
1673590 933
1673600 933
1673610 933
1673620 933
1673630 935
1673640 935
1673650 937
1673660 939
1673670 939
1673680 941
1673690 944
1673700 944
1673710 945
1673720 946
1673730 946
1673740 948
1673750 951
1673760 951
1673770 953
1673780 955
1673790 955
1673800 957
1673810 959
1673820 961
1673830 961
1673840 963
1673850 965
1673860 965
1673870 968
1673880 970
1673890 970
1673900 972
1673910 975
1673920 975
1673930 977
1673940 979
1673950 979
1673960 980
1673970 982
1673980 982
1673990 982
1674000 982
1674010 983
1674020 983
1674030 983
1674040 984
1674050 984
1674060 985
1674070 984
1674080 984
1674090 984
1674100 984
1674110 984
1674120 985
1674130 983
1674140 983
1674150 983
1674160 982
1674170 982
1674180 981
1674190 980
1674200 980
1674210 980
1674220 979
1674230 978
1674240 978
1674250 977
1674260 975
1674270 975
1674280 974
1674290 972
1674300 972
1674310 970
1674320 969
1674330 969
1674340 966
1674350 964
1674360 964
1674370 962
1674380 958
1674390 958
1674400 954
1674410 951
1674420 948
1674430 948
1674440 944
1674450 942
1674460 942
1674470 941
1674480 940
1674490 940
1674500 937
1674510 937
1674520 937
1674530 936
1674540 935
1674550 935
1674560 934
1674570 933
1674580 933
1674590 931
1674600 930
1674610 930
1674620 929
1674630 927
1674640 925
1674650 925
1674660 923
1674670 922
1674680 922
1674690 920
1674700 918
1674710 918
1674720 916
1674730 915
1674740 915
1674750 913
1674760 911
1674770 911
1674780 909
1674790 907
1674800 907
1674810 904
1674820 902
1674830 900
1674840 900
1674850 898
1674860 895
1674870 895
1674880 892
1674890 890
1674900 890
1674910 888
1674920 887
1674930 887
1674940 885
1674950 884
1674960 884
1674970 882
1674980 881
1674990 881
1675000 879
1675010 876
1675020 876
1675030 874
1675040 872
1675050 872
1675060 872
1675070 871
1675080 869
1675090 869
1675100 867
1675110 865
1675120 865
1675130 862
1675140 859
1675150 859
1675160 856
1675170 854
1675180 854
1675190 850
1675200 842
1675210 842
1675220 836
1675230 831
1675240 827
1675250 827
1675260 824
1675270 821
1675280 821
1675290 818
1675300 813
1675310 813
1675320 809
1675330 803
1675340 803
1675350 800
1675360 795
1675370 795
1675380 792
1675390 790
1675400 790
1675410 788
1675420 789
1675430 789
1675440 796
1675450 800
1675460 804
1675470 804
1675480 807
1675490 810
1675500 810
1675510 814
1675520 819
1675530 819
1675540 825
1675550 830
1675560 830
1675570 834
1675580 837
1675590 837
1675600 840
1675610 843
1675620 843
1675630 846
1675640 850
1675650 852
1675660 852
1675670 854
1675680 856
1675690 856
1675700 859
1675710 861
1675720 861
1675730 864
1675740 866
1675750 866
1675760 868
1675770 869
1675780 869
1675790 870
1675800 872
1675810 872
1675820 874
1675830 876
1675840 876
1675850 877
1675860 879
1675870 880
1675880 880
1675890 881
1675900 882
1675910 882
1675920 883
1675930 884
1675940 884
1675950 885
1675960 887
1675970 887
1675980 888
1675990 890
1676000 890
1676010 891
1676020 892
1676030 892
1676040 893
1676050 894
1676060 895
1676070 895
1676080 896
1676090 895
1676100 895
1676110 894
1676120 894
1676130 894
1676140 894
1676150 894
1676160 894
1676170 893
1676180 893
1676190 893
1676200 892
1676210 892
1676220 892
1676230 891
1676240 891
1676250 891
1676260 890
1676270 889
1676280 889
1676290 889
1676300 888
1676310 888
1676320 888
1676330 887
1676340 888
1676350 888
1676360 888
1676370 886
1676380 886
1676390 883
1676400 878
1676410 878
1676420 874
1676430 871
1676440 871
1676450 870
1676460 869
1676470 869
1676480 869
1676490 870
1676500 870
1676510 870
1676520 871
1676530 871
1676540 871
1676550 871
1676560 872
1676570 872
1676580 872
1676590 873
1676600 873
1676610 873
1676620 873
1676630 873
1676640 873
1676650 874
1676660 874
1676670 874
1676680 874
1676690 874
1676700 874
1676710 874
1676720 873
1676730 873
1676740 874
1676750 873
1676760 873
1676770 872
1676780 871
1676790 871
1676800 869
1676810 868
1676820 868
1676830 865
1676840 864
1676850 864
1676860 862
1676870 860
1676880 858
1676890 858
1676900 856
1676910 855
1676920 855
1676930 853
1676940 850
1676950 850
1676960 848
1676970 846
1676980 846
1676990 845
1677000 844
1677010 844
1677020 842
1677030 841
1677040 841
1677050 840
1677060 839
1677070 839
1677080 838
1677090 837
1677100 836
1677110 836
1677120 835
1677130 833
1677140 833
1677150 831
1677160 829
1677170 829
1677180 828
1677190 826
1677200 826
1677210 825
1677220 823
1677230 823
1677240 822
1677250 821
1677260 821
1677270 819
1677280 817
1677290 814
1677300 814
1677310 811
1677320 809
1677330 809
1677340 807
1677350 805
1677360 805
1677370 804
1677380 803
1677390 803
1677400 801
1677410 803
1677420 803
1677430 802
1677440 801
1677450 801
1677460 801
1677470 801
1677480 801
1677490 801
1677500 801
1677510 800
1677520 800
1677530 800
1677540 799
1677550 799
1677560 799
1677570 799
1677580 799
1677590 798
1677600 797
1677610 797
1677620 796
1677630 796
1677640 796
1677650 795
1677660 794
1677670 794
1677680 792
1677690 791
1677700 789
1677710 789
1677720 787
1677730 783
1677740 783
1677750 781
1677760 779
1677770 779
1677780 777
1677790 776
1677800 776
1677810 774
1677820 772
1677830 772
1677840 770
1677850 767
1677860 767
1677870 764
1677880 760
1677890 760
1677900 757
1677910 754
1677920 751
1677930 751
1677940 747
1677950 742
1677960 742
1677970 736
1677980 730
1677990 730
1678000 723
1678010 717
1678020 717
1678030 711
1678040 709
1678050 709
1678060 709
1678070 709
1678080 709
1678090 709
1678100 709
1678110 709
1678120 709
1678130 709
1678140 709
1678150 709
1678160 709
1678170 714
1678180 714
1678190 712
1678200 709
1678210 709
1678220 709
1678230 709
1678240 709
1678250 709
1678260 709
1678270 709
1678280 709
1678290 709
1678300 709
1678310 709
1678320 709
1678330 709
1678340 709
1678350 709
1678360 709
1678370 709
1678380 709
1678390 709
1678400 709
1678410 709
1678420 712
1678430 712
1678440 721
1678450 730
1678460 730
1678470 736
1678480 744
1678490 744
1678500 751
1678510 759
1678520 766
1678530 766
1678540 770
1678550 774
1678560 774
1678570 778
1678580 781
1678590 781
1678600 783
1678610 785
1678620 785
1678630 786
1678640 788
1678650 788
1678660 790
1678670 790
1678680 790
1678690 791
1678700 793
1678710 793
1678720 794
1678730 795
1678740 796
1678750 796
1678760 799
1678770 799
1678780 799
1678790 800
1678800 800
1678810 800
1678820 800
1678830 800
1678840 800
1678850 800
1678860 800
1678870 800
1678880 797
1678890 791
1678900 791
1678910 792
1678920 790
1678930 788
1678940 788
1678950 786
1678960 785
1678970 785
1678980 783
1678990 782
1679000 782
1679010 780
1679020 778
1679030 778
1679040 777
1679050 775
1679060 775
1679070 774
1679080 772
1679090 772
1679100 770
1679110 769
1679120 769
1679130 768
1679140 767
1679150 766
1679160 766
1679170 766
1679180 765
1679190 765
1679200 765
1679210 765
1679220 765
1679230 765
1679240 765
1679250 765
1679260 764
1679270 762
1679280 762
1679290 760
1679300 761
1679310 761
1679320 762
1679330 762
1679340 762
1679350 762
1679360 762
1679370 761
1679380 761
1679390 760
1679400 758
1679410 758
1679420 757
1679430 757
1679440 757
1679450 757
1679460 756
1679470 756
1679480 756
1679490 755
1679500 755
1679510 755
1679520 755
1679530 755
1679540 756
1679550 756
1679560 755
1679570 755
1679580 754
1679590 753
1679600 753
1679610 750
1679620 747
1679630 747
1679640 746
1679650 746
1679660 746
1679670 747
1679680 747
1679690 747
1679700 747
1679710 748
1679720 748
1679730 748
1679740 749
1679750 750
1679760 750
1679770 751
1679780 752
1679790 752
1679800 754
1679810 753
1679820 753
1679830 751
1679840 749
1679850 749
1679860 748
1679870 746
1679880 746
1679890 743
1679900 741
1679910 741
1679920 740
1679930 740
1679940 740
1679950 740
1679960 740
1679970 739
1679980 739
1679990 739
