1660000 1605
1660010 1605
1660020 1603
1660030 1601
1660040 1601
1660050 1600
1660060 1599
1660070 1599
1660080 1597
1660090 1595
1660100 1593
1660110 1593
1660120 1591
1660130 1589
1660140 1589
1660150 1587
1660160 1584
1660170 1584
1660180 1582
1660190 1580
1660200 1580
1660210 1578
1660220 1575
1660230 1575
1660240 1572
1660250 1569
1660260 1569
1660270 1566
1660280 1564
1660290 1564
1660300 1562
1660310 1560
1660320 1558
1660330 1558
1660340 1555
1660350 1554
1660360 1554
1660370 1552
1660380 1549
1660390 1549
1660400 1547
1660410 1545
1660420 1545
1660430 1542
1660440 1540
1660450 1540
1660460 1537
1660470 1536
1660480 1536
1660490 1533
1660500 1531
1660510 1529
1660520 1529
1660530 1526
1660540 1525
1660550 1525
1660560 1524
1660570 1521
1660580 1521
1660590 1519
1660600 1517
1660610 1517
1660620 1515
1660630 1513
1660640 1513
1660650 1513
1660660 1512
1660670 1512
1660680 1511
1660690 1510
1660700 1509
1660710 1509
1660720 1508
1660730 1507
1660740 1507
1660750 1506
1660760 1505
1660770 1505
1660780 1505
1660790 1504
1660800 1504
1660810 1503
1660820 1503
1660830 1503
1660840 1502
1660850 1502
1660860 1502
1660870 1502
1660880 1501
1660890 1501
1660900 1500
1660910 1499
1660920 1498
1660930 1498
1660940 1497
1660950 1495
1660960 1495
1660970 1493
1660980 1492
1660990 1492
1661000 1490
1661010 1488
1661020 1488
1661030 1487
1661040 1484
1661050 1484
1661060 1482
1661070 1481
1661080 1481
1661090 1480
1661100 1477
1661110 1475
1661120 1475
1661130 1474
1661140 1472
1661150 1472
1661160 1471
1661170 1469
1661180 1469
1661190 1467
1661200 1466
1661210 1466
1661220 1465
1661230 1463
1661240 1463
1661250 1462
1661260 1462
1661270 1462
1661280 1461
1661290 1460
1661300 1460
1661310 1459
1661320 1458
1661330 1457
1661340 1457
1661350 1456
1661360 1456
1661370 1456
1661380 1455
1661390 1454
1661400 1454
1661410 1454
1661420 1453
1661430 1453
1661440 1453
1661450 1452
1661460 1452
1661470 1452
1661480 1452
1661490 1452
1661500 1451
1661510 1451
1661520 1451
1661530 1451
1661540 1451
1661550 1451
1661560 1451
1661570 1451
1661580 1451
1661590 1451
1661600 1451
1661610 1451
1661620 1451
1661630 1451
1661640 1451
1661650 1451
1661660 1451
1661670 1452
1661680 1452
1661690 1452
1661700 1453
1661710 1453
1661720 1453
1661730 1453
1661740 1453
1661750 1453
1661760 1454
1661770 1455
1661780 1455
1661790 1456
1661800 1456
1661810 1456
1661820 1457
1661830 1457
1661840 1457
1661850 1458
1661860 1459
1661870 1459
1661880 1459
1661890 1460
1661900 1460
1661910 1461
1661920 1462
1661930 1463
1661940 1463
1661950 1463
1661960 1463
1661970 1463
1661980 1462
1661990 1462
1662000 1462
1662010 1462
1662020 1461
1662030 1461
1662040 1459
1662050 1458
1662060 1458
1662070 1456
1662080 1454
1662090 1454
1662100 1451
1662110 1447
1662120 1447
1662130 1443
1662140 1439
1662150 1436
1662160 1436
1662170 1433
1662180 1432
1662190 1432
1662200 1431
1662210 1429
1662220 1429
1662230 1428
1662240 1426
1662250 1426
1662260 1425
1662270 1422
1662280 1422
1662290 1419
1662300 1415
1662310 1415
1662320 1410
1662330 1405
1662340 1401
1662350 1401
1662360 1398
1662370 1395
1662380 1395
1662390 1392
1662400 1389
1662410 1389
1662420 1386
1662430 1383
1662440 1383
1662450 1381
1662460 1379
1662470 1379
1662480 1378
1662490 1376
1662500 1376
1662510 1374
1662520 1369
1662530 1369
1662540 1364
1662550 1360
1662560 1357
1662570 1357
1662580 1355
1662590 1353
1662600 1353
1662610 1350
1662620 1347
1662630 1347
1662640 1344
1662650 1342
1662660 1342
1662670 1341
1662680 1340
1662690 1340
1662700 1339
1662710 1337
1662720 1337
1662730 1336
1662740 1333
1662750 1332
1662760 1332
1662770 1331
1662780 1330
1662790 1330
1662800 1329
1662810 1329
1662820 1329
1662830 1329
1662840 1328
1662850 1328
1662860 1327
1662870 1324
1662880 1324
1662890 1321
1662900 1319
1662910 1319
1662920 1318
1662930 1316
1662940 1316
1662950 1315
1662960 1314
1662970 1311
1662980 1311
1662990 1309
1663000 1307
1663010 1307
1663020 1306
1663030 1303
1663040 1303
1663050 1300
1663060 1298
1663070 1298
1663080 1295
1663090 1292
1663100 1292
1663110 1289
1663120 1287
1663130 1287
1663140 1284
1663150 1279
1663160 1275
1663170 1275
1663180 1272
1663190 1270
1663200 1270
1663210 1267
1663220 1266
1663230 1266
1663240 1266
1663250 1264
1663260 1264
1663270 1262
1663280 1260
1663290 1260
1663300 1258
1663310 1255
1663320 1255
1663330 1253
1663340 1249
1663350 1249
1663360 1244
1663370 1240
1663380 1236
1663390 1236
1663400 1232
1663410 1228
1663420 1228
1663430 1225
1663440 1225
1663450 1225
1663460 1224
1663470 1223
1663480 1223
1663490 1222
1663500 1221
1663510 1221
1663520 1221
1663530 1219
1663540 1219
1663550 1217
1663560 1215
1663570 1214
1663580 1214
1663590 1213
1663600 1211
1663610 1211
1663620 1210
1663630 1210
1663640 1210
1663650 1209
1663660 1207
1663670 1207
1663680 1204
1663690 1202
1663700 1202
1663710 1201
1663720 1200
1663730 1200
1663740 1199
1663750 1198
1663760 1198
1663770 1198
1663780 1197
1663790 1196
1663800 1196
1663810 1194
1663820 1192
1663830 1192
1663840 1190
1663850 1189
1663860 1189
1663870 1188
1663880 1186
1663890 1186
1663900 1185
1663910 1184
1663920 1184
1663930 1183
1663940 1182
1663950 1182
1663960 1181
1663970 1181
1663980 1181
1663990 1181
1664000 1181
1664010 1181
1664020 1181
1664030 1180
1664040 1179
1664050 1179
1664060 1178
1664070 1179
1664080 1179
1664090 1177
1664100 1177
1664110 1177
1664120 1176
1664130 1176
1664140 1176
1664150 1175
1664160 1175
1664170 1175
1664180 1175
1664190 1174
1664200 1173
1664210 1173
1664220 1173
1664230 1172
1664240 1172
1664250 1171
1664260 1170
1664270 1170
1664280 1169
1664290 1168
1664300 1168
1664310 1168
1664320 1167
1664330 1167
1664340 1167
1664350 1167
1664360 1167
1664370 1166
1664380 1165
1664390 1164
1664400 1164
1664410 1163
1664420 1162
1664430 1162
1664440 1160
1664450 1158
1664460 1158
1664470 1156
1664480 1154
1664490 1154
1664500 1154
1664510 1152
1664520 1152
1664530 1151
1664540 1149
1664550 1149
1664560 1146
1664570 1143
1664580 1143
1664590 1141
1664600 1138
1664610 1137
1664620 1137
1664630 1136
1664640 1135
1664650 1135
1664660 1133
1664670 1131
1664680 1131
1664690 1130
1664700 1128
1664710 1128
1664720 1128
1664730 1127
1664740 1127
1664750 1125
1664760 1124
1664770 1124
1664780 1123
1664790 1121
1664800 1120
1664810 1120
1664820 1118
1664830 1116
1664840 1116
1664850 1115
1664860 1114
1664870 1114
1664880 1113
1664890 1111
1664900 1111
1664910 1109
1664920 1108
1664930 1108
1664940 1106
1664950 1106
1664960 1106
1664970 1105
1664980 1103
1664990 1103
1665000 1102
1665010 1100
1665020 1098
1665030 1098
1665040 1097
1665050 1098
1665060 1098
1665070 1096
1665080 1094
1665090 1094
1665100 1092
1665110 1091
1665120 1091
1665130 1089
1665140 1089
1665150 1089
1665160 1089
1665170 1087
1665180 1087
1665190 1085
1665200 1082
1665210 1080
1665220 1080
1665230 1078
1665240 1075
1665250 1075
1665260 1073
1665270 1071
1665280 1071
1665290 1069
1665300 1064
1665310 1064
1665320 1060
1665330 1055
1665340 1055
1665350 1049
1665360 1046
1665370 1046
1665380 1043
1665390 1043
1665400 1043
1665410 1042
1665420 1042
1665430 1043
1665440 1043
1665450 1043
1665460 1044
1665470 1044
1665480 1046
1665490 1047
1665500 1047
1665510 1048
1665520 1049
1665530 1049
1665540 1049
1665550 1049
1665560 1049
1665570 1050
1665580 1050
1665590 1050
1665600 1052
1665610 1052
1665620 1053
1665630 1053
1665640 1054
1665650 1054
1665660 1054
1665670 1055
1665680 1055
1665690 1055
1665700 1056
1665710 1056
1665720 1056
1665730 1056
1665740 1058
1665750 1058
1665760 1058
1665770 1057
1665780 1057
1665790 1058
1665800 1057
1665810 1057
1665820 1057
1665830 1057
1665840 1057
1665850 1057
1665860 1055
1665870 1055
1665880 1055
1665890 1055
1665900 1056
1665910 1056
1665920 1056
1665930 1055
1665940 1055
1665950 1054
1665960 1054
1665970 1054
1665980 1055
1665990 1056
1666000 1056
1666010 1056
1666020 1057
1666030 1057
1666040 1057
1666050 1058
1666060 1059
1666070 1059
1666080 1060
1666090 1061
1666100 1061
1666110 1061
1666120 1063
1666130 1063
1666140 1063
1666150 1063
1666160 1063
1666170 1063
1666180 1065
1666190 1065
1666200 1064
1666210 1064
1666220 1064
1666230 1065
1666240 1066
1666250 1066
1666260 1066
1666270 1066
1666280 1067
1666290 1067
1666300 1067
1666310 1066
1666320 1066
1666330 1066
1666340 1065
1666350 1065
1666360 1064
1666370 1064
1666380 1064
1666390 1064
1666400 1064
1666410 1064
1666420 1063
1666430 1062
1666440 1062
1666450 1062
1666460 1062
1666470 1062
1666480 1062
1666490 1061
1666500 1060
1666510 1060
1666520 1058
1666530 1057
1666540 1057
1666550 1056
1666560 1055
1666570 1055
1666580 1054
1666590 1052
1666600 1052
1666610 1051
1666620 1050
1666630 1050
1666640 1049
1666650 1049
1666660 1048
1666670 1048
1666680 1047
1666690 1048
1666700 1048
1666710 1047
1666720 1046
1666730 1046
1666740 1045
1666750 1045
1666760 1045
1666770 1046
1666780 1046
1666790 1046
1666800 1046
1666810 1046
1666820 1046
1666830 1046
1666840 1045
1666850 1045
1666860 1045
1666870 1045
1666880 1045
1666890 1045
1666900 1045
1666910 1045
1666920 1045
1666930 1044
1666940 1044
1666950 1044
1666960 1043
1666970 1043
1666980 1043
1666990 1043
1667000 1043
1667010 1043
1667020 1043
1667030 1043
1667040 1043
1667050 1043
1667060 1042
1667070 1042
1667080 1042
1667090 1042
1667100 1041
1667110 1041
1667120 1041
1667130 1041
1667140 1041
1667150 1041
1667160 1041
1667170 1041
1667180 1041
1667190 1042
1667200 1042
1667210 1041
1667220 1040
1667230 1040
1667240 1039
1667250 1038
1667260 1037
1667270 1037
1667280 1037
1667290 1036
1667300 1036
1667310 1035
1667320 1033
1667330 1033
1667340 1032
1667350 1030
1667360 1030
1667370 1029
1667380 1027
1667390 1027
1667400 1026
1667410 1024
1667420 1024
1667430 1023
1667440 1020
1667450 1020
1667460 1019
1667470 1017
1667480 1016
1667490 1016
1667500 1015
1667510 1014
1667520 1014
1667530 1013
1667540 1012
1667550 1012
1667560 1011
1667570 1010
1667580 1010
1667590 1009
1667600 1007
1667610 1007
1667620 1006
1667630 1004
1667640 1004
1667650 1002
1667660 999
1667670 996
1667680 996
1667690 994
1667700 992
1667710 992
1667720 990
1667730 989
1667740 989
1667750 987
1667760 985
1667770 985
1667780 984
1667790 982
1667800 982
1667810 980
1667820 978
1667830 978
1667840 974
1667850 973
1667860 973
1667870 971
1667880 970
1667890 968
1667900 968
1667910 967
1667920 966
1667930 966
1667940 965
1667950 964
1667960 964
1667970 962
1667980 961
1667990 961
1668000 960
1668010 959
1668020 959
1668030 958
1668040 956
1668050 956
1668060 954
1668070 951
1668080 948
1668090 948
1668100 946
1668110 944
1668120 944
1668130 943
1668140 941
1668150 941
1668160 940
1668170 937
1668180 937
1668190 935
1668200 934
1668210 934
1668220 933
1668230 932
1668240 932
1668250 931
1668260 929
1668270 929
1668280 928
1668290 927
1668300 926
1668310 926
1668320 925
1668330 923
1668340 923
1668350 922
1668360 920
1668370 920
1668380 919
1668390 917
1668400 917
1668410 916
1668420 915
1668430 915
1668440 914
1668450 911
1668460 911
1668470 908
1668480 905
1668490 901
1668500 901
1668510 897
1668520 893
1668530 893
1668540 894
1668550 898
1668560 898
1668570 901
1668580 904
1668590 904
1668600 906
1668610 907
1668620 907
1668630 908
1668640 907
1668650 907
1668660 906
1668670 904
1668680 904
1668690 903
1668700 901
1668710 899
1668720 899
1668730 898
1668740 896
1668750 896
1668760 894
1668770 893
1668780 893
1668790 891
1668800 890
1668810 890
1668820 889
1668830 888
1668840 888
1668850 887
1668860 887
1668870 887
1668880 886
1668890 885
1668900 884
1668910 884
1668920 883
1668930 881
1668940 881
1668950 877
1668960 872
1668970 872
1668980 866
1668990 857
1669000 857
1669010 852
1669020 848
1669030 848
1669040 850
1669050 850
1669060 850
1669070 852
1669080 853
1669090 853
1669100 855
1669110 857
1669120 858
1669130 858
1669140 859
1669150 860
1669160 860
1669170 861
1669180 863
1669190 863
1669200 864
1669210 866
1669220 866
1669230 866
1669240 867
1669250 867
1669260 868
1669270 868
1669280 868
1669290 869
1669300 870
1669310 871
1669320 871
1669330 872
1669340 873
1669350 873
1669360 875
1669370 876
1669380 876
1669390 877
1669400 878
1669410 878
1669420 879
1669430 879
1669440 879
1669450 880
1669460 880
1669470 880
1669480 880
1669490 880
1669500 880
1669510 878
1669520 877
1669530 874
1669540 874
1669550 872
1669560 873
1669570 873
1669580 873
1669590 873
1669600 873
1669610 873
1669620 874
1669630 874
1669640 875
1669650 875
1669660 875
1669670 877
1669680 879
1669690 879
1669700 882
1669710 885
1669720 888
1669730 888
1669740 890
1669750 891
1669760 891
1669770 892
1669780 892
1669790 892
1669800 892
1669810 892
1669820 892
1669830 891
1669840 891
1669850 891
1669860 891
1669870 890
1669880 890
1669890 890
1669900 889
1669910 889
1669920 889
1669930 889
1669940 890
1669950 890
1669960 892
1669970 892
1669980 892
1669990 891
1670000 889
1670010 889
1670020 886
1670030 885
1670040 885
1670050 883
1670060 884
1670070 884
1670080 884
1670090 878
1670100 878
1670110 869
1670120 868
1670130 867
1670140 867
1670150 859
1670160 857
1670170 857
1670180 856
1670190 857
1670200 857
1670210 855
1670220 854
1670230 854
1670240 852
1670250 851
1670260 851
1670270 851
1670280 852
1670290 852
1670300 854
1670310 852
1670320 852
1670330 852
1670340 853
1670350 857
1670360 857
1670370 857
1670380 857
1670390 857
1670400 858
1670410 858
1670420 858
1670430 858
1670440 857
1670450 857
1670460 857
1670470 856
1670480 856
1670490 853
1670500 852
1670510 852
1670520 851
1670530 850
1670540 850
1670550 850
1670560 849
1670570 849
1670580 849
1670590 849
1670600 848
1670610 848
1670620 847
1670630 846
1670640 846
1670650 843
1670660 843
1670670 843
1670680 842
1670690 842
1670700 842
1670710 842
1670720 841
1670730 841
1670740 842
1670750 841
1670760 841
1670770 841
1670780 841
1670790 841
1670800 841
1670810 841
1670820 840
1670830 840
1670840 839
1670850 839
1670860 839
1670870 838
1670880 837
1670890 837
1670900 837
1670910 837
1670920 837
1670930 837
1670940 839
1670950 839
1670960 839
1670970 840
1670980 840
1670990 840
1671000 839
1671010 838
1671020 838
1671030 838
1671040 837
1671050 837
1671060 836
1671070 835
1671080 835
1671090 834
1671100 834
1671110 834
1671120 833
1671130 829
1671140 829
1671150 822
1671160 812
1671170 810
1671180 810
1671190 807
1671200 801
1671210 801
1671220 796
1671230 793
1671240 793
1671250 793
1671260 793
1671270 793
1671280 792
1671290 791
1671300 791
1671310 790
1671320 790
1671330 790
1671340 791
1671350 790
1671360 790
1671370 790
1671380 790
1671390 792
1671400 792
1671410 793
1671420 793
1671430 793
1671440 794
1671450 796
1671460 796
1671470 798
1671480 800
1671490 800
1671500 800
1671510 802
1671520 802
1671530 804
1671540 804
1671550 804
1671560 804
1671570 805
1671580 809
1671590 809
1671600 810
1671610 812
1671620 812
1671630 812
1671640 813
1671650 813
1671660 813
1671670 812
1671680 812
1671690 812
1671700 811
1671710 811
1671720 810
1671730 810
1671740 810
1671750 807
1671760 806
1671770 803
1671780 803
1671790 801
1671800 797
1671810 797
1671820 793
1671830 791
1671840 791
1671850 788
1671860 786
1671870 786
1671880 786
1671890 784
1671900 784
1671910 784
1671920 785
1671930 785
1671940 786
1671950 789
1671960 793
1671970 793
1671980 794
1671990 797
1672000 797
1672010 800
1672020 803
1672030 803
1672040 808
1672050 812
1672060 812
1672070 816
1672080 819
1672090 819
1672100 823
1672110 826
1672120 826
1672130 829
1672140 831
1672150 831
1672160 834
1672170 836
1672180 839
1672190 839
1672200 840
1672210 842
1672220 842
1672230 845
1672240 847
1672250 847
1672260 849
1672270 852
1672280 852
1672290 853
1672300 856
1672310 856
1672320 857
1672330 858
1672340 858
1672350 859
1672360 861
1672370 863
1672380 863
1672390 866
1672400 868
1672410 868
1672420 870
1672430 872
1672440 872
1672450 874
1672460 876
1672470 876
1672480 878
1672490 879
1672500 879
1672510 882
1672520 883
1672530 883
1672540 885
1672550 887
1672560 887
1672570 889
1672580 891
1672590 892
1672600 892
1672610 893
1672620 895
1672630 895
1672640 898
1672650 900
1672660 900
1672670 902
1672680 904
1672690 904
1672700 905
1672710 907
1672720 907
1672730 910
1672740 913
1672750 913
1672760 917
1672770 919
1672780 920
1672790 920
1672800 923
1672810 924
1672820 924
1672830 925
1672840 923
1672850 923
1672860 921
1672870 918
1672880 918
1672890 916
1672900 913
1672910 913
1672920 910
1672930 908
1672940 908
1672950 907
1672960 905
1672970 905
1672980 905
1672990 903
1673000 902
1673010 902
1673020 899
1673030 896
1673040 896
1673050 895
1673060 896
1673070 896
1673080 896
1673090 897
1673100 897
1673110 899
1673120 900
1673130 900
1673140 901
1673150 902
1673160 902
1673170 903
1673180 904
1673190 905
1673200 905
1673210 906
1673220 908
1673230 908
1673240 909
1673250 910
1673260 910
1673270 912
1673280 913
1673290 913
1673300 914
1673310 914
1673320 914
1673330 915
1673340 916
1673350 916
1673360 918
1673370 919
1673380 919
1673390 920
1673400 921
1673410 922
1673420 922
1673430 923
1673440 925
1673450 925
1673460 926
1673470 927
1673480 927
1673490 928
1673500 930
1673510 930
1673520 930
1673530 931
1673540 931
1673550 932
1673560 934
1673570 934
1673580 935
1673590 936
1673600 937
1673610 937
1673620 938
1673630 939
1673640 939
1673650 941
1673660 943
1673670 943
1673680 946
1673690 947
1673700 947
1673710 948
1673720 948
1673730 948
1673740 950
1673750 951
1673760 951
1673770 953
1673780 953
1673790 953
1673800 955
1673810 956
1673820 958
1673830 958
1673840 960
1673850 961
1673860 961
1673870 962
1673880 964
1673890 964
1673900 966
1673910 968
1673920 968
1673930 969
1673940 970
1673950 970
1673960 972
1673970 972
1673980 972
1673990 973
1674000 974
1674010 974
1674020 974
1674030 975
1674040 975
1674050 975
1674060 976
1674070 976
1674080 976
1674090 976
1674100 976
1674110 976
1674120 976
1674130 976
1674140 976
1674150 976
1674160 977
1674170 977
1674180 976
1674190 976
1674200 976
1674210 975
1674220 975
1674230 974
1674240 974
1674250 974
1674260 973
1674270 973
1674280 972
1674290 972
1674300 972
1674310 970
1674320 968
1674330 968
1674340 966
1674350 964
1674360 964
1674370 960
1674380 960
1674390 960
1674400 958
1674410 955
1674420 952
1674430 952
1674440 949
1674450 946
1674460 946
1674470 945
1674480 944
1674490 944
1674500 943
1674510 942
1674520 942
1674530 942
1674540 942
1674550 942
1674560 941
1674570 939
1674580 939
1674590 938
1674600 936
1674610 936
1674620 934
1674630 932
1674640 929
1674650 929
1674660 928
1674670 926
1674680 926
1674690 924
1674700 922
1674710 922
1674720 919
1674730 918
1674740 918
1674750 915
1674760 913
1674770 913
1674780 910
1674790 908
1674800 908
1674810 905
1674820 903
1674830 901
1674840 901
1674850 900
1674860 898
1674870 898
1674880 896
1674890 894
1674900 894
1674910 893
1674920 891
1674930 891
1674940 890
1674950 888
1674960 888
1674970 886
1674980 884
1674990 884
1675000 882
1675010 881
1675020 881
1675030 879
1675040 878
1675050 876
1675060 876
1675070 873
1675080 871
1675090 871
1675100 869
1675110 865
1675120 865
1675130 861
1675140 857
1675150 857
1675160 853
1675170 849
1675180 849
1675190 846
1675200 842
1675210 842
1675220 835
1675230 831
1675240 825
1675250 825
1675260 821
1675270 819
1675280 819
1675290 815
1675300 812
1675310 812
1675320 808
1675330 805
1675340 805
1675350 800
1675360 797
1675370 797
1675380 794
1675390 792
1675400 792
1675410 791
1675420 795
1675430 795
1675440 802
1675450 807
1675460 812
1675470 812
1675480 816
1675490 820
1675500 820
1675510 823
1675520 826
1675530 826
1675540 830
1675550 834
1675560 834
1675570 839
1675580 843
1675590 843
1675600 846
1675610 850
1675620 850
1675630 853
1675640 856
1675650 859
1675660 859
1675670 861
1675680 863
1675690 863
1675700 865
1675710 867
1675720 867
1675730 869
1675740 871
1675750 871
1675760 872
1675770 873
1675780 873
1675790 875
1675800 878
1675810 878
1675820 880
1675830 882
1675840 882
1675850 884
1675860 885
1675870 886
1675880 886
1675890 887
1675900 888
1675910 888
1675920 889
1675930 890
1675940 890
1675950 891
1675960 893
1675970 893
1675980 894
1675990 895
1676000 895
1676010 896
1676020 898
1676030 898
1676040 899
1676050 900
1676060 900
1676070 900
1676080 900
1676090 900
1676100 900
1676110 900
1676120 900
1676130 900
1676140 900
1676150 900
1676160 900
1676170 900
1676180 900
1676190 900
1676200 899
1676210 899
1676220 899
1676230 898
1676240 897
1676250 897
1676260 896
1676270 895
1676280 894
1676290 894
1676300 893
1676310 892
1676320 892
1676330 891
1676340 889
1676350 889
1676360 888
1676370 887
1676380 887
1676390 884
1676400 880
1676410 880
1676420 875
1676430 872
1676440 872
1676450 872
1676460 872
1676470 871
1676480 871
1676490 872
1676500 873
1676510 873
1676520 874
1676530 874
1676540 874
1676550 874
1676560 874
1676570 874
1676580 875
1676590 875
1676600 875
1676610 876
1676620 877
1676630 877
1676640 878
1676650 878
1676660 878
1676670 877
1676680 878
1676690 877
1676700 877
1676710 877
1676720 877
1676730 877
1676740 877
1676750 876
1676760 876
1676770 876
1676780 874
1676790 874
1676800 873
1676810 871
1676820 871
1676830 870
1676840 868
1676850 868
1676860 867
1676870 864
1676880 862
1676890 862
1676900 860
1676910 858
1676920 858
1676930 857
1676940 855
1676950 855
1676960 854
1676970 852
1676980 852
1676990 851
1677000 850
1677010 850
1677020 849
1677030 848
1677040 848
1677050 846
1677060 845
1677070 845
1677080 844
1677090 842
1677100 841
1677110 841
1677120 839
1677130 837
1677140 837
1677150 835
1677160 833
1677170 833
1677180 832
1677190 830
1677200 830
1677210 829
1677220 827
1677230 827
1677240 825
1677250 823
1677260 823
1677270 820
1677280 818
1677290 816
1677300 816
1677310 817
1677320 818
1677330 818
1677340 818
1677350 817
1677360 817
1677370 817
1677380 816
1677390 816
1677400 815
1677410 814
1677420 814
1677430 814
1677440 814
1677450 814
1677460 813
1677470 812
1677480 812
1677490 812
1677500 811
1677510 810
1677520 810
1677530 809
1677540 809
1677550 809
1677560 808
1677570 807
1677580 807
1677590 806
1677600 806
1677610 806
1677620 805
1677630 804
1677640 804
1677650 803
1677660 800
1677670 800
1677680 800
1677690 797
1677700 795
1677710 795
1677720 792
1677730 789
1677740 789
1677750 787
1677760 784
1677770 784
1677780 782
1677790 779
1677800 779
1677810 772
1677820 766
1677830 766
1677840 763
1677850 756
1677860 756
1677870 755
1677880 756
1677890 756
1677900 756
1677910 754
1677920 750
1677930 750
1677940 744
1677950 737
1677960 737
1677970 727
1677980 722
1677990 722
1678000 719
1678010 715
1678020 715
1678030 711
1678040 709
1678050 709
1678060 709
1678070 709
1678080 709
1678090 709
1678100 709
1678110 709
1678120 709
1678130 709
1678140 709
1678150 709
1678160 709
1678170 709
1678180 709
1678190 709
1678200 709
1678210 709
1678220 709
1678230 709
1678240 709
1678250 709
1678260 709
1678270 709
1678280 709
1678290 709
1678300 709
1678310 709
1678320 709
1678330 709
1678340 709
1678350 709
1678360 709
1678370 709
1678380 709
1678390 709
1678400 709
1678410 709
1678420 709
1678430 709
1678440 717
1678450 725
1678460 725
1678470 736
1678480 743
1678490 743
1678500 748
1678510 750
1678520 749
1678530 749
1678540 751
1678550 754
1678560 754
1678570 758
1678580 761
1678590 761
1678600 763
1678610 767
1678620 767
1678630 770
1678640 774
1678650 774
1678660 777
1678670 780
1678680 780
1678690 782
1678700 786
1678710 786
1678720 788
1678730 790
1678740 792
1678750 792
1678760 793
1678770 794
1678780 794
1678790 795
1678800 795
1678810 795
1678820 794
1678830 795
1678840 795
1678850 794
1678860 791
1678870 791
1678880 789
1678890 789
1678900 789
1678910 789
1678920 788
1678930 788
1678940 788
1678950 787
1678960 786
1678970 786
1678980 785
1678990 783
1679000 783
1679010 782
1679020 781
1679030 781
1679040 780
1679050 778
1679060 778
1679070 777
1679080 776
1679090 776
1679100 775
1679110 774
1679120 774
1679130 773
1679140 773
1679150 773
1679160 773
1679170 772
1679180 772
1679190 772
1679200 771
1679210 770
1679220 770
1679230 769
1679240 767
1679250 767
1679260 767
1679270 767
1679280 767
1679290 766
1679300 766
1679310 766
1679320 766
1679330 766
1679340 766
1679350 766
1679360 765
1679370 765
1679380 765
1679390 764
1679400 763
1679410 763
1679420 762
1679430 762
1679440 762
1679450 762
1679460 761
1679470 761
1679480 761
1679490 761
1679500 761
1679510 761
1679520 760
1679530 760
1679540 759
1679550 758
1679560 758
1679570 758
1679580 756
1679590 754
1679600 754
1679610 753
1679620 752
1679630 752
1679640 752
1679650 752
1679660 752
1679670 752
1679680 752
1679690 752
1679700 753
1679710 753
1679720 753
1679730 753
1679740 752
1679750 751
1679760 751
1679770 750
1679780 748
1679790 748
1679800 746
1679810 745
1679820 745
1679830 743
1679840 740
1679850 740
1679860 738
1679870 736
1679880 736
1679890 736
1679900 734
1679910 734
1679920 734
1679930 734
1679940 734
1679950 734
1679960 733
1679970 733
1679980 733
1679990 732
