1660000 1389
1660010 1387
1660020 1387
1660030 1385
1660040 1384
1660050 1384
1660060 1384
1660070 1383
1660080 1381
1660090 1381
1660100 1380
1660110 1378
1660120 1378
1660130 1377
1660140 1376
1660150 1376
1660160 1374
1660170 1373
1660180 1373
1660190 1373
1660200 1371
1660210 1371
1660220 1370
1660230 1368
1660240 1368
1660250 1367
1660260 1365
1660270 1365
1660280 1362
1660290 1359
1660300 1357
1660310 1357
1660320 1355
1660330 1353
1660340 1353
1660350 1351
1660360 1349
1660370 1349
1660380 1347
1660390 1345
1660400 1345
1660410 1344
1660420 1343
1660430 1343
1660440 1341
1660450 1339
1660460 1339
1660470 1337
1660480 1335
1660490 1333
1660500 1333
1660510 1331
1660520 1328
1660530 1328
1660540 1326
1660550 1324
1660560 1324
1660570 1322
1660580 1320
1660590 1320
1660600 1319
1660610 1317
1660620 1317
1660630 1315
1660640 1313
1660650 1313
1660660 1311
1660670 1309
1660680 1309
1660690 1307
1660700 1306
1660710 1304
1660720 1304
1660730 1303
1660740 1301
1660750 1301
1660760 1300
1660770 1298
1660780 1298
1660790 1295
1660800 1293
1660810 1293
1660820 1292
1660830 1291
1660840 1291
1660850 1289
1660860 1287
1660870 1287
1660880 1285
1660890 1284
1660900 1284
1660910 1282
1660920 1281
1660930 1278
1660940 1278
1660950 1277
1660960 1275
1660970 1275
1660980 1273
1660990 1270
1661000 1270
1661010 1268
1661020 1267
1661030 1267
1661040 1266
1661050 1263
1661060 1263
1661070 1261
1661080 1260
1661090 1260
1661100 1259
1661110 1257
1661120 1255
1661130 1255
1661140 1253
1661150 1251
1661160 1251
1661170 1249
1661180 1247
1661190 1247
1661200 1245
1661210 1243
1661220 1243
1661230 1241
1661240 1239
1661250 1239
1661260 1237
1661270 1235
1661280 1235
1661290 1233
1661300 1231
1661310 1231
1661320 1229
1661330 1227
1661340 1225
1661350 1225
1661360 1224
1661370 1221
1661380 1221
1661390 1217
1661400 1215
1661410 1215
1661420 1214
1661430 1210
1661440 1210
1661450 1209
1661460 1208
1661470 1208
1661480 1206
1661490 1203
1661500 1203
1661510 1201
1661520 1199
1661530 1199
1661540 1196
1661550 1194
1661560 1192
1661570 1192
1661580 1190
1661590 1187
1661600 1187
1661610 1185
1661620 1184
1661630 1184
1661640 1182
1661650 1180
1661660 1180
1661670 1178
1661680 1176
1661690 1176
1661700 1175
1661710 1173
1661720 1173
1661730 1171
1661740 1168
1661750 1166
1661760 1166
1661770 1165
1661780 1163
1661790 1163
1661800 1162
1661810 1160
1661820 1160
1661830 1158
1661840 1156
1661850 1156
1661860 1154
1661870 1152
1661880 1152
1661890 1150
1661900 1149
1661910 1149
1661920 1148
1661930 1145
1661940 1145
1661950 1144
1661960 1143
1661970 1141
1661980 1141
1661990 1139
1662000 1137
1662010 1137
1662020 1135
1662030 1133
1662040 1133
1662050 1131
1662060 1129
1662070 1129
1662080 1127
1662090 1126
1662100 1126
1662110 1125
1662120 1123
1662130 1123
1662140 1122
1662150 1120
1662160 1118
1662170 1118
1662180 1116
1662190 1115
1662200 1115
1662210 1114
1662220 1112
1662230 1112
1662240 1109
1662250 1109
1662260 1109
1662270 1107
1662280 1105
1662290 1105
1662300 1103
1662310 1102
1662320 1102
1662330 1101
1662340 1099
1662350 1099
1662360 1097
1662370 1094
1662380 1092
1662390 1092
1662400 1090
1662410 1088
1662420 1088
1662430 1086
1662440 1085
1662450 1085
1662460 1083
1662470 1081
1662480 1081
1662490 1079
1662500 1077
1662510 1077
1662520 1074
1662530 1075
1662540 1075
1662550 1073
1662560 1072
1662570 1072
1662580 1071
1662590 1071
1662600 1071
1662610 1071
1662620 1071
1662630 1071
1662640 1071
1662650 1072
1662660 1072
1662670 1072
1662680 1069
1662690 1067
1662700 1067
1662710 1066
1662720 1064
1662730 1064
1662740 1062
1662750 1060
1662760 1060
1662770 1058
1662780 1056
1662790 1054
1662800 1054
1662810 1052
1662820 1051
1662830 1051
1662840 1050
1662850 1049
1662860 1049
1662870 1050
1662880 1050
1662890 1050
1662900 1048
1662910 1045
1662920 1045
1662930 1042
1662940 1040
1662950 1040
1662960 1037
1662970 1035
1662980 1035
1662990 1032
1663000 1030
1663010 1027
1663020 1027
1663030 1025
1663040 1022
1663050 1022
1663060 1020
1663070 1017
1663080 1017
1663090 1015
1663100 1013
1663110 1013
1663120 1010
1663130 1007
1663140 1007
1663150 1005
1663160 1002
1663170 1002
1663180 999
1663190 996
1663200 996
1663210 994
1663220 990
1663230 987
1663240 987
1663250 983
1663260 980
1663270 980
1663280 975
1663290 971
1663300 971
1663310 967
1663320 964
1663330 964
1663340 961
1663350 958
1663360 958
1663370 954
1663380 950
1663390 950
1663400 946
1663410 942
1663420 939
1663430 939
1663440 938
1663450 939
1663460 939
1663470 940
1663480 940
1663490 940
1663500 940
1663510 941
1663520 941
1663530 941
1663540 942
1663550 942
1663560 942
1663570 941
1663580 941
1663590 940
1663600 938
1663610 938
1663620 936
1663630 935
1663640 931
1663650 931
1663660 928
1663670 926
1663680 926
1663690 925
1663700 923
1663710 923
1663720 921
1663730 920
1663740 920
1663750 916
1663760 916
1663770 916
1663780 916
1663790 917
1663800 917
1663810 916
1663820 917
1663830 917
1663840 917
1663850 917
1663860 917
1663870 917
1663880 917
1663890 917
1663900 917
1663910 916
1663920 916
1663930 916
1663940 916
1663950 916
1663960 916
1663970 918
1663980 920
1663990 920
1664000 923
1664010 925
1664020 925
1664030 927
1664040 930
1664050 932
1664060 932
1664070 934
1664080 937
1664090 937
1664100 939
1664110 939
1664120 939
1664130 943
1664140 947
1664150 947
1664160 951
1664170 954
1664180 954
1664190 958
1664200 961
1664210 961
1664220 962
1664230 963
1664240 963
1664250 965
1664260 967
1664270 970
1664280 970
1664290 973
1664300 976
1664310 976
1664320 980
1664330 982
1664340 982
1664350 985
1664360 987
1664370 987
1664380 988
1664390 991
1664400 991
1664410 993
1664420 996
1664430 996
1664440 997
1664450 999
1664460 999
1664470 1000
1664480 1002
1664490 1003
1664500 1003
1664510 1003
1664520 1002
1664530 1002
1664540 1000
1664550 999
1664560 999
1664570 1001
1664580 1004
1664590 1004
1664600 1005
1664610 1007
1664620 1007
1664630 1009
1664640 1013
1664650 1013
1664660 1014
1664670 1017
1664680 1019
1664690 1019
1664700 1022
1664710 1023
1664720 1023
1664730 1024
1664740 1026
1664750 1026
1664760 1028
1664770 1030
1664780 1030
1664790 1033
1664800 1035
1664810 1035
1664820 1037
1664830 1039
1664840 1039
1664850 1041
1664860 1042
1664870 1042
1664880 1044
1664890 1046
1664900 1048
1664910 1048
1664920 1049
1664930 1052
1664940 1052
1664950 1054
1664960 1056
1664970 1056
1664980 1059
1664990 1061
1665000 1061
1665010 1064
1665020 1065
1665030 1065
1665040 1068
1665050 1068
1665060 1068
1665070 1072
1665080 1074
1665090 1074
1665100 1076
1665110 1078
1665120 1080
1665130 1080
1665140 1080
1665150 1081
1665160 1081
1665170 1083
1665180 1084
1665190 1084
1665200 1086
1665210 1088
1665220 1088
1665230 1089
1665240 1091
1665250 1091
1665260 1093
1665270 1095
1665280 1095
1665290 1097
1665300 1098
1665310 1100
1665320 1100
1665330 1101
1665340 1103
1665350 1103
1665360 1104
1665370 1106
1665380 1106
1665390 1107
1665400 1108
1665410 1108
1665420 1110
1665430 1111
1665440 1111
1665450 1113
1665460 1115
1665470 1115
1665480 1116
1665490 1116
1665500 1116
1665510 1118
1665520 1119
1665530 1122
1665540 1122
1665550 1124
1665560 1126
1665570 1126
1665580 1127
1665590 1129
1665600 1129
1665610 1132
1665620 1133
1665630 1133
1665640 1135
1665650 1137
1665660 1137
1665670 1138
1665680 1139
1665690 1139
1665700 1142
1665710 1144
1665720 1144
1665730 1145
1665740 1146
1665750 1148
1665760 1148
1665770 1150
1665780 1152
1665790 1152
1665800 1153
1665810 1154
1665820 1154
1665830 1156
1665840 1157
1665850 1157
1665860 1159
1665870 1161
1665880 1161
1665890 1162
1665900 1164
1665910 1164
1665920 1165
1665930 1166
1665940 1168
1665950 1168
1665960 1169
1665970 1171
1665980 1171
1665990 1173
1666000 1174
1666010 1174
1666020 1176
1666030 1177
1666040 1177
1666050 1179
1666060 1180
1666070 1180
1666080 1181
1666090 1182
1666100 1182
1666110 1184
1666120 1185
1666130 1185
1666140 1186
1666150 1187
1666160 1188
1666170 1188
1666180 1189
1666190 1191
1666200 1191
1666210 1192
1666220 1193
1666230 1193
1666240 1194
1666250 1195
1666260 1195
1666270 1196
1666280 1198
1666290 1198
1666300 1199
1666310 1200
1666320 1200
1666330 1202
1666340 1204
1666350 1204
1666360 1204
1666370 1206
1666380 1206
1666390 1206
1666400 1208
1666410 1210
1666420 1210
1666430 1210
1666440 1212
1666450 1212
1666460 1213
1666470 1215
1666480 1215
1666490 1217
1666500 1218
1666510 1218
1666520 1218
1666530 1218
1666540 1218
1666550 1218
1666560 1218
1666570 1217
1666580 1217
1666590 1218
1666600 1217
1666610 1217
1666620 1217
1666630 1217
1666640 1217
1666650 1217
1666660 1216
1666670 1216
1666680 1215
1666690 1213
1666700 1213
1666710 1214
1666720 1212
1666730 1212
1666740 1211
1666750 1210
1666760 1210
1666770 1207
1666780 1205
1666790 1203
1666800 1203
1666810 1202
1666820 1200
1666830 1200
1666840 1199
1666850 1198
1666860 1198
1666870 1196
1666880 1194
1666890 1194
1666900 1192
1666910 1191
1666920 1191
1666930 1190
1666940 1189
1666950 1189
1666960 1187
1666970 1185
1666980 1185
1666990 1183
1667000 1181
1667010 1179
1667020 1179
1667030 1177
1667040 1175
1667050 1175
1667060 1173
1667070 1171
1667080 1171
1667090 1170
1667100 1170
1667110 1170
1667120 1170
1667130 1169
1667140 1169
1667150 1170
1667160 1170
1667170 1170
1667180 1171
1667190 1171
1667200 1171
1667210 1171
1667220 1172
1667230 1172
1667240 1172
1667250 1173
1667260 1172
1667270 1172
1667280 1173
1667290 1173
1667300 1173
1667310 1174
1667320 1174
1667330 1174
1667340 1175
1667350 1175
1667360 1175
1667370 1174
1667380 1173
1667390 1173
1667400 1172
1667410 1170
1667420 1169
1667430 1169
1667440 1167
1667450 1165
1667460 1165
1667470 1164
1667480 1161
1667490 1161
1667500 1159
1667510 1157
1667520 1157
1667530 1155
1667540 1154
1667550 1154
1667560 1152
1667570 1152
1667580 1152
1667590 1151
1667600 1148
1667610 1147
1667620 1147
1667630 1146
1667640 1146
1667650 1146
1667660 1146
1667670 1146
1667680 1146
1667690 1145
1667700 1145
1667710 1145
1667720 1144
1667730 1143
1667740 1143
1667750 1142
1667760 1140
1667770 1140
1667780 1138
1667790 1135
1667800 1135
1667810 1132
1667820 1129
1667830 1127
1667840 1127
1667850 1125
1667860 1123
1667870 1123
1667880 1121
1667890 1119
1667900 1119
1667910 1117
1667920 1115
1667930 1115
1667940 1114
1667950 1111
1667960 1111
1667970 1108
1667980 1106
1667990 1106
1668000 1102
1668010 1099
1668020 1099
1668030 1098
1668040 1097
1668050 1097
1668060 1097
1668070 1096
1668080 1096
1668090 1096
1668100 1096
1668110 1096
1668120 1096
1668130 1097
1668140 1097
1668150 1097
1668160 1097
1668170 1098
1668180 1098
1668190 1098
1668200 1098
1668210 1098
1668220 1097
1668230 1096
1668240 1094
1668250 1094
1668260 1091
1668270 1088
1668280 1088
1668290 1085
1668300 1083
1668310 1083
1668320 1081
1668330 1078
1668340 1078
1668350 1076
1668360 1074
1668370 1074
1668380 1073
1668390 1072
1668400 1072
1668410 1072
1668420 1071
1668430 1071
1668440 1070
1668450 1068
1668460 1067
1668470 1067
1668480 1067
1668490 1067
1668500 1067
1668510 1067
1668520 1065
1668530 1065
1668540 1064
1668550 1062
1668560 1062
1668570 1061
1668580 1060
1668590 1060
1668600 1060
1668610 1060
1668620 1060
1668630 1059
1668640 1058
1668650 1058
1668660 1058
1668670 1058
1668680 1057
1668690 1057
1668700 1056
1668710 1056
1668720 1056
1668730 1056
1668740 1056
1668750 1056
1668760 1055
1668770 1055
1668780 1055
1668790 1055
1668800 1054
1668810 1054
1668820 1052
1668830 1051
1668840 1051
1668850 1050
1668860 1050
1668870 1051
1668880 1051
1668890 1051
1668900 1051
1668910 1051
1668920 1051
1668930 1051
1668940 1051
1668950 1052
1668960 1052
1668970 1052
1668980 1052
1668990 1052
1669000 1052
1669010 1050
1669020 1050
1669030 1050
1669040 1049
1669050 1050
1669060 1050
1669070 1049
1669080 1047
1669090 1045
1669100 1045
1669110 1044
1669120 1043
1669130 1043
1669140 1043
1669150 1043
1669160 1043
1669170 1042
1669180 1042
1669190 1042
1669200 1041
1669210 1041
1669220 1041
1669230 1040
1669240 1040
1669250 1040
1669260 1039
1669270 1040
1669280 1040
1669290 1039
1669300 1039
1669310 1040
1669320 1040
1669330 1040
1669340 1039
1669350 1039
1669360 1039
1669370 1038
1669380 1038
1669390 1037
1669400 1035
1669410 1035
1669420 1036
1669430 1035
1669440 1035
1669450 1034
1669460 1033
1669470 1033
1669480 1034
1669490 1035
1669500 1035
1669510 1035
1669520 1035
1669530 1035
1669540 1035
1669550 1034
1669560 1033
1669570 1033
1669580 1032
1669590 1031
1669600 1031
1669610 1031
1669620 1031
1669630 1031
1669640 1031
1669650 1031
1669660 1031
1669670 1030
1669680 1030
1669690 1030
1669700 1030
1669710 1030
1669720 1031
1669730 1031
1669740 1030
1669750 1030
1669760 1030
1669770 1028
1669780 1028
1669790 1028
1669800 1028
1669810 1028
1669820 1028
1669830 1028
1669840 1029
1669850 1029
1669860 1030
1669870 1030
1669880 1030
1669890 1028
1669900 1028
1669910 1028
1669920 1025
1669930 1028
1669940 1027
1669950 1027
1669960 1027
1669970 1027
1669980 1027
1669990 1026
1670000 1025
1670010 1025
1670020 1025
1670030 1024
1670040 1024
1670050 1023
1670060 1022
1670070 1022
1670080 1020
1670090 1019
1670100 1019
1670110 1019
1670120 1017
1670130 1016
1670140 1016
1670150 1015
1670160 1014
1670170 1014
1670180 1012
1670190 1011
1670200 1011
1670210 1010
1670220 1009
1670230 1009
1670240 1007
1670250 1006
1670260 1006
1670270 1004
1670280 1003
1670290 1003
1670300 1001
1670310 1000
1670320 1000
1670330 999
1670340 997
1670350 995
1670360 995
1670370 994
1670380 992
1670390 992
1670400 990
1670410 989
1670420 989
1670430 987
1670440 985
1670450 985
1670460 984
1670470 982
1670480 982
1670490 980
1670500 978
1670510 978
1670520 977
1670530 976
1670540 976
1670550 974
1670560 972
1670570 971
1670580 971
1670590 969
1670600 968
1670610 968
1670620 967
1670630 966
1670640 966
1670650 964
1670660 964
1670670 964
1670680 963
1670690 961
1670700 961
1670710 958
1670720 956
1670730 956
1670740 954
1670750 952
1670760 952
1670770 952
1670780 952
1670790 952
1670800 952
1670810 952
1670820 953
1670830 953
1670840 953
1670850 954
1670860 954
1670870 954
1670880 954
1670890 954
1670900 953
1670910 952
1670920 952
1670930 952
1670940 952
1670950 952
1670960 952
1670970 951
1670980 951
1670990 951
1671000 950
1671010 949
1671020 949
1671030 949
1671040 947
1671050 947
1671060 946
1671070 946
1671080 946
1671090 945
1671100 945
1671110 945
1671120 945
1671130 945
1671140 945
1671150 946
1671160 946
1671170 946
1671180 946
1671190 946
1671200 946
1671210 946
1671220 946
1671230 946
1671240 946
1671250 946
1671260 946
1671270 946
1671280 945
1671290 944
1671300 944
1671310 943
1671320 943
1671330 943
1671340 942
1671350 941
1671360 941
1671370 940
1671380 939
1671390 938
1671400 938
1671410 937
1671420 936
1671430 936
1671440 935
1671450 934
1671460 934
1671470 933
1671480 932
1671490 932
1671500 931
1671510 930
1671520 930
1671530 928
1671540 927
1671550 927
1671560 926
1671570 924
1671580 924
1671590 923
1671600 921
1671610 920
1671620 920
1671630 919
1671640 918
1671650 918
1671660 916
1671670 915
1671680 915
1671690 913
1671700 912
1671710 912
1671720 910
1671730 908
1671740 908
1671750 906
1671760 902
1671770 902
1671780 900
1671790 898
1671800 898
1671810 897
1671820 895
1671830 894
1671840 894
1671850 892
1671860 891
1671870 891
1671880 889
1671890 887
1671900 887
1671910 885
1671920 883
1671930 883
1671940 881
1671950 880
1671960 880
1671970 878
1671980 874
1671990 874
1672000 875
1672010 875
1672020 874
1672030 874
1672040 873
1672050 873
1672060 873
1672070 872
1672080 872
1672090 872
1672100 870
1672110 866
1672120 866
1672130 867
1672140 869
1672150 869
1672160 871
1672170 873
1672180 873
1672190 874
1672200 875
1672210 875
1672220 876
1672230 877
1672240 877
1672250 877
1672260 877
1672270 876
1672280 876
1672290 876
1672300 876
1672310 876
1672320 876
1672330 875
1672340 875
1672350 875
1672360 875
1672370 875
1672380 874
1672390 874
1672400 874
1672410 874
1672420 874
1672430 874
1672440 874
1672450 873
1672460 873
1672470 873
1672480 873
1672490 873
1672500 873
1672510 873
1672520 873
1672530 873
1672540 872
1672550 872
1672560 872
1672570 872
1672580 870
1672590 870
1672600 868
1672610 866
1672620 866
1672630 865
1672640 863
1672650 862
1672660 862
1672670 861
1672680 859
1672690 859
1672700 858
1672710 856
1672720 856
1672730 855
1672740 854
1672750 854
1672760 853
1672770 853
1672780 853
1672790 852
1672800 851
1672810 851
1672820 850
1672830 850
1672840 850
1672850 850
1672860 849
1672870 847
1672880 847
1672890 844
1672900 841
1672910 841
1672920 839
1672930 836
1672940 836
1672950 834
1672960 829
1672970 829
1672980 827
1672990 826
1673000 826
1673010 825
1673020 824
1673030 824
1673040 823
1673050 822
1673060 821
1673070 821
1673080 819
1673090 817
1673100 817
1673110 813
1673120 811
1673130 811
1673140 810
1673150 808
1673160 808
1673170 807
1673180 806
1673190 806
1673200 805
1673210 804
1673220 804
1673230 803
1673240 805
1673250 805
1673260 805
1673270 805
1673280 804
1673290 804
1673300 803
1673310 802
1673320 802
1673330 802
1673340 802
1673350 802
1673360 802
1673370 802
1673380 802
1673390 802
1673400 802
1673410 802
1673420 802
1673430 801
1673440 801
1673450 800
1673460 799
1673470 799
1673480 797
1673490 795
1673500 796
1673510 796
1673520 793
1673530 790
1673540 790
1673550 790
1673560 791
1673570 791
1673580 791
1673590 792
1673600 792
1673610 792
1673620 791
1673630 791
1673640 791
1673650 790
1673660 790
1673670 790
1673680 789
1673690 788
1673700 788
1673710 788
1673720 787
1673730 787
1673740 786
1673750 784
1673760 784
1673770 783
1673780 783
1673790 783
1673800 782
1673810 781
1673820 781
1673830 781
1673840 780
1673850 780
1673860 779
1673870 779
1673880 779
1673890 779
1673900 777
1673910 776
1673920 776
1673930 775
1673940 772
1673950 772
1673960 770
1673970 767
1673980 767
1673990 764
1674000 762
1674010 762
1674020 759
1674030 755
1674040 755
1674050 751
1674060 745
1674070 745
1674080 740
1674090 736
1674100 736
1674110 732
1674120 726
1674130 724
1674140 724
1674150 721
1674160 718
1674170 718
1674180 715
1674190 711
1674200 711
1674210 706
1674220 704
1674230 704
1674240 704
1674250 702
1674260 702
1674270 698
1674280 696
1674290 696
1674300 693
1674310 691
1674320 687
1674330 687
1674340 683
1674350 680
1674360 680
1674370 677
1674380 674
1674390 674
1674400 674
1674410 674
1674420 674
1674430 673
1674440 669
1674450 669
1674460 661
1674470 654
1674480 654
1674490 649
1674500 645
1674510 645
1674520 643
1674530 638
1674540 632
1674550 632
1674560 630
1674570 627
1674580 627
1674590 624
1674600 618
1674610 618
1674620 612
1674630 609
1674640 609
1674650 607
1674660 610
1674670 610
1674680 612
1674690 613
1674700 613
1674710 615
1674720 616
1674730 616
1674740 617
1674750 619
1674760 620
1674770 620
1674780 622
1674790 623
1674800 623
1674810 624
1674820 625
1674830 625
1674840 627
1674850 627
1674860 627
1674870 628
1674880 630
1674890 630
1674900 631
1674910 632
1674920 632
1674930 633
1674940 631
1674950 629
1674960 629
1674970 623
1674980 618
1674990 618
1675000 619
1675010 623
1675020 623
1675030 626
1675040 627
1675050 627
1675060 630
1675070 632
1675080 632
1675090 634
1675100 635
1675110 635
1675120 634
1675130 632
1675140 632
1675150 636
1675160 639
1675170 644
1675180 644
1675190 649
1675200 654
1675210 654
1675220 658
1675230 662
1675240 662
1675250 665
1675260 668
1675270 668
1675280 671
1675290 674
1675300 674
1675310 676
1675320 677
1675330 677
1675340 679
1675350 680
1675360 680
1675370 681
1675380 682
1675390 683
1675400 683
1675410 683
1675420 683
1675430 683
1675440 683
1675450 684
1675460 684
1675470 684
1675480 685
1675490 685
1675500 686
1675510 686
1675520 686
1675530 688
1675540 689
1675550 689
1675560 690
1675570 691
1675580 692
1675590 692
1675600 693
1675610 695
1675620 695
1675630 696
1675640 697
1675650 697
1675660 698
1675670 700
1675680 700
1675690 701
1675700 701
1675710 701
1675720 702
1675730 703
1675740 703
1675750 703
1675760 703
1675770 703
1675780 703
1675790 703
1675800 702
1675810 702
1675820 701
1675830 698
1675840 698
1675850 695
1675860 691
1675870 691
1675880 688
1675890 687
1675900 687
1675910 686
1675920 688
1675930 688
1675940 690
1675950 692
1675960 692
1675970 694
1675980 696
1675990 696
1676000 697
1676010 698
1676020 698
1676030 698
1676040 698
1676050 697
1676060 697
1676070 694
1676080 691
1676090 691
1676100 686
1676110 682
1676120 682
1676130 678
1676140 672
1676150 672
1676160 667
1676170 662
1676180 662
1676190 659
1676200 660
1676210 662
1676220 662
1676230 662
1676240 662
1676250 662
1676260 663
1676270 665
1676280 665
1676290 668
1676300 670
1676310 670
1676320 673
1676330 676
1676340 676
1676350 679
1676360 681
1676370 681
1676380 682
1676390 683
1676400 683
1676410 682
1676420 683
1676430 682
1676440 682
1676450 681
1676460 679
1676470 679
1676480 676
1676490 673
1676500 673
1676510 671
1676520 669
1676530 669
1676540 665
1676550 663
1676560 663
1676570 662
1676580 662
1676590 662
1676600 660
1676610 659
1676620 659
1676630 658
1676640 653
1676650 650
1676660 650
1676670 648
1676680 645
1676690 645
1676700 648
1676710 650
1676720 650
1676730 650
1676740 649
1676750 649
1676760 650
1676770 650
1676780 650
1676790 649
1676800 648
1676810 648
1676820 647
1676830 646
1676840 644
1676850 644
1676860 643
1676870 640
1676880 640
1676890 638
1676900 632
1676910 632
1676920 627
1676930 624
1676940 624
1676950 624
1676960 625
1676970 625
1676980 626
1676990 628
1677000 628
1677010 629
1677020 631
1677030 631
1677040 631
1677050 632
1677060 633
1677070 633
1677080 635
1677090 635
1677100 635
1677110 635
1677120 634
1677130 634
1677140 630
1677150 625
1677160 625
1677170 620
1677180 616
1677190 616
1677200 612
1677210 611
1677220 611
1677230 610
1677240 613
1677250 613
1677260 614
1677270 615
1677280 615
1677290 615
1677300 616
1677310 616
1677320 616
1677330 616
1677340 616
1677350 616
1677360 614
1677370 612
1677380 612
1677390 611
1677400 607
1677410 607
1677420 603
1677430 598
1677440 598
1677450 597
1677460 597
1677470 599
1677480 599
1677490 601
1677500 603
1677510 603
1677520 604
1677530 601
1677540 601
1677550 608
1677560 614
1677570 614
1677580 616
1677590 618
1677600 618
1677610 620
1677620 622
1677630 622
1677640 624
1677650 625
1677660 625
1677670 625
1677680 626
1677690 626
1677700 626
1677710 626
1677720 625
1677730 625
1677740 625
1677750 624
1677760 624
1677770 623
1677780 623
1677790 623
1677800 622
1677810 622
1677820 622
1677830 622
1677840 622
1677850 622
1677860 622
1677870 621
1677880 621
1677890 621
1677900 621
1677910 621
1677920 621
1677930 620
1677940 620
1677950 620
1677960 619
1677970 619
1677980 619
1677990 618
1678000 617
1678010 617
1678020 616
1678030 614
1678040 614
1678050 613
1678060 611
1678070 611
1678080 609
1678090 607
1678100 604
1678110 604
1678120 600
1678130 597
1678140 597
1678150 594
1678160 591
1678170 591
1678180 587
1678190 583
1678200 583
1678210 582
1678220 584
1678230 584
1678240 585
1678250 585
1678260 585
1678270 587
1678280 588
1678290 588
1678300 589
1678310 590
1678320 591
1678330 591
1678340 592
1678350 593
1678360 593
1678370 593
1678380 593
1678390 593
1678400 591
1678410 590
1678420 590
1678430 590
1678440 591
1678450 591
1678460 591
1678470 590
1678480 590
1678490 589
1678500 589
1678510 589
1678520 588
1678530 587
1678540 586
1678550 586
1678560 585
1678570 584
1678580 584
1678590 584
1678600 583
1678610 583
1678620 583
1678630 583
1678640 583
1678650 584
1678660 583
1678670 583
1678680 583
1678690 583
1678700 583
1678710 583
1678720 583
1678730 583
1678740 583
1678750 582
1678760 581
1678770 581
1678780 581
1678790 578
1678800 578
1678810 578
1678820 578
1678830 578
1678840 574
1678850 573
1678860 573
1678870 570
1678880 567
1678890 567
1678900 564
1678910 561
1678920 561
1678930 558
1678940 554
1678950 551
1678960 551
1678970 548
1678980 545
1678990 545
1679000 542
1679010 539
1679020 539
1679030 537
1679040 534
1679050 534
1679060 530
1679070 527
1679080 527
1679090 524
1679100 521
1679110 521
1679120 519
1679130 517
1679140 515
1679150 515
1679160 513
1679170 511
1679180 511
1679190 506
1679200 508
1679210 508
1679220 506
1679230 504
1679240 504
1679250 502
1679260 501
1679270 501
1679280 498
1679290 495
1679300 495
1679310 492
1679320 490
1679330 490
1679340 487
1679350 486
1679360 483
1679370 483
1679380 483
1679390 482
1679400 482
1679410 480
1679420 478
1679430 478
1679440 477
1679450 475
1679460 475
1679470 473
1679480 471
1679490 471
1679500 469
1679510 469
1679520 469
1679530 468
1679540 467
1679550 467
1679560 466
1679570 465
1679580 464
1679590 464
1679600 464
1679610 463
1679620 463
1679630 462
1679640 462
1679650 462
1679660 462
1679670 459
1679680 459
1679690 459
1679700 456
1679710 456
1679720 456
1679730 456
1679740 456
1679750 456
1679760 455
1679770 454
1679780 454
1679790 452
1679800 451
1679810 451
1679820 450
1679830 448
1679840 448
1679850 450
1679860 451
1679870 451
1679880 451
1679890 450
1679900 450
1679910 451
1679920 452
1679930 452
1679940 454
1679950 455
1679960 455
1679970 456
1679980 458
1679990 459
