1660000 1119
1660010 1116
1660020 1114
1660030 1114
1660040 1111
1660050 1107
1660060 1107
1660070 1104
1660080 1100
1660090 1100
1660100 1097
1660110 1094
1660120 1094
1660130 1092
1660140 1089
1660150 1089
1660160 1087
1660170 1088
1660180 1088
1660190 1091
1660200 1096
1660210 1102
1660220 1102
1660230 1108
1660240 1114
1660250 1114
1660260 1121
1660270 1129
1660280 1129
1660290 1136
1660300 1138
1660310 1138
1660320 1136
1660330 1134
1660340 1134
1660350 1133
1660360 1131
1660370 1131
1660380 1129
1660390 1127
1660400 1124
1660410 1124
1660420 1122
1660430 1120
1660440 1120
1660450 1118
1660460 1115
1660470 1115
1660480 1113
1660490 1110
1660500 1110
1660510 1109
1660520 1108
1660530 1108
1660540 1107
1660550 1106
1660560 1106
1660570 1105
1660580 1103
1660590 1103
1660600 1101
1660610 1099
1660620 1098
1660630 1098
1660640 1097
1660650 1095
1660660 1095
1660670 1094
1660680 1093
1660690 1093
1660700 1092
1660710 1090
1660720 1090
1660730 1089
1660740 1088
1660750 1088
1660760 1087
1660770 1086
1660780 1086
1660790 1084
1660800 1082
1660810 1082
1660820 1080
1660830 1078
1660840 1075
1660850 1075
1660860 1072
1660870 1069
1660880 1069
1660890 1067
1660900 1064
1660910 1064
1660920 1062
1660930 1061
1660940 1061
1660950 1058
1660960 1054
1660970 1054
1660980 1050
1660990 1046
1661000 1046
1661010 1042
1661020 1039
1661030 1039
1661040 1037
1661050 1035
1661060 1032
1661070 1032
1661080 1029
1661090 1026
1661100 1026
1661110 1023
1661120 1019
1661130 1019
1661140 1016
1661150 1013
1661160 1013
1661170 1009
1661180 1007
1661190 1007
1661200 1004
1661210 1001
1661220 1001
1661230 1000
1661240 1000
1661250 998
1661260 998
1661270 996
1661280 994
1661290 994
1661300 991
1661310 988
1661320 988
1661330 987
1661340 986
1661350 986
1661360 984
1661370 982
1661380 982
1661390 982
1661400 981
1661410 981
1661420 979
1661430 978
1661440 978
1661450 976
1661460 975
1661470 975
1661480 975
1661490 974
1661500 974
1661510 974
1661520 974
1661530 973
1661540 973
1661550 972
1661560 971
1661570 971
1661580 971
1661590 970
1661600 970
1661610 970
1661620 969
1661630 969
1661640 969
1661650 968
1661660 968
1661670 968
1661680 968
1661690 967
1661700 967
1661710 967
1661720 967
1661730 967
1661740 966
1661750 966
1661760 966
1661770 966
1661780 966
1661790 966
1661800 965
1661810 965
1661820 965
1661830 963
1661840 965
1661850 965
1661860 965
1661870 965
1661880 965
1661890 965
1661900 965
1661910 965
1661920 965
1661930 965
1661940 965
1661950 965
1661960 964
1661970 964
1661980 964
1661990 964
1662000 965
1662010 965
1662020 966
1662030 967
1662040 967
1662050 972
1662060 976
1662070 976
1662080 979
1662090 983
1662100 986
1662110 986
1662120 989
1662130 992
1662140 992
1662150 995
1662160 998
1662170 998
1662180 1000
1662190 1001
1662200 1001
1662210 1002
1662220 1003
1662230 1003
1662240 1005
1662250 1007
1662260 1007
1662270 1006
1662280 1007
1662290 1007
1662300 1006
1662310 1010
1662320 1016
1662330 1016
1662340 1018
1662350 1019
1662360 1019
1662370 1020
1662380 1020
1662390 1020
1662400 1021
1662410 1023
1662420 1023
1662430 1025
1662440 1027
1662450 1027
1662460 1031
1662470 1030
1662480 1030
1662490 1031
1662500 1031
1662510 1031
1662520 1031
1662530 1032
1662540 1033
1662550 1033
1662560 1033
1662570 1033
1662580 1033
1662590 1032
1662600 1032
1662610 1032
1662620 1032
1662630 1032
1662640 1032
1662650 1033
1662660 1034
1662670 1034
1662680 1033
1662690 1033
1662700 1033
1662710 1033
1662720 1035
1662730 1036
1662740 1036
1662750 1038
1662760 1039
1662770 1039
1662780 1040
1662790 1041
1662800 1041
1662810 1042
1662820 1043
1662830 1043
1662840 1043
1662850 1043
1662860 1043
1662870 1044
1662880 1044
1662890 1044
1662900 1043
1662910 1042
1662920 1042
1662930 1042
1662940 1042
1662950 1039
1662960 1039
1662970 1039
1662980 1039
1662990 1039
1663000 1039
1663010 1038
1663020 1038
1663030 1040
1663040 1041
1663050 1041
1663060 1043
1663070 1044
1663080 1044
1663090 1040
1663100 1044
1663110 1044
1663120 1050
1663130 1052
1663140 1052
1663150 1054
1663160 1058
1663170 1059
1663180 1059
1663190 1059
1663200 1060
1663210 1060
1663220 1061
1663230 1064
1663240 1064
1663250 1068
1663260 1070
1663270 1070
1663280 1072
1663290 1074
1663300 1074
1663310 1077
1663320 1080
1663330 1080
1663340 1083
1663350 1085
1663360 1087
1663370 1087
1663380 1090
1663390 1092
1663400 1092
1663410 1094
1663420 1095
1663430 1095
1663440 1098
1663450 1101
1663460 1101
1663470 1105
1663480 1108
1663490 1108
1663500 1110
1663510 1113
1663520 1113
1663530 1115
1663540 1118
1663550 1118
1663560 1121
1663570 1123
1663580 1125
1663590 1125
1663600 1128
1663610 1130
1663620 1130
1663630 1133
1663640 1135
1663650 1135
1663660 1138
1663670 1141
1663680 1141
1663690 1143
1663700 1146
1663710 1146
1663720 1149
1663730 1152
1663740 1152
1663750 1155
1663760 1159
1663770 1159
1663780 1162
1663790 1165
1663800 1168
1663810 1168
1663820 1170
1663830 1173
1663840 1173
1663850 1175
1663860 1177
1663870 1177
1663880 1179
1663890 1182
1663900 1182
1663910 1184
1663920 1187
1663930 1187
1663940 1189
1663950 1192
1663960 1192
1663970 1196
1663980 1199
1663990 1199
1664000 1201
1664010 1205
1664020 1207
1664030 1207
1664040 1210
1664050 1212
1664060 1212
1664070 1215
1664080 1218
1664090 1218
1664100 1220
1664110 1223
1664120 1223
1664130 1226
1664140 1229
1664150 1229
1664160 1232
1664170 1234
1664180 1234
1664190 1237
1664200 1239
1664210 1242
1664220 1242
1664230 1246
1664240 1249
1664250 1249
1664260 1251
1664270 1255
1664280 1255
1664290 1258
1664300 1260
1664310 1260
1664320 1263
1664330 1265
1664340 1265
1664350 1267
1664360 1270
1664370 1270
1664380 1272
1664390 1273
1664400 1273
1664410 1276
1664420 1278
1664430 1280
1664440 1280
1664450 1281
1664460 1281
1664470 1281
1664480 1282
1664490 1283
1664500 1283
1664510 1284
1664520 1284
1664530 1284
1664540 1286
1664550 1287
1664560 1287
1664570 1288
1664580 1288
1664590 1288
1664600 1289
1664610 1290
1664620 1290
1664630 1290
1664640 1291
1664650 1291
1664660 1291
1664670 1291
1664680 1291
1664690 1291
1664700 1289
1664710 1288
1664720 1288
1664730 1286
1664740 1285
1664750 1285
1664760 1283
1664770 1281
1664780 1281
1664790 1280
1664800 1278
1664810 1278
1664820 1277
1664830 1274
1664840 1274
1664850 1272
1664860 1270
1664870 1267
1664880 1267
1664890 1264
1664900 1261
1664910 1261
1664920 1259
1664930 1256
1664940 1256
1664950 1253
1664960 1252
1664970 1252
1664980 1249
1664990 1248
1665000 1248
1665010 1248
1665020 1247
1665030 1247
1665040 1245
1665050 1245
1665060 1244
1665070 1244
1665080 1243
1665090 1242
1665100 1242
1665110 1241
1665120 1240
1665130 1240
1665140 1239
1665150 1238
1665160 1238
1665170 1236
1665180 1236
1665190 1236
1665200 1235
1665210 1234
1665220 1234
1665230 1233
1665240 1231
1665250 1231
1665260 1229
1665270 1226
1665280 1223
1665290 1223
1665300 1222
1665310 1219
1665320 1219
1665330 1216
1665340 1212
1665350 1212
1665360 1209
1665370 1208
1665380 1208
1665390 1206
1665400 1205
1665410 1205
1665420 1203
1665430 1201
1665440 1201
1665450 1200
1665460 1197
1665470 1197
1665480 1193
1665490 1190
1665500 1188
1665510 1188
1665520 1186
1665530 1183
1665540 1183
1665550 1182
1665560 1180
1665570 1180
1665580 1179
1665590 1178
1665600 1178
1665610 1175
1665620 1172
1665630 1172
1665640 1170
1665650 1166
1665660 1166
1665670 1164
1665680 1159
1665690 1156
1665700 1156
1665710 1153
1665720 1151
1665730 1151
1665740 1147
1665750 1145
1665760 1145
1665770 1143
1665780 1141
1665790 1141
1665800 1138
1665810 1135
1665820 1135
1665830 1132
1665840 1129
1665850 1129
1665860 1127
1665870 1125
1665880 1125
1665890 1124
1665900 1119
1665910 1117
1665920 1117
1665930 1115
1665940 1112
1665950 1112
1665960 1111
1665970 1109
1665980 1109
1665990 1107
1666000 1106
1666010 1106
1666020 1104
1666030 1101
1666040 1101
1666050 1098
1666060 1095
1666070 1095
1666080 1092
1666090 1089
1666100 1089
1666110 1086
1666120 1083
1666130 1080
1666140 1080
1666150 1076
1666160 1072
1666170 1072
1666180 1068
1666190 1064
1666200 1064
1666210 1059
1666220 1054
1666230 1054
1666240 1049
1666250 1044
1666260 1044
1666270 1040
1666280 1035
1666290 1035
1666300 1032
1666310 1028
1666320 1028
1666330 1025
1666340 1020
1666350 1017
1666360 1017
1666370 1014
1666380 1010
1666390 1010
1666400 1008
1666410 1006
1666420 1006
1666430 1007
1666440 1005
1666450 1005
1666460 1003
1666470 1001
1666480 1001
1666490 1000
1666500 998
1666510 998
1666520 996
1666530 993
1666540 990
1666550 990
1666560 987
1666570 983
1666580 983
1666590 979
1666600 977
1666610 977
1666620 976
1666630 973
1666640 973
1666650 971
1666660 970
1666670 970
1666680 968
1666690 967
1666700 967
1666710 967
1666720 967
1666730 967
1666740 969
1666750 970
1666760 972
1666770 972
1666780 974
1666790 976
1666800 976
1666810 978
1666820 979
1666830 979
1666840 980
1666850 980
1666860 980
1666870 980
1666880 975
1666890 975
1666900 971
1666910 967
1666920 967
1666930 960
1666940 953
1666950 953
1666960 945
1666970 939
1666980 931
1666990 931
1667000 924
1667010 917
1667020 917
1667030 911
1667040 906
1667050 906
1667060 905
1667070 906
1667080 906
1667090 908
1667100 910
1667110 910
1667120 915
1667130 918
1667140 918
1667150 920
1667160 919
1667170 917
1667180 917
1667190 915
1667200 913
1667210 913
1667220 911
1667230 908
1667240 908
1667250 905
1667260 902
1667270 902
1667280 902
1667290 903
1667300 903
1667310 903
1667320 904
1667330 904
1667340 903
1667350 903
1667360 903
1667370 903
1667380 902
1667390 901
1667400 901
1667410 900
1667420 898
1667430 898
1667440 897
1667450 894
1667460 894
1667470 892
1667480 888
1667490 888
1667500 884
1667510 882
1667520 882
1667530 881
1667540 880
1667550 880
1667560 881
1667570 882
1667580 882
1667590 882
1667600 884
1667610 884
1667620 884
1667630 887
1667640 889
1667650 889
1667660 891
1667670 891
1667680 891
1667690 890
1667700 888
1667710 888
1667720 886
1667730 885
1667740 885
1667750 883
1667760 882
1667770 882
1667780 880
1667790 879
1667800 879
1667810 877
1667820 875
1667830 874
1667840 874
1667850 872
1667860 871
1667870 871
1667880 870
1667890 869
1667900 869
1667910 868
1667920 866
1667930 866
1667940 865
1667950 862
1667960 862
1667970 858
1667980 856
1667990 856
1668000 852
1668010 850
1668020 849
1668030 849
1668040 847
1668050 844
1668060 844
1668070 839
1668080 834
1668090 834
1668100 827
1668110 820
1668120 820
1668130 820
1668140 816
1668150 816
1668160 818
1668170 822
1668180 822
1668190 826
1668200 833
1668210 833
1668220 837
1668230 843
1668240 845
1668250 845
1668260 847
1668270 850
1668280 850
1668290 851
1668300 852
1668310 852
1668320 853
1668330 855
1668340 855
1668350 856
1668360 857
1668370 857
1668380 858
1668390 858
1668400 858
1668410 858
1668420 858
1668430 858
1668440 859
1668450 859
1668460 859
1668470 859
1668480 858
1668490 858
1668500 858
1668510 858
1668520 857
1668530 857
1668540 858
1668550 857
1668560 857
1668570 857
1668580 855
1668590 855
1668600 849
1668610 845
1668620 845
1668630 842
1668640 842
1668650 843
1668660 843
1668670 844
1668680 846
1668690 846
1668700 847
1668710 847
1668720 847
1668730 846
1668740 844
1668750 844
1668760 843
1668770 842
1668780 842
1668790 843
1668800 846
1668810 846
1668820 849
1668830 851
1668840 851
1668850 852
1668860 853
1668870 853
1668880 853
1668890 853
1668900 851
1668910 851
1668920 850
1668930 850
1668940 850
1668950 851
1668960 853
1668970 853
1668980 856
1668990 860
1669000 860
1669010 862
1669020 864
1669030 864
1669040 865
1669050 865
1669060 865
1669070 865
1669080 865
1669090 865
1669100 865
1669110 863
1669120 863
1669130 863
1669140 860
1669150 855
1669160 855
1669170 848
1669180 838
1669190 838
1669200 836
1669210 835
1669220 835
1669230 834
1669240 833
1669250 833
1669260 829
1669270 825
1669280 825
1669290 821
1669300 818
1669310 814
1669320 814
1669330 810
1669340 807
1669350 807
1669360 803
1669370 801
1669380 801
1669390 800
1669400 797
1669410 797
1669420 793
1669430 788
1669440 788
1669450 783
1669460 778
1669470 778
1669480 772
1669490 766
1669500 766
1669510 766
1669520 765
1669530 766
1669540 766
1669550 769
1669560 772
1669570 772
1669580 775
1669590 777
1669600 777
1669610 777
1669620 777
1669630 777
1669640 775
1669650 771
1669660 771
1669670 767
1669680 763
1669690 763
1669700 759
1669710 758
1669720 760
1669730 760
1669740 762
1669750 763
1669760 763
1669770 766
1669780 769
1669790 769
1669800 772
1669810 771
1669820 771
1669830 772
1669840 772
1669850 772
1669860 771
1669870 770
1669880 770
1669890 771
1669900 774
1669910 774
1669920 776
1669930 780
1669940 781
1669950 781
1669960 783
1669970 784
1669980 784
1669990 784
1670000 784
1670010 784
1670020 788
1670030 790
1670040 790
1670050 792
1670060 793
1670070 793
1670080 797
1670090 800
1670100 800
1670110 801
1670120 800
1670130 801
1670140 801
1670150 802
1670160 802
1670170 802
1670180 803
1670190 802
1670200 802
1670210 801
1670220 800
1670230 800
1670240 800
1670250 792
1670260 792
1670270 784
1670280 777
1670290 777
1670300 771
1670310 766
1670320 766
1670330 761
1670340 755
1670350 751
1670360 751
1670370 749
1670380 746
1670390 746
1670400 745
1670410 743
1670420 743
1670430 743
1670440 744
1670450 744
1670460 747
1670470 747
1670480 747
1670490 747
1670500 747
1670510 747
1670520 747
1670530 747
1670540 747
1670550 746
1670560 746
1670570 747
1670580 747
1670590 748
1670600 751
1670610 751
1670620 753
1670630 754
1670640 754
1670650 759
1670660 764
1670670 764
1670680 765
1670690 761
1670700 761
1670710 752
1670720 745
1670730 745
1670740 740
1670750 737
1670760 737
1670770 731
1670780 723
1670790 715
1670800 715
1670810 710
1670820 705
1670830 705
1670840 701
1670850 701
1670860 701
1670870 700
1670880 698
1670890 698
1670900 703
1670910 711
1670920 711
1670930 714
1670940 713
1670950 713
1670960 706
1670970 702
1670980 696
1670990 696
1671000 690
1671010 685
1671020 685
1671030 684
1671040 684
1671050 684
1671060 682
1671070 681
1671080 681
1671090 680
1671100 679
1671110 679
1671120 679
1671130 680
1671140 680
1671150 681
1671160 682
1671170 682
1671180 683
1671190 684
1671200 686
1671210 686
1671220 689
1671230 693
1671240 693
1671250 693
1671260 697
1671270 697
1671280 698
1671290 698
1671300 698
1671310 697
1671320 694
1671330 694
1671340 690
1671350 684
1671360 684
1671370 682
1671380 679
1671390 679
1671400 674
1671410 672
1671420 670
1671430 670
1671440 668
1671450 668
1671460 668
1671470 668
1671480 668
1671490 668
1671500 667
1671510 666
1671520 666
1671530 666
1671540 665
1671550 665
1671560 666
1671570 665
1671580 665
1671590 665
1671600 665
1671610 666
1671620 666
1671630 665
1671640 663
1671650 663
1671660 662
1671670 660
1671680 660
1671690 661
1671700 660
1671710 660
1671720 659
1671730 659
1671740 659
1671750 661
1671760 664
1671770 664
1671780 667
1671790 671
1671800 671
1671810 677
1671820 681
1671830 687
1671840 687
1671850 696
1671860 704
1671870 704
1671880 714
1671890 720
1671900 720
1671910 727
1671920 733
1671930 733
1671940 738
1671950 744
1671960 744
1671970 748
1671980 751
1671990 751
1672000 754
1672010 756
1672020 756
1672030 755
1672040 751
1672050 746
1672060 746
1672070 744
1672080 742
1672090 742
1672100 741
1672110 739
1672120 739
1672130 737
1672140 737
1672150 737
1672160 735
1672170 732
1672180 732
1672190 728
1672200 725
1672210 725
1672220 720
1672230 716
1672240 716
1672250 710
1672260 717
1672270 723
1672280 723
1672290 726
1672300 726
1672310 726
1672320 729
1672330 731
1672340 731
1672350 732
1672360 733
1672370 733
1672380 731
1672390 730
1672400 730
1672410 731
1672420 732
1672430 732
1672440 734
1672450 737
1672460 742
1672470 742
1672480 746
1672490 749
1672500 749
1672510 752
1672520 756
1672530 756
1672540 757
1672550 760
1672560 760
1672570 763
1672580 766
1672590 766
1672600 769
1672610 771
1672620 771
1672630 772
1672640 773
1672650 773
1672660 774
1672670 775
1672680 777
1672690 777
1672700 778
1672710 779
1672720 779
1672730 780
1672740 781
1672750 781
1672760 782
1672770 782
1672780 782
1672790 783
1672800 783
1672810 783
1672820 783
1672830 783
1672840 783
1672850 784
1672860 784
1672870 784
1672880 784
1672890 783
1672900 782
1672910 782
1672920 781
1672930 781
1672940 781
1672950 780
1672960 780
1672970 780
1672980 780
1672990 780
1673000 780
1673010 781
1673020 781
1673030 781
1673040 782
1673050 783
1673060 783
1673070 785
1673080 786
1673090 787
1673100 787
1673110 788
1673120 788
1673130 788
1673140 789
1673150 790
1673160 790
1673170 790
1673180 791
1673190 791
1673200 791
1673210 790
1673220 790
1673230 789
1673240 789
1673250 789
1673260 788
1673270 786
1673280 786
1673290 786
1673300 785
1673310 785
1673320 785
1673330 784
1673340 783
1673350 783
1673360 782
1673370 781
1673380 781
1673390 781
1673400 780
1673410 780
1673420 780
1673430 779
1673440 779
1673450 778
1673460 778
1673470 778
1673480 778
1673490 777
1673500 777
1673510 776
1673520 776
1673530 776
1673540 776
1673550 776
1673560 775
1673570 775
1673580 775
1673590 774
1673600 774
1673610 773
1673620 772
1673630 772
1673640 772
1673650 772
1673660 772
1673670 772
1673680 772
1673690 772
1673700 771
1673710 771
1673720 771
1673730 770
1673740 770
1673750 769
1673760 769
1673770 769
1673780 768
1673790 768
1673800 766
1673810 765
1673820 765
1673830 764
1673840 763
1673850 763
1673860 762
1673870 762
1673880 762
1673890 761
1673900 760
1673910 760
1673920 759
1673930 758
1673940 757
1673950 757
1673960 755
1673970 754
1673980 754
1673990 752
1674000 750
1674010 750
1674020 749
1674030 747
1674040 747
1674050 745
1674060 743
1674070 743
1674080 741
1674090 740
1674100 740
1674110 738
1674120 736
1674130 736
1674140 734
1674150 733
1674160 731
1674170 731
1674180 730
1674190 729
1674200 729
1674210 728
1674220 727
1674230 727
1674240 726
1674250 726
1674260 726
1674270 727
1674280 727
1674290 727
1674300 725
1674310 723
1674320 723
1674330 720
1674340 718
1674350 718
1674360 716
1674370 714
1674380 712
1674390 712
1674400 710
1674410 708
1674420 708
1674430 706
1674440 705
1674450 705
1674460 701
1674470 698
1674480 698
1674490 696
1674500 695
1674510 695
1674520 694
1674530 693
1674540 693
1674550 692
1674560 691
1674570 691
1674580 690
1674590 690
1674600 689
1674610 689
1674620 688
1674630 688
1674640 688
1674650 687
1674660 686
1674670 686
1674680 685
1674690 685
1674700 685
1674710 685
1674720 684
1674730 684
1674740 684
1674750 684
1674760 684
1674770 683
1674780 683
1674790 683
1674800 683
1674810 682
1674820 682
1674830 682
1674840 682
1674850 682
1674860 682
1674870 683
1674880 684
1674890 684
1674900 685
1674910 688
1674920 688
1674930 687
1674940 686
1674950 686
1674960 681
1674970 678
1674980 678
1674990 676
1675000 676
1675010 675
1675020 675
1675030 675
1675040 674
1675050 674
1675060 673
1675070 673
1675080 673
1675090 671
1675100 670
1675110 670
1675120 668
1675130 666
1675140 666
1675150 665
1675160 663
1675170 663
1675180 661
1675190 659
1675200 659
1675210 656
1675220 654
1675230 652
1675240 652
1675250 651
1675260 650
1675270 650
1675280 649
1675290 648
1675300 648
1675310 647
1675320 647
1675330 647
1675340 646
1675350 646
1675360 646
1675370 645
1675380 645
1675390 645
1675400 645
1675410 644
1675420 644
1675430 644
1675440 645
1675450 645
1675460 645
1675470 645
1675480 645
1675490 645
1675500 645
1675510 645
1675520 645
1675530 645
1675540 644
1675550 644
1675560 645
1675570 644
1675580 644
1675590 644
1675600 644
1675610 644
1675620 644
1675630 645
1675640 645
1675650 645
1675660 646
1675670 647
1675680 647
1675690 648
1675700 650
1675710 650
1675720 651
1675730 653
1675740 653
1675750 654
1675760 656
1675770 656
1675780 658
1675790 660
1675800 660
1675810 661
1675820 657
1675830 657
1675840 651
1675850 646
1675860 641
1675870 641
1675880 640
1675890 638
1675900 638
1675910 635
1675920 633
1675930 633
1675940 630
1675950 626
1675960 626
1675970 623
1675980 620
1675990 620
1676000 617
1676010 613
1676020 613
1676030 609
1676040 604
1676050 604
1676060 600
1676070 595
1676080 592
1676090 592
1676100 588
1676110 585
1676120 585
1676130 583
1676140 578
1676150 578
1676160 573
1676170 568
1676180 568
1676190 564
1676200 561
1676210 561
1676220 557
1676230 553
1676240 553
1676250 550
1676260 547
1676270 543
1676280 543
1676290 539
1676300 535
1676310 535
1676320 534
1676330 533
1676340 533
1676350 531
1676360 530
1676370 530
1676380 528
1676390 527
1676400 527
1676410 525
1676420 524
1676430 524
1676440 522
1676450 521
1676460 521
1676470 520
1676480 519
1676490 519
1676500 519
1676510 518
1676520 518
1676530 518
1676540 517
1676550 517
1676560 517
1676570 516
1676580 516
1676590 516
1676600 515
1676610 514
1676620 514
1676630 514
1676640 513
1676650 513
1676660 513
1676670 514
1676680 514
1676690 513
1676700 513
1676710 514
1676720 514
1676730 515
1676740 517
1676750 517
1676760 519
1676770 521
1676780 521
1676790 524
1676800 526
1676810 526
1676820 527
1676830 529
1676840 529
1676850 531
1676860 531
1676870 531
1676880 533
1676890 534
1676900 535
1676910 535
1676920 535
1676930 535
1676940 535
1676950 535
1676960 534
1676970 534
1676980 532
1676990 531
1677000 531
1677010 529
1677020 528
1677030 528
1677040 527
1677050 527
1677060 527
1677070 526
1677080 526
1677090 526
1677100 525
1677110 526
1677120 526
1677130 526
1677140 526
1677150 524
1677160 524
1677170 524
1677180 523
1677190 523
1677200 523
1677210 521
1677220 521
1677230 521
1677240 520
1677250 520
1677260 518
1677270 516
1677280 516
1677290 514
1677300 513
1677310 513
1677320 512
1677330 510
1677340 510
1677350 510
1677360 509
1677370 508
1677380 508
1677390 507
1677400 507
1677410 507
1677420 507
1677430 507
1677440 507
1677450 503
1677460 503
1677470 503
1677480 504
1677490 503
1677500 503
1677510 503
1677520 503
1677530 503
1677540 504
1677550 503
1677560 503
1677570 503
1677580 503
1677590 503
1677600 503
1677610 501
1677620 501
1677630 501
1677640 501
1677650 500
1677660 500
1677670 499
1677680 497
1677690 497
1677700 496
1677710 495
1677720 495
1677730 495
1677740 494
1677750 493
1677760 493
1677770 492
1677780 492
1677790 492
1677800 492
1677810 492
1677820 492
1677830 491
1677840 490
1677850 490
1677860 489
1677870 488
1677880 488
1677890 488
1677900 487
1677910 487
1677920 487
1677930 486
1677940 486
1677950 485
1677960 484
1677970 484
1677980 484
1677990 483
1678000 483
1678010 483
1678020 481
1678030 480
1678040 480
1678050 480
1678060 480
1678070 480
1678080 480
1678090 480
1678100 480
1678110 480
1678120 479
1678130 479
1678140 479
1678150 479
1678160 479
1678170 478
1678180 478
1678190 479
1678200 479
1678210 479
1678220 479
1678230 479
1678240 479
1678250 478
1678260 478
1678270 478
1678280 476
1678290 476
1678300 476
1678310 476
1678320 476
1678330 476
1678340 476
1678350 476
1678360 476
1678370 475
1678380 475
1678390 475
1678400 474
1678410 474
1678420 474
1678430 475
1678440 475
1678450 475
1678460 474
1678470 473
1678480 473
1678490 473
1678500 473
1678510 473
1678520 473
1678530 473
1678540 473
1678550 472
1678560 472
1678570 472
1678580 472
1678590 471
1678600 471
1678610 471
1678620 471
1678630 470
1678640 470
1678650 470
1678660 470
1678670 470
1678680 470
1678690 470
1678700 470
1678710 470
1678720 469
1678730 469
1678740 469
1678750 469
1678760 469
1678770 469
1678780 469
1678790 469
1678800 469
1678810 469
1678820 467
1678830 467
1678840 469
1678850 469
1678860 469
1678870 469
1678880 469
1678890 469
1678900 469
1678910 469
1678920 469
1678930 469
1678940 469
1678950 469
1678960 469
1678970 470
1678980 470
1678990 471
1679000 472
1679010 472
1679020 472
1679030 473
1679040 474
1679050 474
1679060 474
1679070 474
1679080 474
1679090 474
1679100 474
1679110 474
1679120 474
1679130 474
1679140 474
1679150 474
1679160 473
1679170 473
1679180 473
1679190 472
1679200 472
1679210 471
1679220 470
1679230 470
1679240 470
1679250 469
1679260 468
1679270 468
1679280 466
1679290 465
1679300 465
1679310 465
1679320 465
1679330 465
1679340 465
1679350 464
1679360 464
1679370 465
1679380 464
1679390 464
1679400 464
1679410 464
1679420 464
1679430 463
1679440 464
1679450 465
1679460 465
1679470 465
1679480 466
1679490 466
1679500 466
1679510 467
1679520 467
1679530 468
1679540 469
1679550 469
1679560 469
1679570 470
1679580 470
1679590 471
1679600 471
1679610 471
1679620 472
1679630 473
1679640 473
1679650 474
1679660 476
1679670 479
1679680 479
1679690 480
1679700 481
1679710 481
1679720 482
1679730 483
1679740 483
1679750 484
1679760 486
1679770 486
1679780 486
1679790 487
1679800 487
1679810 490
1679820 491
1679830 491
1679840 489
1679850 489
1679860 489
1679870 489
1679880 488
1679890 488
1679900 488
1679910 487
1679920 487
1679930 487
1679940 486
1679950 485
1679960 485
1679970 485
1679980 485
1679990 485
