1660000 1085
1660010 1083
1660020 1081
1660030 1081
1660040 1079
1660050 1078
1660060 1078
1660070 1078
1660080 1080
1660090 1080
1660100 1082
1660110 1084
1660120 1084
1660130 1089
1660140 1094
1660150 1099
1660160 1099
1660170 1102
1660180 1106
1660190 1106
1660200 1109
1660210 1112
1660220 1112
1660230 1113
1660240 1114
1660250 1114
1660260 1114
1660270 1116
1660280 1116
1660290 1116
1660300 1117
1660310 1117
1660320 1117
1660330 1115
1660340 1115
1660350 1113
1660360 1110
1660370 1108
1660380 1108
1660390 1104
1660400 1102
1660410 1102
1660420 1101
1660430 1100
1660440 1100
1660450 1100
1660460 1100
1660470 1100
1660480 1098
1660490 1095
1660500 1095
1660510 1094
1660520 1092
1660530 1092
1660540 1092
1660550 1089
1660560 1089
1660570 1086
1660580 1084
1660590 1083
1660600 1083
1660610 1082
1660620 1079
1660630 1079
1660640 1076
1660650 1071
1660660 1071
1660670 1067
1660680 1063
1660690 1063
1660700 1060
1660710 1056
1660720 1056
1660730 1050
1660740 1043
1660750 1043
1660760 1038
1660770 1038
1660780 1040
1660790 1040
1660800 1042
1660810 1046
1660820 1046
1660830 1050
1660840 1054
1660850 1054
1660860 1058
1660870 1062
1660880 1062
1660890 1066
1660900 1069
1660910 1069
1660920 1073
1660930 1076
1660940 1076
1660950 1078
1660960 1080
1660970 1080
1660980 1083
1660990 1084
1661000 1084
1661010 1084
1661020 1084
1661030 1084
1661040 1084
1661050 1083
1661060 1082
1661070 1082
1661080 1080
1661090 1078
1661100 1078
1661110 1075
1661120 1072
1661130 1072
1661140 1069
1661150 1065
1661160 1065
1661170 1061
1661180 1056
1661190 1056
1661200 1050
1661210 1045
1661220 1040
1661230 1040
1661240 1035
1661250 1031
1661260 1031
1661270 1024
1661280 1022
1661290 1022
1661300 1018
1661310 1021
1661320 1021
1661330 1023
1661340 1024
1661350 1024
1661360 1025
1661370 1026
1661380 1026
1661390 1028
1661400 1031
1661410 1031
1661420 1034
1661430 1038
1661440 1042
1661450 1042
1661460 1046
1661470 1051
1661480 1051
1661490 1054
1661500 1059
1661510 1059
1661520 1064
1661530 1067
1661540 1067
1661550 1071
1661560 1073
1661570 1073
1661580 1076
1661590 1080
1661600 1080
1661610 1084
1661620 1087
1661630 1093
1661640 1093
1661650 1096
1661660 1100
1661670 1100
1661680 1104
1661690 1107
1661700 1107
1661710 1110
1661720 1113
1661730 1113
1661740 1117
1661750 1122
1661760 1122
1661770 1126
1661780 1131
1661790 1131
1661800 1136
1661810 1142
1661820 1142
1661830 1148
1661840 1154
1661850 1159
1661860 1159
1661870 1165
1661880 1171
1661890 1171
1661900 1177
1661910 1183
1661920 1183
1661930 1189
1661940 1194
1661950 1194
1661960 1198
1661970 1204
1661980 1204
1661990 1205
1662000 1206
1662010 1206
1662020 1214
1662030 1219
1662040 1219
1662050 1224
1662060 1228
1662070 1232
1662080 1232
1662090 1236
1662100 1238
1662110 1238
1662120 1241
1662130 1245
1662140 1245
1662150 1250
1662160 1253
1662170 1253
1662180 1258
1662190 1261
1662200 1261
1662210 1265
1662220 1268
1662230 1268
1662240 1271
1662250 1274
1662260 1274
1662270 1277
1662280 1280
1662290 1284
1662300 1284
1662310 1286
1662320 1287
1662330 1287
1662340 1288
1662350 1289
1662360 1289
1662370 1289
1662380 1290
1662390 1290
1662400 1291
1662410 1292
1662420 1292
1662430 1292
1662440 1294
1662450 1294
1662460 1295
1662470 1301
1662480 1305
1662490 1305
1662500 1307
1662510 1309
1662520 1309
1662530 1309
1662540 1307
1662550 1307
1662560 1305
1662570 1302
1662580 1302
1662590 1303
1662600 1307
1662610 1307
1662620 1313
1662630 1310
1662640 1310
1662650 1312
1662660 1315
1662670 1315
1662680 1319
1662690 1317
1662700 1319
1662710 1319
1662720 1320
1662730 1321
1662740 1321
1662750 1321
1662760 1321
1662770 1321
1662780 1323
1662790 1324
1662800 1324
1662810 1325
1662820 1328
1662830 1328
1662840 1331
1662850 1334
1662860 1334
1662870 1337
1662880 1341
1662890 1341
1662900 1345
1662910 1348
1662920 1351
1662930 1351
1662940 1355
1662950 1359
1662960 1359
1662970 1366
1662980 1363
1662990 1363
1663000 1362
1663010 1363
1663020 1363
1663030 1364
1663040 1364
1663050 1364
1663060 1363
1663070 1362
1663080 1362
1663090 1361
1663100 1362
1663110 1362
1663120 1361
1663130 1362
1663140 1361
1663150 1361
1663160 1360
1663170 1360
1663180 1360
1663190 1360
1663200 1359
1663210 1359
1663220 1355
1663230 1352
1663240 1352
1663250 1350
1663260 1348
1663270 1348
1663280 1347
1663290 1345
1663300 1345
1663310 1343
1663320 1341
1663330 1340
1663340 1340
1663350 1341
1663360 1342
1663370 1342
1663380 1344
1663390 1345
1663400 1345
1663410 1348
1663420 1349
1663430 1349
1663440 1349
1663450 1350
1663460 1350
1663470 1351
1663480 1352
1663490 1352
1663500 1352
1663510 1354
1663520 1354
1663530 1356
1663540 1356
1663550 1357
1663560 1357
1663570 1360
1663580 1362
1663590 1362
1663600 1363
1663610 1365
1663620 1365
1663630 1367
1663640 1369
1663650 1369
1663660 1370
1663670 1370
1663680 1370
1663690 1371
1663700 1371
1663710 1371
1663720 1372
1663730 1372
1663740 1372
1663750 1374
1663760 1374
1663770 1374
1663780 1374
1663790 1373
1663800 1373
1663810 1373
1663820 1374
1663830 1371
1663840 1371
1663850 1370
1663860 1368
1663870 1368
1663880 1366
1663890 1365
1663900 1365
1663910 1364
1663920 1364
1663930 1364
1663940 1362
1663950 1358
1663960 1358
1663970 1354
1663980 1353
1663990 1351
1664000 1351
1664010 1349
1664020 1347
1664030 1347
1664040 1344
1664050 1341
1664060 1341
1664070 1338
1664080 1334
1664090 1334
1664100 1332
1664110 1329
1664120 1329
1664130 1327
1664140 1325
1664150 1325
1664160 1323
1664170 1321
1664180 1319
1664190 1319
1664200 1317
1664210 1315
1664220 1315
1664230 1313
1664240 1311
1664250 1311
1664260 1309
1664270 1306
1664280 1306
1664290 1304
1664300 1304
1664310 1304
1664320 1302
1664330 1301
1664340 1301
1664350 1299
1664360 1298
1664370 1298
1664380 1296
1664390 1294
1664400 1293
1664410 1293
1664420 1292
1664430 1290
1664440 1290
1664450 1288
1664460 1287
1664470 1287
1664480 1284
1664490 1278
1664500 1278
1664510 1274
1664520 1269
1664530 1269
1664540 1265
1664550 1262
1664560 1262
1664570 1260
1664580 1257
1664590 1257
1664600 1254
1664610 1251
1664620 1247
1664630 1247
1664640 1244
1664650 1241
1664660 1241
1664670 1236
1664680 1232
1664690 1232
1664700 1228
1664710 1225
1664720 1225
1664730 1222
1664740 1220
1664750 1220
1664760 1218
1664770 1215
1664780 1215
1664790 1213
1664800 1210
1664810 1210
1664820 1207
1664830 1203
1664840 1199
1664850 1199
1664860 1195
1664870 1192
1664880 1192
1664890 1189
1664900 1188
1664910 1188
1664920 1184
1664930 1182
1664940 1182
1664950 1180
1664960 1178
1664970 1178
1664980 1175
1664990 1174
1665000 1174
1665010 1171
1665020 1168
1665030 1166
1665040 1166
1665050 1163
1665060 1161
1665070 1161
1665080 1159
1665090 1158
1665100 1158
1665110 1155
1665120 1153
1665130 1153
1665140 1152
1665150 1152
1665160 1152
1665170 1151
1665180 1150
1665190 1150
1665200 1149
1665210 1148
1665220 1148
1665230 1147
1665240 1146
1665250 1145
1665260 1145
1665270 1143
1665280 1141
1665290 1141
1665300 1140
1665310 1139
1665320 1139
1665330 1137
1665340 1136
1665350 1136
1665360 1134
1665370 1132
1665380 1132
1665390 1130
1665400 1128
1665410 1128
1665420 1127
1665430 1126
1665440 1126
1665450 1124
1665460 1122
1665470 1120
1665480 1120
1665490 1118
1665500 1116
1665510 1116
1665520 1114
1665530 1112
1665540 1112
1665550 1110
1665560 1108
1665570 1108
1665580 1106
1665590 1104
1665600 1104
1665610 1103
1665620 1101
1665630 1101
1665640 1100
1665650 1099
1665660 1099
1665670 1097
1665680 1094
1665690 1093
1665700 1093
1665710 1092
1665720 1090
1665730 1090
1665740 1088
1665750 1085
1665760 1085
1665770 1082
1665780 1080
1665790 1080
1665800 1077
1665810 1075
1665820 1075
1665830 1072
1665840 1069
1665850 1069
1665860 1066
1665870 1063
1665880 1058
1665890 1058
1665900 1054
1665910 1050
1665920 1050
1665930 1047
1665940 1043
1665950 1043
1665960 1038
1665970 1036
1665980 1036
1665990 1033
1666000 1030
1666010 1030
1666020 1028
1666030 1025
1666040 1025
1666050 1021
1666060 1019
1666070 1019
1666080 1017
1666090 1015
1666100 1014
1666110 1014
1666120 1011
1666130 1009
1666140 1009
1666150 1006
1666160 1004
1666170 1004
1666180 1002
1666190 1000
1666200 1000
1666210 998
1666220 998
1666230 998
1666240 997
1666250 997
1666260 997
1666270 995
1666280 995
1666290 995
1666300 995
1666310 994
1666320 994
1666330 994
1666340 994
1666350 995
1666360 995
1666370 995
1666380 997
1666390 997
1666400 1001
1666410 1005
1666420 1005
1666430 1007
1666440 1008
1666450 1008
1666460 1008
1666470 1008
1666480 1008
1666490 1008
1666500 1008
1666510 1008
1666520 1007
1666530 1006
1666540 1004
1666550 1004
1666560 1003
1666570 1001
1666580 1001
1666590 999
1666600 998
1666610 998
1666620 997
1666630 996
1666640 996
1666650 994
1666660 991
1666670 991
1666680 988
1666690 986
1666700 986
1666710 983
1666720 981
1666730 978
1666740 978
1666750 976
1666760 973
1666770 973
1666780 970
1666790 967
1666800 967
1666810 965
1666820 963
1666830 963
1666840 961
1666850 959
1666860 959
1666870 956
1666880 953
1666890 953
1666900 950
1666910 947
1666920 947
1666930 943
1666940 940
1666950 937
1666960 937
1666970 935
1666980 929
1666990 929
1667000 926
1667010 921
1667020 921
1667030 917
1667040 914
1667050 914
1667060 911
1667070 907
1667080 907
1667090 902
1667100 898
1667110 898
1667120 896
1667130 893
1667140 893
1667150 889
1667160 887
1667170 886
1667180 886
1667190 885
1667200 885
1667210 885
1667220 890
1667230 883
1667240 883
1667250 879
1667260 875
1667270 875
1667280 871
1667290 872
1667300 872
1667310 874
1667320 878
1667330 878
1667340 881
1667350 885
1667360 885
1667370 889
1667380 893
1667390 902
1667400 902
1667410 904
1667420 906
1667430 906
1667440 911
1667450 915
1667460 915
1667470 921
1667480 926
1667490 926
1667500 929
1667510 932
1667520 932
1667530 935
1667540 939
1667550 939
1667560 942
1667570 944
1667580 948
1667590 948
1667600 950
1667610 954
1667620 954
1667630 956
1667640 958
1667650 958
1667660 959
1667670 960
1667680 960
1667690 961
1667700 962
1667710 962
1667720 963
1667730 964
1667740 964
1667750 965
1667760 966
1667770 966
1667780 967
1667790 969
1667800 969
1667810 969
1667820 970
1667830 972
1667840 972
1667850 973
1667860 975
1667870 975
1667880 976
1667890 978
1667900 978
1667910 979
1667920 980
1667930 980
1667940 980
1667950 981
1667960 981
1667970 982
1667980 980
1667990 980
1668000 978
1668010 978
1668020 979
1668030 979
1668040 980
1668050 981
1668060 981
1668070 982
1668080 984
1668090 984
1668100 985
1668110 987
1668120 987
1668130 990
1668140 993
1668150 993
1668160 993
1668170 995
1668180 995
1668190 996
1668200 997
1668210 997
1668220 998
1668230 998
1668240 996
1668250 996
1668260 996
1668270 995
1668280 995
1668290 994
1668300 995
1668310 995
1668320 994
1668330 992
1668340 992
1668350 992
1668360 991
1668370 991
1668380 991
1668390 991
1668400 991
1668410 989
1668420 984
1668430 979
1668440 979
1668450 975
1668460 972
1668470 972
1668480 968
1668490 966
1668500 966
1668510 963
1668520 961
1668530 961
1668540 959
1668550 957
1668560 957
1668570 954
1668580 951
1668590 951
1668600 947
1668610 943
1668620 943
1668630 940
1668640 937
1668650 935
1668660 935
1668670 933
1668680 931
1668690 931
1668700 928
1668710 926
1668720 926
1668730 924
1668740 921
1668750 921
1668760 919
1668770 916
1668780 916
1668790 914
1668800 911
1668810 911
1668820 907
1668830 904
1668840 904
1668850 901
1668860 898
1668870 896
1668880 896
1668890 893
1668900 889
1668910 889
1668920 885
1668930 880
1668940 880
1668950 877
1668960 876
1668970 876
1668980 874
1668990 873
1669000 873
1669010 871
1669020 869
1669030 869
1669040 867
1669050 866
1669060 866
1669070 863
1669080 861
1669090 864
1669100 864
1669110 867
1669120 869
1669130 869
1669140 871
1669150 874
1669160 874
1669170 878
1669180 880
1669190 880
1669200 882
1669210 887
1669220 887
1669230 890
1669240 893
1669250 893
1669260 896
1669270 898
1669280 901
1669290 901
1669300 904
1669310 905
1669320 905
1669330 907
1669340 909
1669350 909
1669360 911
1669370 914
1669380 914
1669390 916
1669400 917
1669410 917
1669420 919
1669430 921
1669440 921
1669450 922
1669460 924
1669470 924
1669480 925
1669490 926
1669500 927
1669510 927
1669520 927
1669530 927
1669540 927
1669550 928
1669560 928
1669570 928
1669580 927
1669590 926
1669600 926
1669610 924
1669620 923
1669630 923
1669640 921
1669650 920
1669660 920
1669670 918
1669680 916
1669690 916
1669700 915
1669710 914
1669720 912
1669730 912
1669740 910
1669750 908
1669760 908
1669770 907
1669780 905
1669790 905
1669800 903
1669810 901
1669820 901
1669830 900
1669840 899
1669850 899
1669860 894
1669870 892
1669880 892
1669890 890
1669900 889
1669910 889
1669920 888
1669930 886
1669940 884
1669950 884
1669960 882
1669970 880
1669980 880
1669990 878
1670000 876
1670010 876
1670020 873
1670030 870
1670040 870
1670050 867
1670060 864
1670070 864
1670080 861
1670090 856
1670100 856
1670110 854
1670120 852
1670130 849
1670140 849
1670150 844
1670160 841
1670170 841
1670180 837
1670190 832
1670200 832
1670210 827
1670220 822
1670230 822
1670240 815
1670250 812
1670260 812
1670270 808
1670280 805
1670290 805
1670300 801
1670310 798
1670320 798
1670330 794
1670340 792
1670350 789
1670360 789
1670370 785
1670380 781
1670390 781
1670400 774
1670410 773
1670420 773
1670430 776
1670440 779
1670450 779
1670460 785
1670470 791
1670480 791
1670490 795
1670500 799
1670510 799
1670520 803
1670530 807
1670540 807
1670550 813
1670560 816
1670570 820
1670580 820
1670590 823
1670600 826
1670610 826
1670620 829
1670630 832
1670640 832
1670650 835
1670660 837
1670670 837
1670680 839
1670690 840
1670700 840
1670710 841
1670720 842
1670730 842
1670740 841
1670750 840
1670760 840
1670770 840
1670780 841
1670790 843
1670800 843
1670810 846
1670820 848
1670830 848
1670840 850
1670850 852
1670860 852
1670870 854
1670880 855
1670890 855
1670900 856
1670910 856
1670920 856
1670930 856
1670940 857
1670950 857
1670960 857
1670970 859
1670980 859
1670990 859
1671000 856
1671010 852
1671020 852
1671030 855
1671040 856
1671050 856
1671060 856
1671070 857
1671080 857
1671090 857
1671100 857
1671110 857
1671120 858
1671130 858
1671140 858
1671150 860
1671160 862
1671170 862
1671180 865
1671190 866
1671200 868
1671210 868
1671220 869
1671230 871
1671240 871
1671250 872
1671260 874
1671270 874
1671280 876
1671290 877
1671300 877
1671310 878
1671320 878
1671330 878
1671340 879
1671350 880
1671360 880
1671370 881
1671380 883
1671390 883
1671400 883
1671410 884
1671420 884
1671430 884
1671440 884
1671450 884
1671460 884
1671470 884
1671480 885
1671490 885
1671500 885
1671510 887
1671520 887
1671530 887
1671540 886
1671550 886
1671560 886
1671570 885
1671580 885
1671590 884
1671600 883
1671610 883
1671620 881
1671630 880
1671640 878
1671650 878
1671660 876
1671670 874
1671680 874
1671690 872
1671700 870
1671710 870
1671720 868
1671730 866
1671740 866
1671750 865
1671760 863
1671770 863
1671780 861
1671790 858
1671800 858
1671810 856
1671820 853
1671830 851
1671840 851
1671850 850
1671860 846
1671870 846
1671880 845
1671890 843
1671900 843
1671910 841
1671920 840
1671930 840
1671940 838
1671950 837
1671960 837
1671970 836
1671980 834
1671990 834
1672000 834
1672010 833
1672020 833
1672030 830
1672040 827
1672050 826
1672060 826
1672070 826
1672080 824
1672090 824
1672100 822
1672110 819
1672120 819
1672130 814
1672140 809
1672150 809
1672160 804
1672170 799
1672180 799
1672190 796
1672200 793
1672210 793
1672220 790
1672230 785
1672240 785
1672250 781
1672260 777
1672270 774
1672280 774
1672290 771
1672300 768
1672310 768
1672320 765
1672330 762
1672340 762
1672350 759
1672360 756
1672370 756
1672380 753
1672390 750
1672400 750
1672410 746
1672420 745
1672430 745
1672440 745
1672450 744
1672460 744
1672470 743
1672480 742
1672490 740
1672500 740
1672510 739
1672520 737
1672530 737
1672540 736
1672550 734
1672560 734
1672570 733
1672580 731
1672590 731
1672600 729
1672610 728
1672620 728
1672630 726
1672640 724
1672650 724
1672660 722
1672670 719
1672680 715
1672690 715
1672700 713
1672710 711
1672720 711
1672730 708
1672740 707
1672750 707
1672760 704
1672770 701
1672780 701
1672790 700
1672800 699
1672810 699
1672820 698
1672830 698
1672840 698
1672850 698
1672860 696
1672870 696
1672880 695
1672890 694
1672900 693
1672910 693
1672920 692
1672930 691
1672940 691
1672950 689
1672960 687
1672970 687
1672980 686
1672990 686
1673000 686
1673010 685
1673020 684
1673030 684
1673040 682
1673050 681
1673060 681
1673070 680
1673080 680
1673090 680
1673100 679
1673110 679
1673120 679
1673130 679
1673140 677
1673150 680
1673160 680
1673170 680
1673180 681
1673190 681
1673200 682
1673210 681
1673220 681
1673230 680
1673240 678
1673250 678
1673260 675
1673270 669
1673280 669
1673290 673
1673300 672
1673310 672
1673320 671
1673330 669
1673340 666
1673350 666
1673360 665
1673370 664
1673380 664
1673390 663
1673400 664
1673410 664
1673420 662
1673430 662
1673440 662
1673450 661
1673460 660
1673470 660
1673480 659
1673490 658
1673500 658
1673510 657
1673520 656
1673530 657
1673540 657
1673550 657
1673560 658
1673570 658
1673580 659
1673590 659
1673600 659
1673610 659
1673620 660
1673630 660
1673640 660
1673650 662
1673660 662
1673670 663
1673680 664
1673690 664
1673700 666
1673710 668
1673720 668
1673730 671
1673740 673
1673750 676
1673760 676
1673770 679
1673780 683
1673790 683
1673800 686
1673810 690
1673820 690
1673830 695
1673840 699
1673850 699
1673860 702
1673870 705
1673880 705
1673890 705
1673900 707
1673910 707
1673920 708
1673930 708
1673940 708
1673950 707
1673960 706
1673970 705
1673980 705
1673990 704
1674000 701
1674010 701
1674020 699
1674030 697
1674040 697
1674050 694
1674060 692
1674070 692
1674080 688
1674090 687
1674100 687
1674110 684
1674120 681
1674130 681
1674140 678
1674150 675
1674160 675
1674170 672
1674180 669
1674190 668
1674200 668
1674210 665
1674220 663
1674230 663
1674240 661
1674250 659
1674260 659
1674270 657
1674280 656
1674290 656
1674300 654
1674310 653
1674320 653
1674330 652
1674340 650
1674350 650
1674360 649
1674370 646
1674380 643
1674390 643
1674400 640
1674410 636
1674420 636
1674430 633
1674440 630
1674450 630
1674460 627
1674470 624
1674480 624
1674490 621
1674500 619
1674510 619
1674520 617
1674530 615
1674540 615
1674550 612
1674560 609
1674570 609
1674580 606
1674590 603
1674600 600
1674610 600
1674620 598
1674630 595
1674640 595
1674650 592
1674660 588
1674670 588
1674680 585
1674690 580
1674700 580
1674710 576
1674720 571
1674730 571
1674740 568
1674750 566
1674760 566
1674770 564
1674780 562
1674790 562
1674800 561
1674810 559
1674820 559
1674830 559
1674840 558
1674850 559
1674860 559
1674870 558
1674880 558
1674890 558
1674900 559
1674910 561
1674920 561
1674930 562
1674940 564
1674950 564
1674960 566
1674970 570
1674980 570
1674990 576
1675000 581
1675010 581
1675020 587
1675030 593
1675040 594
1675050 594
1675060 598
1675070 601
1675080 601
1675090 604
1675100 607
1675110 607
1675120 609
1675130 610
1675140 610
1675150 611
1675160 612
1675170 612
1675180 614
1675190 615
1675200 615
1675210 615
1675220 615
1675230 614
1675240 614
1675250 614
1675260 612
1675270 612
1675280 610
1675290 608
1675300 608
1675310 607
1675320 607
1675330 607
1675340 607
1675350 607
1675360 607
1675370 607
1675380 607
1675390 607
1675400 607
1675410 605
1675420 605
1675430 604
1675440 602
1675450 601
1675460 601
1675470 599
1675480 597
1675490 597
1675500 595
1675510 593
1675520 593
1675530 591
1675540 589
1675550 589
1675560 588
1675570 587
1675580 587
1675590 587
1675600 586
1675610 586
1675620 585
1675630 584
1675640 584
1675650 583
1675660 582
1675670 581
1675680 581
1675690 581
1675700 580
1675710 580
1675720 580
1675730 579
1675740 579
1675750 579
1675760 579
1675770 579
1675780 580
1675790 580
1675800 580
1675810 580
1675820 579
1675830 579
1675840 579
1675850 578
1675860 578
1675870 578
1675880 578
1675890 578
1675900 578
1675910 577
1675920 577
1675930 577
1675940 576
1675950 575
1675960 575
1675970 573
1675980 571
1675990 571
1676000 569
1676010 568
1676020 568
1676030 565
1676040 563
1676050 563
1676060 561
1676070 559
1676080 557
1676090 557
1676100 555
1676110 553
1676120 553
1676130 550
1676140 547
1676150 547
1676160 543
1676170 540
1676180 540
1676190 538
1676200 535
1676210 535
1676220 534
1676230 533
1676240 533
1676250 533
1676260 532
1676270 532
1676280 531
1676290 530
1676300 529
1676310 529
1676320 528
1676330 528
1676340 528
1676350 527
1676360 526
1676370 526
1676380 525
1676390 524
1676400 524
1676410 523
1676420 522
1676430 522
1676440 521
1676450 520
1676460 520
1676470 519
1676480 518
1676490 518
1676500 517
1676510 517
1676520 516
1676530 516
1676540 516
1676550 516
1676560 516
1676570 515
1676580 515
1676590 515
1676600 514
1676610 514
1676620 514
1676630 513
1676640 512
1676650 512
1676660 511
1676670 510
1676680 510
1676690 509
1676700 509
1676710 509
1676720 508
1676730 506
1676740 505
1676750 505
1676760 504
1676770 502
1676780 502
1676790 501
1676800 500
1676810 500
1676820 499
1676830 499
1676840 499
1676850 497
1676860 496
1676870 496
1676880 495
1676890 493
1676900 493
1676910 492
1676920 491
1676930 491
1676940 491
1676950 491
1676960 490
1676970 490
1676980 491
1676990 491
1677000 491
1677010 491
1677020 491
1677030 491
1677040 491
1677050 492
1677060 492
1677070 493
1677080 494
1677090 494
1677100 494
1677110 495
1677120 495
1677130 495
1677140 496
1677150 496
1677160 496
1677170 496
1677180 497
1677190 497
1677200 497
1677210 497
1677220 497
1677230 497
1677240 497
1677250 497
1677260 496
1677270 496
1677280 496
1677290 496
1677300 496
1677310 496
1677320 495
1677330 494
1677340 494
1677350 494
1677360 494
1677370 493
1677380 493
1677390 492
1677400 491
1677410 491
1677420 489
1677430 487
1677440 487
1677450 487
1677460 486
1677470 486
1677480 484
1677490 483
1677500 483
1677510 482
1677520 480
1677530 480
1677540 480
1677550 479
1677560 479
1677570 478
1677580 478
1677590 477
1677600 477
1677610 477
1677620 477
1677630 477
1677640 477
1677650 477
1677660 477
1677670 477
1677680 477
1677690 477
1677700 477
1677710 478
1677720 478
1677730 477
1677740 477
1677750 477
1677760 477
1677770 478
1677780 478
1677790 478
1677800 478
1677810 478
1677820 478
1677830 477
1677840 478
1677850 478
1677860 477
1677870 477
1677880 477
1677890 477
1677900 477
1677910 477
1677920 477
1677930 477
1677940 477
1677950 477
1677960 477
1677970 477
1677980 476
1677990 476
1678000 477
1678010 477
1678020 477
1678030 477
1678040 477
1678050 477
1678060 477
1678070 477
1678080 477
1678090 477
1678100 477
1678110 477
1678120 477
1678130 477
1678140 476
1678150 476
1678160 476
1678170 475
1678180 475
1678190 475
1678200 474
1678210 474
1678220 473
1678230 473
1678240 472
1678250 472
1678260 472
1678270 471
1678280 471
1678290 471
1678300 471
1678310 471
1678320 471
1678330 470
1678340 470
1678350 470
1678360 470
1678370 470
1678380 470
1678390 470
1678400 470
1678410 470
1678420 470
1678430 468
1678440 469
1678450 469
1678460 469
1678470 470
1678480 470
1678490 469
1678500 470
1678510 470
1678520 470
1678530 470
1678540 470
1678550 470
1678560 471
1678570 471
1678580 471
1678590 472
1678600 472
1678610 473
1678620 473
1678630 473
1678640 474
1678650 474
1678660 475
1678670 475
1678680 475
1678690 476
1678700 476
1678710 476
1678720 476
1678730 476
1678740 477
1678750 477
1678760 477
1678770 477
1678780 478
1678790 478
1678800 478
1678810 478
1678820 478
1678830 479
1678840 479
1678850 480
1678860 480
1678870 480
1678880 481
1678890 481
1678900 481
1678910 481
1678920 481
1678930 482
1678940 482
1678950 482
1678960 483
1678970 483
1678980 483
1678990 484
1679000 484
1679010 484
1679020 484
1679030 485
1679040 485
1679050 486
1679060 486
1679070 487
1679080 487
1679090 487
1679100 488
1679110 488
1679120 489
1679130 490
1679140 490
1679150 490
1679160 491
1679170 491
1679180 492
1679190 493
1679200 493
1679210 495
1679220 496
1679230 496
1679240 497
1679250 498
1679260 498
1679270 500
1679280 501
1679290 504
1679300 504
1679310 506
1679320 506
1679330 506
1679340 509
1679350 509
1679360 509
1679370 514
1679380 517
1679390 517
1679400 520
1679410 522
1679420 522
1679430 524
1679440 525
1679450 525
1679460 527
1679470 528
1679480 528
1679490 530
1679500 529
1679510 525
1679520 525
1679530 521
1679540 517
1679550 517
1679560 515
1679570 513
1679580 513
1679590 511
1679600 509
1679610 509
1679620 510
1679630 512
1679640 512
1679650 515
1679660 517
1679670 517
1679680 517
1679690 519
1679700 520
1679710 520
1679720 521
1679730 520
1679740 520
1679750 521
1679760 521
1679770 521
1679780 521
1679790 520
1679800 520
1679810 519
1679820 519
1679830 519
1679840 519
1679850 519
1679860 519
1679870 519
1679880 519
1679890 519
1679900 521
1679910 522
1679920 523
1679930 523
1679940 525
1679950 526
1679960 526
1679970 527
1679980 528
1679990 528
