1660000 1640
1660010 1640
1660020 1640
1660030 1640
1660040 1640
1660050 1641
1660060 1642
1660070 1642
1660080 1642
1660090 1643
1660100 1643
1660110 1644
1660120 1645
1660130 1645
1660140 1645
1660150 1645
1660160 1645
1660170 1645
1660180 1646
1660190 1646
1660200 1645
1660210 1645
1660220 1643
1660230 1643
1660240 1641
1660250 1638
1660260 1638
1660270 1636
1660280 1634
1660290 1634
1660300 1632
1660310 1630
1660320 1630
1660330 1628
1660340 1626
1660350 1626
1660360 1624
1660370 1622
1660380 1622
1660390 1620
1660400 1618
1660410 1613
1660420 1613
1660430 1609
1660440 1606
1660450 1606
1660460 1600
1660470 1596
1660480 1596
1660490 1591
1660500 1586
1660510 1586
1660520 1582
1660530 1577
1660540 1577
1660550 1572
1660560 1568
1660570 1568
1660580 1564
1660590 1560
1660600 1560
1660610 1557
1660620 1554
1660630 1551
1660640 1551
1660650 1547
1660660 1544
1660670 1544
1660680 1542
1660690 1540
1660700 1540
1660710 1538
1660720 1539
1660730 1539
1660740 1541
1660750 1542
1660760 1542
1660770 1542
1660780 1543
1660790 1543
1660800 1543
1660810 1543
1660820 1543
1660830 1544
1660840 1544
1660850 1544
1660860 1544
1660870 1543
1660880 1543
1660890 1543
1660900 1542
1660910 1541
1660920 1541
1660930 1540
1660940 1539
1660950 1539
1660960 1539
1660970 1538
1660980 1538
1660990 1538
1661000 1537
1661010 1537
1661020 1537
1661030 1537
1661040 1537
1661050 1538
1661060 1538
1661070 1539
1661080 1539
1661090 1539
1661100 1539
1661110 1539
1661120 1540
1661130 1540
1661140 1540
1661150 1538
1661160 1535
1661170 1535
1661180 1533
1661190 1530
1661200 1530
1661210 1528
1661220 1527
1661230 1527
1661240 1526
1661250 1523
1661260 1523
1661270 1522
1661280 1520
1661290 1519
1661300 1519
1661310 1516
1661320 1516
1661330 1516
1661340 1515
1661350 1515
1661360 1515
1661370 1515
1661380 1513
1661390 1513
1661400 1510
1661410 1508
1661420 1508
1661430 1504
1661440 1502
1661450 1502
1661460 1499
1661470 1497
1661480 1497
1661490 1494
1661500 1491
1661510 1489
1661520 1489
1661530 1486
1661540 1483
1661550 1483
1661560 1480
1661570 1477
1661580 1477
1661590 1474
1661600 1470
1661610 1470
1661620 1467
1661630 1463
1661640 1463
1661650 1459
1661660 1455
1661670 1455
1661680 1451
1661690 1447
1661700 1447
1661710 1443
1661720 1439
1661730 1436
1661740 1436
1661750 1431
1661760 1426
1661770 1426
1661780 1422
1661790 1417
1661800 1417
1661810 1413
1661820 1409
1661830 1409
1661840 1405
1661850 1401
1661860 1401
1661870 1397
1661880 1393
1661890 1393
1661900 1390
1661910 1388
1661920 1388
1661930 1388
1661940 1387
1661950 1384
1661960 1384
1661970 1380
1661980 1376
1661990 1376
1662000 1372
1662010 1368
1662020 1368
1662030 1373
1662040 1376
1662050 1376
1662060 1380
1662070 1385
1662080 1385
1662090 1389
1662100 1392
1662110 1392
1662120 1396
1662130 1399
1662140 1403
1662150 1403
1662160 1406
1662170 1409
1662180 1409
1662190 1413
1662200 1416
1662210 1416
1662220 1420
1662230 1424
1662240 1424
1662250 1428
1662260 1432
1662270 1432
1662280 1435
1662290 1439
1662300 1439
1662310 1441
1662320 1445
1662330 1445
1662340 1449
1662350 1452
1662360 1454
1662370 1454
1662380 1458
1662390 1461
1662400 1461
1662410 1464
1662420 1467
1662430 1467
1662440 1471
1662450 1474
1662460 1474
1662470 1477
1662480 1480
1662490 1480
1662500 1483
1662510 1484
1662520 1484
1662530 1485
1662540 1487
1662550 1487
1662560 1488
1662570 1488
1662580 1487
1662590 1487
1662600 1486
1662610 1486
1662620 1486
1662630 1485
1662640 1485
1662650 1485
1662660 1484
1662670 1482
1662680 1482
1662690 1479
1662700 1476
1662710 1476
1662720 1472
1662730 1469
1662740 1469
1662750 1466
1662760 1463
1662770 1463
1662780 1461
1662790 1457
1662800 1453
1662810 1453
1662820 1449
1662830 1446
1662840 1446
1662850 1443
1662860 1439
1662870 1439
1662880 1436
1662890 1433
1662900 1433
1662910 1431
1662920 1428
1662930 1428
1662940 1425
1662950 1423
1662960 1423
1662970 1421
1662980 1419
1662990 1419
1663000 1417
1663010 1415
1663020 1413
1663030 1413
1663040 1411
1663050 1408
1663060 1408
1663070 1406
1663080 1404
1663090 1404
1663100 1402
1663110 1399
1663120 1399
1663130 1398
1663140 1395
1663150 1395
1663160 1392
1663170 1390
1663180 1390
1663190 1389
1663200 1387
1663210 1387
1663220 1385
1663230 1383
1663240 1381
1663250 1381
1663260 1376
1663270 1372
1663280 1372
1663290 1369
1663300 1365
1663310 1365
1663320 1362
1663330 1359
1663340 1359
1663350 1360
1663360 1360
1663370 1360
1663380 1360
1663390 1361
1663400 1361
1663410 1361
1663420 1361
1663430 1361
1663440 1360
1663450 1361
1663460 1361
1663470 1361
1663480 1361
1663490 1362
1663500 1362
1663510 1363
1663520 1363
1663530 1363
1663540 1363
1663550 1363
1663560 1363
1663570 1363
1663580 1362
1663590 1362
1663600 1362
1663610 1362
1663620 1362
1663630 1362
1663640 1361
1663650 1361
1663660 1360
1663670 1359
1663680 1359
1663690 1359
1663700 1359
1663710 1358
1663720 1358
1663730 1356
1663740 1354
1663750 1354
1663760 1351
1663770 1350
1663780 1350
1663790 1348
1663800 1346
1663810 1346
1663820 1344
1663830 1341
1663840 1341
1663850 1338
1663860 1334
1663870 1331
1663880 1331
1663890 1328
1663900 1326
1663910 1326
1663920 1323
1663930 1321
1663940 1321
1663950 1316
1663960 1312
1663970 1312
1663980 1309
1663990 1308
1664000 1308
1664010 1310
1664020 1311
1664030 1311
1664040 1314
1664050 1315
1664060 1315
1664070 1318
1664080 1320
1664090 1322
1664100 1322
1664110 1324
1664120 1326
1664130 1326
1664140 1327
1664150 1327
1664160 1327
1664170 1327
1664180 1328
1664190 1328
1664200 1329
1664210 1330
1664220 1330
1664230 1331
1664240 1332
1664250 1332
1664260 1331
1664270 1330
1664280 1330
1664290 1330
1664300 1329
1664310 1327
1664320 1327
1664330 1324
1664340 1319
1664350 1319
1664360 1315
1664370 1311
1664380 1311
1664390 1306
1664400 1303
1664410 1303
1664420 1300
1664430 1298
1664440 1298
1664450 1295
1664460 1291
1664470 1291
1664480 1286
1664490 1282
1664500 1282
1664510 1279
1664520 1277
1664530 1275
1664540 1275
1664550 1273
1664560 1271
1664570 1271
1664580 1272
1664590 1272
1664600 1272
1664610 1274
1664620 1276
1664630 1276
1664640 1276
1664650 1275
1664660 1275
1664670 1275
1664680 1272
1664690 1272
1664700 1269
1664710 1266
1664720 1266
1664730 1265
1664740 1265
1664750 1264
1664760 1264
1664770 1263
1664780 1262
1664790 1262
1664800 1262
1664810 1264
1664820 1264
1664830 1267
1664840 1268
1664850 1268
1664860 1269
1664870 1270
1664880 1270
1664890 1270
1664900 1270
1664910 1270
1664920 1271
1664930 1272
1664940 1272
1664950 1275
1664960 1275
1664970 1276
1664980 1276
1664990 1277
1665000 1279
1665010 1279
1665020 1282
1665030 1285
1665040 1285
1665050 1287
1665060 1290
1665070 1290
1665080 1292
1665090 1294
1665100 1294
1665110 1295
1665120 1297
1665130 1297
1665140 1299
1665150 1301
1665160 1301
1665170 1302
1665180 1303
1665190 1305
1665200 1305
1665210 1307
1665220 1309
1665230 1309
1665240 1311
1665250 1311
1665260 1311
1665270 1311
1665280 1312
1665290 1312
1665300 1312
1665310 1312
1665320 1312
1665330 1312
1665340 1312
1665350 1312
1665360 1312
1665370 1313
1665380 1313
1665390 1314
1665400 1315
1665410 1316
1665420 1316
1665430 1315
1665440 1315
1665450 1315
1665460 1315
1665470 1314
1665480 1314
1665490 1313
1665500 1311
1665510 1311
1665520 1309
1665530 1307
1665540 1307
1665550 1306
1665560 1305
1665570 1305
1665580 1302
1665590 1299
1665600 1297
1665610 1297
1665620 1296
1665630 1296
1665640 1296
1665650 1296
1665660 1297
1665670 1297
1665680 1297
1665690 1297
1665700 1297
1665710 1298
1665720 1297
1665730 1297
1665740 1297
1665750 1297
1665760 1297
1665770 1298
1665780 1298
1665790 1298
1665800 1298
1665810 1299
1665820 1301
1665830 1301
1665840 1303
1665850 1305
1665860 1305
1665870 1307
1665880 1309
1665890 1309
1665900 1311
1665910 1313
1665920 1313
1665930 1315
1665940 1316
1665950 1316
1665960 1318
1665970 1318
1665980 1318
1665990 1319
1666000 1318
1666010 1318
1666020 1313
1666030 1310
1666040 1307
1666050 1307
1666060 1304
1666070 1302
1666080 1302
1666090 1301
1666100 1299
1666110 1299
1666120 1297
1666130 1295
1666140 1295
1666150 1293
1666160 1292
1666170 1292
1666180 1290
1666190 1287
1666200 1287
1666210 1285
1666220 1282
1666230 1282
1666240 1279
1666250 1276
1666260 1273
1666270 1273
1666280 1270
1666290 1268
1666300 1268
1666310 1265
1666320 1262
1666330 1262
1666340 1260
1666350 1258
1666360 1258
1666370 1255
1666380 1253
1666390 1253
1666400 1251
1666410 1248
1666420 1248
1666430 1245
1666440 1243
1666450 1243
1666460 1240
1666470 1237
1666480 1236
1666490 1236
1666500 1234
1666510 1232
1666520 1232
1666530 1229
1666540 1228
1666550 1228
1666560 1226
1666570 1224
1666580 1224
1666590 1222
1666600 1220
1666610 1220
1666620 1218
1666630 1216
1666640 1216
1666650 1214
1666660 1211
1666670 1211
1666680 1208
1666690 1206
1666700 1204
1666710 1204
1666720 1202
1666730 1200
1666740 1200
1666750 1199
1666760 1198
1666770 1198
1666780 1196
1666790 1193
1666800 1193
1666810 1192
1666820 1190
1666830 1190
1666840 1188
1666850 1187
1666860 1187
1666870 1185
1666880 1183
1666890 1183
1666900 1180
1666910 1178
1666920 1175
1666930 1175
1666940 1172
1666950 1168
1666960 1168
1666970 1165
1666980 1163
1666990 1163
1667000 1162
1667010 1161
1667020 1161
1667030 1160
1667040 1157
1667050 1157
1667060 1155
1667070 1153
1667080 1153
1667090 1152
1667100 1150
1667110 1148
1667120 1148
1667130 1146
1667140 1144
1667150 1144
1667160 1142
1667170 1140
1667180 1140
1667190 1138
1667200 1136
1667210 1136
1667220 1134
1667230 1131
1667240 1131
1667250 1128
1667260 1125
1667270 1125
1667280 1123
1667290 1120
1667300 1120
1667310 1118
1667320 1116
1667330 1113
1667340 1113
1667350 1111
1667360 1107
1667370 1107
1667380 1103
1667390 1099
1667400 1099
1667410 1095
1667420 1090
1667430 1090
1667440 1085
1667450 1081
1667460 1081
1667470 1076
1667480 1071
1667490 1071
1667500 1066
1667510 1061
1667520 1061
1667530 1056
1667540 1052
1667550 1050
1667560 1050
1667570 1043
1667580 1036
1667590 1036
1667600 1031
1667610 1027
1667620 1027
1667630 1024
1667640 1023
1667650 1023
1667660 1020
1667670 1019
1667680 1019
1667690 1017
1667700 1015
1667710 1015
1667720 1012
1667730 1009
1667740 1009
1667750 1005
1667760 1001
1667770 999
1667780 999
1667790 1001
1667800 1001
1667810 1001
1667820 1001
1667830 1001
1667840 1001
1667850 1001
1667860 1002
1667870 1002
1667880 1003
1667890 1003
1667900 1003
1667910 1004
1667920 1005
1667930 1005
1667940 1006
1667950 1007
1667960 1007
1667970 1006
1667980 1003
1667990 1002
1668000 1002
1668010 1001
1668020 1001
1668030 1001
1668040 1000
1668050 1000
1668060 1000
1668070 1001
1668080 1002
1668090 1002
1668100 1003
1668110 1004
1668120 1004
1668130 1005
1668140 1005
1668150 1005
1668160 1006
1668170 1006
1668180 1006
1668190 1006
1668200 1007
1668210 1007
1668220 1007
1668230 1007
1668240 1008
1668250 1008
1668260 1006
1668270 1006
1668280 1006
1668290 1005
1668300 1004
1668310 1004
1668320 1005
1668330 1006
1668340 1006
1668350 1005
1668360 1005
1668370 1005
1668380 1005
1668390 1004
1668400 1004
1668410 1003
1668420 1005
1668430 1009
1668440 1009
1668450 1006
1668460 1003
1668470 1003
1668480 1001
1668490 1000
1668500 1000
1668510 999
1668520 999
1668530 999
1668540 997
1668550 995
1668560 995
1668570 993
1668580 992
1668590 992
1668600 989
1668610 986
1668620 986
1668630 984
1668640 981
1668650 978
1668660 978
1668670 974
1668680 970
1668690 970
1668700 968
1668710 965
1668720 965
1668730 962
1668740 961
1668750 961
1668760 961
1668770 961
1668780 961
1668790 960
1668800 959
1668810 959
1668820 960
1668830 959
1668840 958
1668850 958
1668860 958
1668870 957
1668880 957
1668890 954
1668900 953
1668910 953
1668920 947
1668930 941
1668940 941
1668950 936
1668960 931
1668970 931
1668980 926
1668990 925
1669000 925
1669010 923
1669020 922
1669030 922
1669040 922
1669050 923
1669060 923
1669070 923
1669080 923
1669090 924
1669100 924
1669110 927
1669120 930
1669130 930
1669140 932
1669150 932
1669160 932
1669170 931
1669180 929
1669190 929
1669200 927
1669210 924
1669220 924
1669230 921
1669240 918
1669250 918
1669260 915
1669270 913
1669280 911
1669290 911
1669300 909
1669310 907
1669320 907
1669330 906
1669340 904
1669350 904
1669360 904
1669370 903
1669380 903
1669390 901
1669400 898
1669410 898
1669420 897
1669430 894
1669440 894
1669450 891
1669460 888
1669470 888
1669480 886
1669490 884
1669500 882
1669510 882
1669520 881
1669530 879
1669540 879
1669550 874
1669560 868
1669570 868
1669580 864
1669590 860
1669600 860
1669610 860
1669620 864
1669630 864
1669640 865
1669650 865
1669660 865
1669670 864
1669680 863
1669690 863
1669700 861
1669710 860
1669720 859
1669730 859
1669740 858
1669750 856
1669760 856
1669770 855
1669780 855
1669790 855
1669800 854
1669810 854
1669820 854
1669830 854
1669840 855
1669850 855
1669860 855
1669870 858
1669880 858
1669890 861
1669900 866
1669910 866
1669920 866
1669930 866
1669940 864
1669950 864
1669960 861
1669970 857
1669980 857
1669990 853
1670000 848
1670010 848
1670020 841
1670030 835
1670040 835
1670050 828
1670060 820
1670070 820
1670080 813
1670090 809
1670100 809
1670110 804
1670120 803
1670130 803
1670140 801
1670150 797
1670160 796
1670170 796
1670180 798
1670190 801
1670200 801
1670210 803
1670220 805
1670230 805
1670240 807
1670250 807
1670260 807
1670270 806
1670280 805
1670290 805
1670300 803
1670310 802
1670320 802
1670330 799
1670340 796
1670350 796
1670360 796
1670370 799
1670380 797
1670390 797
1670400 796
1670410 796
1670420 796
1670430 796
1670440 798
1670450 798
1670460 800
1670470 802
1670480 802
1670490 808
1670500 804
1670510 804
1670520 806
1670530 807
1670540 807
1670550 809
1670560 811
1670570 816
1670580 816
1670590 821
1670600 826
1670610 826
1670620 831
1670630 834
1670640 834
1670650 836
1670660 838
1670670 838
1670680 841
1670690 845
1670700 845
1670710 848
1670720 848
1670730 848
1670740 848
1670750 846
1670760 846
1670770 845
1670780 842
1670790 841
1670800 841
1670810 839
1670820 841
1670830 841
1670840 844
1670850 846
1670860 846
1670870 848
1670880 848
1670890 848
1670900 848
1670910 846
1670920 846
1670930 844
1670940 844
1670950 844
1670960 846
1670970 849
1670980 849
1670990 853
1671000 856
1671010 858
1671020 858
1671030 858
1671040 860
1671050 860
1671060 862
1671070 863
1671080 863
1671090 864
1671100 862
1671110 862
1671120 861
1671130 862
1671140 862
1671150 862
1671160 862
1671170 862
1671180 864
1671190 866
1671200 866
1671210 868
1671220 870
1671230 872
1671240 872
1671250 871
1671260 870
1671270 870
1671280 870
1671290 869
1671300 869
1671310 867
1671320 865
1671330 865
1671340 864
1671350 863
1671360 863
1671370 860
1671380 851
1671390 851
1671400 845
1671410 843
1671420 843
1671430 843
1671440 845
1671450 844
1671460 844
1671470 838
1671480 832
1671490 832
1671500 827
1671510 825
1671520 825
1671530 825
1671540 825
1671550 825
1671560 825
1671570 823
1671580 823
1671590 820
1671600 814
1671610 814
1671620 808
1671630 805
1671640 805
1671650 804
1671660 803
1671670 802
1671680 802
1671690 802
1671700 802
1671710 802
1671720 802
1671730 804
1671740 804
1671750 804
1671760 805
1671770 805
1671780 805
1671790 806
1671800 806
1671810 809
1671820 812
1671830 812
1671840 815
1671850 816
1671860 816
1671870 814
1671880 811
1671890 808
1671900 808
1671910 811
1671920 815
1671930 815
1671940 819
1671950 825
1671960 825
1671970 828
1671980 831
1671990 831
1672000 834
1672010 834
1672020 834
1672030 833
1672040 832
1672050 832
1672060 829
1672070 826
1672080 826
1672090 822
1672100 819
1672110 816
1672120 816
1672130 815
1672140 813
1672150 813
1672160 812
1672170 811
1672180 811
1672190 810
1672200 809
1672210 809
1672220 804
1672230 798
1672240 798
1672250 792
1672260 788
1672270 788
1672280 784
1672290 787
1672300 790
1672310 790
1672320 789
1672330 791
1672340 791
1672350 792
1672360 792
1672370 792
1672380 792
1672390 791
1672400 791
1672410 787
1672420 784
1672430 784
1672440 781
1672450 780
1672460 780
1672470 778
1672480 777
1672490 777
1672500 780
1672510 784
1672520 787
1672530 787
1672540 789
1672550 792
1672560 792
1672570 795
1672580 798
1672590 798
1672600 800
1672610 802
1672620 802
1672630 804
1672640 807
1672650 807
1672660 810
1672670 813
1672680 813
1672690 815
1672700 817
1672710 817
1672720 819
1672730 821
1672740 822
1672750 822
1672760 824
1672770 825
1672780 825
1672790 827
1672800 828
1672810 828
1672820 830
1672830 831
1672840 831
1672850 832
1672860 833
1672870 833
1672880 834
1672890 835
1672900 835
1672910 836
1672920 839
1672930 839
1672940 839
1672950 839
1672960 840
1672970 840
1672980 841
1672990 842
1673000 842
1673010 843
1673020 843
1673030 843
1673040 842
1673050 840
1673060 840
1673070 839
1673080 837
1673090 837
1673100 835
1673110 833
1673120 833
1673130 832
1673140 830
1673150 830
1673160 829
1673170 828
1673180 828
1673190 828
1673200 829
1673210 830
1673220 830
1673230 832
1673240 831
1673250 831
1673260 830
1673270 828
1673280 828
1673290 827
1673300 826
1673310 826
1673320 824
1673330 823
1673340 823
1673350 823
1673360 822
1673370 822
1673380 820
1673390 815
1673400 808
1673410 808
1673420 804
1673430 802
1673440 802
1673450 801
1673460 800
1673470 800
1673480 796
1673490 792
1673500 792
1673510 788
1673520 785
1673530 785
1673540 783
1673550 781
1673560 781
1673570 780
1673580 778
1673590 778
1673600 777
1673610 776
1673620 774
1673630 774
1673640 772
1673650 770
1673660 770
1673670 768
1673680 767
1673690 767
1673700 766
1673710 764
1673720 764
1673730 762
1673740 761
1673750 761
1673760 759
1673770 758
1673780 758
1673790 756
1673800 754
1673810 753
1673820 753
1673830 751
1673840 750
1673850 750
1673860 749
1673870 748
1673880 748
1673890 747
1673900 746
1673910 746
1673920 745
1673930 745
1673940 745
1673950 744
1673960 742
1673970 742
1673980 741
1673990 739
1674000 739
1674010 738
1674020 736
1674030 735
1674040 735
1674050 734
1674060 733
1674070 733
1674080 733
1674090 732
1674100 732
1674110 731
1674120 729
1674130 729
1674140 727
1674150 724
1674160 724
1674170 721
1674180 718
1674190 718
1674200 715
1674210 713
1674220 713
1674230 711
1674240 711
1674250 710
1674260 710
1674270 709
1674280 708
1674290 708
1674300 707
1674310 705
1674320 705
1674330 703
1674340 701
1674350 701
1674360 699
1674370 697
1674380 697
1674390 694
1674400 692
1674410 692
1674420 691
1674430 690
1674440 690
1674450 689
1674460 688
1674470 686
1674480 686
1674490 684
1674500 683
1674510 683
1674520 682
1674530 680
1674540 680
1674550 679
1674560 678
1674570 678
1674580 677
1674590 676
1674600 676
1674610 676
1674620 676
1674630 676
1674640 676
1674650 676
1674660 676
1674670 676
1674680 676
1674690 675
1674700 675
1674710 676
1674720 676
1674730 676
1674740 676
1674750 677
1674760 677
1674770 678
1674780 678
1674790 678
1674800 678
1674810 678
1674820 678
1674830 677
1674840 676
1674850 676
1674860 675
1674870 675
1674880 675
1674890 675
1674900 672
1674910 670
1674920 670
1674930 667
1674940 665
1674950 665
1674960 662
1674970 659
1674980 659
1674990 656
1675000 654
1675010 654
1675020 652
1675030 649
1675040 649
1675050 647
1675060 645
1675070 645
1675080 643
1675090 641
1675100 641
1675110 639
1675120 637
1675130 636
1675140 636
1675150 635
1675160 633
1675170 633
1675180 631
1675190 631
1675200 631
1675210 628
1675220 624
1675230 624
1675240 624
1675250 623
1675260 623
1675270 623
1675280 623
1675290 623
1675300 623
1675310 622
1675320 622
1675330 622
1675340 621
1675350 621
1675360 621
1675370 620
1675380 619
1675390 619
1675400 618
1675410 617
1675420 617
1675430 616
1675440 614
1675450 614
1675460 613
1675470 611
1675480 611
1675490 610
1675500 609
1675510 609
1675520 609
1675530 608
1675540 607
1675550 607
1675560 606
1675570 606
1675580 606
1675590 606
1675600 607
1675610 607
1675620 608
1675630 609
1675640 609
1675650 610
1675660 611
1675670 611
1675680 613
1675690 615
1675700 615
1675710 620
1675720 625
1675730 625
1675740 630
1675750 634
1675760 637
1675770 637
1675780 640
1675790 641
1675800 641
1675810 642
1675820 643
1675830 643
1675840 645
1675850 647
1675860 647
1675870 649
1675880 652
1675890 652
1675900 654
1675910 657
1675920 657
1675930 660
1675940 661
1675950 661
1675960 662
1675970 662
1675980 661
1675990 661
1676000 660
1676010 659
1676020 659
1676030 658
1676040 657
1676050 657
1676060 656
1676070 655
1676080 655
1676090 655
1676100 654
1676110 654
1676120 652
1676130 649
1676140 649
1676150 646
1676160 643
1676170 643
1676180 639
1676190 637
1676200 635
1676210 635
1676220 632
1676230 629
1676240 629
1676250 626
1676260 623
1676270 623
1676280 619
1676290 615
1676300 615
1676310 612
1676320 608
1676330 608
1676340 604
1676350 600
1676360 600
1676370 596
1676380 592
1676390 592
1676400 586
1676410 580
1676420 574
1676430 574
1676440 568
1676450 562
1676460 562
1676470 556
1676480 549
1676490 549
1676500 546
1676510 541
1676520 541
1676530 537
1676540 532
1676550 532
1676560 530
1676570 527
1676580 527
1676590 522
1676600 519
1676610 519
1676620 520
1676630 521
1676640 521
1676650 521
1676660 521
1676670 523
1676680 523
1676690 525
1676700 530
1676710 530
1676720 534
1676730 542
1676740 542
1676750 548
1676760 554
1676770 554
1676780 560
1676790 566
1676800 566
1676810 573
1676820 583
1676830 583
1676840 588
1676850 593
1676860 598
1676870 598
1676880 603
1676890 608
1676900 608
1676910 612
1676920 616
1676930 616
1676940 619
1676950 621
1676960 621
1676970 622
1676980 624
1676990 624
1677000 624
1677010 624
1677020 624
1677030 623
1677040 622
1677050 622
1677060 621
1677070 620
1677080 620
1677090 620
1677100 619
1677110 618
1677120 618
1677130 617
1677140 617
1677150 617
1677160 616
1677170 615
1677180 615
1677190 613
1677200 611
1677210 611
1677220 608
1677230 604
1677240 604
1677250 599
1677260 593
1677270 588
1677280 588
1677290 582
1677300 576
1677310 576
1677320 572
1677330 567
1677340 567
1677350 562
1677360 558
1677370 558
1677380 554
1677390 552
1677400 552
1677410 548
1677420 544
1677430 544
1677440 542
1677450 539
1677460 539
1677470 536
1677480 533
1677490 530
1677500 530
1677510 528
1677520 526
1677530 526
1677540 523
1677550 521
1677560 521
1677570 519
1677580 518
1677590 518
1677600 516
1677610 514
1677620 514
1677630 512
1677640 510
1677650 510
1677660 509
1677670 507
1677680 507
1677690 505
1677700 503
1677710 502
1677720 502
1677730 500
1677740 498
1677750 498
1677760 493
1677770 489
1677780 489
1677790 484
1677800 478
1677810 478
1677820 472
1677830 467
1677840 467
1677850 463
1677860 463
1677870 463
1677880 462
1677890 461
1677900 461
1677910 460
1677920 460
1677930 460
1677940 460
1677950 461
1677960 461
1677970 461
1677980 460
1677990 460
1678000 460
1678010 460
1678020 459
1678030 459
1678040 459
1678050 459
1678060 459
1678070 459
1678080 459
1678090 459
1678100 458
1678110 459
1678120 459
1678130 459
1678140 459
1678150 459
1678160 459
1678170 459
1678180 457
1678190 457
1678200 457
1678210 457
1678220 457
1678230 457
1678240 457
1678250 457
1678260 457
1678270 457
1678280 457
1678290 458
1678300 460
1678310 460
1678320 461
1678330 460
1678340 460
1678350 460
1678360 460
1678370 459
1678380 459
1678390 458
1678400 457
1678410 457
1678420 457
1678430 456
1678440 456
1678450 456
1678460 455
1678470 455
1678480 455
1678490 455
1678500 455
1678510 455
1678520 455
1678530 455
1678540 455
1678550 453
1678560 453
1678570 454
1678580 454
1678590 454
1678600 454
1678610 454
1678620 454
1678630 454
1678640 454
1678650 454
1678660 454
1678670 454
1678680 454
1678690 454
1678700 454
1678710 453
1678720 453
1678730 453
1678740 453
1678750 453
1678760 453
1678770 453
1678780 453
1678790 453
1678800 453
1678810 453
1678820 453
1678830 452
1678840 452
1678850 452
1678860 451
1678870 451
1678880 451
1678890 451
1678900 451
1678910 451
1678920 451
1678930 451
1678940 451
1678950 451
1678960 451
1678970 451
1678980 452
1678990 451
1679000 450
1679010 450
1679020 451
1679030 451
1679040 451
1679050 451
1679060 451
1679070 451
1679080 451
1679090 451
1679100 451
1679110 450
1679120 450
1679130 450
1679140 450
1679150 450
1679160 450
1679170 450
1679180 451
1679190 451
1679200 451
1679210 450
1679220 450
1679230 450
1679240 450
1679250 450
1679260 450
1679270 450
1679280 450
1679290 450
1679300 450
1679310 450
1679320 450
1679330 450
1679340 450
1679350 450
1679360 450
1679370 449
1679380 449
1679390 449
1679400 449
1679410 449
1679420 449
1679430 449
1679440 449
1679450 449
1679460 449
1679470 448
1679480 448
1679490 448
1679500 448
1679510 448
1679520 448
1679530 448
1679540 448
1679550 448
1679560 448
1679570 448
1679580 448
1679590 448
1679600 448
1679610 448
1679620 448
1679630 448
1679640 448
1679650 448
1679660 448
1679670 448
1679680 448
1679690 447
1679700 447
1679710 447
1679720 447
1679730 447
1679740 447
1679750 447
1679760 447
1679770 447
1679780 447
1679790 447
1679800 447
1679810 447
1679820 447
1679830 446
1679840 446
1679850 446
1679860 446
1679870 447
1679880 447
1679890 447
1679900 447
1679910 447
1679920 447
1679930 447
1679940 447
1679950 447
1679960 447
1679970 447
1679980 447
1679990 447
