1660000 1574
1660010 1574
1660020 1573
1660030 1574
1660040 1574
1660050 1576
1660060 1578
1660070 1578
1660080 1579
1660090 1581
1660100 1581
1660110 1583
1660120 1585
1660130 1585
1660140 1587
1660150 1589
1660160 1591
1660170 1591
1660180 1593
1660190 1594
1660200 1594
1660210 1597
1660220 1599
1660230 1599
1660240 1602
1660250 1604
1660260 1604
1660270 1606
1660280 1609
1660290 1609
1660300 1612
1660310 1614
1660320 1614
1660330 1617
1660340 1619
1660350 1620
1660360 1620
1660370 1622
1660380 1623
1660390 1623
1660400 1626
1660410 1628
1660420 1628
1660430 1629
1660440 1632
1660450 1632
1660460 1634
1660470 1635
1660480 1635
1660490 1636
1660500 1637
1660510 1637
1660520 1637
1660530 1637
1660540 1637
1660550 1637
1660560 1636
1660570 1636
1660580 1636
1660590 1635
1660600 1634
1660610 1634
1660620 1633
1660630 1632
1660640 1632
1660650 1631
1660660 1630
1660670 1630
1660680 1628
1660690 1626
1660700 1626
1660710 1625
1660720 1623
1660730 1623
1660740 1622
1660750 1620
1660760 1620
1660770 1619
1660780 1617
1660790 1616
1660800 1616
1660810 1614
1660820 1612
1660830 1612
1660840 1611
1660850 1608
1660860 1608
1660870 1606
1660880 1603
1660890 1603
1660900 1601
1660910 1598
1660920 1598
1660930 1595
1660940 1592
1660950 1592
1660960 1591
1660970 1590
1660980 1590
1660990 1588
1661000 1587
1661010 1585
1661020 1585
1661030 1583
1661040 1580
1661050 1580
1661060 1580
1661070 1579
1661080 1579
1661090 1577
1661100 1575
1661110 1575
1661120 1573
1661130 1571
1661140 1571
1661150 1568
1661160 1565
1661170 1565
1661180 1562
1661190 1559
1661200 1559
1661210 1557
1661220 1559
1661230 1561
1661240 1561
1661250 1562
1661260 1563
1661270 1563
1661280 1564
1661290 1565
1661300 1565
1661310 1567
1661320 1569
1661330 1569
1661340 1571
1661350 1572
1661360 1572
1661370 1575
1661380 1576
1661390 1576
1661400 1577
1661410 1579
1661420 1579
1661430 1580
1661440 1582
1661450 1583
1661460 1583
1661470 1584
1661480 1585
1661490 1585
1661500 1586
1661510 1588
1661520 1588
1661530 1589
1661540 1591
1661550 1591
1661560 1591
1661570 1593
1661580 1593
1661590 1595
1661600 1595
1661610 1595
1661620 1597
1661630 1599
1661640 1599
1661650 1600
1661660 1601
1661670 1602
1661680 1602
1661690 1603
1661700 1604
1661710 1604
1661720 1605
1661730 1605
1661740 1605
1661750 1606
1661760 1607
1661770 1607
1661780 1608
1661790 1610
1661800 1610
1661810 1611
1661820 1613
1661830 1613
1661840 1616
1661850 1618
1661860 1618
1661870 1621
1661880 1621
1661890 1623
1661900 1623
1661910 1624
1661920 1626
1661930 1626
1661940 1627
1661950 1628
1661960 1628
1661970 1630
1661980 1632
1661990 1632
1662000 1634
1662010 1634
1662020 1634
1662030 1634
1662040 1634
1662050 1634
1662060 1634
1662070 1634
1662080 1634
1662090 1634
1662100 1635
1662110 1635
1662120 1635
1662130 1635
1662140 1634
1662150 1634
1662160 1632
1662170 1631
1662180 1631
1662190 1630
1662200 1627
1662210 1627
1662220 1624
1662230 1622
1662240 1622
1662250 1620
1662260 1618
1662270 1618
1662280 1616
1662290 1614
1662300 1614
1662310 1612
1662320 1610
1662330 1608
1662340 1608
1662350 1606
1662360 1604
1662370 1604
1662380 1601
1662390 1600
1662400 1600
1662410 1597
1662420 1594
1662430 1594
1662440 1591
1662450 1587
1662460 1587
1662470 1585
1662480 1583
1662490 1583
1662500 1580
1662510 1579
1662520 1579
1662530 1576
1662540 1574
1662550 1572
1662560 1572
1662570 1570
1662580 1567
1662590 1567
1662600 1565
1662610 1563
1662620 1563
1662630 1561
1662640 1558
1662650 1558
1662660 1555
1662670 1552
1662680 1552
1662690 1549
1662700 1546
1662710 1546
1662720 1543
1662730 1540
1662740 1540
1662750 1538
1662760 1535
1662770 1533
1662780 1533
1662790 1530
1662800 1527
1662810 1527
1662820 1525
1662830 1522
1662840 1522
1662850 1519
1662860 1517
1662870 1517
1662880 1514
1662890 1512
1662900 1512
1662910 1509
1662920 1507
1662930 1507
1662940 1505
1662950 1502
1662960 1500
1662970 1500
1662980 1498
1662990 1496
1663000 1496
1663010 1495
1663020 1493
1663030 1493
1663040 1492
1663050 1490
1663060 1490
1663070 1488
1663080 1487
1663090 1487
1663100 1488
1663110 1487
1663120 1487
1663130 1487
1663140 1488
1663150 1488
1663160 1488
1663170 1488
1663180 1489
1663190 1489
1663200 1490
1663210 1490
1663220 1490
1663230 1491
1663240 1491
1663250 1491
1663260 1492
1663270 1492
1663280 1492
1663290 1493
1663300 1493
1663310 1493
1663320 1493
1663330 1492
1663340 1492
1663350 1491
1663360 1491
1663370 1491
1663380 1491
1663390 1491
1663400 1491
1663410 1491
1663420 1491
1663430 1490
1663440 1490
1663450 1490
1663460 1490
1663470 1490
1663480 1490
1663490 1490
1663500 1490
1663510 1490
1663520 1490
1663530 1490
1663540 1491
1663550 1491
1663560 1491
1663570 1492
1663580 1492
1663590 1492
1663600 1494
1663610 1496
1663620 1497
1663630 1497
1663640 1499
1663650 1500
1663660 1500
1663670 1501
1663680 1503
1663690 1503
1663700 1504
1663710 1504
1663720 1504
1663730 1505
1663740 1507
1663750 1507
1663760 1507
1663770 1507
1663780 1507
1663790 1508
1663800 1509
1663810 1509
1663820 1510
1663830 1510
1663840 1512
1663850 1512
1663860 1515
1663870 1517
1663880 1517
1663890 1517
1663900 1517
1663910 1517
1663920 1517
1663930 1517
1663940 1517
1663950 1517
1663960 1517
1663970 1517
1663980 1517
1663990 1516
1664000 1516
1664010 1516
1664020 1514
1664030 1514
1664040 1513
1664050 1511
1664060 1509
1664070 1509
1664080 1507
1664090 1506
1664100 1506
1664110 1505
1664120 1504
1664130 1504
1664140 1503
1664150 1503
1664160 1503
1664170 1502
1664180 1502
1664190 1502
1664200 1505
1664210 1505
1664220 1505
1664230 1502
1664240 1500
1664250 1500
1664260 1499
1664270 1495
1664280 1492
1664290 1492
1664300 1489
1664310 1487
1664320 1487
1664330 1483
1664340 1479
1664350 1479
1664360 1476
1664370 1472
1664380 1472
1664390 1469
1664400 1466
1664410 1466
1664420 1463
1664430 1460
1664440 1460
1664450 1457
1664460 1455
1664470 1455
1664480 1451
1664490 1447
1664500 1443
1664510 1443
1664520 1439
1664530 1436
1664540 1436
1664550 1433
1664560 1429
1664570 1429
1664580 1425
1664590 1421
1664600 1421
1664610 1417
1664620 1414
1664630 1414
1664640 1410
1664650 1406
1664660 1406
1664670 1403
1664680 1401
1664690 1401
1664700 1399
1664710 1395
1664720 1391
1664730 1391
1664740 1387
1664750 1384
1664760 1384
1664770 1381
1664780 1379
1664790 1379
1664800 1377
1664810 1376
1664820 1376
1664830 1375
1664840 1373
1664850 1373
1664860 1372
1664870 1371
1664880 1371
1664890 1369
1664900 1368
1664910 1368
1664920 1367
1664930 1366
1664940 1365
1664950 1365
1664960 1363
1664970 1362
1664980 1362
1664990 1361
1665000 1359
1665010 1359
1665020 1358
1665030 1357
1665040 1357
1665050 1355
1665060 1353
1665070 1353
1665080 1352
1665090 1351
1665100 1351
1665110 1349
1665120 1347
1665130 1347
1665140 1344
1665150 1342
1665160 1340
1665170 1340
1665180 1338
1665190 1336
1665200 1336
1665210 1335
1665220 1332
1665230 1332
1665240 1330
1665250 1328
1665260 1328
1665270 1327
1665280 1325
1665290 1325
1665300 1323
1665310 1320
1665320 1320
1665330 1319
1665340 1318
1665350 1318
1665360 1315
1665370 1311
1665380 1307
1665390 1307
1665400 1305
1665410 1301
1665420 1301
1665430 1299
1665440 1295
1665450 1295
1665460 1292
1665470 1290
1665480 1290
1665490 1287
1665500 1284
1665510 1284
1665520 1282
1665530 1280
1665540 1280
1665550 1277
1665560 1276
1665570 1273
1665580 1273
1665590 1271
1665600 1269
1665610 1269
1665620 1266
1665630 1264
1665640 1264
1665650 1262
1665660 1260
1665670 1260
1665680 1258
1665690 1256
1665700 1256
1665710 1253
1665720 1251
1665730 1251
1665740 1249
1665750 1248
1665760 1248
1665770 1247
1665780 1244
1665790 1243
1665800 1243
1665810 1243
1665820 1242
1665830 1242
1665840 1240
1665850 1239
1665860 1239
1665870 1239
1665880 1240
1665890 1240
1665900 1239
1665910 1238
1665920 1238
1665930 1237
1665940 1237
1665950 1237
1665960 1237
1665970 1238
1665980 1238
1665990 1240
1666000 1241
1666010 1242
1666020 1242
1666030 1245
1666040 1245
1666050 1245
1666060 1244
1666070 1244
1666080 1244
1666090 1245
1666100 1245
1666110 1245
1666120 1243
1666130 1243
1666140 1243
1666150 1241
1666160 1238
1666170 1238
1666180 1235
1666190 1232
1666200 1232
1666210 1229
1666220 1227
1666230 1225
1666240 1225
1666250 1224
1666260 1221
1666270 1221
1666280 1216
1666290 1211
1666300 1211
1666310 1207
1666320 1202
1666330 1202
1666340 1198
1666350 1193
1666360 1193
1666370 1188
1666380 1184
1666390 1184
1666400 1181
1666410 1179
1666420 1179
1666430 1176
1666440 1174
1666450 1171
1666460 1171
1666470 1168
1666480 1167
1666490 1167
1666500 1165
1666510 1162
1666520 1162
1666530 1159
1666540 1157
1666550 1157
1666560 1154
1666570 1151
1666580 1151
1666590 1148
1666600 1145
1666610 1145
1666620 1142
1666630 1139
1666640 1139
1666650 1135
1666660 1132
1666670 1129
1666680 1129
1666690 1126
1666700 1123
1666710 1123
1666720 1120
1666730 1117
1666740 1117
1666750 1114
1666760 1111
1666770 1111
1666780 1109
1666790 1107
1666800 1107
1666810 1104
1666820 1101
1666830 1101
1666840 1097
1666850 1093
1666860 1093
1666870 1090
1666880 1086
1666890 1083
1666900 1083
1666910 1081
1666920 1078
1666930 1078
1666940 1075
1666950 1072
1666960 1072
1666970 1069
1666980 1066
1666990 1066
1667000 1062
1667010 1058
1667020 1058
1667030 1054
1667040 1050
1667050 1050
1667060 1048
1667070 1045
1667080 1045
1667090 1042
1667100 1039
1667110 1036
1667120 1036
1667130 1033
1667140 1030
1667150 1030
1667160 1025
1667170 1020
1667180 1020
1667190 1015
1667200 1009
1667210 1009
1667220 1005
1667230 1001
1667240 1001
1667250 995
1667260 993
1667270 993
1667280 987
1667290 986
1667300 986
1667310 987
1667320 987
1667330 989
1667340 989
1667350 994
1667360 999
1667370 999
1667380 1004
1667390 1009
1667400 1009
1667410 1015
1667420 1019
1667430 1019
1667440 1021
1667450 1027
1667460 1027
1667470 1031
1667480 1035
1667490 1035
1667500 1038
1667510 1041
1667520 1041
1667530 1043
1667540 1047
1667550 1049
1667560 1049
1667570 1050
1667580 1051
1667590 1051
1667600 1050
1667610 1048
1667620 1048
1667630 1046
1667640 1044
1667650 1044
1667660 1042
1667670 1040
1667680 1040
1667690 1037
1667700 1034
1667710 1034
1667720 1032
1667730 1029
1667740 1029
1667750 1027
1667760 1025
1667770 1020
1667780 1020
1667790 1016
1667800 1014
1667810 1014
1667820 1015
1667830 1019
1667840 1019
1667850 1023
1667860 1026
1667870 1026
1667880 1030
1667890 1033
1667900 1033
1667910 1037
1667920 1041
1667930 1041
1667940 1045
1667950 1050
1667960 1050
1667970 1054
1667980 1057
1667990 1061
1668000 1061
1668010 1065
1668020 1068
1668030 1068
1668040 1071
1668050 1074
1668060 1074
1668070 1079
1668080 1082
1668090 1082
1668100 1085
1668110 1087
1668120 1087
1668130 1089
1668140 1091
1668150 1091
1668160 1092
1668170 1093
1668180 1094
1668190 1094
1668200 1095
1668210 1095
1668220 1095
1668230 1095
1668240 1094
1668250 1094
1668260 1094
1668270 1093
1668280 1093
1668290 1093
1668300 1092
1668310 1092
1668320 1091
1668330 1091
1668340 1091
1668350 1091
1668360 1090
1668370 1090
1668380 1090
1668390 1089
1668400 1089
1668410 1089
1668420 1089
1668430 1088
1668440 1088
1668450 1087
1668460 1086
1668470 1086
1668480 1085
1668490 1084
1668500 1084
1668510 1083
1668520 1082
1668530 1082
1668540 1081
1668550 1082
1668560 1082
1668570 1081
1668580 1081
1668590 1081
1668600 1078
1668610 1075
1668620 1076
1668630 1076
1668640 1079
1668650 1082
1668660 1082
1668670 1083
1668680 1084
1668690 1084
1668700 1084
1668710 1084
1668720 1084
1668730 1084
1668740 1085
1668750 1085
1668760 1087
1668770 1091
1668780 1091
1668790 1096
1668800 1095
1668810 1095
1668820 1092
1668830 1090
1668840 1089
1668850 1089
1668860 1079
1668870 1074
1668880 1074
1668890 1072
1668900 1070
1668910 1070
1668920 1068
1668930 1065
1668940 1065
1668950 1062
1668960 1060
1668970 1060
1668980 1058
1668990 1055
1669000 1055
1669010 1051
1669020 1049
1669030 1049
1669040 1046
1669050 1044
1669060 1042
1669070 1042
1669080 1041
1669090 1039
1669100 1039
1669110 1036
1669120 1035
1669130 1035
1669140 1034
1669150 1032
1669160 1032
1669170 1031
1669180 1029
1669190 1029
1669200 1028
1669210 1026
1669220 1026
1669230 1026
1669240 1026
1669250 1026
1669260 1026
1669270 1025
1669280 1019
1669290 1019
1669300 1015
1669310 1012
1669320 1012
1669330 1010
1669340 1004
1669350 1004
1669360 1000
1669370 997
1669380 997
1669390 993
1669400 990
1669410 990
1669420 987
1669430 990
1669440 990
1669450 996
1669460 1001
1669470 1001
1669480 1006
1669490 1008
1669500 1011
1669510 1011
1669520 1014
1669530 1016
1669540 1016
1669550 1018
1669560 1021
1669570 1021
1669580 1023
1669590 1025
1669600 1025
1669610 1027
1669620 1028
1669630 1028
1669640 1030
1669650 1032
1669660 1032
1669670 1034
1669680 1036
1669690 1036
1669700 1037
1669710 1038
1669720 1039
1669730 1039
1669740 1039
1669750 1040
1669760 1040
1669770 1041
1669780 1042
1669790 1042
1669800 1044
1669810 1045
1669820 1045
1669830 1047
1669840 1049
1669850 1049
1669860 1050
1669870 1052
1669880 1052
1669890 1052
1669900 1053
1669910 1053
1669920 1056
1669930 1057
1669940 1057
1669950 1057
1669960 1058
1669970 1059
1669980 1059
1669990 1060
1670000 1061
1670010 1061
1670020 1063
1670030 1065
1670040 1065
1670050 1068
1670060 1066
1670070 1066
1670080 1068
1670090 1067
1670100 1067
1670110 1067
1670120 1067
1670130 1067
1670140 1066
1670150 1065
1670160 1064
1670170 1064
1670180 1064
1670190 1063
1670200 1063
1670210 1062
1670220 1061
1670230 1061
1670240 1059
1670250 1057
1670260 1057
1670270 1055
1670280 1052
1670290 1052
1670300 1051
1670310 1051
1670320 1051
1670330 1050
1670340 1048
1670350 1048
1670360 1047
1670370 1046
1670380 1044
1670390 1044
1670400 1043
1670410 1042
1670420 1042
1670430 1042
1670440 1043
1670450 1043
1670460 1044
1670470 1045
1670480 1045
1670490 1046
1670500 1047
1670510 1047
1670520 1048
1670530 1048
1670540 1048
1670550 1049
1670560 1050
1670570 1050
1670580 1051
1670590 1054
1670600 1052
1670610 1052
1670620 1051
1670630 1051
1670640 1051
1670650 1049
1670660 1048
1670670 1048
1670680 1046
1670690 1045
1670700 1045
1670710 1043
1670720 1041
1670730 1041
1670740 1040
1670750 1039
1670760 1039
1670770 1038
1670780 1036
1670790 1036
1670800 1033
1670810 1030
1670820 1028
1670830 1028
1670840 1025
1670850 1023
1670860 1023
1670870 1021
1670880 1019
1670890 1019
1670900 1015
1670910 1012
1670920 1012
1670930 1009
1670940 1005
1670950 1005
1670960 1002
1670970 999
1670980 999
1670990 997
1671000 994
1671010 992
1671020 992
1671030 990
1671040 988
1671050 988
1671060 985
1671070 983
1671080 983
1671090 980
1671100 978
1671110 978
1671120 975
1671130 972
1671140 972
1671150 969
1671160 965
1671170 965
1671180 961
1671190 956
1671200 956
1671210 954
1671220 952
1671230 951
1671240 951
1671250 951
1671260 951
1671270 951
1671280 948
1671290 948
1671300 948
1671310 947
1671320 947
1671330 947
1671340 948
1671350 949
1671360 949
1671370 949
1671380 949
1671390 949
1671400 948
1671410 948
1671420 948
1671430 947
1671440 945
1671450 943
1671460 943
1671470 942
1671480 940
1671490 940
1671500 939
1671510 937
1671520 937
1671530 935
1671540 933
1671550 933
1671560 932
1671570 930
1671580 930
1671590 928
1671600 925
1671610 925
1671620 923
1671630 920
1671640 920
1671650 917
1671660 914
1671670 911
1671680 911
1671690 909
1671700 906
1671710 906
1671720 903
1671730 902
1671740 902
1671750 900
1671760 896
1671770 896
1671780 895
1671790 893
1671800 893
1671810 892
1671820 890
1671830 890
1671840 887
1671850 885
1671860 885
1671870 883
1671880 880
1671890 878
1671900 878
1671910 877
1671920 876
1671930 876
1671940 875
1671950 874
1671960 874
1671970 872
1671980 871
1671990 871
1672000 870
1672010 869
1672020 869
1672030 865
1672040 860
1672050 860
1672060 856
1672070 860
1672080 860
1672090 861
1672100 862
1672110 858
1672120 858
1672130 854
1672140 856
1672150 856
1672160 860
1672170 862
1672180 862
1672190 863
1672200 864
1672210 864
1672220 864
1672230 864
1672240 864
1672250 864
1672260 864
1672270 864
1672280 864
1672290 862
1672300 862
1672310 861
1672320 860
1672330 859
1672340 859
1672350 858
1672360 857
1672370 857
1672380 855
1672390 852
1672400 852
1672410 850
1672420 851
1672430 851
1672440 853
1672450 855
1672460 855
1672470 857
1672480 859
1672490 859
1672500 864
1672510 865
1672520 865
1672530 866
1672540 866
1672550 866
1672560 866
1672570 865
1672580 864
1672590 864
1672600 863
1672610 863
1672620 863
1672630 863
1672640 862
1672650 862
1672660 862
1672670 863
1672680 863
1672690 863
1672700 864
1672710 864
1672720 863
1672730 860
1672740 860
1672750 859
1672760 858
1672770 857
1672780 857
1672790 855
1672800 854
1672810 854
1672820 852
1672830 850
1672840 850
1672850 850
1672860 848
1672870 848
1672880 847
1672890 846
1672900 846
1672910 844
1672920 842
1672930 842
1672940 841
1672950 839
1672960 839
1672970 838
1672980 836
1672990 835
1673000 835
1673010 833
1673020 831
1673030 831
1673040 829
1673050 827
1673060 827
1673070 825
1673080 823
1673090 823
1673100 822
1673110 821
1673120 821
1673130 820
1673140 819
1673150 819
1673160 818
1673170 817
1673180 817
1673190 815
1673200 814
1673210 812
1673220 812
1673230 810
1673240 809
1673250 809
1673260 807
1673270 805
1673280 805
1673290 802
1673300 800
1673310 800
1673320 798
1673330 796
1673340 796
1673350 793
1673360 791
1673370 791
1673380 788
1673390 786
1673400 786
1673410 783
1673420 781
1673430 780
1673440 780
1673450 779
1673460 779
1673470 779
1673480 778
1673490 777
1673500 777
1673510 776
1673520 772
1673530 772
1673540 769
1673550 765
1673560 765
1673570 762
1673580 756
1673590 756
1673600 750
1673610 744
1673620 741
1673630 741
1673640 738
1673650 736
1673660 736
1673670 733
1673680 733
1673690 733
1673700 733
1673710 733
1673720 733
1673730 730
1673740 725
1673750 725
1673760 724
1673770 723
1673780 723
1673790 722
1673800 723
1673810 723
1673820 724
1673830 724
1673840 722
1673850 722
1673860 722
1673870 722
1673880 722
1673890 723
1673900 723
1673910 723
1673920 724
1673930 723
1673940 723
1673950 723
1673960 724
1673970 724
1673980 724
1673990 725
1674000 725
1674010 727
1674020 728
1674030 728
1674040 729
1674050 729
1674060 730
1674070 730
1674080 731
1674090 731
1674100 731
1674110 732
1674120 731
1674130 731
1674140 730
1674150 727
1674160 727
1674170 726
1674180 723
1674190 723
1674200 720
1674210 717
1674220 717
1674230 714
1674240 711
1674250 711
1674260 706
1674270 703
1674280 701
1674290 701
1674300 700
1674310 700
1674320 700
1674330 700
1674340 702
1674350 702
1674360 703
1674370 704
1674380 704
1674390 704
1674400 705
1674410 705
1674420 705
1674430 706
1674440 706
1674450 705
1674460 705
1674470 705
1674480 705
1674490 705
1674500 704
1674510 704
1674520 703
1674530 702
1674540 702
1674550 702
1674560 700
1674570 700
1674580 699
1674590 698
1674600 698
1674610 697
1674620 696
1674630 696
1674640 694
1674650 692
1674660 692
1674670 690
1674680 688
1674690 688
1674700 687
1674710 685
1674720 683
1674730 683
1674740 680
1674750 678
1674760 678
1674770 677
1674780 676
1674790 676
1674800 675
1674810 673
1674820 673
1674830 671
1674840 669
1674850 669
1674860 667
1674870 666
1674880 666
1674890 663
1674900 661
1674910 661
1674920 658
1674930 654
1674940 651
1674950 651
1674960 647
1674970 644
1674980 644
1674990 641
1675000 637
1675010 637
1675020 633
1675030 629
1675040 629
1675050 623
1675060 620
1675070 620
1675080 615
1675090 614
1675100 614
1675110 622
1675120 628
1675130 628
1675140 633
1675150 639
1675160 643
1675170 643
1675180 648
1675190 652
1675200 652
1675210 656
1675220 659
1675230 659
1675240 663
1675250 665
1675260 665
1675270 666
1675280 667
1675290 667
1675300 667
1675310 667
1675320 667
1675330 666
1675340 666
1675350 666
1675360 665
1675370 664
1675380 665
1675390 665
1675400 665
1675410 666
1675420 666
1675430 667
1675440 669
1675450 669
1675460 670
1675470 671
1675480 671
1675490 674
1675500 675
1675510 675
1675520 675
1675530 675
1675540 675
1675550 674
1675560 672
1675570 672
1675580 668
1675590 666
1675600 661
1675610 661
1675620 655
1675630 649
1675640 649
1675650 647
1675660 651
1675670 651
1675680 650
1675690 649
1675700 649
1675710 648
1675720 645
1675730 645
1675740 639
1675750 632
1675760 632
1675770 630
1675780 622
1675790 622
1675800 629
1675810 633
1675820 631
1675830 631
1675840 633
1675850 637
1675860 637
1675870 641
1675880 645
1675890 645
1675900 646
1675910 655
1675920 655
1675930 659
1675940 663
1675950 663
1675960 668
1675970 673
1675980 673
1675990 678
1676000 683
1676010 683
1676020 687
1676030 691
1676040 697
1676050 697
1676060 704
1676070 710
1676080 710
1676090 717
1676100 723
1676110 723
1676120 729
1676130 735
1676140 735
1676150 743
1676160 749
1676170 749
1676180 757
1676190 768
1676200 768
1676210 772
1676220 778
1676230 784
1676240 784
1676250 787
1676260 790
1676270 790
1676280 792
1676290 793
1676300 793
1676310 794
1676320 795
1676330 795
1676340 795
1676350 795
1676360 795
1676370 795
1676380 795
1676390 795
1676400 795
1676410 794
1676420 794
1676430 793
1676440 791
1676450 789
1676460 789
1676470 788
1676480 786
1676490 786
1676500 784
1676510 782
1676520 782
1676530 779
1676540 776
1676550 776
1676560 773
1676570 771
1676580 771
1676590 767
1676600 764
1676610 764
1676620 761
1676630 758
1676640 758
1676650 755
1676660 752
1676670 747
1676680 747
1676690 746
1676700 742
1676710 742
1676720 739
1676730 735
1676740 735
1676750 732
1676760 730
1676770 730
1676780 729
1676790 728
1676800 728
1676810 728
1676820 727
1676830 727
1676840 727
1676850 726
1676860 726
1676870 726
1676880 726
1676890 725
1676900 725
1676910 724
1676920 724
1676930 724
1676940 723
1676950 722
1676960 722
1676970 721
1676980 720
1676990 720
1677000 720
1677010 719
1677020 719
1677030 719
1677040 719
1677050 719
1677060 719
1677070 718
1677080 718
1677090 718
1677100 717
1677110 716
1677120 716
1677130 704
1677140 698
1677150 698
1677160 686
1677170 661
1677180 661
1677190 647
1677200 637
1677210 637
1677220 623
1677230 606
1677240 606
1677250 596
1677260 588
1677270 588
1677280 579
1677290 570
1677300 570
1677310 561
1677320 553
1677330 544
1677340 544
1677350 536
1677360 529
1677370 529
1677380 522
1677390 513
1677400 513
1677410 504
1677420 497
1677430 497
1677440 489
1677450 482
1677460 482
1677470 479
1677480 474
1677490 474
1677500 473
1677510 472
1677520 472
1677530 469
1677540 471
1677550 471
1677560 471
1677570 472
1677580 472
1677590 472
1677600 472
1677610 472
1677620 472
1677630 471
1677640 471
1677650 471
1677660 471
1677670 471
1677680 471
1677690 472
1677700 474
1677710 474
1677720 483
1677730 490
1677740 490
1677750 497
1677760 505
1677770 512
1677780 512
1677790 521
1677800 531
1677810 531
1677820 540
1677830 549
1677840 549
1677850 557
1677860 568
1677870 568
1677880 576
1677890 586
1677900 586
1677910 598
1677920 607
1677930 607
1677940 615
1677950 623
1677960 623
1677970 630
1677980 637
1677990 643
1678000 643
1678010 649
1678020 654
1678030 654
1678040 657
1678050 658
1678060 658
1678070 657
1678080 653
1678090 653
1678100 650
1678110 647
1678120 647
1678130 644
1678140 640
1678150 640
1678160 637
1678170 634
1678180 634
1678190 631
1678200 626
1678210 623
1678220 623
1678230 620
1678240 617
1678250 617
1678260 613
1678270 609
1678280 609
1678290 605
1678300 601
1678310 601
1678320 598
1678330 594
1678340 594
1678350 592
1678360 590
1678370 590
1678380 589
1678390 588
1678400 588
1678410 587
1678420 586
1678430 584
1678440 584
1678450 581
1678460 576
1678470 576
1678480 570
1678490 564
1678500 564
1678510 558
1678520 552
1678530 552
1678540 546
1678550 540
1678560 540
1678570 531
1678580 524
1678590 524
1678600 518
1678610 513
1678620 513
1678630 508
1678640 502
1678650 497
1678660 497
1678670 494
1678680 491
1678690 491
1678700 489
1678710 487
1678720 487
1678730 484
1678740 483
1678750 483
1678760 482
1678770 481
1678780 481
1678790 480
1678800 480
1678810 480
1678820 480
1678830 480
1678840 480
1678850 480
1678860 479
1678870 480
1678880 480
1678890 481
1678900 482
1678910 482
1678920 483
1678930 484
1678940 484
1678950 486
1678960 487
1678970 487
1678980 489
1678990 492
1679000 492
1679010 494
1679020 496
1679030 496
1679040 499
1679050 501
1679060 503
1679070 503
1679080 503
1679090 505
1679100 505
1679110 506
1679120 508
1679130 508
1679140 510
1679150 511
1679160 511
1679170 512
1679180 513
1679190 513
1679200 514
1679210 516
1679220 516
1679230 519
1679240 520
1679250 520
1679260 520
1679270 519
1679280 518
1679290 518
1679300 517
1679310 517
1679320 517
1679330 517
1679340 516
1679350 516
1679360 516
1679370 517
1679380 517
1679390 517
1679400 517
1679410 517
1679420 517
1679430 512
1679440 512
1679450 514
1679460 519
1679470 519
1679480 521
1679490 522
1679500 523
1679510 523
1679520 523
1679530 524
1679540 524
1679550 525
1679560 525
1679570 525
1679580 526
1679590 527
1679600 527
1679610 527
1679620 527
1679630 527
1679640 528
1679650 527
1679660 527
1679670 527
1679680 527
1679690 527
1679700 526
1679710 526
1679720 525
1679730 525
1679740 522
1679750 521
1679760 521
1679770 520
1679780 519
1679790 519
1679800 518
1679810 517
1679820 517
1679830 515
1679840 513
1679850 513
1679860 512
1679870 511
1679880 511
1679890 510
1679900 510
1679910 510
1679920 510
1679930 510
1679940 510
1679950 510
1679960 510
1679970 510
1679980 510
1679990 511
