1660000 1507
1660010 1507
1660020 1502
1660030 1496
1660040 1492
1660050 1492
1660060 1487
1660070 1483
1660080 1483
1660090 1477
1660100 1477
1660110 1477
1660120 1481
1660130 1484
1660140 1484
1660150 1487
1660160 1490
1660170 1490
1660180 1493
1660190 1495
1660200 1495
1660210 1500
1660220 1502
1660230 1502
1660240 1505
1660250 1508
1660260 1511
1660270 1511
1660280 1513
1660290 1515
1660300 1515
1660310 1517
1660320 1519
1660330 1519
1660340 1521
1660350 1522
1660360 1522
1660370 1524
1660380 1525
1660390 1525
1660400 1526
1660410 1527
1660420 1527
1660430 1527
1660440 1525
1660450 1525
1660460 1524
1660470 1523
1660480 1522
1660490 1522
1660500 1521
1660510 1520
1660520 1520
1660530 1520
1660540 1519
1660550 1519
1660560 1518
1660570 1517
1660580 1517
1660590 1515
1660600 1514
1660610 1514
1660620 1513
1660630 1511
1660640 1511
1660650 1509
1660660 1505
1660670 1505
1660680 1505
1660690 1513
1660700 1519
1660710 1519
1660720 1523
1660730 1529
1660740 1529
1660750 1534
1660760 1539
1660770 1539
1660780 1543
1660790 1548
1660800 1548
1660810 1552
1660820 1556
1660830 1556
1660840 1560
1660850 1564
1660860 1564
1660870 1569
1660880 1573
1660890 1573
1660900 1577
1660910 1579
1660920 1584
1660930 1584
1660940 1585
1660950 1589
1660960 1589
1660970 1592
1660980 1596
1660990 1596
1661000 1599
1661010 1601
1661020 1601
1661030 1603
1661040 1604
1661050 1604
1661060 1604
1661070 1604
1661080 1604
1661090 1604
1661100 1602
1661110 1602
1661120 1600
1661130 1597
1661140 1594
1661150 1594
1661160 1590
1661170 1587
1661180 1587
1661190 1586
1661200 1584
1661210 1584
1661220 1581
1661230 1579
1661240 1579
1661250 1575
1661260 1572
1661270 1572
1661280 1568
1661290 1565
1661300 1565
1661310 1562
1661320 1559
1661330 1559
1661340 1556
1661350 1552
1661360 1550
1661370 1550
1661380 1547
1661390 1546
1661400 1546
1661410 1545
1661420 1543
1661430 1543
1661440 1543
1661450 1544
1661460 1544
1661470 1545
1661480 1546
1661490 1546
1661500 1547
1661510 1549
1661520 1549
1661530 1550
1661540 1552
1661550 1552
1661560 1553
1661570 1554
1661580 1554
1661590 1554
1661600 1554
1661610 1561
1661620 1561
1661630 1567
1661640 1572
1661650 1572
1661660 1576
1661670 1581
1661680 1581
1661690 1585
1661700 1589
1661710 1589
1661720 1592
1661730 1595
1661740 1595
1661750 1598
1661760 1598
1661770 1598
1661780 1597
1661790 1595
1661800 1593
1661810 1593
1661820 1590
1661830 1588
1661840 1588
1661850 1586
1661860 1583
1661870 1583
1661880 1583
1661890 1582
1661900 1582
1661910 1581
1661920 1580
1661930 1580
1661940 1579
1661950 1578
1661960 1578
1661970 1578
1661980 1577
1661990 1577
1662000 1576
1662010 1576
1662020 1576
1662030 1576
1662040 1575
1662050 1574
1662060 1574
1662070 1575
1662080 1575
1662090 1575
1662100 1576
1662110 1578
1662120 1578
1662130 1579
1662140 1580
1662150 1580
1662160 1581
1662170 1583
1662180 1583
1662190 1584
1662200 1586
1662210 1586
1662220 1586
1662230 1587
1662240 1588
1662250 1588
1662260 1589
1662270 1590
1662280 1590
1662290 1590
1662300 1591
1662310 1591
1662320 1592
1662330 1594
1662340 1594
1662350 1597
1662360 1593
1662370 1593
1662380 1591
1662390 1588
1662400 1588
1662410 1586
1662420 1583
1662430 1583
1662440 1582
1662450 1580
1662460 1577
1662470 1577
1662480 1573
1662490 1567
1662500 1567
1662510 1560
1662520 1553
1662530 1553
1662540 1546
1662550 1540
1662560 1540
1662570 1537
1662580 1534
1662590 1534
1662600 1533
1662610 1533
1662620 1533
1662630 1533
1662640 1533
1662650 1533
1662660 1532
1662670 1534
1662680 1535
1662690 1535
1662700 1537
1662710 1542
1662720 1542
1662730 1542
1662740 1541
1662750 1541
1662760 1541
1662770 1541
1662780 1541
1662790 1543
1662800 1545
1662810 1545
1662820 1548
1662830 1552
1662840 1552
1662850 1557
1662860 1560
1662870 1560
1662880 1558
1662890 1554
1662900 1550
1662910 1550
1662920 1545
1662930 1541
1662940 1541
1662950 1537
1662960 1532
1662970 1532
1662980 1528
1662990 1525
1663000 1525
1663010 1521
1663020 1517
1663030 1517
1663040 1513
1663050 1510
1663060 1510
1663070 1508
1663080 1505
1663090 1505
1663100 1503
1663110 1500
1663120 1497
1663130 1497
1663140 1494
1663150 1492
1663160 1492
1663170 1490
1663180 1488
1663190 1488
1663200 1487
1663210 1487
1663220 1487
1663230 1488
1663240 1488
1663250 1488
1663260 1490
1663270 1491
1663280 1491
1663290 1492
1663300 1493
1663310 1493
1663320 1494
1663330 1496
1663340 1497
1663350 1497
1663360 1499
1663370 1501
1663380 1501
1663390 1503
1663400 1504
1663410 1504
1663420 1505
1663430 1507
1663440 1507
1663450 1508
1663460 1507
1663470 1507
1663480 1505
1663490 1503
1663500 1503
1663510 1501
1663520 1499
1663530 1499
1663540 1496
1663550 1492
1663560 1488
1663570 1488
1663580 1484
1663590 1480
1663600 1480
1663610 1474
1663620 1470
1663630 1470
1663640 1465
1663650 1459
1663660 1459
1663670 1455
1663680 1450
1663690 1450
1663700 1446
1663710 1441
1663720 1441
1663730 1436
1663740 1430
1663750 1430
1663760 1425
1663770 1419
1663780 1413
1663790 1413
1663800 1407
1663810 1402
1663820 1402
1663830 1396
1663840 1390
1663850 1390
1663860 1383
1663870 1378
1663880 1378
1663890 1372
1663900 1366
1663910 1366
1663920 1360
1663930 1355
1663940 1355
1663950 1350
1663960 1344
1663970 1344
1663980 1339
1663990 1334
1664000 1329
1664010 1329
1664020 1324
1664030 1320
1664040 1320
1664050 1315
1664060 1311
1664070 1311
1664080 1306
1664090 1302
1664100 1302
1664110 1299
1664120 1296
1664130 1296
1664140 1294
1664150 1291
1664160 1291
1664170 1289
1664180 1286
1664190 1286
1664200 1284
1664210 1282
1664220 1279
1664230 1279
1664240 1277
1664250 1275
1664260 1275
1664270 1273
1664280 1273
1664290 1273
1664300 1271
1664310 1271
1664320 1271
1664330 1270
1664340 1270
1664350 1270
1664360 1270
1664370 1269
1664380 1269
1664390 1269
1664400 1269
1664410 1269
1664420 1269
1664430 1267
1664440 1267
1664450 1267
1664460 1267
1664470 1267
1664480 1267
1664490 1268
1664500 1269
1664510 1269
1664520 1269
1664530 1269
1664540 1269
1664550 1269
1664560 1270
1664570 1270
1664580 1269
1664590 1270
1664600 1270
1664610 1271
1664620 1273
1664630 1273
1664640 1274
1664650 1274
1664660 1275
1664670 1275
1664680 1276
1664690 1277
1664700 1277
1664710 1278
1664720 1280
1664730 1280
1664740 1281
1664750 1283
1664760 1283
1664770 1285
1664780 1287
1664790 1287
1664800 1289
1664810 1291
1664820 1291
1664830 1292
1664840 1295
1664850 1295
1664860 1297
1664870 1299
1664880 1301
1664890 1301
1664900 1304
1664910 1306
1664920 1306
1664930 1309
1664940 1310
1664950 1310
1664960 1313
1664970 1317
1664980 1317
1664990 1319
1665000 1321
1665010 1321
1665020 1324
1665030 1328
1665040 1328
1665050 1331
1665060 1334
1665070 1334
1665080 1336
1665090 1340
1665100 1342
1665110 1342
1665120 1346
1665130 1350
1665140 1350
1665150 1353
1665160 1357
1665170 1357
1665180 1360
1665190 1363
1665200 1363
1665210 1366
1665220 1368
1665230 1368
1665240 1371
1665250 1375
1665260 1375
1665270 1376
1665280 1378
1665290 1378
1665300 1379
1665310 1380
1665320 1381
1665330 1381
1665340 1381
1665350 1381
1665360 1381
1665370 1380
1665380 1379
1665390 1379
1665400 1378
1665410 1376
1665420 1376
1665430 1374
1665440 1373
1665450 1373
1665460 1373
1665470 1372
1665480 1372
1665490 1372
1665500 1372
1665510 1372
1665520 1372
1665530 1373
1665540 1373
1665550 1373
1665560 1374
1665570 1376
1665580 1376
1665590 1377
1665600 1379
1665610 1379
1665620 1380
1665630 1382
1665640 1382
1665650 1383
1665660 1386
1665670 1386
1665680 1385
1665690 1385
1665700 1385
1665710 1387
1665720 1387
1665730 1387
1665740 1389
1665750 1391
1665760 1394
1665770 1394
1665780 1396
1665790 1396
1665800 1396
1665810 1395
1665820 1394
1665830 1394
1665840 1394
1665850 1391
1665860 1391
1665870 1393
1665880 1393
1665890 1393
1665900 1395
1665910 1394
1665920 1394
1665930 1395
1665940 1394
1665950 1394
1665960 1393
1665970 1391
1665980 1390
1665990 1390
1666000 1389
1666010 1388
1666020 1388
1666030 1387
1666040 1387
1666050 1387
1666060 1386
1666070 1386
1666080 1386
1666090 1386
1666100 1387
1666110 1387
1666120 1387
1666130 1386
1666140 1386
1666150 1386
1666160 1386
1666170 1386
1666180 1386
1666190 1386
1666200 1387
1666210 1387
1666220 1387
1666230 1387
1666240 1387
1666250 1386
1666260 1386
1666270 1386
1666280 1385
1666290 1385
1666300 1385
1666310 1385
1666320 1384
1666330 1384
1666340 1384
1666350 1383
1666360 1383
1666370 1382
1666380 1381
1666390 1381
1666400 1380
1666410 1379
1666420 1378
1666430 1378
1666440 1376
1666450 1375
1666460 1375
1666470 1374
1666480 1373
1666490 1373
1666500 1371
1666510 1370
1666520 1370
1666530 1368
1666540 1366
1666550 1366
1666560 1365
1666570 1363
1666580 1363
1666590 1362
1666600 1361
1666610 1361
1666620 1360
1666630 1360
1666640 1359
1666650 1359
1666660 1359
1666670 1358
1666680 1358
1666690 1359
1666700 1358
1666710 1358
1666720 1357
1666730 1358
1666740 1358
1666750 1359
1666760 1360
1666770 1360
1666780 1362
1666790 1363
1666800 1363
1666810 1364
1666820 1365
1666830 1365
1666840 1367
1666850 1368
1666860 1369
1666870 1369
1666880 1370
1666890 1372
1666900 1372
1666910 1374
1666920 1376
1666930 1376
1666940 1378
1666950 1379
1666960 1379
1666970 1380
1666980 1382
1666990 1382
1667000 1383
1667010 1385
1667020 1385
1667030 1387
1667040 1389
1667050 1389
1667060 1391
1667070 1392
1667080 1393
1667090 1393
1667100 1394
1667110 1395
1667120 1395
1667130 1397
1667140 1398
1667150 1398
1667160 1400
1667170 1401
1667180 1401
1667190 1403
1667200 1404
1667210 1404
1667220 1405
1667230 1406
1667240 1406
1667250 1407
1667260 1408
1667270 1408
1667280 1410
1667290 1410
1667300 1410
1667310 1410
1667320 1411
1667330 1411
1667340 1411
1667350 1412
1667360 1412
1667370 1412
1667380 1413
1667390 1414
1667400 1414
1667410 1415
1667420 1416
1667430 1416
1667440 1417
1667450 1417
1667460 1417
1667470 1417
1667480 1420
1667490 1420
1667500 1416
1667510 1416
1667520 1416
1667530 1416
1667540 1413
1667550 1411
1667560 1411
1667570 1409
1667580 1407
1667590 1407
1667600 1403
1667610 1401
1667620 1401
1667630 1396
1667640 1395
1667650 1395
1667660 1392
1667670 1388
1667680 1388
1667690 1384
1667700 1382
1667710 1382
1667720 1378
1667730 1376
1667740 1374
1667750 1374
1667760 1371
1667770 1369
1667780 1369
1667790 1366
1667800 1365
1667810 1365
1667820 1363
1667830 1361
1667840 1361
1667850 1360
1667860 1359
1667870 1359
1667880 1358
1667890 1357
1667900 1357
1667910 1356
1667920 1355
1667930 1355
1667940 1354
1667950 1353
1667960 1352
1667970 1352
1667980 1352
1667990 1352
1668000 1352
1668010 1351
1668020 1350
1668030 1350
1668040 1349
1668050 1348
1668060 1348
1668070 1346
1668080 1344
1668090 1344
1668100 1343
1668110 1342
1668120 1342
1668130 1340
1668140 1338
1668150 1338
1668160 1335
1668170 1333
1668180 1330
1668190 1330
1668200 1327
1668210 1323
1668220 1323
1668230 1321
1668240 1318
1668250 1318
1668260 1315
1668270 1313
1668280 1313
1668290 1310
1668300 1307
1668310 1307
1668320 1304
1668330 1301
1668340 1301
1668350 1298
1668360 1295
1668370 1295
1668380 1294
1668390 1291
1668400 1290
1668410 1290
1668420 1288
1668430 1286
1668440 1286
1668450 1285
1668460 1284
1668470 1284
1668480 1284
1668490 1284
1668500 1284
1668510 1282
1668520 1279
1668530 1279
1668540 1278
1668550 1276
1668560 1276
1668570 1275
1668580 1274
1668590 1274
1668600 1273
1668610 1272
1668620 1272
1668630 1272
1668640 1271
1668650 1271
1668660 1271
1668670 1271
1668680 1271
1668690 1271
1668700 1271
1668710 1271
1668720 1271
1668730 1271
1668740 1271
1668750 1271
1668760 1271
1668770 1271
1668780 1271
1668790 1272
1668800 1272
1668810 1272
1668820 1272
1668830 1273
1668840 1273
1668850 1273
1668860 1273
1668870 1273
1668880 1273
1668890 1272
1668900 1272
1668910 1272
1668920 1271
1668930 1271
1668940 1271
1668950 1273
1668960 1272
1668970 1272
1668980 1270
1668990 1269
1669000 1269
1669010 1268
1669020 1267
1669030 1267
1669040 1265
1669050 1263
1669060 1261
1669070 1261
1669080 1259
1669090 1258
1669100 1258
1669110 1256
1669120 1254
1669130 1254
1669140 1252
1669150 1251
1669160 1251
1669170 1251
1669180 1249
1669190 1249
1669200 1247
1669210 1245
1669220 1245
1669230 1244
1669240 1242
1669250 1242
1669260 1241
1669270 1240
1669280 1239
1669290 1239
1669300 1238
1669310 1237
1669320 1237
1669330 1236
1669340 1235
1669350 1235
1669360 1234
1669370 1233
1669380 1233
1669390 1232
1669400 1231
1669410 1231
1669420 1230
1669430 1227
1669440 1227
1669450 1226
1669460 1224
1669470 1224
1669480 1223
1669490 1221
1669500 1219
1669510 1219
1669520 1216
1669530 1214
1669540 1214
1669550 1212
1669560 1210
1669570 1210
1669580 1207
1669590 1204
1669600 1204
1669610 1203
1669620 1201
1669630 1201
1669640 1199
1669650 1198
1669660 1198
1669670 1197
1669680 1196
1669690 1196
1669700 1195
1669710 1193
1669720 1192
1669730 1192
1669740 1191
1669750 1190
1669760 1190
1669770 1190
1669780 1190
1669790 1190
1669800 1190
1669810 1191
1669820 1191
1669830 1191
1669840 1191
1669850 1191
1669860 1191
1669870 1190
1669880 1190
1669890 1190
1669900 1190
1669910 1190
1669920 1190
1669930 1189
1669940 1187
1669950 1187
1669960 1188
1669970 1188
1669980 1188
1669990 1189
1670000 1190
1670010 1190
1670020 1191
1670030 1191
1670040 1191
1670050 1193
1670060 1195
1670070 1195
1670080 1197
1670090 1198
1670100 1198
1670110 1199
1670120 1198
1670130 1198
1670140 1198
1670150 1199
1670160 1198
1670170 1198
1670180 1197
1670190 1197
1670200 1197
1670210 1196
1670220 1196
1670230 1196
1670240 1196
1670250 1196
1670260 1196
1670270 1195
1670280 1192
1670290 1192
1670300 1189
1670310 1186
1670320 1186
1670330 1183
1670340 1181
1670350 1181
1670360 1178
1670370 1176
1670380 1172
1670390 1172
1670400 1168
1670410 1166
1670420 1166
1670430 1163
1670440 1160
1670450 1160
1670460 1157
1670470 1154
1670480 1154
1670490 1151
1670500 1148
1670510 1148
1670520 1145
1670530 1144
1670540 1144
1670550 1141
1670560 1138
1670570 1138
1670580 1134
1670590 1130
1670600 1126
1670610 1126
1670620 1122
1670630 1117
1670640 1117
1670650 1113
1670660 1109
1670670 1109
1670680 1104
1670690 1099
1670700 1099
1670710 1097
1670720 1092
1670730 1092
1670740 1088
1670750 1084
1670760 1084
1670770 1080
1670780 1077
1670790 1077
1670800 1074
1670810 1072
1670820 1069
1670830 1069
1670840 1068
1670850 1067
1670860 1067
1670870 1065
1670880 1063
1670890 1063
1670900 1061
1670910 1057
1670920 1057
1670930 1054
1670940 1053
1670950 1053
1670960 1052
1670970 1052
1670980 1052
1670990 1050
1671000 1050
1671010 1050
1671020 1050
1671030 1050
1671040 1049
1671050 1049
1671060 1050
1671070 1049
1671080 1049
1671090 1049
1671100 1048
1671110 1048
1671120 1048
1671130 1048
1671140 1048
1671150 1046
1671160 1045
1671170 1045
1671180 1044
1671190 1043
1671200 1043
1671210 1041
1671220 1039
1671230 1039
1671240 1037
1671250 1035
1671260 1034
1671270 1034
1671280 1034
1671290 1032
1671300 1032
1671310 1029
1671320 1027
1671330 1027
1671340 1024
1671350 1022
1671360 1022
1671370 1020
1671380 1018
1671390 1018
1671400 1016
1671410 1013
1671420 1013
1671430 1011
1671440 1009
1671450 1009
1671460 1008
1671470 1006
1671480 1005
1671490 1005
1671500 1005
1671510 1004
1671520 1004
1671530 1003
1671540 1002
1671550 1002
1671560 1003
1671570 1001
1671580 1001
1671590 1000
1671600 999
1671610 999
1671620 999
1671630 1000
1671640 1000
1671650 1001
1671660 1001
1671670 1001
1671680 1000
1671690 999
1671700 997
1671710 997
1671720 997
1671730 996
1671740 996
1671750 995
1671760 995
1671770 995
1671780 994
1671790 993
1671800 993
1671810 992
1671820 990
1671830 990
1671840 988
1671850 985
1671860 985
1671870 983
1671880 980
1671890 980
1671900 978
1671910 976
1671920 973
1671930 973
1671940 971
1671950 969
1671960 969
1671970 966
1671980 963
1671990 963
1672000 960
1672010 958
1672020 958
1672030 955
1672040 952
1672050 952
1672060 950
1672070 946
1672080 946
1672090 944
1672100 940
1672110 940
1672120 937
1672130 935
1672140 932
1672150 932
1672160 932
1672170 931
1672180 931
1672190 930
1672200 929
1672210 929
1672220 928
1672230 926
1672240 926
1672250 925
1672260 925
1672270 925
1672280 923
1672290 922
1672300 922
1672310 920
1672320 919
1672330 919
1672340 917
1672350 915
1672360 913
1672370 913
1672380 910
1672390 908
1672400 908
1672410 908
1672420 906
1672430 906
1672440 904
1672450 902
1672460 902
1672470 899
1672480 897
1672490 897
1672500 895
1672510 894
1672520 894
1672530 892
1672540 889
1672550 889
1672560 886
1672570 884
1672580 879
1672590 879
1672600 878
1672610 876
1672620 876
1672630 872
1672640 871
1672650 871
1672660 868
1672670 865
1672680 865
1672690 863
1672700 860
1672710 860
1672720 859
1672730 858
1672740 858
1672750 857
1672760 856
1672770 856
1672780 855
1672790 854
1672800 851
1672810 851
1672820 849
1672830 847
1672840 847
1672850 846
1672860 845
1672870 845
1672880 845
1672890 844
1672900 844
1672910 843
1672920 842
1672930 842
1672940 840
1672950 839
1672960 839
1672970 838
1672980 837
1672990 837
1673000 836
1673010 836
1673020 834
1673030 834
1673040 833
1673050 832
1673060 832
1673070 831
1673080 831
1673090 831
1673100 830
1673110 829
1673120 829
1673130 828
1673140 827
1673150 827
1673160 826
1673170 825
1673180 825
1673190 823
1673200 822
1673210 822
1673220 820
1673230 819
1673240 817
1673250 817
1673260 816
1673270 814
1673280 814
1673290 812
1673300 810
1673310 810
1673320 808
1673330 807
1673340 807
1673350 807
1673360 805
1673370 805
1673380 804
1673390 803
1673400 803
1673410 802
1673420 801
1673430 801
1673440 801
1673450 800
1673460 800
1673470 800
1673480 799
1673490 800
1673500 800
1673510 800
1673520 800
1673530 800
1673540 798
1673550 803
1673560 803
1673570 805
1673580 806
1673590 806
1673600 808
1673610 809
1673620 809
1673630 810
1673640 811
1673650 811
1673660 812
1673670 811
1673680 811
1673690 811
1673700 810
1673710 811
1673720 811
1673730 812
1673740 813
1673750 813
1673760 813
1673770 814
1673780 814
1673790 815
1673800 814
1673810 814
1673820 813
1673830 812
1673840 812
1673850 811
1673860 812
1673870 812
1673880 811
1673890 811
1673900 811
1673910 811
1673920 812
1673930 812
1673940 812
1673950 812
1673960 811
1673970 811
1673980 811
1673990 810
1674000 810
1674010 808
1674020 807
1674030 807
1674040 807
1674050 806
1674060 806
1674070 805
1674080 805
1674090 805
1674100 804
1674110 803
1674120 801
1674130 801
1674140 799
1674150 797
1674160 797
1674170 795
1674180 793
1674190 793
1674200 792
1674210 789
1674220 789
1674230 787
1674240 783
1674250 783
1674260 783
1674270 779
1674280 779
1674290 776
1674300 774
1674310 774
1674320 773
1674330 771
1674340 770
1674350 770
1674360 770
1674370 769
1674380 769
1674390 770
1674400 770
1674410 770
1674420 771
1674430 771
1674440 771
1674450 771
1674460 771
1674470 771
1674480 772
1674490 773
1674500 773
1674510 774
1674520 775
1674530 775
1674540 775
1674550 775
1674560 774
1674570 774
1674580 774
1674590 775
1674600 775
1674610 776
1674620 776
1674630 776
1674640 777
1674650 778
1674660 778
1674670 779
1674680 780
1674690 780
1674700 782
1674710 785
1674720 785
1674730 788
1674740 792
1674750 792
1674760 796
1674770 802
1674780 805
1674790 805
1674800 809
1674810 809
1674820 809
1674830 809
1674840 809
1674850 809
1674860 810
1674870 810
1674880 810
1674890 811
1674900 811
1674910 811
1674920 810
1674930 810
1674940 810
1674950 809
1674960 809
1674970 809
1674980 808
1674990 808
1675000 808
1675010 808
1675020 809
1675030 810
1675040 810
1675050 811
1675060 813
1675070 813
1675080 814
1675090 815
1675100 815
1675110 818
1675120 820
1675130 820
1675140 821
1675150 822
1675160 822
1675170 823
1675180 823
1675190 823
1675200 824
1675210 825
1675220 826
1675230 826
1675240 827
1675250 828
1675260 828
1675270 828
1675280 829
1675290 829
1675300 830
1675310 830
1675320 830
1675330 831
1675340 831
1675350 831
1675360 831
1675370 831
1675380 831
1675390 831
1675400 831
1675410 831
1675420 831
1675430 832
1675440 833
1675450 833
1675460 833
1675470 833
1675480 833
1675490 834
1675500 834
1675510 834
1675520 834
1675530 835
1675540 835
1675550 835
1675560 836
1675570 836
1675580 837
1675590 837
1675600 837
1675610 838
1675620 839
1675630 839
1675640 840
1675650 841
1675660 841
1675670 841
1675680 842
1675690 842
1675700 842
1675710 842
1675720 841
1675730 841
1675740 841
1675750 840
1675760 840
1675770 840
1675780 839
1675790 839
1675800 837
1675810 836
1675820 836
1675830 835
1675840 834
1675850 834
1675860 833
1675870 831
1675880 829
1675890 829
1675900 827
1675910 826
1675920 826
1675930 824
1675940 822
1675950 822
1675960 820
1675970 818
1675980 818
1675990 817
1676000 815
1676010 815
1676020 813
1676030 811
1676040 811
1676050 809
1676060 807
1676070 807
1676080 806
1676090 805
1676100 803
1676110 803
1676120 802
1676130 801
1676140 801
1676150 798
1676160 796
1676170 796
1676180 794
1676190 793
1676200 793
1676210 793
1676220 793
1676230 793
1676240 792
1676250 789
1676260 789
1676270 787
1676280 786
1676290 786
1676300 783
1676310 779
1676320 777
1676330 777
1676340 776
1676350 772
1676360 772
1676370 768
1676380 763
1676390 763
1676400 759
1676410 753
1676420 753
1676430 749
1676440 744
1676450 744
1676460 739
1676470 734
1676480 734
1676490 728
1676500 724
1676510 724
1676520 717
1676530 711
1676540 704
1676550 704
1676560 697
1676570 691
1676580 691
1676590 684
1676600 678
1676610 678
1676620 670
1676630 662
1676640 662
1676650 653
1676660 653
1676670 653
1676680 644
1676690 637
1676700 637
1676710 629
1676720 623
1676730 623
1676740 619
1676750 613
1676760 608
1676770 608
1676780 599
1676790 588
1676800 588
1676810 585
1676820 580
1676830 580
1676840 568
1676850 563
1676860 563
1676870 537
1676880 540
1676890 540
1676900 537
1676910 530
1676920 530
1676930 522
1676940 516
1676950 516
1676960 514
1676970 509
1676980 510
1676990 510
1677000 510
1677010 510
1677020 510
1677030 511
1677040 512
1677050 512
1677060 508
1677070 508
1677080 508
1677090 507
1677100 507
1677110 507
1677120 507
1677130 510
1677140 510
1677150 512
1677160 512
1677170 512
1677180 512
1677190 509
1677200 495
1677210 495
1677220 494
1677230 495
1677240 495
1677250 495
1677260 494
1677270 494
1677280 494
1677290 494
1677300 494
1677310 495
1677320 499
1677330 499
1677340 494
1677350 494
1677360 494
1677370 493
1677380 490
1677390 490
1677400 493
1677410 499
1677420 499
1677430 499
1677440 501
1677450 507
1677460 507
1677470 513
1677480 519
1677490 519
1677500 525
1677510 530
1677520 530
1677530 535
1677540 540
1677550 540
1677560 544
1677570 551
1677580 551
1677590 558
1677600 565
1677610 565
1677620 572
1677630 579
1677640 585
1677650 585
1677660 592
1677670 598
1677680 598
1677690 604
1677700 611
1677710 611
1677720 619
1677730 630
1677740 630
1677750 645
1677760 646
1677770 646
1677780 652
1677790 662
1677800 662
1677810 673
1677820 683
1677830 683
1677840 691
1677850 695
1677860 701
1677870 701
1677880 706
1677890 709
1677900 709
1677910 712
1677920 715
1677930 715
1677940 718
1677950 719
1677960 719
1677970 720
1677980 722
1677990 722
1678000 723
1678010 723
1678020 723
1678030 723
1678040 724
1678050 724
1678060 725
1678070 725
1678080 725
1678090 725
1678100 724
1678110 721
1678120 721
1678130 716
1678140 711
1678150 711
1678160 705
1678170 700
1678180 700
1678190 695
1678200 689
1678210 689
1678220 683
1678230 676
1678240 676
1678250 669
1678260 662
1678270 662
1678280 656
1678290 649
1678300 644
1678310 644
1678320 638
1678330 632
1678340 632
1678350 627
1678360 622
1678370 622
1678380 617
1678390 611
1678400 611
1678410 605
1678420 599
1678430 599
1678440 594
1678450 587
1678460 587
1678470 583
1678480 578
1678490 578
1678500 572
1678510 567
1678520 564
1678530 564
1678540 562
1678550 558
1678560 558
1678570 553
1678580 552
1678590 552
1678600 550
1678610 553
1678620 553
1678630 555
1678640 560
1678650 560
1678660 565
1678670 571
1678680 571
1678690 577
1678700 580
1678710 580
1678720 586
1678730 586
1678740 586
1678750 586
1678760 585
1678770 584
1678780 584
1678790 583
1678800 581
1678810 581
1678820 581
1678830 581
1678840 581
1678850 582
1678860 583
1678870 583
1678880 584
1678890 585
1678900 585
1678910 587
1678920 590
1678930 590
1678940 594
1678950 599
1678960 604
1678970 604
1678980 609
1678990 614
1679000 614
1679010 618
1679020 623
1679030 623
1679040 627
1679050 632
1679060 632
1679070 635
1679080 638
1679090 638
1679100 639
1679110 638
1679120 638
1679130 637
1679140 635
1679150 635
1679160 631
1679170 628
1679180 626
1679190 626
1679200 625
1679210 623
1679220 623
1679230 621
1679240 618
1679250 618
1679260 615
1679270 612
1679280 612
1679290 609
1679300 607
1679310 607
1679320 603
1679330 599
1679340 599
1679350 594
1679360 588
1679370 588
1679380 582
1679390 577
1679400 572
1679410 572
1679420 568
1679430 565
1679440 565
1679450 563
1679460 560
1679470 560
1679480 555
1679490 551
1679500 551
1679510 546
1679520 541
1679530 541
1679540 536
1679550 533
1679560 533
1679570 527
1679580 525
1679590 525
1679600 520
1679610 517
1679620 515
1679630 515
1679640 514
1679650 513
1679660 513
1679670 515
1679680 515
1679690 515
1679700 515
1679710 515
1679720 515
1679730 513
1679740 513
1679750 513
1679760 510
1679770 510
1679780 510
1679790 510
1679800 512
1679810 512
1679820 517
1679830 523
1679840 528
1679850 528
1679860 530
1679870 533
1679880 533
1679890 538
1679900 543
1679910 543
1679920 547
1679930 551
1679940 551
1679950 554
1679960 557
1679970 557
1679980 561
1679990 564
