1660000 1512
1660010 1514
1660020 1514
1660030 1516
1660040 1518
1660050 1518
1660060 1520
1660070 1522
1660080 1522
1660090 1524
1660100 1526
1660110 1526
1660120 1528
1660130 1530
1660140 1530
1660150 1532
1660160 1533
1660170 1535
1660180 1535
1660190 1536
1660200 1537
1660210 1537
1660220 1538
1660230 1539
1660240 1539
1660250 1538
1660260 1538
1660270 1538
1660280 1536
1660290 1535
1660300 1535
1660310 1534
1660320 1534
1660330 1534
1660340 1533
1660350 1533
1660360 1533
1660370 1532
1660380 1534
1660390 1537
1660400 1537
1660410 1540
1660420 1542
1660430 1542
1660440 1545
1660450 1548
1660460 1548
1660470 1551
1660480 1554
1660490 1554
1660500 1557
1660510 1561
1660520 1561
1660530 1564
1660540 1568
1660550 1568
1660560 1572
1660570 1574
1660580 1574
1660590 1577
1660600 1578
1660610 1578
1660620 1578
1660630 1579
1660640 1581
1660650 1581
1660660 1582
1660670 1580
1660680 1580
1660690 1576
1660700 1571
1660710 1571
1660720 1566
1660730 1560
1660740 1560
1660750 1554
1660760 1549
1660770 1549
1660780 1543
1660790 1537
1660800 1537
1660810 1532
1660820 1525
1660830 1521
1660840 1521
1660850 1516
1660860 1512
1660870 1512
1660880 1509
1660890 1506
1660900 1506
1660910 1503
1660920 1499
1660930 1499
1660940 1495
1660950 1489
1660960 1489
1660970 1484
1660980 1479
1660990 1479
1661000 1473
1661010 1468
1661020 1468
1661030 1464
1661040 1459
1661050 1459
1661060 1454
1661070 1449
1661080 1445
1661090 1445
1661100 1441
1661110 1436
1661120 1436
1661130 1433
1661140 1430
1661150 1430
1661160 1426
1661170 1422
1661180 1422
1661190 1417
1661200 1412
1661210 1412
1661220 1408
1661230 1403
1661240 1403
1661250 1398
1661260 1392
1661270 1392
1661280 1385
1661290 1384
1661300 1380
1661310 1380
1661320 1376
1661330 1377
1661340 1377
1661350 1373
1661360 1372
1661370 1372
1661380 1372
1661390 1371
1661400 1371
1661410 1370
1661420 1370
1661430 1370
1661440 1368
1661450 1365
1661460 1365
1661470 1360
1661480 1353
1661490 1353
1661500 1345
1661510 1341
1661520 1332
1661530 1332
1661540 1325
1661550 1318
1661560 1318
1661570 1309
1661580 1305
1661590 1305
1661600 1298
1661610 1291
1661620 1291
1661630 1284
1661640 1278
1661650 1278
1661660 1271
1661670 1265
1661680 1265
1661690 1260
1661700 1254
1661710 1254
1661720 1248
1661730 1243
1661740 1237
1661750 1237
1661760 1232
1661770 1226
1661780 1226
1661790 1221
1661800 1216
1661810 1216
1661820 1210
1661830 1204
1661840 1204
1661850 1200
1661860 1195
1661870 1195
1661880 1189
1661890 1188
1661900 1188
1661910 1185
1661920 1188
1661930 1188
1661940 1196
1661950 1200
1661960 1203
1661970 1203
1661980 1206
1661990 1209
1662000 1209
1662010 1212
1662020 1216
1662030 1216
1662040 1219
1662050 1222
1662060 1222
1662070 1226
1662080 1230
1662090 1230
1662100 1233
1662110 1236
1662120 1236
1662130 1239
1662140 1242
1662150 1242
1662160 1246
1662170 1249
1662180 1250
1662190 1250
1662200 1255
1662210 1258
1662220 1258
1662230 1262
1662240 1265
1662250 1265
1662260 1268
1662270 1272
1662280 1272
1662290 1276
1662300 1280
1662310 1280
1662320 1285
1662330 1289
1662340 1289
1662350 1295
1662360 1299
1662370 1299
1662380 1303
1662390 1307
1662400 1310
1662410 1310
1662420 1311
1662430 1307
1662440 1307
1662450 1304
1662460 1300
1662470 1300
1662480 1294
1662490 1288
1662500 1288
1662510 1281
1662520 1275
1662530 1275
1662540 1270
1662550 1265
1662560 1265
1662570 1260
1662580 1253
1662590 1253
1662600 1251
1662610 1245
1662620 1240
1662630 1240
1662640 1235
1662650 1230
1662660 1230
1662670 1225
1662680 1220
1662690 1220
1662700 1215
1662710 1209
1662720 1209
1662730 1203
1662740 1198
1662750 1198
1662760 1192
1662770 1187
1662780 1187
1662790 1182
1662800 1176
1662810 1176
1662820 1171
1662830 1167
1662840 1162
1662850 1162
1662860 1158
1662870 1154
1662880 1154
1662890 1148
1662900 1147
1662910 1147
1662920 1149
1662930 1156
1662940 1156
1662950 1160
1662960 1164
1662970 1164
1662980 1167
1662990 1171
1663000 1171
1663010 1175
1663020 1179
1663030 1179
1663040 1183
1663050 1187
1663060 1191
1663070 1191
1663080 1194
1663090 1198
1663100 1198
1663110 1202
1663120 1206
1663130 1206
1663140 1209
1663150 1213
1663160 1213
1663170 1217
1663180 1220
1663190 1220
1663200 1222
1663210 1225
1663220 1225
1663230 1228
1663240 1231
1663250 1231
1663260 1234
1663270 1236
1663280 1239
1663290 1239
1663300 1242
1663310 1246
1663320 1246
1663330 1249
1663340 1252
1663350 1252
1663360 1255
1663370 1257
1663380 1257
1663390 1260
1663400 1262
1663410 1262
1663420 1263
1663430 1264
1663440 1264
1663450 1264
1663460 1263
1663470 1263
1663480 1263
1663490 1262
1663500 1260
1663510 1260
1663520 1259
1663530 1258
1663540 1258
1663550 1256
1663560 1254
1663570 1254
1663580 1252
1663590 1250
1663600 1250
1663610 1248
1663620 1245
1663630 1245
1663640 1243
1663650 1242
1663660 1242
1663670 1240
1663680 1236
1663690 1236
1663700 1236
1663710 1235
1663720 1234
1663730 1234
1663740 1232
1663750 1232
1663760 1232
1663770 1232
1663780 1234
1663790 1234
1663800 1237
1663810 1239
1663820 1239
1663830 1241
1663840 1243
1663850 1243
1663860 1245
1663870 1247
1663880 1247
1663890 1252
1663900 1255
1663910 1255
1663920 1258
1663930 1261
1663940 1264
1663950 1264
1663960 1266
1663970 1268
1663980 1268
1663990 1272
1664000 1275
1664010 1275
1664020 1278
1664030 1280
1664040 1280
1664050 1283
1664060 1285
1664070 1285
1664080 1287
1664090 1290
1664100 1290
1664110 1292
1664120 1295
1664130 1295
1664140 1298
1664150 1301
1664160 1304
1664170 1304
1664180 1306
1664190 1312
1664200 1312
1664210 1319
1664220 1313
1664230 1313
1664240 1308
1664250 1303
1664260 1303
1664270 1298
1664280 1291
1664290 1291
1664300 1284
1664310 1279
1664320 1279
1664330 1273
1664340 1268
1664350 1268
1664360 1262
1664370 1257
1664380 1250
1664390 1250
1664400 1244
1664410 1238
1664420 1238
1664430 1232
1664440 1225
1664450 1225
1664460 1219
1664470 1213
1664480 1213
1664490 1207
1664500 1202
1664510 1202
1664520 1197
1664530 1192
1664540 1192
1664550 1188
1664560 1184
1664570 1184
1664580 1181
1664590 1180
1664600 1179
1664610 1179
1664620 1177
1664630 1176
1664640 1176
1664650 1175
1664660 1173
1664670 1173
1664680 1173
1664690 1172
1664700 1172
1664710 1171
1664720 1170
1664730 1170
1664740 1169
1664750 1169
1664760 1169
1664770 1168
1664780 1168
1664790 1168
1664800 1168
1664810 1167
1664820 1167
1664830 1167
1664840 1166
1664850 1165
1664860 1165
1664870 1165
1664880 1165
1664890 1165
1664900 1164
1664910 1164
1664920 1164
1664930 1164
1664940 1163
1664950 1163
1664960 1164
1664970 1164
1664980 1164
1664990 1163
1665000 1161
1665010 1161
1665020 1159
1665030 1156
1665040 1156
1665050 1154
1665060 1152
1665070 1150
1665080 1150
1665090 1148
1665100 1145
1665110 1145
1665120 1143
1665130 1141
1665140 1141
1665150 1140
1665160 1138
1665170 1138
1665180 1138
1665190 1138
1665200 1138
1665210 1138
1665220 1139
1665230 1139
1665240 1141
1665250 1141
1665260 1141
1665270 1140
1665280 1139
1665290 1126
1665300 1126
1665310 1118
1665320 1109
1665330 1109
1665340 1100
1665350 1093
1665360 1093
1665370 1084
1665380 1077
1665390 1077
1665400 1069
1665410 1061
1665420 1061
1665430 1053
1665440 1047
1665450 1047
1665460 1040
1665470 1034
1665480 1034
1665490 1028
1665500 1022
1665510 1016
1665520 1016
1665530 1011
1665540 1005
1665550 1005
1665560 1000
1665570 995
1665580 995
1665590 987
1665600 982
1665610 982
1665620 978
1665630 981
1665640 981
1665650 986
1665660 990
1665670 990
1665680 994
1665690 997
1665700 997
1665710 1002
1665720 1009
1665730 1014
1665740 1014
1665750 1019
1665760 1024
1665770 1024
1665780 1029
1665790 1033
1665800 1033
1665810 1039
1665820 1046
1665830 1046
1665840 1052
1665850 1060
1665860 1060
1665870 1063
1665880 1068
1665890 1068
1665900 1073
1665910 1078
1665920 1078
1665930 1081
1665940 1084
1665950 1087
1665960 1087
1665970 1089
1665980 1087
1665990 1087
1666000 1082
1666010 1076
1666020 1076
1666030 1069
1666040 1063
1666050 1063
1666060 1056
1666070 1048
1666080 1048
1666090 1044
1666100 1038
1666110 1038
1666120 1034
1666130 1031
1666140 1031
1666150 1027
1666160 1026
1666170 1029
1666180 1029
1666190 1028
1666200 1030
1666210 1030
1666220 1034
1666230 1037
1666240 1037
1666250 1038
1666260 1041
1666270 1041
1666280 1043
1666290 1046
1666300 1046
1666310 1050
1666320 1055
1666330 1055
1666340 1060
1666350 1065
1666360 1065
1666370 1070
1666380 1075
1666390 1081
1666400 1081
1666410 1087
1666420 1093
1666430 1093
1666440 1098
1666450 1104
1666460 1104
1666470 1110
1666480 1115
1666490 1115
1666500 1121
1666510 1125
1666520 1125
1666530 1130
1666540 1135
1666550 1135
1666560 1139
1666570 1144
1666580 1144
1666590 1149
1666600 1153
1666610 1157
1666620 1157
1666630 1160
1666640 1163
1666650 1163
1666660 1164
1666670 1164
1666680 1164
1666690 1164
1666700 1164
1666710 1164
1666720 1164
1666730 1164
1666740 1164
1666750 1165
1666760 1165
1666770 1165
1666780 1165
1666790 1165
1666800 1165
1666810 1166
1666820 1167
1666830 1168
1666840 1168
1666850 1170
1666860 1171
1666870 1171
1666880 1171
1666890 1172
1666900 1172
1666910 1172
1666920 1173
1666930 1173
1666940 1175
1666950 1176
1666960 1176
1666970 1177
1666980 1178
1666990 1178
1667000 1180
1667010 1181
1667020 1181
1667030 1182
1667040 1184
1667050 1186
1667060 1186
1667070 1188
1667080 1191
1667090 1191
1667100 1193
1667110 1196
1667120 1196
1667130 1199
1667140 1201
1667150 1201
1667160 1204
1667170 1206
1667180 1206
1667190 1209
1667200 1211
1667210 1211
1667220 1214
1667230 1217
1667240 1217
1667250 1219
1667260 1221
1667270 1223
1667280 1223
1667290 1223
1667300 1223
1667310 1223
1667320 1222
1667330 1221
1667340 1221
1667350 1219
1667360 1217
1667370 1217
1667380 1215
1667390 1213
1667400 1213
1667410 1212
1667420 1210
1667430 1210
1667440 1208
1667450 1207
1667460 1207
1667470 1206
1667480 1204
1667490 1203
1667500 1203
1667510 1202
1667520 1201
1667530 1201
1667540 1200
1667550 1199
1667560 1199
1667570 1197
1667580 1195
1667590 1195
1667600 1192
1667610 1189
1667620 1189
1667630 1186
1667640 1183
1667650 1183
1667660 1179
1667670 1176
1667680 1176
1667690 1173
1667700 1172
1667710 1171
1667720 1171
1667730 1169
1667740 1167
1667750 1167
1667760 1166
1667770 1165
1667780 1165
1667790 1164
1667800 1164
1667810 1164
1667820 1164
1667830 1164
1667840 1164
1667850 1164
1667860 1164
1667870 1164
1667880 1163
1667890 1163
1667900 1163
1667910 1163
1667920 1163
1667930 1163
1667940 1163
1667950 1163
1667960 1163
1667970 1163
1667980 1162
1667990 1162
1668000 1162
1668010 1162
1668020 1161
1668030 1161
1668040 1161
1668050 1160
1668060 1160
1668070 1160
1668080 1159
1668090 1159
1668100 1159
1668110 1158
1668120 1158
1668130 1157
1668140 1156
1668150 1155
1668160 1155
1668170 1154
1668180 1153
1668190 1153
1668200 1151
1668210 1150
1668220 1150
1668230 1148
1668240 1148
1668250 1148
1668260 1144
1668270 1142
1668280 1142
1668290 1140
1668300 1138
1668310 1138
1668320 1134
1668330 1127
1668340 1127
1668350 1126
1668360 1119
1668370 1119
1668380 1115
1668390 1113
1668400 1114
1668410 1114
1668420 1114
1668430 1114
1668440 1114
1668450 1114
1668460 1114
1668470 1114
1668480 1114
1668490 1113
1668500 1113
1668510 1112
1668520 1110
1668530 1110
1668540 1109
1668550 1107
1668560 1107
1668570 1106
1668580 1104
1668590 1104
1668600 1103
1668610 1102
1668620 1101
1668630 1101
1668640 1100
1668650 1098
1668660 1098
1668670 1097
1668680 1095
1668690 1095
1668700 1094
1668710 1094
1668720 1094
1668730 1093
1668740 1092
1668750 1092
1668760 1091
1668770 1090
1668780 1090
1668790 1089
1668800 1088
1668810 1088
1668820 1086
1668830 1085
1668840 1084
1668850 1084
1668860 1082
1668870 1081
1668880 1081
1668890 1079
1668900 1078
1668910 1078
1668920 1077
1668930 1076
1668940 1076
1668950 1073
1668960 1071
1668970 1071
1668980 1068
1668990 1065
1669000 1065
1669010 1063
1669020 1061
1669030 1061
1669040 1058
1669050 1055
1669060 1052
1669070 1052
1669080 1049
1669090 1046
1669100 1046
1669110 1043
1669120 1040
1669130 1040
1669140 1036
1669150 1033
1669160 1033
1669170 1029
1669180 1024
1669190 1024
1669200 1020
1669210 1017
1669220 1017
1669230 1012
1669240 1005
1669250 1005
1669260 1000
1669270 995
1669280 990
1669290 990
1669300 986
1669310 981
1669320 981
1669330 977
1669340 972
1669350 972
1669360 967
1669370 961
1669380 961
1669390 951
1669400 951
1669410 951
1669420 950
1669430 949
1669440 949
1669450 949
1669460 948
1669470 948
1669480 948
1669490 948
1669500 945
1669510 945
1669520 944
1669530 944
1669540 944
1669550 945
1669560 946
1669570 946
1669580 947
1669590 949
1669600 949
1669610 953
1669620 956
1669630 956
1669640 952
1669650 949
1669660 949
1669670 949
1669680 950
1669690 950
1669700 952
1669710 954
1669720 955
1669730 955
1669740 958
1669750 959
1669760 959
1669770 959
1669780 959
1669790 959
1669800 961
1669810 962
1669820 962
1669830 963
1669840 962
1669850 962
1669860 961
1669870 961
1669880 961
1669890 960
1669900 959
1669910 959
1669920 957
1669930 952
1669940 947
1669950 947
1669960 940
1669970 935
1669980 935
1669990 928
1670000 923
1670010 923
1670020 920
1670030 917
1670040 917
1670050 915
1670060 918
1670070 918
1670080 919
1670090 918
1670100 918
1670110 913
1670120 908
1670130 908
1670140 903
1670150 899
1670160 895
1670170 895
1670180 890
1670190 885
1670200 885
1670210 881
1670220 877
1670230 877
1670240 869
1670250 867
1670260 867
1670270 858
1670280 852
1670290 852
1670300 846
1670310 839
1670320 839
1670330 832
1670340 829
1670350 829
1670360 828
1670370 821
1670380 816
1670390 816
1670400 818
1670410 817
1670420 817
1670430 811
1670440 804
1670450 804
1670460 801
1670470 800
1670480 800
1670490 800
1670500 803
1670510 803
1670520 804
1670530 807
1670540 807
1670550 809
1670560 809
1670570 809
1670580 810
1670590 811
1670600 813
1670610 813
1670620 814
1670630 816
1670640 816
1670650 817
1670660 819
1670670 819
1670680 821
1670690 821
1670700 821
1670710 821
1670720 819
1670730 819
1670740 819
1670750 822
1670760 822
1670770 821
1670780 820
1670790 820
1670800 823
1670810 825
1670820 828
1670830 828
1670840 821
1670850 821
1670860 821
1670870 815
1670880 816
1670890 816
1670900 823
1670910 827
1670920 827
1670930 834
1670940 839
1670950 839
1670960 841
1670970 842
1670980 842
1670990 844
1671000 845
1671010 845
1671020 843
1671030 838
1671040 837
1671050 837
1671060 833
1671070 827
1671080 827
1671090 822
1671100 817
1671110 817
1671120 811
1671130 803
1671140 803
1671150 799
1671160 795
1671170 795
1671180 794
1671190 796
1671200 796
1671210 799
1671220 794
1671230 794
1671240 791
1671250 789
1671260 786
1671270 786
1671280 782
1671290 777
1671300 777
1671310 768
1671320 765
1671330 765
1671340 763
1671350 755
1671360 755
1671370 751
1671380 752
1671390 752
1671400 749
1671410 749
1671420 749
1671430 743
1671440 737
1671450 737
1671460 731
1671470 726
1671480 723
1671490 723
1671500 718
1671510 710
1671520 710
1671530 704
1671540 695
1671550 695
1671560 692
1671570 689
1671580 689
1671590 692
1671600 700
1671610 700
1671620 706
1671630 708
1671640 708
1671650 711
1671660 715
1671670 715
1671680 716
1671690 712
1671700 708
1671710 708
1671720 703
1671730 699
1671740 699
1671750 695
1671760 693
1671770 693
1671780 693
1671790 693
1671800 693
1671810 695
1671820 699
1671830 699
1671840 702
1671850 708
1671860 708
1671870 707
1671880 700
1671890 700
1671900 695
1671910 686
1671920 679
1671930 679
1671940 672
1671950 666
1671960 666
1671970 658
1671980 652
1671990 652
1672000 647
1672010 646
1672020 646
1672030 645
1672040 642
1672050 642
1672060 645
1672070 656
1672080 656
1672090 662
1672100 669
1672110 669
1672120 676
1672130 681
1672140 681
1672150 683
1672160 679
1672170 674
1672180 674
1672190 676
1672200 679
1672210 679
1672220 681
1672230 682
1672240 682
1672250 682
1672260 684
1672270 684
1672280 686
1672290 688
1672300 688
1672310 690
1672320 692
1672330 692
1672340 696
1672350 698
1672360 698
1672370 700
1672380 704
1672390 708
1672400 708
1672410 712
1672420 715
1672430 715
1672440 717
1672450 716
1672460 716
1672470 712
1672480 708
1672490 708
1672500 705
1672510 702
1672520 702
1672530 708
1672540 710
1672550 710
1672560 713
1672570 715
1672580 715
1672590 719
1672600 722
1672610 725
1672620 725
1672630 727
1672640 727
1672650 727
1672660 726
1672670 726
1672680 726
1672690 729
1672700 731
1672710 731
1672720 737
1672730 742
1672740 742
1672750 747
1672760 755
1672770 755
1672780 759
1672790 767
1672800 767
1672810 773
1672820 777
1672830 783
1672840 783
1672850 788
1672860 792
1672870 792
1672880 797
1672890 802
1672900 802
1672910 806
1672920 812
1672930 812
1672940 816
1672950 820
1672960 820
1672970 824
1672980 828
1672990 828
1673000 831
1673010 836
1673020 836
1673030 839
1673040 841
1673050 846
1673060 846
1673070 848
1673080 851
1673090 851
1673100 854
1673110 857
1673120 857
1673130 858
1673140 860
1673150 860
1673160 861
1673170 862
1673180 862
1673190 863
1673200 864
1673210 864
1673220 865
1673230 866
1673240 866
1673250 866
1673260 867
1673270 868
1673280 868
1673290 869
1673300 869
1673310 869
1673320 869
1673330 868
1673340 868
1673350 867
1673360 866
1673370 866
1673380 864
1673390 863
1673400 863
1673410 859
1673420 855
1673430 855
1673440 850
1673450 845
1673460 845
1673470 840
1673480 839
1673490 841
1673500 841
1673510 844
1673520 848
1673530 848
1673540 851
1673550 853
1673560 853
1673570 855
1673580 857
1673590 857
1673600 858
1673610 859
1673620 859
1673630 858
1673640 859
1673650 859
1673660 857
1673670 856
1673680 856
1673690 854
1673700 853
1673710 850
1673720 850
1673730 848
1673740 843
1673750 843
1673760 840
1673770 838
1673780 838
1673790 838
1673800 839
1673810 839
1673820 839
1673830 840
1673840 840
1673850 841
1673860 842
1673870 842
1673880 842
1673890 843
1673900 843
1673910 844
1673920 844
1673930 844
1673940 844
1673950 843
1673960 843
1673970 843
1673980 841
1673990 837
1674000 837
1674010 833
1674020 831
1674030 831
1674040 830
1674050 831
1674060 831
1674070 832
1674080 833
1674090 833
1674100 834
1674110 834
1674120 834
1674130 834
1674140 834
1674150 835
1674160 835
1674170 837
1674180 832
1674190 832
1674200 832
1674210 832
1674220 832
1674230 832
1674240 831
1674250 831
1674260 830
1674270 826
1674280 826
1674290 823
1674300 821
1674310 821
1674320 818
1674330 815
1674340 815
1674350 812
1674360 810
1674370 806
1674380 806
1674390 803
1674400 800
1674410 800
1674420 798
1674430 796
1674440 796
1674450 797
1674460 798
1674470 798
1674480 800
1674490 801
1674500 801
1674510 801
1674520 801
1674530 801
1674540 801
1674550 801
1674560 801
1674570 801
1674580 801
1674590 801
1674600 801
1674610 801
1674620 800
1674630 800
1674640 800
1674650 799
1674660 799
1674670 798
1674680 796
1674690 796
1674700 794
1674710 794
1674720 794
1674730 792
1674740 791
1674750 791
1674760 789
1674770 787
1674780 787
1674790 786
1674800 784
1674810 782
1674820 782
1674830 779
1674840 776
1674850 776
1674860 773
1674870 769
1674880 769
1674890 765
1674900 764
1674910 764
1674920 757
1674930 754
1674940 754
1674950 750
1674960 747
1674970 747
1674980 745
1674990 738
1675000 738
1675010 736
1675020 735
1675030 734
1675040 734
1675050 733
1675060 731
1675070 731
1675080 730
1675090 729
1675100 729
1675110 725
1675120 721
1675130 721
1675140 718
1675150 715
1675160 715
1675170 712
1675180 709
1675190 709
1675200 706
1675210 704
1675220 704
1675230 700
1675240 698
1675250 698
1675260 698
1675270 696
1675280 694
1675290 694
1675300 692
1675310 691
1675320 691
1675330 687
1675340 685
1675350 685
1675360 683
1675370 680
1675380 680
1675390 677
1675400 673
1675410 673
1675420 669
1675430 665
1675440 665
1675450 660
1675460 656
1675470 650
1675480 650
1675490 641
1675500 635
1675510 635
1675520 629
1675530 624
1675540 624
1675550 621
1675560 615
1675570 615
1675580 607
1675590 601
1675600 601
1675610 600
1675620 592
1675630 592
1675640 587
1675650 585
1675660 585
1675670 583
1675680 580
1675690 575
1675700 575
1675710 572
1675720 567
1675730 567
1675740 563
1675750 557
1675760 557
1675770 547
1675780 542
1675790 542
1675800 537
1675810 532
1675820 532
1675830 531
1675840 530
1675850 530
1675860 529
1675870 529
1675880 529
1675890 528
1675900 527
1675910 527
1675920 526
1675930 526
1675940 525
1675950 525
1675960 523
1675970 525
1675980 525
1675990 531
1676000 537
1676010 537
1676020 542
1676030 546
1676040 546
1676050 552
1676060 556
1676070 556
1676080 560
1676090 557
1676100 557
1676110 552
1676120 550
1676130 550
1676140 547
1676150 544
1676160 536
1676170 536
1676180 530
1676190 530
1676200 530
1676210 532
1676220 540
1676230 540
1676240 545
1676250 552
1676260 552
1676270 558
1676280 564
1676290 564
1676300 572
1676310 581
1676320 581
1676330 587
1676340 593
1676350 593
1676360 605
1676370 615
1676380 618
1676390 618
1676400 623
1676410 627
1676420 627
1676430 633
1676440 640
1676450 640
1676460 651
1676470 658
1676480 658
1676490 665
1676500 677
1676510 677
1676520 688
1676530 697
1676540 697
1676550 706
1676560 714
1676570 714
1676580 716
1676590 716
1676600 715
1676610 715
1676620 712
1676630 708
1676640 708
1676650 703
1676660 699
1676670 699
1676680 693
1676690 687
1676700 687
1676710 682
1676720 676
1676730 676
1676740 670
1676750 663
1676760 663
1676770 657
1676780 651
1676790 651
1676800 647
1676810 652
1676820 657
1676830 657
1676840 661
1676850 665
1676860 665
1676870 669
1676880 672
1676890 672
1676900 673
1676910 675
1676920 675
1676930 678
1676940 681
1676950 681
1676960 684
1676970 686
1676980 686
1676990 690
1677000 693
1677010 693
1677020 695
1677030 698
1677040 702
1677050 702
1677060 704
1677070 707
1677080 707
1677090 708
1677100 710
1677110 710
1677120 714
1677130 717
1677140 717
1677150 719
1677160 723
1677170 723
1677180 725
1677190 727
1677200 727
1677210 728
1677220 731
1677230 731
1677240 732
1677250 733
1677260 735
1677270 735
1677280 736
1677290 737
1677300 737
1677310 738
1677320 740
1677330 740
1677340 741
1677350 742
1677360 742
1677370 743
1677380 744
1677390 744
1677400 745
1677410 745
1677420 745
1677430 746
1677440 745
1677450 745
1677460 746
1677470 744
1677480 743
1677490 743
1677500 742
1677510 738
1677520 738
1677530 734
1677540 731
1677550 731
1677560 731
1677570 730
1677580 730
1677590 729
1677600 729
1677610 729
1677620 728
1677630 727
1677640 727
1677650 725
1677660 722
1677670 722
1677680 718
1677690 714
1677700 711
1677710 711
1677720 708
1677730 705
1677740 705
1677750 702
1677760 699
1677770 699
1677780 697
1677790 694
1677800 694
1677810 691
1677820 687
1677830 687
1677840 682
1677850 677
1677860 677
1677870 674
1677880 671
1677890 671
1677900 666
1677910 663
1677920 662
1677930 662
1677940 659
1677950 657
1677960 657
1677970 653
1677980 648
1677990 648
1678000 641
1678010 639
1678020 639
1678030 644
1678040 648
1678050 648
1678060 654
1678070 659
1678080 659
1678090 663
1678100 669
1678110 669
1678120 674
1678130 679
1678140 685
1678150 685
1678160 690
1678170 694
1678180 694
1678190 698
1678200 702
1678210 702
1678220 706
1678230 710
1678240 710
1678250 714
1678260 717
1678270 717
1678280 721
1678290 725
1678300 725
1678310 729
1678320 732
1678330 732
1678340 735
1678350 737
1678360 737
1678370 737
1678380 737
1678390 738
1678400 738
1678410 738
1678420 739
1678430 739
1678440 740
1678450 741
1678460 741
1678470 743
1678480 744
1678490 744
1678500 744
1678510 745
1678520 745
1678530 746
1678540 747
1678550 747
1678560 748
1678570 750
1678580 751
1678590 751
1678600 751
1678610 751
1678620 751
1678630 750
1678640 753
1678650 753
1678660 757
1678670 762
1678680 762
1678690 766
1678700 770
1678710 770
1678720 774
1678730 778
1678740 778
1678750 783
1678760 787
1678770 787
1678780 792
1678790 797
1678800 801
1678810 801
1678820 804
1678830 807
1678840 807
1678850 808
1678860 807
1678870 807
1678880 804
1678890 800
1678900 800
1678910 796
1678920 791
1678930 791
1678940 787
1678950 783
1678960 783
1678970 779
1678980 775
1678990 775
1679000 771
1679010 767
1679020 763
1679030 763
1679040 760
1679050 758
1679060 758
1679070 756
1679080 754
1679090 754
1679100 751
1679110 748
1679120 748
1679130 745
1679140 742
1679150 742
1679160 738
1679170 735
1679180 735
1679190 731
1679200 724
1679210 724
1679220 718
1679230 713
1679240 709
1679250 709
1679260 708
1679270 705
1679280 705
1679290 706
1679300 703
1679310 703
1679320 699
1679330 695
1679340 695
1679350 693
1679360 693
1679370 693
1679380 689
1679390 686
1679400 686
1679410 682
1679420 678
1679430 678
1679440 672
1679450 669
1679460 665
1679470 665
1679480 662
1679490 661
1679500 661
1679510 659
1679520 659
1679530 659
1679540 658
1679550 656
1679560 656
1679570 654
1679580 651
1679590 651
1679600 645
1679610 636
1679620 636
1679630 640
1679640 645
1679650 645
1679660 650
1679670 653
1679680 653
1679690 655
1679700 656
1679710 658
1679720 658
1679730 659
1679740 662
1679750 662
1679760 664
1679770 667
1679780 667
1679790 670
1679800 672
1679810 672
1679820 674
1679830 670
1679840 670
1679850 668
1679860 665
1679870 665
1679880 668
1679890 670
1679900 670
1679910 676
1679920 682
1679930 687
1679940 687
1679950 693
1679960 699
1679970 699
1679980 704
1679990 709
