1660000 1501
1660010 1499
1660020 1499
1660030 1499
1660040 1498
1660050 1497
1660060 1497
1660070 1497
1660080 1497
1660090 1497
1660100 1498
1660110 1498
1660120 1498
1660130 1498
1660140 1497
1660150 1497
1660160 1497
1660170 1499
1660180 1499
1660190 1500
1660200 1501
1660210 1501
1660220 1503
1660230 1504
1660240 1504
1660250 1505
1660260 1506
1660270 1507
1660280 1507
1660290 1508
1660300 1508
1660310 1508
1660320 1509
1660330 1509
1660340 1509
1660350 1509
1660360 1508
1660370 1508
1660380 1507
1660390 1505
1660400 1505
1660410 1503
1660420 1501
1660430 1501
1660440 1499
1660450 1497
1660460 1497
1660470 1495
1660480 1494
1660490 1493
1660500 1493
1660510 1491
1660520 1491
1660530 1491
1660540 1490
1660550 1490
1660560 1490
1660570 1490
1660580 1489
1660590 1489
1660600 1488
1660610 1487
1660620 1487
1660630 1486
1660640 1486
1660650 1486
1660660 1485
1660670 1484
1660680 1484
1660690 1484
1660700 1484
1660710 1485
1660720 1485
1660730 1485
1660740 1484
1660750 1484
1660760 1484
1660770 1485
1660780 1485
1660790 1485
1660800 1485
1660810 1485
1660820 1486
1660830 1487
1660840 1487
1660850 1488
1660860 1489
1660870 1489
1660880 1490
1660890 1490
1660900 1490
1660910 1490
1660920 1492
1660930 1492
1660940 1492
1660950 1493
1660960 1493
1660970 1493
1660980 1494
1660990 1494
1661000 1494
1661010 1495
1661020 1495
1661030 1495
1661040 1496
1661050 1498
1661060 1498
1661070 1498
1661080 1501
1661090 1501
1661100 1501
1661110 1501
1661120 1501
1661130 1498
1661140 1493
1661150 1493
1661160 1488
1661170 1480
1661180 1478
1661190 1478
1661200 1470
1661210 1464
1661220 1464
1661230 1457
1661240 1451
1661250 1451
1661260 1445
1661270 1439
1661280 1439
1661290 1434
1661300 1428
1661310 1428
1661320 1423
1661330 1422
1661340 1422
1661350 1420
1661360 1416
1661370 1416
1661380 1413
1661390 1409
1661400 1404
1661410 1404
1661420 1401
1661430 1396
1661440 1396
1661450 1392
1661460 1386
1661470 1386
1661480 1382
1661490 1378
1661500 1378
1661510 1376
1661520 1378
1661530 1378
1661540 1379
1661550 1377
1661560 1377
1661570 1374
1661580 1370
1661590 1370
1661600 1371
1661610 1374
1661620 1376
1661630 1376
1661640 1377
1661650 1379
1661660 1379
1661670 1380
1661680 1381
1661690 1381
1661700 1382
1661710 1385
1661720 1385
1661730 1387
1661740 1392
1661750 1392
1661760 1396
1661770 1396
1661780 1396
1661790 1400
1661800 1402
1661810 1402
1661820 1406
1661830 1409
1661840 1411
1661850 1411
1661860 1414
1661870 1417
1661880 1417
1661890 1421
1661900 1423
1661910 1423
1661920 1423
1661930 1422
1661940 1422
1661950 1422
1661960 1423
1661970 1423
1661980 1423
1661990 1425
1662000 1425
1662010 1429
1662020 1431
1662030 1431
1662040 1433
1662050 1437
1662060 1441
1662070 1441
1662080 1446
1662090 1450
1662100 1450
1662110 1454
1662120 1456
1662130 1456
1662140 1459
1662150 1464
1662160 1464
1662170 1467
1662180 1471
1662190 1471
1662200 1474
1662210 1476
1662220 1476
1662230 1477
1662240 1478
1662250 1478
1662260 1480
1662270 1483
1662280 1485
1662290 1485
1662300 1487
1662310 1490
1662320 1490
1662330 1490
1662340 1491
1662350 1491
1662360 1491
1662370 1493
1662380 1493
1662390 1493
1662400 1493
1662410 1493
1662420 1492
1662430 1490
1662440 1490
1662450 1488
1662460 1485
1662470 1485
1662480 1483
1662490 1480
1662500 1480
1662510 1477
1662520 1474
1662530 1471
1662540 1471
1662550 1468
1662560 1465
1662570 1465
1662580 1461
1662590 1459
1662600 1459
1662610 1454
1662620 1450
1662630 1450
1662640 1446
1662650 1443
1662660 1443
1662670 1440
1662680 1436
1662690 1436
1662700 1432
1662710 1428
1662720 1428
1662730 1425
1662740 1423
1662750 1419
1662760 1419
1662770 1416
1662780 1413
1662790 1413
1662800 1410
1662810 1407
1662820 1407
1662830 1406
1662840 1406
1662850 1406
1662860 1407
1662870 1408
1662880 1408
1662890 1409
1662900 1410
1662910 1410
1662920 1411
1662930 1411
1662940 1411
1662950 1412
1662960 1413
1662970 1414
1662980 1414
1662990 1414
1663000 1414
1663010 1414
1663020 1414
1663030 1413
1663040 1413
1663050 1411
1663060 1409
1663070 1409
1663080 1407
1663090 1405
1663100 1405
1663110 1402
1663120 1398
1663130 1398
1663140 1395
1663150 1392
1663160 1392
1663170 1389
1663180 1384
1663190 1382
1663200 1382
1663210 1378
1663220 1374
1663230 1374
1663240 1370
1663250 1367
1663260 1367
1663270 1363
1663280 1360
1663290 1360
1663300 1355
1663310 1350
1663320 1350
1663330 1346
1663340 1342
1663350 1342
1663360 1339
1663370 1336
1663380 1336
1663390 1332
1663400 1330
1663410 1327
1663420 1327
1663430 1325
1663440 1322
1663450 1322
1663460 1317
1663470 1313
1663480 1313
1663490 1310
1663500 1307
1663510 1307
1663520 1303
1663530 1300
1663540 1300
1663550 1297
1663560 1294
1663570 1294
1663580 1290
1663590 1287
1663600 1287
1663610 1284
1663620 1284
1663630 1285
1663640 1285
1663650 1286
1663660 1286
1663670 1286
1663680 1287
1663690 1289
1663700 1289
1663710 1290
1663720 1293
1663730 1293
1663740 1295
1663750 1297
1663760 1297
1663770 1299
1663780 1303
1663790 1303
1663800 1306
1663810 1309
1663820 1309
1663830 1312
1663840 1316
1663850 1316
1663860 1319
1663870 1322
1663880 1325
1663890 1325
1663900 1329
1663910 1331
1663920 1331
1663930 1333
1663940 1334
1663950 1334
1663960 1335
1663970 1335
1663980 1335
1663990 1334
1664000 1333
1664010 1333
1664020 1333
1664030 1332
1664040 1332
1664050 1330
1664060 1329
1664070 1329
1664080 1328
1664090 1327
1664100 1326
1664110 1326
1664120 1326
1664130 1326
1664140 1326
1664150 1327
1664160 1328
1664170 1328
1664180 1327
1664190 1325
1664200 1325
1664210 1321
1664220 1317
1664230 1317
1664240 1314
1664250 1312
1664260 1312
1664270 1307
1664280 1303
1664290 1303
1664300 1300
1664310 1298
1664320 1296
1664330 1296
1664340 1294
1664350 1292
1664360 1292
1664370 1290
1664380 1288
1664390 1288
1664400 1286
1664410 1284
1664420 1284
1664430 1282
1664440 1281
1664450 1281
1664460 1280
1664470 1278
1664480 1278
1664490 1279
1664500 1281
1664510 1281
1664520 1284
1664530 1286
1664540 1284
1664550 1284
1664560 1282
1664570 1280
1664580 1280
1664590 1277
1664600 1274
1664610 1274
1664620 1272
1664630 1270
1664640 1270
1664650 1269
1664660 1266
1664670 1266
1664680 1259
1664690 1252
1664700 1252
1664710 1247
1664720 1243
1664730 1243
1664740 1238
1664750 1235
1664760 1231
1664770 1231
1664780 1227
1664790 1224
1664800 1224
1664810 1221
1664820 1220
1664830 1220
1664840 1218
1664850 1216
1664860 1216
1664870 1213
1664880 1210
1664890 1210
1664900 1207
1664910 1203
1664920 1203
1664930 1199
1664940 1196
1664950 1196
1664960 1194
1664970 1192
1664980 1191
1664990 1191
1665000 1189
1665010 1188
1665020 1188
1665030 1188
1665040 1188
1665050 1188
1665060 1188
1665070 1188
1665080 1188
1665090 1190
1665100 1193
1665110 1193
1665120 1192
1665130 1191
1665140 1191
1665150 1190
1665160 1190
1665170 1190
1665180 1186
1665190 1183
1665200 1183
1665210 1182
1665220 1181
1665230 1180
1665240 1180
1665250 1180
1665260 1179
1665270 1179
1665280 1181
1665290 1181
1665300 1181
1665310 1182
1665320 1184
1665330 1184
1665340 1188
1665350 1183
1665360 1183
1665370 1184
1665380 1183
1665390 1183
1665400 1192
1665410 1190
1665420 1190
1665430 1188
1665440 1189
1665450 1188
1665460 1188
1665470 1187
1665480 1185
1665490 1185
1665500 1183
1665510 1180
1665520 1180
1665530 1178
1665540 1174
1665550 1174
1665560 1171
1665570 1167
1665580 1167
1665590 1163
1665600 1159
1665610 1159
1665620 1154
1665630 1147
1665640 1147
1665650 1140
1665660 1135
1665670 1130
1665680 1130
1665690 1124
1665700 1119
1665710 1119
1665720 1116
1665730 1112
1665740 1112
1665750 1109
1665760 1108
1665770 1108
1665780 1105
1665790 1102
1665800 1102
1665810 1099
1665820 1096
1665830 1096
1665840 1094
1665850 1094
1665860 1094
1665870 1093
1665880 1092
1665890 1091
1665900 1091
1665910 1089
1665920 1089
1665930 1089
1665940 1088
1665950 1088
1665960 1088
1665970 1087
1665980 1086
1665990 1086
1666000 1085
1666010 1085
1666020 1085
1666030 1085
1666040 1085
1666050 1085
1666060 1085
1666070 1085
1666080 1085
1666090 1086
1666100 1088
1666110 1090
1666120 1090
1666130 1093
1666140 1096
1666150 1096
1666160 1099
1666170 1101
1666180 1101
1666190 1102
1666200 1104
1666210 1104
1666220 1105
1666230 1105
1666240 1105
1666250 1106
1666260 1108
1666270 1108
1666280 1109
1666290 1111
1666300 1111
1666310 1110
1666320 1108
1666330 1104
1666340 1104
1666350 1101
1666360 1100
1666370 1100
1666380 1099
1666390 1097
1666400 1097
1666410 1093
1666420 1094
1666430 1094
1666440 1093
1666450 1090
1666460 1090
1666470 1089
1666480 1087
1666490 1087
1666500 1085
1666510 1081
1666520 1081
1666530 1079
1666540 1077
1666550 1077
1666560 1075
1666570 1072
1666580 1071
1666590 1071
1666600 1069
1666610 1067
1666620 1067
1666630 1064
1666640 1063
1666650 1063
1666660 1060
1666670 1058
1666680 1058
1666690 1055
1666700 1050
1666710 1050
1666720 1050
1666730 1047
1666740 1047
1666750 1044
1666760 1042
1666770 1042
1666780 1038
1666790 1033
1666800 1029
1666810 1029
1666820 1023
1666830 1018
1666840 1018
1666850 1012
1666860 1007
1666870 1007
1666880 1001
1666890 997
1666900 997
1666910 992
1666920 987
1666930 987
1666940 981
1666950 977
1666960 977
1666970 972
1666980 970
1666990 970
1667000 967
1667010 964
1667020 960
1667030 960
1667040 957
1667050 955
1667060 955
1667070 953
1667080 951
1667090 951
1667100 950
1667110 948
1667120 948
1667130 945
1667140 942
1667150 942
1667160 939
1667170 935
1667180 935
1667190 930
1667200 928
1667210 928
1667220 923
1667230 920
1667240 914
1667250 914
1667260 911
1667270 908
1667280 908
1667290 903
1667300 897
1667310 897
1667320 893
1667330 892
1667340 892
1667350 895
1667360 903
1667370 903
1667380 906
1667390 910
1667400 910
1667410 915
1667420 920
1667430 920
1667440 925
1667450 930
1667460 936
1667470 936
1667480 941
1667490 944
1667500 944
1667510 952
1667520 960
1667530 960
1667540 969
1667550 970
1667560 970
1667570 970
1667580 966
1667590 966
1667600 961
1667610 953
1667620 953
1667630 946
1667640 941
1667650 941
1667660 936
1667670 932
1667680 929
1667690 929
1667700 927
1667710 926
1667720 926
1667730 925
1667740 925
1667750 925
1667760 927
1667770 928
1667780 928
1667790 929
1667800 931
1667810 931
1667820 932
1667830 934
1667840 934
1667850 939
1667860 943
1667870 943
1667880 947
1667890 951
1667900 951
1667910 957
1667920 963
1667930 967
1667940 967
1667950 973
1667960 977
1667970 977
1667980 982
1667990 986
1668000 986
1668010 990
1668020 994
1668030 994
1668040 998
1668050 1000
1668060 1000
1668070 1002
1668080 1004
1668090 1004
1668100 1006
1668110 1007
1668120 1007
1668130 1007
1668140 1008
1668150 1009
1668160 1009
1668170 1009
1668180 1009
1668190 1009
1668200 1009
1668210 1008
1668220 1008
1668230 1006
1668240 1005
1668250 1005
1668260 1002
1668270 997
1668280 997
1668290 992
1668300 986
1668310 986
1668320 980
1668330 974
1668340 974
1668350 967
1668360 959
1668370 952
1668380 952
1668390 944
1668400 937
1668410 937
1668420 930
1668430 923
1668440 923
1668450 917
1668460 912
1668470 912
1668480 906
1668490 900
1668500 900
1668510 894
1668520 889
1668530 889
1668540 882
1668550 875
1668560 875
1668570 873
1668580 866
1668590 872
1668600 872
1668610 875
1668620 879
1668630 879
1668640 882
1668650 884
1668660 884
1668670 889
1668680 891
1668690 891
1668700 891
1668710 888
1668720 888
1668730 888
1668740 883
1668750 883
1668760 878
1668770 873
1668780 873
1668790 868
1668800 866
1668810 863
1668820 863
1668830 859
1668840 857
1668850 857
1668860 856
1668870 855
1668880 855
1668890 851
1668900 848
1668910 848
1668920 845
1668930 840
1668940 840
1668950 833
1668960 826
1668970 826
1668980 821
1668990 820
1669000 820
1669010 823
1669020 825
1669030 823
1669040 823
1669050 824
1669060 826
1669070 826
1669080 830
1669090 834
1669100 834
1669110 838
1669120 845
1669130 845
1669140 853
1669150 859
1669160 859
1669170 866
1669180 873
1669190 873
1669200 880
1669210 886
1669220 886
1669230 887
1669240 885
1669250 882
1669260 882
1669270 879
1669280 877
1669290 877
1669300 875
1669310 873
1669320 873
1669330 873
1669340 872
1669350 872
1669360 874
1669370 877
1669380 877
1669390 878
1669400 883
1669410 883
1669420 888
1669430 891
1669440 891
1669450 898
1669460 912
1669470 912
1669480 920
1669490 923
1669500 926
1669510 926
1669520 924
1669530 925
1669540 925
1669550 921
1669560 919
1669570 919
1669580 917
1669590 917
1669600 917
1669610 919
1669620 918
1669630 918
1669640 918
1669650 918
1669660 918
1669670 921
1669680 920
1669690 920
1669700 921
1669710 915
1669720 915
1669730 915
1669740 917
1669750 916
1669760 916
1669770 911
1669780 907
1669790 907
1669800 902
1669810 897
1669820 897
1669830 893
1669840 889
1669850 889
1669860 884
1669870 878
1669880 878
1669890 874
1669900 870
1669910 870
1669920 865
1669930 859
1669940 854
1669950 854
1669960 848
1669970 843
1669980 843
1669990 840
1670000 834
1670010 834
1670020 829
1670030 824
1670040 824
1670050 819
1670060 814
1670070 814
1670080 808
1670090 803
1670100 803
1670110 797
1670120 792
1670130 792
1670140 788
1670150 783
1670160 778
1670170 778
1670180 774
1670190 769
1670200 769
1670210 765
1670220 760
1670230 760
1670240 753
1670250 747
1670260 747
1670270 745
1670280 744
1670290 744
1670300 746
1670310 747
1670320 747
1670330 752
1670340 754
1670350 754
1670360 758
1670370 762
1670380 766
1670390 766
1670400 768
1670410 770
1670420 770
1670430 774
1670440 782
1670450 782
1670460 790
1670470 799
1670480 799
1670490 804
1670500 807
1670510 807
1670520 809
1670530 811
1670540 811
1670550 815
1670560 819
1670570 819
1670580 823
1670590 825
1670600 830
1670610 830
1670620 834
1670630 838
1670640 838
1670650 841
1670660 843
1670670 843
1670680 844
1670690 844
1670700 844
1670710 843
1670720 840
1670730 840
1670740 838
1670750 837
1670760 837
1670770 835
1670780 833
1670790 833
1670800 835
1670810 839
1670820 839
1670830 842
1670840 839
1670850 832
1670860 832
1670870 825
1670880 821
1670890 821
1670900 816
1670910 812
1670920 812
1670930 812
1670940 808
1670950 808
1670960 805
1670970 802
1670980 802
1670990 803
1671000 806
1671010 806
1671020 809
1671030 806
1671040 806
1671050 804
1671060 799
1671070 797
1671080 797
1671090 798
1671100 804
1671110 804
1671120 807
1671130 809
1671140 809
1671150 811
1671160 815
1671170 815
1671180 818
1671190 822
1671200 822
1671210 825
1671220 829
1671230 829
1671240 836
1671250 839
1671260 839
1671270 842
1671280 846
1671290 849
1671300 849
1671310 852
1671320 854
1671330 854
1671340 858
1671350 862
1671360 862
1671370 865
1671380 870
1671390 870
1671400 874
1671410 877
1671420 877
1671430 881
1671440 883
1671450 883
1671460 887
1671470 890
1671480 890
1671490 894
1671500 897
1671510 901
1671520 901
1671530 904
1671540 907
1671550 907
1671560 910
1671570 912
1671580 912
1671590 916
1671600 920
1671610 920
1671620 924
1671630 929
1671640 929
1671650 932
1671660 936
1671670 936
1671680 941
1671690 945
1671700 945
1671710 949
1671720 955
1671730 959
1671740 959
1671750 963
1671760 964
1671770 964
1671780 966
1671790 967
1671800 967
1671810 970
1671820 972
1671830 972
1671840 975
1671850 977
1671860 977
1671870 981
1671880 985
1671890 985
1671900 988
1671910 991
1671920 991
1671930 993
1671940 995
1671950 997
1671960 997
1671970 998
1671980 999
1671990 999
1672000 1000
1672010 1001
1672020 1001
1672030 1001
1672040 1002
1672050 1002
1672060 1003
1672070 1004
1672080 1004
1672090 1005
1672100 1006
1672110 1006
1672120 1007
1672130 1008
1672140 1008
1672150 1009
1672160 1011
1672170 1011
1672180 1012
1672190 1013
1672200 1014
1672210 1014
1672220 1016
1672230 1017
1672240 1017
1672250 1018
1672260 1020
1672270 1020
1672280 1022
1672290 1023
1672300 1023
1672310 1024
1672320 1025
1672330 1025
1672340 1027
1672350 1028
1672360 1027
1672370 1029
1672380 1030
1672390 1030
1672400 1030
1672410 1030
1672420 1030
1672430 1030
1672440 1028
1672450 1026
1672460 1026
1672470 1024
1672480 1022
1672490 1022
1672500 1020
1672510 1018
1672520 1018
1672530 1017
1672540 1015
1672550 1015
1672560 1014
1672570 1013
1672580 1013
1672590 1011
1672600 1010
1672610 1010
1672620 1009
1672630 1009
1672640 1008
1672650 1008
1672660 1008
1672670 1007
1672680 1007
1672690 1006
1672700 1004
1672710 1004
1672720 1004
1672730 1004
1672740 1004
1672750 1005
1672760 1005
1672770 1005
1672780 1005
1672790 1004
1672800 1004
1672810 1004
1672820 1002
1672830 1002
1672840 1001
1672850 999
1672860 997
1672870 997
1672880 995
1672890 993
1672900 993
1672910 991
1672920 989
1672930 989
1672940 986
1672950 984
1672960 984
1672970 983
1672980 981
1672990 981
1673000 979
1673010 977
1673020 977
1673030 974
1673040 972
1673050 972
1673060 969
1673070 967
1673080 964
1673090 964
1673100 961
1673110 959
1673120 959
1673130 957
1673140 956
1673150 956
1673160 956
1673170 955
1673180 955
1673190 954
1673200 952
1673210 952
1673220 949
1673230 946
1673240 946
1673250 943
1673260 939
1673270 939
1673280 935
1673290 929
1673300 924
1673310 924
1673320 920
1673330 916
1673340 916
1673350 911
1673360 907
1673370 907
1673380 902
1673390 896
1673400 896
1673410 890
1673420 885
1673430 885
1673440 880
1673450 875
1673460 875
1673470 870
1673480 866
1673490 866
1673500 862
1673510 857
1673520 857
1673530 853
1673540 845
1673550 838
1673560 838
1673570 831
1673580 823
1673590 823
1673600 816
1673610 808
1673620 808
1673630 812
1673640 818
1673650 818
1673660 827
1673670 830
1673680 830
1673690 832
1673700 833
1673710 833
1673720 834
1673730 834
1673740 834
1673750 833
1673760 833
1673770 832
1673780 832
1673790 831
1673800 830
1673810 830
1673820 829
1673830 828
1673840 828
1673850 827
1673860 827
1673870 827
1673880 827
1673890 828
1673900 828
1673910 829
1673920 830
1673930 830
1673940 829
1673950 823
1673960 823
1673970 821
1673980 816
1673990 811
1674000 811
1674010 806
1674020 802
1674030 802
1674040 797
1674050 791
1674060 791
1674070 785
1674080 777
1674090 777
1674100 772
1674110 765
1674120 765
1674130 759
1674140 754
1674150 754
1674160 747
1674170 747
1674180 747
1674190 743
1674200 740
1674210 737
1674220 737
1674230 733
1674240 731
1674250 731
1674260 730
1674270 730
1674280 730
1674290 724
1674300 718
1674310 718
1674320 710
1674330 703
1674340 703
1674350 695
1674360 688
1674370 688
1674380 680
1674390 674
1674400 674
1674410 667
1674420 661
1674430 652
1674440 652
1674450 651
1674460 655
1674470 655
1674480 657
1674490 659
1674500 659
1674510 660
1674520 661
1674530 661
1674540 661
1674550 659
1674560 659
1674570 657
1674580 656
1674590 656
1674600 653
1674610 649
1674620 649
1674630 646
1674640 643
1674650 640
1674660 640
1674670 637
1674680 634
1674690 634
1674700 631
1674710 628
1674720 628
1674730 625
1674740 622
1674750 622
1674760 620
1674770 614
1674780 614
1674790 609
1674800 606
1674810 606
1674820 603
1674830 604
1674840 604
1674850 605
1674860 606
1674870 606
1674880 610
1674890 614
1674900 620
1674910 620
1674920 620
1674930 616
1674940 616
1674950 611
1674960 609
1674970 609
1674980 609
1674990 615
1675000 615
1675010 624
1675020 629
1675030 629
1675040 636
1675050 643
1675060 643
1675070 648
1675080 654
1675090 654
1675100 660
1675110 666
1675120 671
1675130 671
1675140 677
1675150 684
1675160 684
1675170 688
1675180 695
1675190 695
1675200 701
1675210 707
1675220 707
1675230 713
1675240 717
1675250 717
1675260 722
1675270 727
1675280 727
1675290 732
1675300 736
1675310 736
1675320 739
1675330 743
1675340 748
1675350 748
1675360 752
1675370 757
1675380 757
1675390 760
1675400 764
1675410 764
1675420 768
1675430 770
1675440 770
1675450 771
1675460 772
1675470 772
1675480 772
1675490 773
1675500 773
1675510 773
1675520 773
1675530 773
1675540 773
1675550 773
1675560 772
1675570 772
1675580 771
1675590 769
1675600 769
1675610 768
1675620 764
1675630 764
1675640 761
1675650 757
1675660 757
1675670 753
1675680 749
1675690 749
1675700 743
1675710 737
1675720 737
1675730 731
1675740 726
1675750 726
1675760 721
1675770 718
1675780 713
1675790 713
1675800 708
1675810 704
1675820 704
1675830 698
1675840 691
1675850 691
1675860 694
1675870 697
1675880 697
1675890 699
1675900 701
1675910 701
1675920 704
1675930 706
1675940 706
1675950 710
1675960 712
1675970 712
1675980 715
1675990 718
1676000 721
1676010 721
1676020 724
1676030 727
1676040 727
1676050 731
1676060 735
1676070 735
1676080 737
1676090 738
1676100 738
1676110 740
1676120 741
1676130 741
1676140 742
1676150 741
1676160 741
1676170 738
1676180 734
1676190 734
1676200 732
1676210 731
1676220 731
1676230 730
1676240 728
1676250 726
1676260 726
1676270 725
1676280 724
1676290 724
1676300 722
1676310 720
1676320 720
1676330 717
1676340 714
1676350 714
1676360 711
1676370 708
1676380 708
1676390 705
1676400 702
1676410 702
1676420 697
1676430 694
1676440 694
1676450 689
1676460 684
1676470 680
1676480 680
1676490 674
1676500 667
1676510 667
1676520 658
1676530 663
1676540 663
1676550 658
1676560 664
1676570 664
1676580 673
1676590 678
1676600 678
1676610 680
1676620 681
1676630 681
1676640 685
1676650 687
1676660 687
1676670 688
1676680 690
1676690 691
1676700 691
1676710 692
1676720 694
1676730 694
1676740 692
1676750 694
1676760 694
1676770 697
1676780 700
1676790 700
1676800 699
1676810 704
1676820 704
1676830 706
1676840 707
1676850 707
1676860 707
1676870 710
1676880 710
1676890 713
1676900 714
1676910 715
1676920 715
1676930 715
1676940 716
1676950 716
1676960 719
1676970 723
1676980 723
1676990 726
1677000 732
1677010 732
1677020 736
1677030 741
1677040 741
1677050 745
1677060 749
1677070 749
1677080 752
1677090 757
1677100 757
1677110 761
1677120 764
1677130 765
1677140 765
1677150 768
1677160 771
1677170 771
1677180 774
1677190 778
1677200 778
1677210 780
1677220 785
1677230 785
1677240 790
1677250 793
1677260 793
1677270 796
1677280 799
1677290 799
1677300 803
1677310 809
1677320 809
1677330 813
1677340 818
1677350 822
1677360 822
1677370 827
1677380 832
1677390 832
1677400 835
1677410 839
1677420 839
1677430 843
1677440 846
1677450 846
1677460 849
1677470 852
1677480 852
1677490 851
1677500 849
1677510 849
1677520 846
1677530 842
1677540 842
1677550 840
1677560 837
1677570 837
1677580 833
1677590 830
1677600 826
1677610 826
1677620 823
1677630 820
1677640 820
1677650 816
1677660 813
1677670 813
1677680 808
1677690 804
1677700 804
1677710 802
1677720 798
1677730 798
1677740 796
1677750 793
1677760 793
1677770 789
1677780 784
1677790 784
1677800 781
1677810 778
1677820 775
1677830 775
1677840 773
1677850 770
1677860 770
1677870 768
1677880 766
1677890 766
1677900 761
1677910 757
1677920 757
1677930 750
1677940 748
1677950 748
1677960 744
1677970 742
1677980 742
1677990 741
1678000 741
1678010 741
1678020 741
1678030 739
1678040 738
1678050 738
1678060 737
1678070 736
1678080 736
1678090 736
1678100 735
1678110 735
1678120 734
1678130 732
1678140 732
1678150 730
1678160 727
1678170 727
1678180 725
1678190 723
1678200 723
1678210 720
1678220 717
1678230 717
1678240 711
1678250 705
1678260 700
1678270 700
1678280 693
1678290 687
1678300 687
1678310 681
1678320 676
1678330 676
1678340 671
1678350 671
1678360 671
1678370 677
1678380 683
1678390 683
1678400 689
1678410 695
1678420 695
1678430 701
1678440 706
1678450 706
1678460 709
1678470 712
1678480 713
1678490 713
1678500 713
1678510 714
1678520 714
1678530 714
1678540 714
1678550 714
1678560 712
1678570 710
1678580 710
1678590 710
1678600 708
1678610 708
1678620 706
1678630 705
1678640 705
1678650 705
1678660 703
1678670 703
1678680 702
1678690 701
1678700 700
1678710 700
1678720 700
1678730 700
1678740 700
1678750 699
1678760 699
1678770 699
1678780 698
1678790 696
1678800 696
1678810 693
1678820 690
1678830 690
1678840 686
1678850 683
1678860 683
1678870 681
1678880 680
1678890 680
1678900 679
1678910 676
1678920 676
1678930 675
1678940 675
1678950 672
1678960 672
1678970 669
1678980 667
1678990 667
1679000 664
1679010 661
1679020 661
1679030 657
1679040 652
1679050 652
1679060 648
1679070 645
1679080 645
1679090 641
1679100 639
1679110 639
1679120 635
1679130 632
1679140 632
1679150 627
1679160 623
1679170 617
1679180 617
1679190 615
1679200 611
1679210 611
1679220 606
1679230 603
1679240 603
1679250 600
1679260 597
1679270 597
1679280 593
1679290 590
1679300 590
1679310 588
1679320 586
1679330 586
1679340 584
1679350 582
1679360 582
1679370 580
1679380 577
1679390 574
1679400 574
1679410 572
1679420 568
1679430 568
1679440 561
1679450 554
1679460 554
1679470 551
1679480 550
1679490 550
1679500 548
1679510 549
1679520 549
1679530 552
1679540 556
1679550 556
1679560 560
1679570 564
1679580 564
1679590 569
1679600 575
1679610 580
1679620 580
1679630 586
1679640 591
1679650 591
1679660 597
1679670 602
1679680 602
1679690 606
1679700 611
1679710 611
1679720 615
1679730 618
1679740 618
1679750 618
1679760 618
1679770 618
1679780 618
1679790 619
1679800 619
1679810 620
1679820 620
1679830 621
1679840 621
1679850 624
1679860 626
1679870 626
1679880 628
1679890 631
1679900 631
1679910 633
1679920 635
1679930 635
1679940 637
1679950 638
1679960 638
1679970 642
1679980 646
1679990 646
