1660000 1197
1660010 1194
1660020 1188
1660030 1188
1660040 1183
1660050 1180
1660060 1180
1660070 1177
1660080 1173
1660090 1173
1660100 1168
1660110 1164
1660120 1164
1660130 1157
1660140 1158
1660150 1158
1660160 1158
1660170 1163
1660180 1163
1660190 1168
1660200 1172
1660210 1176
1660220 1176
1660230 1182
1660240 1188
1660250 1188
1660260 1195
1660270 1200
1660280 1200
1660290 1205
1660300 1210
1660310 1210
1660320 1214
1660330 1218
1660340 1218
1660350 1221
1660360 1225
1660370 1225
1660380 1228
1660390 1232
1660400 1232
1660410 1235
1660420 1239
1660430 1243
1660440 1243
1660450 1246
1660460 1249
1660470 1249
1660480 1251
1660490 1254
1660500 1254
1660510 1257
1660520 1262
1660530 1262
1660540 1266
1660550 1272
1660560 1272
1660570 1277
1660580 1283
1660590 1283
1660600 1289
1660610 1294
1660620 1294
1660630 1300
1660640 1307
1660650 1314
1660660 1314
1660670 1320
1660680 1328
1660690 1328
1660700 1333
1660710 1339
1660720 1339
1660730 1346
1660740 1351
1660750 1351
1660760 1357
1660770 1362
1660780 1362
1660790 1367
1660800 1371
1660810 1371
1660820 1373
1660830 1376
1660840 1376
1660850 1377
1660860 1379
1660870 1382
1660880 1382
1660890 1385
1660900 1389
1660910 1389
1660920 1393
1660930 1397
1660940 1397
1660950 1401
1660960 1406
1660970 1406
1660980 1409
1660990 1411
1661000 1411
1661010 1416
1661020 1419
1661030 1419
1661040 1423
1661050 1427
1661060 1427
1661070 1432
1661080 1436
1661090 1440
1661100 1440
1661110 1444
1661120 1449
1661130 1449
1661140 1453
1661150 1456
1661160 1456
1661170 1461
1661180 1466
1661190 1466
1661200 1472
1661210 1476
1661220 1476
1661230 1481
1661240 1487
1661250 1487
1661260 1494
1661270 1499
1661280 1499
1661290 1505
1661300 1509
1661310 1509
1661320 1513
1661330 1516
1661340 1521
1661350 1521
1661360 1524
1661370 1527
1661380 1527
1661390 1531
1661400 1535
1661410 1535
1661420 1538
1661430 1542
1661440 1542
1661450 1545
1661460 1548
1661470 1548
1661480 1551
1661490 1555
1661500 1555
1661510 1557
1661520 1560
1661530 1560
1661540 1563
1661550 1565
1661560 1568
1661570 1568
1661580 1571
1661590 1575
1661600 1575
1661610 1578
1661620 1581
1661630 1581
1661640 1584
1661650 1586
1661660 1586
1661670 1589
1661680 1591
1661690 1591
1661700 1592
1661710 1594
1661720 1594
1661730 1595
1661740 1596
1661750 1596
1661760 1598
1661770 1599
1661780 1600
1661790 1600
1661800 1601
1661810 1602
1661820 1602
1661830 1603
1661840 1603
1661850 1603
1661860 1604
1661870 1605
1661880 1605
1661890 1606
1661900 1607
1661910 1607
1661920 1609
1661930 1610
1661940 1610
1661950 1611
1661960 1612
1661970 1612
1661980 1614
1661990 1616
1662000 1618
1662010 1618
1662020 1619
1662030 1620
1662040 1620
1662050 1620
1662060 1620
1662070 1620
1662080 1620
1662090 1619
1662100 1619
1662110 1617
1662120 1616
1662130 1616
1662140 1615
1662150 1613
1662160 1613
1662170 1612
1662180 1610
1662190 1610
1662200 1605
1662210 1598
1662220 1598
1662230 1592
1662240 1586
1662250 1580
1662260 1580
1662270 1573
1662280 1570
1662290 1570
1662300 1565
1662310 1560
1662320 1560
1662330 1556
1662340 1551
1662350 1551
1662360 1547
1662370 1542
1662380 1542
1662390 1536
1662400 1531
1662410 1531
1662420 1526
1662430 1522
1662440 1522
1662450 1517
1662460 1512
1662470 1508
1662480 1508
1662490 1502
1662500 1496
1662510 1496
1662520 1490
1662530 1483
1662540 1483
1662550 1476
1662560 1470
1662570 1470
1662580 1463
1662590 1457
1662600 1457
1662610 1452
1662620 1446
1662630 1446
1662640 1440
1662650 1438
1662660 1438
1662670 1435
1662680 1428
1662690 1423
1662700 1423
1662710 1419
1662720 1415
1662730 1415
1662740 1412
1662750 1412
1662760 1412
1662770 1411
1662780 1409
1662790 1409
1662800 1409
1662810 1408
1662820 1408
1662830 1408
1662840 1408
1662850 1408
1662860 1409
1662870 1410
1662880 1410
1662890 1410
1662900 1411
1662910 1410
1662920 1410
1662930 1409
1662940 1407
1662950 1407
1662960 1405
1662970 1403
1662980 1403
1662990 1400
1663000 1397
1663010 1397
1663020 1393
1663030 1390
1663040 1390
1663050 1385
1663060 1380
1663070 1380
1663080 1375
1663090 1370
1663100 1370
1663110 1364
1663120 1359
1663130 1353
1663140 1353
1663150 1347
1663160 1341
1663170 1341
1663180 1336
1663190 1331
1663200 1331
1663210 1326
1663220 1320
1663230 1320
1663240 1318
1663250 1317
1663260 1317
1663270 1320
1663280 1321
1663290 1321
1663300 1322
1663310 1324
1663320 1324
1663330 1326
1663340 1328
1663350 1328
1663360 1331
1663370 1335
1663380 1338
1663390 1338
1663400 1342
1663410 1347
1663420 1347
1663430 1351
1663440 1354
1663450 1354
1663460 1356
1663470 1358
1663480 1358
1663490 1359
1663500 1358
1663510 1358
1663520 1357
1663530 1356
1663540 1356
1663550 1358
1663560 1360
1663570 1360
1663580 1360
1663590 1361
1663600 1360
1663610 1360
1663620 1357
1663630 1352
1663640 1352
1663650 1346
1663660 1340
1663670 1340
1663680 1334
1663690 1327
1663700 1327
1663710 1320
1663720 1313
1663730 1313
1663740 1308
1663750 1303
1663760 1303
1663770 1300
1663780 1294
1663790 1294
1663800 1287
1663810 1284
1663820 1281
1663830 1281
1663840 1275
1663850 1274
1663860 1274
1663870 1281
1663880 1286
1663890 1286
1663900 1290
1663910 1297
1663920 1297
1663930 1300
1663940 1301
1663950 1301
1663960 1301
1663970 1303
1663980 1303
1663990 1305
1664000 1305
1664010 1305
1664020 1305
1664030 1304
1664040 1304
1664050 1304
1664060 1307
1664070 1308
1664080 1308
1664090 1310
1664100 1312
1664110 1312
1664120 1315
1664130 1317
1664140 1317
1664150 1320
1664160 1322
1664170 1322
1664180 1325
1664190 1327
1664200 1327
1664210 1330
1664220 1332
1664230 1332
1664240 1334
1664250 1336
1664260 1336
1664270 1338
1664280 1341
1664290 1342
1664300 1342
1664310 1343
1664320 1344
1664330 1344
1664340 1346
1664350 1348
1664360 1348
1664370 1351
1664380 1350
1664390 1350
1664400 1347
1664410 1343
1664420 1343
1664430 1340
1664440 1336
1664450 1336
1664460 1332
1664470 1328
1664480 1328
1664490 1325
1664500 1321
1664510 1317
1664520 1317
1664530 1312
1664540 1307
1664550 1307
1664560 1302
1664570 1295
1664580 1295
1664590 1290
1664600 1284
1664610 1284
1664620 1278
1664630 1271
1664640 1271
1664650 1264
1664660 1258
1664670 1258
1664680 1251
1664690 1245
1664700 1245
1664710 1239
1664720 1234
1664730 1229
1664740 1229
1664750 1224
1664760 1222
1664770 1222
1664780 1217
1664790 1211
1664800 1211
1664810 1207
1664820 1201
1664830 1201
1664840 1196
1664850 1192
1664860 1192
1664870 1190
1664880 1187
1664890 1187
1664900 1183
1664910 1179
1664920 1179
1664930 1174
1664940 1172
1664950 1169
1664960 1169
1664970 1166
1664980 1163
1664990 1163
1665000 1160
1665010 1155
1665020 1155
1665030 1152
1665040 1152
1665050 1152
1665060 1153
1665070 1153
1665080 1153
1665090 1151
1665100 1150
1665110 1150
1665120 1147
1665130 1145
1665140 1145
1665150 1143
1665160 1141
1665170 1140
1665180 1140
1665190 1139
1665200 1138
1665210 1138
1665220 1137
1665230 1136
1665240 1136
1665250 1133
1665260 1131
1665270 1131
1665280 1131
1665290 1132
1665300 1132
1665310 1133
1665320 1135
1665330 1135
1665340 1136
1665350 1137
1665360 1137
1665370 1138
1665380 1137
1665390 1137
1665400 1132
1665410 1127
1665420 1122
1665430 1122
1665440 1116
1665450 1111
1665460 1111
1665470 1106
1665480 1102
1665490 1102
1665500 1099
1665510 1099
1665520 1099
1665530 1095
1665540 1093
1665550 1093
1665560 1092
1665570 1091
1665580 1091
1665590 1088
1665600 1085
1665610 1085
1665620 1083
1665630 1083
1665640 1087
1665650 1087
1665660 1091
1665670 1100
1665680 1100
1665690 1105
1665700 1110
1665710 1110
1665720 1114
1665730 1118
1665740 1118
1665750 1120
1665760 1123
1665770 1123
1665780 1126
1665790 1130
1665800 1130
1665810 1134
1665820 1138
1665830 1138
1665840 1141
1665850 1144
1665860 1147
1665870 1147
1665880 1149
1665890 1150
1665900 1150
1665910 1151
1665920 1153
1665930 1153
1665940 1155
1665950 1156
1665960 1156
1665970 1159
1665980 1161
1665990 1161
1666000 1163
1666010 1166
1666020 1166
1666030 1169
1666040 1173
1666050 1173
1666060 1178
1666070 1188
1666080 1193
1666090 1193
1666100 1194
1666110 1196
1666120 1196
1666130 1200
1666140 1201
1666150 1201
1666160 1203
1666170 1206
1666180 1206
1666190 1208
1666200 1210
1666210 1210
1666220 1211
1666230 1210
1666240 1210
1666250 1209
1666260 1207
1666270 1207
1666280 1206
1666290 1208
1666300 1210
1666310 1210
1666320 1212
1666330 1213
1666340 1213
1666350 1212
1666360 1213
1666370 1213
1666380 1214
1666390 1213
1666400 1213
1666410 1212
1666420 1210
1666430 1210
1666440 1208
1666450 1205
1666460 1205
1666470 1203
1666480 1202
1666490 1202
1666500 1201
1666510 1201
1666520 1201
1666530 1201
1666540 1202
1666550 1204
1666560 1204
1666570 1205
1666580 1206
1666590 1206
1666600 1208
1666610 1211
1666620 1211
1666630 1213
1666640 1215
1666650 1215
1666660 1217
1666670 1220
1666680 1220
1666690 1221
1666700 1222
1666710 1222
1666720 1222
1666730 1223
1666740 1223
1666750 1223
1666760 1223
1666770 1224
1666780 1224
1666790 1225
1666800 1226
1666810 1226
1666820 1229
1666830 1232
1666840 1232
1666850 1235
1666860 1240
1666870 1240
1666880 1242
1666890 1246
1666900 1246
1666910 1251
1666920 1258
1666930 1258
1666940 1262
1666950 1265
1666960 1265
1666970 1266
1666980 1269
1666990 1273
1667000 1273
1667010 1278
1667020 1280
1667030 1280
1667040 1281
1667050 1281
1667060 1281
1667070 1281
1667080 1279
1667090 1279
1667100 1279
1667110 1280
1667120 1280
1667130 1280
1667140 1280
1667150 1280
1667160 1279
1667170 1279
1667180 1279
1667190 1277
1667200 1276
1667210 1275
1667220 1275
1667230 1275
1667240 1275
1667250 1275
1667260 1275
1667270 1274
1667280 1274
1667290 1274
1667300 1273
1667310 1273
1667320 1271
1667330 1270
1667340 1270
1667350 1268
1667360 1267
1667370 1267
1667380 1266
1667390 1264
1667400 1264
1667410 1263
1667420 1262
1667430 1262
1667440 1260
1667450 1258
1667460 1257
1667470 1257
1667480 1255
1667490 1254
1667500 1254
1667510 1254
1667520 1253
1667530 1253
1667540 1252
1667550 1250
1667560 1250
1667570 1244
1667580 1240
1667590 1240
1667600 1237
1667610 1234
1667620 1234
1667630 1230
1667640 1226
1667650 1226
1667660 1222
1667670 1218
1667680 1212
1667690 1212
1667700 1208
1667710 1203
1667720 1203
1667730 1198
1667740 1194
1667750 1194
1667760 1189
1667770 1185
1667780 1185
1667790 1179
1667800 1175
1667810 1175
1667820 1172
1667830 1168
1667840 1168
1667850 1163
1667860 1160
1667870 1160
1667880 1155
1667890 1152
1667900 1147
1667910 1147
1667920 1142
1667930 1139
1667940 1139
1667950 1135
1667960 1130
1667970 1130
1667980 1129
1667990 1124
1668000 1124
1668010 1120
1668020 1117
1668030 1117
1668040 1113
1668050 1109
1668060 1109
1668070 1105
1668080 1102
1668090 1102
1668100 1098
1668110 1096
1668120 1092
1668130 1092
1668140 1089
1668150 1085
1668160 1085
1668170 1082
1668180 1079
1668190 1079
1668200 1075
1668210 1072
1668220 1072
1668230 1069
1668240 1065
1668250 1065
1668260 1062
1668270 1058
1668280 1058
1668290 1053
1668300 1048
1668310 1048
1668320 1042
1668330 1037
1668340 1033
1668350 1033
1668360 1028
1668370 1023
1668380 1023
1668390 1019
1668400 1014
1668410 1014
1668420 1010
1668430 1006
1668440 1006
1668450 1002
1668460 998
1668470 998
1668480 995
1668490 988
1668500 988
1668510 983
1668520 978
1668530 978
1668540 973
1668550 967
1668560 967
1668570 965
1668580 966
1668590 966
1668600 966
1668610 964
1668620 962
1668630 962
1668640 961
1668650 960
1668660 960
1668670 959
1668680 958
1668690 958
1668700 957
1668710 955
1668720 955
1668730 954
1668740 952
1668750 952
1668760 951
1668770 951
1668780 951
1668790 951
1668800 950
1668810 950
1668820 950
1668830 948
1668840 948
1668850 948
1668860 947
1668870 946
1668880 946
1668890 945
1668900 942
1668910 942
1668920 939
1668930 936
1668940 936
1668950 932
1668960 929
1668970 929
1668980 926
1668990 923
1669000 923
1669010 920
1669020 918
1669030 915
1669040 915
1669050 912
1669060 907
1669070 907
1669080 901
1669090 898
1669100 898
1669110 893
1669120 889
1669130 889
1669140 885
1669150 879
1669160 879
1669170 873
1669180 867
1669190 867
1669200 861
1669210 855
1669220 855
1669230 848
1669240 841
1669250 834
1669260 834
1669270 829
1669280 820
1669290 820
1669300 813
1669310 807
1669320 807
1669330 799
1669340 796
1669350 796
1669360 798
1669370 803
1669380 803
1669390 816
1669400 827
1669410 827
1669420 837
1669430 850
1669440 850
1669450 855
1669460 859
1669470 859
1669480 864
1669490 869
1669500 873
1669510 873
1669520 875
1669530 878
1669540 878
1669550 885
1669560 892
1669570 892
1669580 901
1669590 907
1669600 907
1669610 911
1669620 913
1669630 913
1669640 918
1669650 920
1669660 920
1669670 923
1669680 929
1669690 929
1669700 933
1669710 940
1669720 947
1669730 947
1669740 954
1669750 962
1669760 962
1669770 966
1669780 972
1669790 972
1669800 977
1669810 982
1669820 982
1669830 986
1669840 990
1669850 990
1669860 993
1669870 997
1669880 997
1669890 1000
1669900 1002
1669910 1002
1669920 1004
1669930 1005
1669940 1006
1669950 1006
1669960 1007
1669970 1008
1669980 1008
1669990 1009
1670000 1010
1670010 1010
1670020 1012
1670030 1013
1670040 1013
1670050 1016
1670060 1015
1670070 1015
1670080 1018
1670090 1019
1670100 1019
1670110 1021
1670120 1021
1670130 1021
1670140 1021
1670150 1018
1670160 1014
1670170 1014
1670180 1011
1670190 1008
1670200 1008
1670210 1005
1670220 1002
1670230 1002
1670240 999
1670250 996
1670260 996
1670270 994
1670280 991
1670290 991
1670300 988
1670310 986
1670320 986
1670330 985
1670340 984
1670350 984
1670360 983
1670370 983
1670380 984
1670390 984
1670400 985
1670410 988
1670420 988
1670430 990
1670440 991
1670450 991
1670460 992
1670470 992
1670480 992
1670490 991
1670500 989
1670510 989
1670520 986
1670530 984
1670540 984
1670550 979
1670560 974
1670570 974
1670580 972
1670590 974
1670600 974
1670610 972
1670620 971
1670630 969
1670640 969
1670650 969
1670660 968
1670670 968
1670680 964
1670690 964
1670700 964
1670710 963
1670720 962
1670730 962
1670740 961
1670750 959
1670760 959
1670770 958
1670780 958
1670790 958
1670800 956
1670810 955
1670820 955
1670830 955
1670840 954
1670850 953
1670860 953
1670870 952
1670880 951
1670890 951
1670900 949
1670910 948
1670920 948
1670930 947
1670940 948
1670950 948
1670960 950
1670970 952
1670980 952
1670990 953
1671000 952
1671010 952
1671020 955
1671030 963
1671040 963
1671050 967
1671060 970
1671070 973
1671080 973
1671090 974
1671100 978
1671110 978
1671120 980
1671130 983
1671140 983
1671150 985
1671160 988
1671170 988
1671180 990
1671190 992
1671200 992
1671210 995
1671220 998
1671230 998
1671240 1001
1671250 1003
1671260 1003
1671270 1005
1671280 1008
1671290 1011
1671300 1011
1671310 1014
1671320 1016
1671330 1016
1671340 1018
1671350 1021
1671360 1021
1671370 1024
1671380 1026
1671390 1026
1671400 1028
1671410 1030
1671420 1030
1671430 1032
1671440 1034
1671450 1034
1671460 1036
1671470 1039
1671480 1039
1671490 1041
1671500 1043
1671510 1043
1671520 1046
1671530 1048
1671540 1050
1671550 1050
1671560 1052
1671570 1054
1671580 1054
1671590 1056
1671600 1057
1671610 1057
1671620 1058
1671630 1059
1671640 1059
1671650 1061
1671660 1061
1671670 1061
1671680 1061
1671690 1061
1671700 1061
1671710 1060
1671720 1059
1671730 1059
1671740 1057
1671750 1055
1671760 1052
1671770 1052
1671780 1052
1671790 1051
1671800 1051
1671810 1051
1671820 1050
1671830 1050
1671840 1048
1671850 1047
1671860 1047
1671870 1044
1671880 1041
1671890 1041
1671900 1039
1671910 1035
1671920 1035
1671930 1032
1671940 1030
1671950 1030
1671960 1026
1671970 1022
1671980 1019
1671990 1019
1672000 1015
1672010 1011
1672020 1011
1672030 1007
1672040 1003
1672050 1003
1672060 998
1672070 995
1672080 995
1672090 990
1672100 987
1672110 987
1672120 984
1672130 982
1672140 982
1672150 979
1672160 977
1672170 977
1672180 975
1672190 973
1672200 971
1672210 971
1672220 968
1672230 966
1672240 966
1672250 963
1672260 961
1672270 961
1672280 959
1672290 957
1672300 957
1672310 956
1672320 954
1672330 954
1672340 953
1672350 953
1672360 953
1672370 953
1672380 954
1672390 954
1672400 955
1672410 956
1672420 957
1672430 957
1672440 957
1672450 957
1672460 957
1672470 957
1672480 956
1672490 956
1672500 953
1672510 951
1672520 951
1672530 948
1672540 944
1672550 944
1672560 939
1672570 935
1672580 935
1672590 931
1672600 926
1672610 926
1672620 918
1672630 913
1672640 913
1672650 908
1672660 904
1672670 900
1672680 900
1672690 894
1672700 888
1672710 888
1672720 882
1672730 876
1672740 876
1672750 871
1672760 864
1672770 864
1672780 859
1672790 853
1672800 853
1672810 846
1672820 841
1672830 841
1672840 836
1672850 830
1672860 830
1672870 826
1672880 822
1672890 817
1672900 817
1672910 812
1672920 808
1672930 808
1672940 804
1672950 801
1672960 801
1672970 797
1672980 794
1672990 794
1673000 791
1673010 788
1673020 788
1673030 786
1673040 784
1673050 784
1673060 783
1673070 782
1673080 782
1673090 781
1673100 780
1673110 780
1673120 780
1673130 776
1673140 771
1673150 771
1673160 768
1673170 766
1673180 766
1673190 764
1673200 760
1673210 760
1673220 758
1673230 755
1673240 755
1673250 750
1673260 747
1673270 747
1673280 744
1673290 740
1673300 740
1673310 738
1673320 736
1673330 735
1673340 735
1673350 735
1673360 734
1673370 734
1673380 733
1673390 733
1673400 733
1673410 734
1673420 734
1673430 734
1673440 736
1673450 737
1673460 737
1673470 739
1673480 738
1673490 738
1673500 736
1673510 732
1673520 732
1673530 727
1673540 721
1673550 721
1673560 715
1673570 710
1673580 708
1673590 708
1673600 704
1673610 700
1673620 700
1673630 697
1673640 691
1673650 691
1673660 691
1673670 691
1673680 691
1673690 689
1673700 687
1673710 687
1673720 686
1673730 684
1673740 684
1673750 683
1673760 682
1673770 682
1673780 680
1673790 676
1673800 673
1673810 673
1673820 671
1673830 668
1673840 668
1673850 667
1673860 665
1673870 665
1673880 663
1673890 663
1673900 663
1673910 663
1673920 661
1673930 661
1673940 657
1673950 655
1673960 655
1673970 654
1673980 652
1673990 652
1674000 653
1674010 655
1674020 655
1674030 655
1674040 663
1674050 667
1674060 667
1674070 672
1674080 678
1674090 678
1674100 684
1674110 691
1674120 691
1674130 698
1674140 705
1674150 705
1674160 718
1674170 723
1674180 723
1674190 725
1674200 730
1674210 730
1674220 731
1674230 733
1674240 736
1674250 736
1674260 738
1674270 740
1674280 740
1674290 741
1674300 742
1674310 742
1674320 743
1674330 744
1674340 744
1674350 744
1674360 744
1674370 744
1674380 745
1674390 746
1674400 746
1674410 747
1674420 749
1674430 749
1674440 750
1674450 751
1674460 753
1674470 753
1674480 754
1674490 755
1674500 755
1674510 756
1674520 757
1674530 757
1674540 758
1674550 758
1674560 758
1674570 759
1674580 758
1674590 758
1674600 756
1674610 755
1674620 755
1674630 753
1674640 752
1674650 752
1674660 752
1674670 752
1674680 752
1674690 753
1674700 753
1674710 753
1674720 753
1674730 753
1674740 751
1674750 751
1674760 752
1674770 752
1674780 752
1674790 751
1674800 750
1674810 750
1674820 750
1674830 749
1674840 749
1674850 748
1674860 746
1674870 746
1674880 745
1674890 743
1674900 743
1674910 741
1674920 738
1674930 735
1674940 735
1674950 733
1674960 731
1674970 731
1674980 729
1674990 735
1675000 735
1675010 740
1675020 743
1675030 743
1675040 749
1675050 753
1675060 753
1675070 758
1675080 763
1675090 763
1675100 768
1675110 773
1675120 773
1675130 779
1675140 785
1675150 790
1675160 790
1675170 796
1675180 800
1675190 800
1675200 806
1675210 810
1675220 810
1675230 814
1675240 819
1675250 819
1675260 822
1675270 825
1675280 825
1675290 829
1675300 832
1675310 832
1675320 835
1675330 839
1675340 839
1675350 843
1675360 846
1675370 848
1675380 848
1675390 851
1675400 852
1675410 852
1675420 855
1675430 856
1675440 856
1675450 858
1675460 860
1675470 860
1675480 862
1675490 863
1675500 863
1675510 864
1675520 865
1675530 865
1675540 865
1675550 864
1675560 864
1675570 861
1675580 857
1675590 857
1675600 853
1675610 848
1675620 843
1675630 843
1675640 838
1675650 834
1675660 834
1675670 831
1675680 828
1675690 828
1675700 826
1675710 824
1675720 824
1675730 822
1675740 820
1675750 820
1675760 818
1675770 816
1675780 816
1675790 813
1675800 812
1675810 812
1675820 814
1675830 815
1675840 817
1675850 817
1675860 819
1675870 822
1675880 822
1675890 826
1675900 831
1675910 831
1675920 835
1675930 840
1675940 840
1675950 844
1675960 848
1675970 848
1675980 853
1675990 857
1676000 857
1676010 860
1676020 864
1676030 864
1676040 867
1676050 868
1676060 869
1676070 869
1676080 870
1676090 872
1676100 872
1676110 875
1676120 878
1676130 878
1676140 881
1676150 884
1676160 884
1676170 888
1676180 892
1676190 892
1676200 896
1676210 899
1676220 899
1676230 903
1676240 905
1676250 905
1676260 904
1676270 903
1676280 902
1676290 902
1676300 900
1676310 899
1676320 899
1676330 898
1676340 897
1676350 897
1676360 896
1676370 895
1676380 895
1676390 894
1676400 894
1676410 894
1676420 894
1676430 893
1676440 893
1676450 894
1676460 894
1676470 894
1676480 894
1676490 894
1676500 894
1676510 894
1676520 894
1676530 893
1676540 893
1676550 892
1676560 891
1676570 891
1676580 890
1676590 889
1676600 889
1676610 888
1676620 887
1676630 887
1676640 887
1676650 886
1676660 886
1676670 885
1676680 884
1676690 884
1676700 881
1676710 877
1676720 877
1676730 874
1676740 870
1676750 868
1676760 868
1676770 866
1676780 866
1676790 866
1676800 865
1676810 862
1676820 862
1676830 858
1676840 854
1676850 854
1676860 850
1676870 846
1676880 846
1676890 842
1676900 837
1676910 837
1676920 832
1676930 828
1676940 828
1676950 824
1676960 822
1676970 820
1676980 820
1676990 819
1677000 818
1677010 818
1677020 817
1677030 816
1677040 816
1677050 814
1677060 813
1677070 813
1677080 812
1677090 811
1677100 811
1677110 810
1677120 809
1677130 809
1677140 808
1677150 806
1677160 806
1677170 804
1677180 803
1677190 802
1677200 802
1677210 800
1677220 799
1677230 799
1677240 797
1677250 796
1677260 796
1677270 795
1677280 794
1677290 794
1677300 793
1677310 792
1677320 792
1677330 791
1677340 791
1677350 791
1677360 790
1677370 790
1677380 790
1677390 790
1677400 789
1677410 787
1677420 787
1677430 784
1677440 781
1677450 781
1677460 777
1677470 773
1677480 773
1677490 769
1677500 766
1677510 766
1677520 763
1677530 759
1677540 759
1677550 756
1677560 753
1677570 753
1677580 749
1677590 746
1677600 746
1677610 742
1677620 739
1677630 739
1677640 736
1677650 732
1677660 728
1677670 728
1677680 724
1677690 721
1677700 721
1677710 717
1677720 714
1677730 714
1677740 712
1677750 707
1677760 707
1677770 704
1677780 700
1677790 700
1677800 697
1677810 694
1677820 694
1677830 692
1677840 689
1677850 689
1677860 686
1677870 683
1677880 680
1677890 680
1677900 676
1677910 672
1677920 672
1677930 668
1677940 663
1677950 663
1677960 658
1677970 653
1677980 653
1677990 648
1678000 644
1678010 644
1678020 639
1678030 631
1678040 631
1678050 624
1678060 619
1678070 619
1678080 613
1678090 610
1678100 607
1678110 607
1678120 603
1678130 600
1678140 600
1678150 602
1678160 606
1678170 606
1678180 608
1678190 616
1678200 616
1678210 619
1678220 621
1678230 621
1678240 621
1678250 618
1678260 618
1678270 616
1678280 610
1678290 610
1678300 613
1678310 619
1678320 623
1678330 623
1678340 630
1678350 635
1678360 635
1678370 643
1678380 645
1678390 645
1678400 650
1678410 655
1678420 655
1678430 663
1678440 666
1678450 666
1678460 674
1678470 681
1678480 681
1678490 687
1678500 693
1678510 693
1678520 700
1678530 705
1678540 710
1678550 710
1678560 714
1678570 718
1678580 718
1678590 722
1678600 723
1678610 723
1678620 724
1678630 722
1678640 722
1678650 721
1678660 721
1678670 721
1678680 720
1678690 721
1678700 721
1678710 722
1678720 722
1678730 722
1678740 723
1678750 723
1678760 723
1678770 723
1678780 725
1678790 724
1678800 724
1678810 724
1678820 725
1678830 725
1678840 725
1678850 726
1678860 726
1678870 728
1678880 729
1678890 729
1678900 730
1678910 733
1678920 733
1678930 736
1678940 742
1678950 742
1678960 746
1678970 754
1678980 754
1678990 760
1679000 767
1679010 774
1679020 774
1679030 780
1679040 788
1679050 788
1679060 794
1679070 801
1679080 801
1679090 806
1679100 811
1679110 811
1679120 816
1679130 820
1679140 820
1679150 824
1679160 829
1679170 829
1679180 833
1679190 836
1679200 836
1679210 838
1679220 840
1679230 842
1679240 842
1679250 842
1679260 841
1679270 841
1679280 838
1679290 835
1679300 835
1679310 831
1679320 828
1679330 828
1679340 825
1679350 822
1679360 822
1679370 820
1679380 817
1679390 817
1679400 816
1679410 814
1679420 814
1679430 812
1679440 811
1679450 808
1679460 808
1679470 805
1679480 803
1679490 803
1679500 801
1679510 799
1679520 799
1679530 797
1679540 795
1679550 795
1679560 792
1679570 788
1679580 788
1679590 785
1679600 780
1679610 780
1679620 775
1679630 769
1679640 769
1679650 765
1679660 760
1679670 760
1679680 755
1679690 751
1679700 746
1679710 746
1679720 741
1679730 735
1679740 735
1679750 730
1679760 727
1679770 727
1679780 721
1679790 717
1679800 717
1679810 712
1679820 705
1679830 705
1679840 701
1679850 702
1679860 702
1679870 710
1679880 713
1679890 713
1679900 717
1679910 722
1679920 726
1679930 726
1679940 728
1679950 730
1679960 730
1679970 731
1679980 731
1679990 731
