1660000 1234
1660010 1225
1660020 1217
1660030 1217
1660040 1212
1660050 1205
1660060 1205
1660070 1198
1660080 1190
1660090 1190
1660100 1188
1660110 1181
1660120 1181
1660130 1183
1660140 1187
1660150 1187
1660160 1190
1660170 1194
1660180 1194
1660190 1196
1660200 1201
1660210 1204
1660220 1204
1660230 1205
1660240 1204
1660250 1204
1660260 1201
1660270 1200
1660280 1200
1660290 1199
1660300 1197
1660310 1197
1660320 1196
1660330 1196
1660340 1196
1660350 1195
1660360 1193
1660370 1193
1660380 1195
1660390 1197
1660400 1197
1660410 1198
1660420 1199
1660430 1200
1660440 1200
1660450 1200
1660460 1199
1660470 1199
1660480 1197
1660490 1200
1660500 1200
1660510 1208
1660520 1214
1660530 1214
1660540 1221
1660550 1228
1660560 1228
1660570 1235
1660580 1241
1660590 1241
1660600 1250
1660610 1258
1660620 1258
1660630 1262
1660640 1266
1660650 1269
1660660 1269
1660670 1273
1660680 1276
1660690 1276
1660700 1280
1660710 1284
1660720 1284
1660730 1288
1660740 1293
1660750 1293
1660760 1298
1660770 1306
1660780 1306
1660790 1311
1660800 1316
1660810 1316
1660820 1319
1660830 1323
1660840 1323
1660850 1326
1660860 1332
1660870 1332
1660880 1338
1660890 1344
1660900 1350
1660910 1350
1660920 1355
1660930 1360
1660940 1360
1660950 1364
1660960 1370
1660970 1370
1660980 1374
1660990 1377
1661000 1377
1661010 1383
1661020 1387
1661030 1387
1661040 1391
1661050 1398
1661060 1398
1661070 1403
1661080 1408
1661090 1408
1661100 1414
1661110 1420
1661120 1426
1661130 1426
1661140 1432
1661150 1437
1661160 1437
1661170 1441
1661180 1447
1661190 1447
1661200 1452
1661210 1457
1661220 1457
1661230 1462
1661240 1468
1661250 1468
1661260 1474
1661270 1480
1661280 1480
1661290 1489
1661300 1491
1661310 1491
1661320 1498
1661330 1502
1661340 1507
1661350 1507
1661360 1512
1661370 1517
1661380 1517
1661390 1521
1661400 1526
1661410 1526
1661420 1532
1661430 1537
1661440 1537
1661450 1541
1661460 1545
1661470 1545
1661480 1548
1661490 1554
1661500 1554
1661510 1559
1661520 1565
1661530 1565
1661540 1570
1661550 1575
1661560 1580
1661570 1580
1661580 1586
1661590 1591
1661600 1591
1661610 1596
1661620 1601
1661630 1601
1661640 1605
1661650 1608
1661660 1608
1661670 1613
1661680 1616
1661690 1616
1661700 1620
1661710 1623
1661720 1623
1661730 1626
1661740 1630
1661750 1630
1661760 1633
1661770 1635
1661780 1637
1661790 1637
1661800 1640
1661810 1642
1661820 1642
1661830 1645
1661840 1647
1661850 1647
1661860 1650
1661870 1652
1661880 1652
1661890 1654
1661900 1656
1661910 1656
1661920 1658
1661930 1659
1661940 1659
1661950 1660
1661960 1661
1661970 1661
1661980 1660
1661990 1658
1662000 1658
1662010 1656
1662020 1654
1662030 1651
1662040 1651
1662050 1646
1662060 1642
1662070 1642
1662080 1638
1662090 1634
1662100 1634
1662110 1630
1662120 1625
1662130 1625
1662140 1617
1662150 1610
1662160 1610
1662170 1603
1662180 1595
1662190 1595
1662200 1588
1662210 1582
1662220 1582
1662230 1575
1662240 1568
1662250 1562
1662260 1562
1662270 1557
1662280 1551
1662290 1551
1662300 1545
1662310 1538
1662320 1538
1662330 1531
1662340 1525
1662350 1525
1662360 1519
1662370 1512
1662380 1512
1662390 1506
1662400 1500
1662410 1500
1662420 1494
1662430 1488
1662440 1488
1662450 1483
1662460 1478
1662470 1473
1662480 1473
1662490 1467
1662500 1461
1662510 1461
1662520 1455
1662530 1450
1662540 1450
1662550 1446
1662560 1442
1662570 1442
1662580 1436
1662590 1430
1662600 1430
1662610 1425
1662620 1420
1662630 1420
1662640 1415
1662650 1410
1662660 1410
1662670 1405
1662680 1400
1662690 1395
1662700 1395
1662710 1390
1662720 1385
1662730 1385
1662740 1379
1662750 1376
1662760 1376
1662770 1372
1662780 1365
1662790 1365
1662800 1364
1662810 1361
1662820 1361
1662830 1357
1662840 1351
1662850 1351
1662860 1349
1662870 1349
1662880 1349
1662890 1346
1662900 1346
1662910 1345
1662920 1345
1662930 1344
1662940 1341
1662950 1341
1662960 1338
1662970 1336
1662980 1336
1662990 1332
1663000 1331
1663010 1331
1663020 1329
1663030 1325
1663040 1325
1663050 1323
1663060 1319
1663070 1319
1663080 1317
1663090 1314
1663100 1314
1663110 1312
1663120 1308
1663130 1308
1663140 1305
1663150 1302
1663160 1299
1663170 1299
1663180 1297
1663190 1294
1663200 1294
1663210 1291
1663220 1288
1663230 1288
1663240 1285
1663250 1282
1663260 1282
1663270 1280
1663280 1277
1663290 1277
1663300 1275
1663310 1271
1663320 1271
1663330 1267
1663340 1263
1663350 1263
1663360 1263
1663370 1267
1663380 1270
1663390 1270
1663400 1273
1663410 1277
1663420 1277
1663430 1280
1663440 1281
1663450 1281
1663460 1281
1663470 1280
1663480 1280
1663490 1280
1663500 1280
1663510 1280
1663520 1279
1663530 1278
1663540 1278
1663550 1279
1663560 1279
1663570 1279
1663580 1281
1663590 1281
1663600 1281
1663610 1281
1663620 1282
1663630 1281
1663640 1281
1663650 1281
1663660 1280
1663670 1280
1663680 1280
1663690 1279
1663700 1279
1663710 1278
1663720 1276
1663730 1276
1663740 1274
1663750 1270
1663760 1270
1663770 1264
1663780 1258
1663790 1258
1663800 1253
1663810 1247
1663820 1241
1663830 1241
1663840 1236
1663850 1230
1663860 1230
1663870 1225
1663880 1217
1663890 1217
1663900 1220
1663910 1222
1663920 1222
1663930 1222
1663940 1224
1663950 1224
1663960 1227
1663970 1230
1663980 1230
1663990 1234
1664000 1240
1664010 1240
1664020 1246
1664030 1249
1664040 1251
1664050 1251
1664060 1254
1664070 1256
1664080 1256
1664090 1258
1664100 1259
1664110 1259
1664120 1259
1664130 1259
1664140 1259
1664150 1258
1664160 1258
1664170 1258
1664180 1258
1664190 1258
1664200 1258
1664210 1259
1664220 1260
1664230 1260
1664240 1262
1664250 1265
1664260 1265
1664270 1267
1664280 1270
1664290 1274
1664300 1274
1664310 1278
1664320 1280
1664330 1280
1664340 1285
1664350 1287
1664360 1287
1664370 1290
1664380 1293
1664390 1293
1664400 1297
1664410 1299
1664420 1299
1664430 1299
1664440 1297
1664450 1297
1664460 1294
1664470 1292
1664480 1288
1664490 1285
1664500 1283
1664510 1279
1664520 1279
1664530 1277
1664540 1273
1664550 1273
1664560 1269
1664570 1266
1664580 1266
1664590 1261
1664600 1256
1664610 1256
1664620 1252
1664630 1248
1664640 1248
1664650 1244
1664660 1241
1664670 1241
1664680 1237
1664690 1234
1664700 1234
1664710 1231
1664720 1229
1664730 1225
1664740 1225
1664750 1224
1664760 1220
1664770 1220
1664780 1218
1664790 1219
1664800 1219
1664810 1219
1664820 1218
1664830 1218
1664840 1219
1664850 1218
1664860 1218
1664870 1216
1664880 1212
1664890 1212
1664900 1208
1664910 1203
1664920 1203
1664930 1200
1664940 1196
1664950 1193
1664960 1193
1664970 1190
1664980 1186
1664990 1186
1665000 1184
1665010 1181
1665020 1181
1665030 1178
1665040 1177
1665050 1177
1665060 1174
1665070 1171
1665080 1171
1665090 1170
1665100 1169
1665110 1169
1665120 1169
1665130 1168
1665140 1168
1665150 1168
1665160 1169
1665170 1169
1665180 1169
1665190 1170
1665200 1170
1665210 1170
1665220 1167
1665230 1164
1665240 1164
1665250 1161
1665260 1157
1665270 1157
1665280 1153
1665290 1149
1665300 1149
1665310 1146
1665320 1143
1665330 1143
1665340 1139
1665350 1137
1665360 1137
1665370 1134
1665380 1131
1665390 1131
1665400 1129
1665410 1129
1665420 1128
1665430 1128
1665440 1129
1665450 1131
1665460 1131
1665470 1133
1665480 1134
1665490 1134
1665500 1135
1665510 1133
1665520 1133
1665530 1129
1665540 1125
1665550 1125
1665560 1119
1665570 1113
1665580 1113
1665590 1106
1665600 1100
1665610 1100
1665620 1094
1665630 1089
1665640 1085
1665650 1085
1665660 1081
1665670 1074
1665680 1074
1665690 1070
1665700 1065
1665710 1065
1665720 1062
1665730 1062
1665740 1062
1665750 1065
1665760 1069
1665770 1069
1665780 1073
1665790 1078
1665800 1078
1665810 1084
1665820 1089
1665830 1089
1665840 1096
1665850 1100
1665860 1103
1665870 1103
1665880 1105
1665890 1103
1665900 1103
1665910 1099
1665920 1095
1665930 1095
1665940 1092
1665950 1091
1665960 1091
1665970 1093
1665980 1097
1665990 1097
1666000 1095
1666010 1095
1666020 1095
1666030 1096
1666040 1098
1666050 1098
1666060 1100
1666070 1103
1666080 1107
1666090 1107
1666100 1110
1666110 1113
1666120 1113
1666130 1117
1666140 1122
1666150 1122
1666160 1127
1666170 1132
1666180 1132
1666190 1137
1666200 1141
1666210 1141
1666220 1145
1666230 1148
1666240 1148
1666250 1151
1666260 1153
1666270 1153
1666280 1155
1666290 1157
1666300 1157
1666310 1158
1666320 1160
1666330 1162
1666340 1162
1666350 1168
1666360 1171
1666370 1171
1666380 1174
1666390 1173
1666400 1173
1666410 1168
1666420 1162
1666430 1162
1666440 1158
1666450 1154
1666460 1154
1666470 1150
1666480 1148
1666490 1148
1666500 1148
1666510 1149
1666520 1149
1666530 1150
1666540 1151
1666550 1153
1666560 1153
1666570 1154
1666580 1155
1666590 1155
1666600 1157
1666610 1159
1666620 1159
1666630 1161
1666640 1163
1666650 1163
1666660 1165
1666670 1167
1666680 1167
1666690 1169
1666700 1172
1666710 1172
1666720 1174
1666730 1177
1666740 1177
1666750 1179
1666760 1182
1666770 1185
1666780 1185
1666790 1188
1666800 1190
1666810 1190
1666820 1193
1666830 1195
1666840 1195
1666850 1196
1666860 1197
1666870 1197
1666880 1199
1666890 1199
1666900 1199
1666910 1199
1666920 1199
1666930 1199
1666940 1199
1666950 1199
1666960 1199
1666970 1199
1666980 1199
1666990 1200
1667000 1200
1667010 1200
1667020 1201
1667030 1201
1667040 1201
1667050 1202
1667060 1202
1667070 1203
1667080 1205
1667090 1205
1667100 1207
1667110 1211
1667120 1211
1667130 1215
1667140 1218
1667150 1218
1667160 1222
1667170 1230
1667180 1230
1667190 1232
1667200 1236
1667210 1239
1667220 1239
1667230 1242
1667240 1247
1667250 1247
1667260 1251
1667270 1255
1667280 1255
1667290 1260
1667300 1263
1667310 1263
1667320 1264
1667330 1266
1667340 1266
1667350 1269
1667360 1270
1667370 1270
1667380 1267
1667390 1267
1667400 1267
1667410 1267
1667420 1267
1667430 1267
1667440 1266
1667450 1263
1667460 1259
1667470 1259
1667480 1255
1667490 1251
1667500 1251
1667510 1246
1667520 1242
1667530 1242
1667540 1237
1667550 1232
1667560 1232
1667570 1227
1667580 1224
1667590 1224
1667600 1220
1667610 1217
1667620 1217
1667630 1212
1667640 1208
1667650 1208
1667660 1204
1667670 1200
1667680 1196
1667690 1196
1667700 1193
1667710 1189
1667720 1189
1667730 1185
1667740 1181
1667750 1181
1667760 1176
1667770 1172
1667780 1172
1667790 1168
1667800 1164
1667810 1164
1667820 1160
1667830 1156
1667840 1156
1667850 1153
1667860 1149
1667870 1149
1667880 1145
1667890 1141
1667900 1137
1667910 1137
1667920 1133
1667930 1129
1667940 1129
1667950 1125
1667960 1120
1667970 1120
1667980 1115
1667990 1110
1668000 1110
1668010 1106
1668020 1101
1668030 1101
1668040 1096
1668050 1091
1668060 1091
1668070 1086
1668080 1081
1668090 1081
1668100 1076
1668110 1071
1668120 1067
1668130 1067
1668140 1062
1668150 1058
1668160 1058
1668170 1054
1668180 1050
1668190 1050
1668200 1047
1668210 1044
1668220 1044
1668230 1042
1668240 1041
1668250 1041
1668260 1039
1668270 1037
1668280 1037
1668290 1037
1668300 1036
1668310 1036
1668320 1035
1668330 1034
1668340 1034
1668350 1032
1668360 1031
1668370 1030
1668380 1030
1668390 1029
1668400 1028
1668410 1028
1668420 1028
1668430 1029
1668440 1029
1668450 1029
1668460 1029
1668470 1029
1668480 1029
1668490 1029
1668500 1029
1668510 1028
1668520 1027
1668530 1027
1668540 1027
1668550 1027
1668560 1027
1668570 1026
1668580 1025
1668590 1023
1668600 1023
1668610 1022
1668620 1021
1668630 1021
1668640 1020
1668650 1017
1668660 1017
1668670 1015
1668680 1013
1668690 1013
1668700 1011
1668710 1010
1668720 1010
1668730 1009
1668740 1008
1668750 1008
1668760 1007
1668770 1004
1668780 1004
1668790 1002
1668800 998
1668810 995
1668820 995
1668830 991
1668840 987
1668850 987
1668860 984
1668870 980
1668880 980
1668890 976
1668900 971
1668910 971
1668920 966
1668930 962
1668940 962
1668950 958
1668960 953
1668970 953
1668980 949
1668990 944
1669000 944
1669010 940
1669020 935
1669030 930
1669040 930
1669050 925
1669060 919
1669070 919
1669080 912
1669090 908
1669100 908
1669110 902
1669120 896
1669130 896
1669140 890
1669150 885
1669160 885
1669170 880
1669180 874
1669190 874
1669200 868
1669210 862
1669220 862
1669230 857
1669240 851
1669250 846
1669260 846
1669270 841
1669280 834
1669290 834
1669300 829
1669310 829
1669320 829
1669330 828
1669340 825
1669350 825
1669360 820
1669370 816
1669380 816
1669390 812
1669400 808
1669410 808
1669420 804
1669430 798
1669440 798
1669450 792
1669460 791
1669470 791
1669480 788
1669490 789
1669500 795
1669510 795
1669520 802
1669530 809
1669540 809
1669550 812
1669560 822
1669570 822
1669580 829
1669590 835
1669600 835
1669610 840
1669620 845
1669630 845
1669640 854
1669650 863
1669660 863
1669670 872
1669680 879
1669690 879
1669700 886
1669710 893
1669720 900
1669730 900
1669740 909
1669750 915
1669760 915
1669770 918
1669780 923
1669790 923
1669800 928
1669810 934
1669820 934
1669830 941
1669840 948
1669850 948
1669860 954
1669870 960
1669880 960
1669890 964
1669900 967
1669910 967
1669920 970
1669930 971
1669940 973
1669950 973
1669960 973
1669970 969
1669980 969
1669990 969
1670000 969
1670010 969
1670020 970
1670030 972
1670040 972
1670050 974
1670060 976
1670070 976
1670080 978
1670090 981
1670100 981
1670110 984
1670120 987
1670130 987
1670140 988
1670150 989
1670160 989
1670170 989
1670180 989
1670190 986
1670200 986
1670210 983
1670220 978
1670230 978
1670240 973
1670250 965
1670260 965
1670270 958
1670280 951
1670290 951
1670300 944
1670310 938
1670320 938
1670330 932
1670340 926
1670350 926
1670360 923
1670370 922
1670380 926
1670390 926
1670400 928
1670410 929
1670420 929
1670430 930
1670440 930
1670450 930
1670460 929
1670470 928
1670480 928
1670490 922
1670500 919
1670510 919
1670520 917
1670530 915
1670540 915
1670550 912
1670560 910
1670570 910
1670580 908
1670590 906
1670600 906
1670610 907
1670620 907
1670630 906
1670640 906
1670650 906
1670660 909
1670670 909
1670680 913
1670690 918
1670700 918
1670710 921
1670720 924
1670730 924
1670740 927
1670750 931
1670760 931
1670770 934
1670780 938
1670790 938
1670800 942
1670810 946
1670820 946
1670830 949
1670840 953
1670850 956
1670860 956
1670870 960
1670880 964
1670890 964
1670900 966
1670910 970
1670920 970
1670930 974
1670940 977
1670950 977
1670960 980
1670970 982
1670980 982
1670990 985
1671000 988
1671010 988
1671020 990
1671030 994
1671040 994
1671050 997
1671060 1000
1671070 1003
1671080 1003
1671090 1005
1671100 1008
1671110 1008
1671120 1010
1671130 1013
1671140 1013
1671150 1015
1671160 1017
1671170 1017
1671180 1017
1671190 1019
1671200 1019
1671210 1021
1671220 1022
1671230 1022
1671240 1024
1671250 1026
1671260 1026
1671270 1026
1671280 1025
1671290 1024
1671300 1024
1671310 1024
1671320 1024
1671330 1024
1671340 1022
1671350 1021
1671360 1021
1671370 1021
1671380 1021
1671390 1021
1671400 1021
1671410 1021
1671420 1021
1671430 1021
1671440 1021
1671450 1021
1671460 1021
1671470 1022
1671480 1022
1671490 1023
1671500 1023
1671510 1023
1671520 1025
1671530 1026
1671540 1028
1671550 1028
1671560 1030
1671570 1032
1671580 1032
1671590 1033
1671600 1036
1671610 1036
1671620 1038
1671630 1040
1671640 1040
1671650 1042
1671660 1044
1671670 1044
1671680 1046
1671690 1048
1671700 1048
1671710 1049
1671720 1051
1671730 1051
1671740 1052
1671750 1053
1671760 1054
1671770 1054
1671780 1054
1671790 1054
1671800 1054
1671810 1053
1671820 1053
1671830 1053
1671840 1052
1671850 1050
1671860 1050
1671870 1049
1671880 1047
1671890 1047
1671900 1046
1671910 1044
1671920 1044
1671930 1043
1671940 1043
1671950 1043
1671960 1043
1671970 1043
1671980 1043
1671990 1043
1672000 1043
1672010 1043
1672020 1043
1672030 1041
1672040 1039
1672050 1039
1672060 1036
1672070 1033
1672080 1033
1672090 1031
1672100 1028
1672110 1028
1672120 1025
1672130 1022
1672140 1022
1672150 1020
1672160 1017
1672170 1017
1672180 1014
1672190 1011
1672200 1008
1672210 1008
1672220 1005
1672230 1003
1672240 1003
1672250 1001
1672260 999
1672270 999
1672280 997
1672290 995
1672300 995
1672310 994
1672320 992
1672330 992
1672340 990
1672350 987
1672360 987
1672370 984
1672380 980
1672390 980
1672400 975
1672410 971
1672420 966
1672430 966
1672440 962
1672450 957
1672460 957
1672470 953
1672480 948
1672490 948
1672500 942
1672510 937
1672520 937
1672530 930
1672540 925
1672550 925
1672560 919
1672570 914
1672580 914
1672590 908
1672600 902
1672610 902
1672620 896
1672630 891
1672640 891
1672650 885
1672660 880
1672670 874
1672680 874
1672690 869
1672700 863
1672710 863
1672720 858
1672730 852
1672740 852
1672750 846
1672760 838
1672770 838
1672780 833
1672790 827
1672800 827
1672810 819
1672820 817
1672830 817
1672840 821
1672850 823
1672860 823
1672870 826
1672880 830
1672890 834
1672900 834
1672910 836
1672920 837
1672930 837
1672940 837
1672950 837
1672960 837
1672970 837
1672980 837
1672990 837
1673000 836
1673010 834
1673020 834
1673030 832
1673040 830
1673050 830
1673060 829
1673070 824
1673080 824
1673090 822
1673100 817
1673110 813
1673120 813
1673130 810
1673140 810
1673150 810
1673160 810
1673170 809
1673180 809
1673190 808
1673200 805
1673210 805
1673220 803
1673230 800
1673240 800
1673250 798
1673260 796
1673270 796
1673280 794
1673290 792
1673300 792
1673310 789
1673320 786
1673330 784
1673340 784
1673350 781
1673360 780
1673370 780
1673380 776
1673390 771
1673400 771
1673410 767
1673420 763
1673430 763
1673440 759
1673450 755
1673460 755
1673470 752
1673480 749
1673490 749
1673500 747
1673510 745
1673520 745
1673530 743
1673540 742
1673550 740
1673560 740
1673570 740
1673580 739
1673590 739
1673600 738
1673610 736
1673620 736
1673630 734
1673640 731
1673650 731
1673660 727
1673670 724
1673680 724
1673690 721
1673700 717
1673710 717
1673720 711
1673730 707
1673740 707
1673750 705
1673760 701
1673770 701
1673780 699
1673790 696
1673800 694
1673810 694
1673820 691
1673830 689
1673840 689
1673850 687
1673860 684
1673870 684
1673880 680
1673890 674
1673900 674
1673910 669
1673920 660
1673930 660
1673940 651
1673950 648
1673960 648
1673970 647
1673980 649
1673990 649
1674000 651
1674010 653
1674020 653
1674030 653
1674040 659
1674050 664
1674060 664
1674070 671
1674080 677
1674090 677
1674100 683
1674110 690
1674120 690
1674130 697
1674140 704
1674150 704
1674160 710
1674170 717
1674180 717
1674190 724
1674200 731
1674210 731
1674220 736
1674230 742
1674240 748
1674250 748
1674260 754
1674270 757
1674280 757
1674290 756
1674300 754
1674310 754
1674320 750
1674330 746
1674340 746
1674350 743
1674360 739
1674370 739
1674380 735
1674390 732
1674400 732
1674410 728
1674420 725
1674430 725
1674440 722
1674450 718
1674460 715
1674470 715
1674480 711
1674490 709
1674500 709
1674510 705
1674520 704
1674530 704
1674540 703
1674550 699
1674560 699
1674570 697
1674580 695
1674590 695
1674600 693
1674610 694
1674620 694
1674630 693
1674640 695
1674650 695
1674660 699
1674670 700
1674680 704
1674690 704
1674700 708
1674710 709
1674720 709
1674730 713
1674740 716
1674750 716
1674760 719
1674770 721
1674780 721
1674790 724
1674800 728
1674810 728
1674820 731
1674830 734
1674840 734
1674850 737
1674860 741
1674870 741
1674880 745
1674890 750
1674900 750
1674910 754
1674920 759
1674930 763
1674940 763
1674950 768
1674960 772
1674970 772
1674980 777
1674990 782
1675000 782
1675010 787
1675020 791
1675030 791
1675040 796
1675050 801
1675060 801
1675070 805
1675080 808
1675090 808
1675100 812
1675110 813
1675120 813
1675130 818
1675140 822
1675150 826
1675160 826
1675170 829
1675180 832
1675190 832
1675200 834
1675210 837
1675220 837
1675230 836
1675240 836
1675250 836
1675260 835
1675270 833
1675280 833
1675290 833
1675300 831
1675310 831
1675320 830
1675330 827
1675340 827
1675350 824
1675360 822
1675370 819
1675380 819
1675390 817
1675400 813
1675410 813
1675420 810
1675430 806
1675440 806
1675450 803
1675460 801
1675470 801
1675480 799
1675490 798
1675500 798
1675510 797
1675520 797
1675530 797
1675540 797
1675550 797
1675560 797
1675570 798
1675580 798
1675590 798
1675600 798
1675610 797
1675620 796
1675630 796
1675640 794
1675650 792
1675660 792
1675670 789
1675680 786
1675690 786
1675700 781
1675710 779
1675720 779
1675730 775
1675740 771
1675750 771
1675760 764
1675770 765
1675780 765
1675790 768
1675800 770
1675810 770
1675820 773
1675830 775
1675840 777
1675850 777
1675860 778
1675870 778
1675880 778
1675890 778
1675900 778
1675910 778
1675920 779
1675930 783
1675940 783
1675950 787
1675960 791
1675970 791
1675980 795
1675990 799
1676000 799
1676010 802
1676020 807
1676030 807
1676040 811
1676050 815
1676060 818
1676070 818
1676080 822
1676090 825
1676100 825
1676110 828
1676120 831
1676130 831
1676140 832
1676150 835
1676160 835
1676170 837
1676180 839
1676190 839
1676200 841
1676210 843
1676220 843
1676230 844
1676240 845
1676250 845
1676260 847
1676270 850
1676280 853
1676290 853
1676300 856
1676310 860
1676320 860
1676330 864
1676340 868
1676350 868
1676360 873
1676370 878
1676380 878
1676390 882
1676400 887
1676410 887
1676420 893
1676430 898
1676440 898
1676450 905
1676460 910
1676470 910
1676480 915
1676490 919
1676500 924
1676510 924
1676520 927
1676530 930
1676540 930
1676550 932
1676560 931
1676570 931
1676580 929
1676590 926
1676600 926
1676610 924
1676620 921
1676630 921
1676640 919
1676650 916
1676660 916
1676670 914
1676680 912
1676690 912
1676700 909
1676710 906
1676720 902
1676730 902
1676740 900
1676750 896
1676760 896
1676770 893
1676780 891
1676790 891
1676800 890
1676810 888
1676820 888
1676830 886
1676840 883
1676850 883
1676860 881
1676870 880
1676880 880
1676890 878
1676900 876
1676910 876
1676920 874
1676930 873
1676940 873
1676950 871
1676960 870
1676970 868
1676980 868
1676990 866
1677000 864
1677010 864
1677020 862
1677030 860
1677040 860
1677050 857
1677060 855
1677070 855
1677080 853
1677090 850
1677100 850
1677110 848
1677120 845
1677130 845
1677140 843
1677150 840
1677160 840
1677170 838
1677180 836
1677190 834
1677200 834
1677210 832
1677220 830
1677230 830
1677240 828
1677250 826
1677260 826
1677270 824
1677280 822
1677290 822
1677300 820
1677310 818
1677320 818
1677330 815
1677340 813
1677350 813
1677360 810
1677370 807
1677380 807
1677390 804
1677400 800
1677410 797
1677420 797
1677430 794
1677440 790
1677450 790
1677460 784
1677470 778
1677480 778
1677490 771
1677500 764
1677510 764
1677520 762
1677530 758
1677540 758
1677550 754
1677560 749
1677570 749
1677580 745
1677590 742
1677600 742
1677610 738
1677620 734
1677630 731
1677640 731
1677650 727
1677660 724
1677670 724
1677680 723
1677690 721
1677700 721
1677710 718
1677720 714
1677730 714
1677740 712
1677750 709
1677760 709
1677770 705
1677780 701
1677790 701
1677800 695
1677810 688
1677820 688
1677830 684
1677840 682
1677850 683
1677860 683
1677870 683
1677880 682
1677890 682
1677900 679
1677910 676
1677920 676
1677930 672
1677940 668
1677950 668
1677960 664
1677970 662
1677980 662
1677990 660
1678000 655
1678010 655
1678020 650
1678030 645
1678040 645
1678050 640
1678060 635
1678070 635
1678080 629
1678090 624
1678100 619
1678110 619
1678120 612
1678130 608
1678140 608
1678150 605
1678160 600
1678170 600
1678180 596
1678190 594
1678200 594
1678210 597
1678220 596
1678230 596
1678240 597
1678250 598
1678260 598
1678270 604
1678280 610
1678290 610
1678300 616
1678310 621
1678320 626
1678330 626
1678340 631
1678350 635
1678360 635
1678370 640
1678380 644
1678390 644
1678400 647
1678410 646
1678420 646
1678430 645
1678440 643
1678450 643
1678460 642
1678470 642
1678480 642
1678490 644
1678500 646
1678510 646
1678520 646
1678530 646
1678540 645
1678550 645
1678560 645
1678570 645
1678580 645
1678590 644
1678600 643
1678610 643
1678620 647
1678630 655
1678640 655
1678650 660
1678660 665
1678670 665
1678680 670
1678690 675
1678700 675
1678710 680
1678720 684
1678730 684
1678740 686
1678750 694
1678760 699
1678770 699
1678780 703
1678790 708
1678800 708
1678810 712
1678820 715
1678830 715
1678840 721
1678850 726
1678860 726
1678870 732
1678880 737
1678890 737
1678900 744
1678910 749
1678920 749
1678930 755
1678940 761
1678950 761
1678960 766
1678970 768
1678980 768
1678990 770
1679000 772
1679010 774
1679020 774
1679030 775
1679040 775
1679050 775
1679060 775
1679070 776
1679080 776
1679090 776
1679100 778
1679110 778
1679120 779
1679130 781
1679140 781
1679150 782
1679160 780
1679170 780
1679180 778
1679190 778
1679200 778
1679210 778
1679220 780
1679230 781
1679240 781
1679250 784
1679260 790
1679270 790
1679280 795
1679290 799
1679300 799
1679310 803
1679320 807
1679330 807
1679340 810
1679350 814
1679360 814
1679370 817
1679380 819
1679390 819
1679400 821
1679410 823
1679420 823
1679430 824
1679440 826
1679450 827
1679460 827
1679470 828
1679480 829
1679490 829
1679500 829
1679510 829
1679520 829
1679530 828
1679540 825
1679550 825
1679560 824
1679570 820
1679580 820
1679590 819
1679600 816
1679610 816
1679620 812
1679630 809
1679640 809
1679650 806
1679660 803
1679670 801
1679680 801
1679690 798
1679700 795
1679710 795
1679720 792
1679730 788
1679740 788
1679750 785
1679760 781
1679770 781
1679780 776
1679790 772
1679800 772
1679810 768
1679820 764
1679830 764
1679840 759
1679850 757
1679860 757
1679870 757
1679880 758
1679890 759
1679900 759
1679910 760
1679920 762
1679930 762
1679940 764
1679950 768
1679960 768
1679970 771
1679980 774
1679990 774
