1660000 1207
1660010 1204
1660020 1201
1660030 1201
1660040 1197
1660050 1194
1660060 1194
1660070 1191
1660080 1187
1660090 1187
1660100 1183
1660110 1181
1660120 1181
1660130 1177
1660140 1173
1660150 1173
1660160 1170
1660170 1165
1660180 1165
1660190 1163
1660200 1166
1660210 1168
1660220 1168
1660230 1174
1660240 1180
1660250 1180
1660260 1181
1660270 1187
1660280 1187
1660290 1191
1660300 1195
1660310 1195
1660320 1199
1660330 1202
1660340 1202
1660350 1206
1660360 1210
1660370 1210
1660380 1213
1660390 1216
1660400 1216
1660410 1218
1660420 1221
1660430 1224
1660440 1224
1660450 1228
1660460 1232
1660470 1232
1660480 1235
1660490 1238
1660500 1238
1660510 1243
1660520 1248
1660530 1248
1660540 1253
1660550 1259
1660560 1259
1660570 1265
1660580 1271
1660590 1271
1660600 1276
1660610 1283
1660620 1283
1660630 1289
1660640 1295
1660650 1302
1660660 1302
1660670 1309
1660680 1314
1660690 1314
1660700 1320
1660710 1326
1660720 1326
1660730 1331
1660740 1336
1660750 1336
1660760 1341
1660770 1345
1660780 1345
1660790 1350
1660800 1354
1660810 1354
1660820 1360
1660830 1364
1660840 1364
1660850 1369
1660860 1374
1660870 1378
1660880 1378
1660890 1381
1660900 1385
1660910 1385
1660920 1390
1660930 1394
1660940 1394
1660950 1398
1660960 1403
1660970 1403
1660980 1407
1660990 1411
1661000 1411
1661010 1415
1661020 1419
1661030 1419
1661040 1423
1661050 1427
1661060 1427
1661070 1431
1661080 1435
1661090 1435
1661100 1440
1661110 1443
1661120 1448
1661130 1448
1661140 1452
1661150 1457
1661160 1457
1661170 1462
1661180 1467
1661190 1467
1661200 1471
1661210 1476
1661220 1476
1661230 1483
1661240 1489
1661250 1489
1661260 1495
1661270 1503
1661280 1503
1661290 1510
1661300 1512
1661310 1512
1661320 1516
1661330 1518
1661340 1522
1661350 1522
1661360 1525
1661370 1529
1661380 1529
1661390 1533
1661400 1537
1661410 1537
1661420 1541
1661430 1546
1661440 1546
1661450 1550
1661460 1553
1661470 1553
1661480 1559
1661490 1562
1661500 1562
1661510 1566
1661520 1570
1661530 1570
1661540 1576
1661550 1580
1661560 1584
1661570 1584
1661580 1589
1661590 1593
1661600 1593
1661610 1597
1661620 1601
1661630 1601
1661640 1604
1661650 1606
1661660 1606
1661670 1608
1661680 1610
1661690 1610
1661700 1612
1661710 1614
1661720 1614
1661730 1616
1661740 1618
1661750 1618
1661760 1620
1661770 1621
1661780 1622
1661790 1622
1661800 1622
1661810 1623
1661820 1623
1661830 1624
1661840 1625
1661850 1625
1661860 1626
1661870 1627
1661880 1627
1661890 1628
1661900 1630
1661910 1630
1661920 1631
1661930 1632
1661940 1632
1661950 1634
1661960 1635
1661970 1635
1661980 1637
1661990 1637
1662000 1638
1662010 1638
1662020 1637
1662030 1637
1662040 1637
1662050 1636
1662060 1634
1662070 1634
1662080 1632
1662090 1629
1662100 1629
1662110 1627
1662120 1624
1662130 1624
1662140 1621
1662150 1615
1662160 1615
1662170 1608
1662180 1601
1662190 1601
1662200 1594
1662210 1587
1662220 1587
1662230 1582
1662240 1576
1662250 1569
1662260 1569
1662270 1565
1662280 1560
1662290 1560
1662300 1555
1662310 1549
1662320 1549
1662330 1544
1662340 1539
1662350 1539
1662360 1533
1662370 1527
1662380 1527
1662390 1520
1662400 1514
1662410 1514
1662420 1510
1662430 1505
1662440 1505
1662450 1501
1662460 1497
1662470 1492
1662480 1492
1662490 1487
1662500 1482
1662510 1482
1662520 1476
1662530 1471
1662540 1471
1662550 1466
1662560 1462
1662570 1462
1662580 1458
1662590 1451
1662600 1451
1662610 1444
1662620 1438
1662630 1438
1662640 1431
1662650 1424
1662660 1424
1662670 1418
1662680 1413
1662690 1408
1662700 1408
1662710 1404
1662720 1400
1662730 1400
1662740 1397
1662750 1394
1662760 1394
1662770 1389
1662780 1386
1662790 1386
1662800 1386
1662810 1385
1662820 1385
1662830 1384
1662840 1384
1662850 1384
1662860 1384
1662870 1384
1662880 1384
1662890 1384
1662900 1385
1662910 1387
1662920 1387
1662930 1385
1662940 1383
1662950 1383
1662960 1381
1662970 1378
1662980 1378
1662990 1375
1663000 1372
1663010 1372
1663020 1369
1663030 1366
1663040 1366
1663050 1363
1663060 1360
1663070 1360
1663080 1357
1663090 1354
1663100 1354
1663110 1350
1663120 1347
1663130 1343
1663140 1343
1663150 1339
1663160 1335
1663170 1335
1663180 1330
1663190 1325
1663200 1325
1663210 1319
1663220 1315
1663230 1315
1663240 1309
1663250 1305
1663260 1305
1663270 1302
1663280 1295
1663290 1295
1663300 1293
1663310 1297
1663320 1297
1663330 1300
1663340 1302
1663350 1302
1663360 1307
1663370 1307
1663380 1309
1663390 1309
1663400 1313
1663410 1316
1663420 1316
1663430 1320
1663440 1322
1663450 1322
1663460 1324
1663470 1326
1663480 1326
1663490 1327
1663500 1328
1663510 1328
1663520 1328
1663530 1328
1663540 1328
1663550 1329
1663560 1331
1663570 1331
1663580 1332
1663590 1336
1663600 1340
1663610 1340
1663620 1344
1663630 1345
1663640 1345
1663650 1342
1663660 1338
1663670 1338
1663680 1328
1663690 1319
1663700 1319
1663710 1312
1663720 1305
1663730 1305
1663740 1299
1663750 1292
1663760 1292
1663770 1286
1663780 1280
1663790 1280
1663800 1274
1663810 1268
1663820 1262
1663830 1262
1663840 1256
1663850 1251
1663860 1251
1663870 1253
1663880 1257
1663890 1257
1663900 1261
1663910 1264
1663920 1264
1663930 1266
1663940 1268
1663950 1268
1663960 1269
1663970 1269
1663980 1269
1663990 1271
1664000 1272
1664010 1272
1664020 1272
1664030 1275
1664040 1278
1664050 1278
1664060 1281
1664070 1284
1664080 1284
1664090 1288
1664100 1291
1664110 1291
1664120 1294
1664130 1293
1664140 1293
1664150 1297
1664160 1298
1664170 1298
1664180 1300
1664190 1301
1664200 1301
1664210 1303
1664220 1304
1664230 1304
1664240 1304
1664250 1305
1664260 1305
1664270 1307
1664280 1308
1664290 1310
1664300 1310
1664310 1312
1664320 1315
1664330 1315
1664340 1317
1664350 1321
1664360 1321
1664370 1324
1664380 1327
1664390 1327
1664400 1328
1664410 1327
1664420 1327
1664430 1325
1664440 1322
1664450 1322
1664460 1319
1664470 1315
1664480 1315
1664490 1313
1664500 1310
1664510 1308
1664520 1308
1664530 1305
1664540 1301
1664550 1301
1664560 1296
1664570 1289
1664580 1289
1664590 1281
1664600 1274
1664610 1274
1664620 1268
1664630 1262
1664640 1262
1664650 1256
1664660 1251
1664670 1251
1664680 1246
1664690 1242
1664700 1242
1664710 1239
1664720 1235
1664730 1233
1664740 1233
1664750 1229
1664760 1226
1664770 1226
1664780 1222
1664790 1218
1664800 1218
1664810 1213
1664820 1208
1664830 1208
1664840 1204
1664850 1201
1664860 1201
1664870 1196
1664880 1194
1664890 1194
1664900 1190
1664910 1185
1664920 1185
1664930 1182
1664940 1178
1664950 1175
1664960 1175
1664970 1172
1664980 1169
1664990 1169
1665000 1164
1665010 1161
1665020 1161
1665030 1159
1665040 1155
1665050 1155
1665060 1151
1665070 1149
1665080 1149
1665090 1146
1665100 1145
1665110 1145
1665120 1143
1665130 1142
1665140 1142
1665150 1140
1665160 1137
1665170 1135
1665180 1135
1665190 1132
1665200 1129
1665210 1129
1665220 1127
1665230 1126
1665240 1126
1665250 1125
1665260 1123
1665270 1123
1665280 1121
1665290 1119
1665300 1119
1665310 1117
1665320 1115
1665330 1115
1665340 1113
1665350 1111
1665360 1111
1665370 1111
1665380 1109
1665390 1109
1665400 1111
1665410 1106
1665420 1103
1665430 1103
1665440 1097
1665450 1095
1665460 1095
1665470 1092
1665480 1091
1665490 1091
1665500 1091
1665510 1091
1665520 1091
1665530 1092
1665540 1091
1665550 1091
1665560 1090
1665570 1089
1665580 1089
1665590 1087
1665600 1085
1665610 1085
1665620 1079
1665630 1076
1665640 1074
1665650 1074
1665660 1076
1665670 1083
1665680 1083
1665690 1088
1665700 1089
1665710 1089
1665720 1094
1665730 1098
1665740 1098
1665750 1101
1665760 1105
1665770 1105
1665780 1109
1665790 1112
1665800 1112
1665810 1116
1665820 1120
1665830 1120
1665840 1124
1665850 1127
1665860 1129
1665870 1129
1665880 1132
1665890 1134
1665900 1134
1665910 1135
1665920 1136
1665930 1136
1665940 1135
1665950 1135
1665960 1135
1665970 1135
1665980 1136
1665990 1136
1666000 1137
1666010 1141
1666020 1141
1666030 1143
1666040 1147
1666050 1147
1666060 1150
1666070 1153
1666080 1156
1666090 1156
1666100 1159
1666110 1163
1666120 1163
1666130 1165
1666140 1168
1666150 1168
1666160 1171
1666170 1174
1666180 1174
1666190 1176
1666200 1179
1666210 1179
1666220 1182
1666230 1183
1666240 1183
1666250 1184
1666260 1186
1666270 1186
1666280 1189
1666290 1191
1666300 1191
1666310 1195
1666320 1200
1666330 1200
1666340 1200
1666350 1200
1666360 1198
1666370 1198
1666380 1196
1666390 1191
1666400 1191
1666410 1186
1666420 1182
1666430 1182
1666440 1180
1666450 1178
1666460 1178
1666470 1178
1666480 1178
1666490 1178
1666500 1179
1666510 1179
1666520 1179
1666530 1180
1666540 1181
1666550 1182
1666560 1182
1666570 1183
1666580 1184
1666590 1184
1666600 1186
1666610 1188
1666620 1188
1666630 1190
1666640 1193
1666650 1193
1666660 1195
1666670 1198
1666680 1198
1666690 1201
1666700 1203
1666710 1203
1666720 1206
1666730 1208
1666740 1208
1666750 1210
1666760 1211
1666770 1211
1666780 1211
1666790 1212
1666800 1212
1666810 1212
1666820 1213
1666830 1213
1666840 1213
1666850 1214
1666860 1216
1666870 1216
1666880 1218
1666890 1220
1666900 1220
1666910 1223
1666920 1225
1666930 1225
1666940 1229
1666950 1230
1666960 1230
1666970 1232
1666980 1237
1666990 1241
1667000 1241
1667010 1246
1667020 1250
1667030 1250
1667040 1251
1667050 1253
1667060 1253
1667070 1255
1667080 1258
1667090 1258
1667100 1261
1667110 1264
1667120 1264
1667130 1268
1667140 1271
1667150 1271
1667160 1274
1667170 1277
1667180 1277
1667190 1280
1667200 1281
1667210 1282
1667220 1282
1667230 1285
1667240 1286
1667250 1286
1667260 1289
1667270 1290
1667280 1290
1667290 1290
1667300 1289
1667310 1289
1667320 1288
1667330 1288
1667340 1288
1667350 1286
1667360 1284
1667370 1284
1667380 1281
1667390 1279
1667400 1279
1667410 1276
1667420 1273
1667430 1273
1667440 1269
1667450 1266
1667460 1263
1667470 1263
1667480 1261
1667490 1258
1667500 1258
1667510 1255
1667520 1252
1667530 1252
1667540 1247
1667550 1243
1667560 1243
1667570 1239
1667580 1234
1667590 1234
1667600 1229
1667610 1223
1667620 1223
1667630 1219
1667640 1214
1667650 1214
1667660 1209
1667670 1205
1667680 1201
1667690 1201
1667700 1198
1667710 1194
1667720 1194
1667730 1190
1667740 1186
1667750 1186
1667760 1181
1667770 1176
1667780 1176
1667790 1172
1667800 1169
1667810 1169
1667820 1165
1667830 1162
1667840 1162
1667850 1158
1667860 1154
1667870 1154
1667880 1150
1667890 1146
1667900 1142
1667910 1142
1667920 1137
1667930 1133
1667940 1133
1667950 1128
1667960 1126
1667970 1126
1667980 1122
1667990 1118
1668000 1118
1668010 1113
1668020 1109
1668030 1109
1668040 1102
1668050 1098
1668060 1098
1668070 1096
1668080 1092
1668090 1092
1668100 1087
1668110 1083
1668120 1080
1668130 1080
1668140 1077
1668150 1073
1668160 1073
1668170 1070
1668180 1065
1668190 1065
1668200 1062
1668210 1058
1668220 1058
1668230 1054
1668240 1050
1668250 1050
1668260 1047
1668270 1043
1668280 1043
1668290 1039
1668300 1036
1668310 1036
1668320 1032
1668330 1029
1668340 1021
1668350 1021
1668360 1014
1668370 1009
1668380 1009
1668390 1006
1668400 1001
1668410 1001
1668420 999
1668430 999
1668440 999
1668450 998
1668460 996
1668470 996
1668480 994
1668490 992
1668500 992
1668510 991
1668520 990
1668530 990
1668540 990
1668550 989
1668560 989
1668570 988
1668580 987
1668590 987
1668600 987
1668610 985
1668620 984
1668630 984
1668640 983
1668650 982
1668660 982
1668670 980
1668680 979
1668690 979
1668700 977
1668710 976
1668720 976
1668730 976
1668740 975
1668750 975
1668760 975
1668770 975
1668780 975
1668790 974
1668800 973
1668810 972
1668820 972
1668830 971
1668840 970
1668850 970
1668860 967
1668870 965
1668880 965
1668890 962
1668900 960
1668910 960
1668920 957
1668930 954
1668940 954
1668950 950
1668960 946
1668970 946
1668980 942
1668990 939
1669000 939
1669010 935
1669020 931
1669030 926
1669040 926
1669050 920
1669060 915
1669070 915
1669080 911
1669090 907
1669100 907
1669110 905
1669120 899
1669130 899
1669140 893
1669150 887
1669160 887
1669170 880
1669180 873
1669190 873
1669200 867
1669210 861
1669220 861
1669230 854
1669240 847
1669250 841
1669260 841
1669270 834
1669280 826
1669290 826
1669300 819
1669310 812
1669320 812
1669330 806
1669340 799
1669350 799
1669360 797
1669370 796
1669380 796
1669390 800
1669400 806
1669410 806
1669420 812
1669430 817
1669440 817
1669450 827
1669460 832
1669470 832
1669480 836
1669490 840
1669500 843
1669510 843
1669520 845
1669530 849
1669540 849
1669550 854
1669560 860
1669570 860
1669580 863
1669590 869
1669600 869
1669610 877
1669620 887
1669630 887
1669640 897
1669650 906
1669660 906
1669670 913
1669680 921
1669690 921
1669700 928
1669710 934
1669720 939
1669730 939
1669740 944
1669750 949
1669760 949
1669770 955
1669780 960
1669790 960
1669800 967
1669810 972
1669820 972
1669830 974
1669840 977
1669850 977
1669860 978
1669870 980
1669880 980
1669890 984
1669900 989
1669910 989
1669920 993
1669930 996
1669940 999
1669950 999
1669960 1001
1669970 1002
1669980 1002
1669990 1004
1670000 1005
1670010 1005
1670020 1007
1670030 1008
1670040 1008
1670050 1009
1670060 1009
1670070 1009
1670080 1010
1670090 1011
1670100 1011
1670110 1011
1670120 1011
1670130 1011
1670140 1010
1670150 1010
1670160 1010
1670170 1010
1670180 1006
1670190 1001
1670200 1001
1670210 997
1670220 994
1670230 994
1670240 990
1670250 986
1670260 986
1670270 981
1670280 975
1670290 975
1670300 968
1670310 965
1670320 965
1670330 964
1670340 963
1670350 963
1670360 963
1670370 965
1670380 966
1670390 966
1670400 968
1670410 968
1670420 968
1670430 970
1670440 970
1670450 970
1670460 969
1670470 967
1670480 967
1670490 966
1670500 964
1670510 964
1670520 961
1670530 957
1670540 957
1670550 952
1670560 946
1670570 946
1670580 944
1670590 943
1670600 943
1670610 943
1670620 943
1670630 942
1670640 942
1670650 939
1670660 938
1670670 938
1670680 937
1670690 936
1670700 936
1670710 935
1670720 935
1670730 935
1670740 935
1670750 935
1670760 935
1670770 935
1670780 933
1670790 933
1670800 932
1670810 933
1670820 933
1670830 933
1670840 933
1670850 934
1670860 934
1670870 938
1670880 943
1670890 943
1670900 947
1670910 951
1670920 951
1670930 952
1670940 956
1670950 956
1670960 959
1670970 961
1670980 961
1670990 964
1671000 967
1671010 967
1671020 970
1671030 973
1671040 973
1671050 976
1671060 979
1671070 981
1671080 981
1671090 984
1671100 987
1671110 987
1671120 990
1671130 992
1671140 992
1671150 995
1671160 996
1671170 996
1671180 999
1671190 1001
1671200 1001
1671210 1003
1671220 1005
1671230 1005
1671240 1007
1671250 1010
1671260 1010
1671270 1014
1671280 1016
1671290 1018
1671300 1018
1671310 1021
1671320 1023
1671330 1023
1671340 1025
1671350 1026
1671360 1026
1671370 1028
1671380 1029
1671390 1029
1671400 1031
1671410 1032
1671420 1032
1671430 1033
1671440 1034
1671450 1034
1671460 1036
1671470 1038
1671480 1038
1671490 1039
1671500 1041
1671510 1041
1671520 1043
1671530 1044
1671540 1046
1671550 1046
1671560 1048
1671570 1050
1671580 1050
1671590 1052
1671600 1053
1671610 1053
1671620 1055
1671630 1057
1671640 1057
1671650 1058
1671660 1059
1671670 1059
1671680 1060
1671690 1060
1671700 1060
1671710 1061
1671720 1061
1671730 1061
1671740 1060
1671750 1059
1671760 1057
1671770 1057
1671780 1055
1671790 1053
1671800 1053
1671810 1050
1671820 1050
1671830 1050
1671840 1048
1671850 1046
1671860 1046
1671870 1045
1671880 1043
1671890 1043
1671900 1041
1671910 1040
1671920 1040
1671930 1038
1671940 1037
1671950 1037
1671960 1036
1671970 1034
1671980 1032
1671990 1032
1672000 1029
1672010 1025
1672020 1025
1672030 1021
1672040 1017
1672050 1017
1672060 1013
1672070 1010
1672080 1010
1672090 1006
1672100 1003
1672110 1003
1672120 1000
1672130 997
1672140 997
1672150 994
1672160 992
1672170 992
1672180 989
1672190 987
1672200 984
1672210 984
1672220 981
1672230 978
1672240 978
1672250 976
1672260 974
1672270 974
1672280 973
1672290 972
1672300 972
1672310 972
1672320 971
1672330 971
1672340 970
1672350 970
1672360 970
1672370 970
1672380 970
1672390 970
1672400 971
1672410 971
1672420 970
1672430 970
1672440 969
1672450 968
1672460 968
1672470 965
1672480 962
1672490 962
1672500 957
1672510 953
1672520 953
1672530 947
1672540 942
1672550 942
1672560 935
1672570 929
1672580 929
1672590 922
1672600 916
1672610 916
1672620 911
1672630 905
1672640 905
1672650 899
1672660 891
1672670 887
1672680 887
1672690 881
1672700 875
1672710 875
1672720 868
1672730 862
1672740 862
1672750 857
1672760 852
1672770 852
1672780 846
1672790 838
1672800 838
1672810 833
1672820 829
1672830 829
1672840 822
1672850 817
1672860 817
1672870 812
1672880 805
1672890 801
1672900 801
1672910 794
1672920 789
1672930 789
1672940 790
1672950 789
1672960 789
1672970 790
1672980 790
1672990 790
1673000 788
1673010 786
1673020 786
1673030 785
1673040 784
1673050 784
1673060 783
1673070 781
1673080 781
1673090 777
1673100 775
1673110 772
1673120 772
1673130 770
1673140 768
1673150 768
1673160 766
1673170 765
1673180 765
1673190 763
1673200 762
1673210 762
1673220 760
1673230 758
1673240 758
1673250 756
1673260 757
1673270 757
1673280 756
1673290 755
1673300 755
1673310 753
1673320 751
1673330 748
1673340 748
1673350 746
1673360 742
1673370 742
1673380 739
1673390 734
1673400 734
1673410 730
1673420 726
1673430 726
1673440 721
1673450 718
1673460 718
1673470 713
1673480 712
1673490 712
1673500 709
1673510 707
1673520 707
1673530 707
1673540 706
1673550 706
1673560 704
1673570 702
1673580 703
1673590 703
1673600 702
1673610 699
1673620 699
1673630 699
1673640 698
1673650 698
1673660 696
1673670 694
1673680 694
1673690 691
1673700 688
1673710 688
1673720 686
1673730 683
1673740 683
1673750 681
1673760 680
1673770 680
1673780 680
1673790 680
1673800 679
1673810 679
1673820 677
1673830 677
1673840 677
1673850 676
1673860 675
1673870 675
1673880 674
1673890 671
1673900 671
1673910 669
1673920 667
1673930 667
1673940 661
1673950 652
1673960 652
1673970 652
1673980 652
1673990 652
1674000 652
1674010 654
1674020 654
1674030 654
1674040 659
1674050 663
1674060 663
1674070 669
1674080 674
1674090 674
1674100 680
1674110 686
1674120 686
1674130 693
1674140 701
1674150 701
1674160 706
1674170 713
1674180 713
1674190 721
1674200 728
1674210 728
1674220 735
1674230 741
1674240 749
1674250 749
1674260 755
1674270 761
1674280 761
1674290 762
1674300 763
1674310 763
1674320 764
1674330 765
1674340 765
1674350 765
1674360 764
1674370 764
1674380 763
1674390 763
1674400 763
1674410 762
1674420 761
1674430 761
1674440 758
1674450 755
1674460 752
1674470 752
1674480 750
1674490 747
1674500 747
1674510 744
1674520 742
1674530 742
1674540 739
1674550 737
1674560 737
1674570 736
1674580 733
1674590 733
1674600 732
1674610 730
1674620 730
1674630 729
1674640 728
1674650 728
1674660 727
1674670 726
1674680 726
1674690 726
1674700 726
1674710 726
1674720 726
1674730 726
1674740 725
1674750 725
1674760 724
1674770 723
1674780 723
1674790 723
1674800 722
1674810 722
1674820 722
1674830 719
1674840 719
1674850 718
1674860 717
1674870 717
1674880 716
1674890 715
1674900 715
1674910 719
1674920 725
1674930 730
1674940 730
1674950 735
1674960 738
1674970 738
1674980 743
1674990 748
1675000 748
1675010 752
1675020 757
1675030 757
1675040 762
1675050 766
1675060 766
1675070 771
1675080 776
1675090 776
1675100 781
1675110 786
1675120 786
1675130 792
1675140 797
1675150 802
1675160 802
1675170 808
1675180 812
1675190 812
1675200 816
1675210 820
1675220 820
1675230 823
1675240 826
1675250 826
1675260 829
1675270 832
1675280 832
1675290 835
1675300 837
1675310 837
1675320 839
1675330 840
1675340 840
1675350 841
1675360 843
1675370 843
1675380 843
1675390 844
1675400 844
1675410 844
1675420 844
1675430 844
1675440 844
1675450 844
1675460 844
1675470 844
1675480 843
1675490 842
1675500 842
1675510 840
1675520 839
1675530 839
1675540 838
1675550 836
1675560 836
1675570 835
1675580 834
1675590 832
1675600 832
1675610 829
1675620 826
1675630 826
1675640 822
1675650 818
1675660 818
1675670 813
1675680 810
1675690 810
1675700 806
1675710 803
1675720 803
1675730 798
1675740 798
1675750 798
1675760 796
1675770 792
1675780 792
1675790 792
1675800 791
1675810 791
1675820 795
1675830 796
1675840 801
1675850 801
1675860 805
1675870 809
1675880 809
1675890 812
1675900 816
1675910 816
1675920 820
1675930 823
1675940 823
1675950 826
1675960 829
1675970 829
1675980 831
1675990 832
1676000 832
1676010 834
1676020 835
1676030 835
1676040 836
1676050 838
1676060 840
1676070 840
1676080 842
1676090 846
1676100 846
1676110 850
1676120 856
1676130 856
1676140 862
1676150 867
1676160 867
1676170 873
1676180 878
1676190 878
1676200 882
1676210 886
1676220 886
1676230 888
1676240 890
1676250 890
1676260 892
1676270 893
1676280 895
1676290 895
1676300 897
1676310 898
1676320 898
1676330 899
1676340 901
1676350 901
1676360 903
1676370 906
1676380 906
1676390 907
1676400 908
1676410 908
1676420 908
1676430 909
1676440 909
1676450 910
1676460 911
1676470 911
1676480 911
1676490 911
1676500 911
1676510 911
1676520 910
1676530 909
1676540 909
1676550 908
1676560 907
1676570 907
1676580 906
1676590 905
1676600 905
1676610 903
1676620 902
1676630 902
1676640 901
1676650 899
1676660 899
1676670 898
1676680 896
1676690 896
1676700 893
1676710 889
1676720 889
1676730 885
1676740 881
1676750 877
1676760 877
1676770 875
1676780 873
1676790 873
1676800 872
1676810 870
1676820 870
1676830 867
1676840 862
1676850 862
1676860 858
1676870 853
1676880 853
1676890 850
1676900 847
1676910 847
1676920 845
1676930 844
1676940 844
1676950 842
1676960 841
1676970 841
1676980 841
1676990 840
1677000 839
1677010 839
1677020 839
1677030 838
1677040 838
1677050 837
1677060 835
1677070 835
1677080 834
1677090 832
1677100 832
1677110 830
1677120 828
1677130 828
1677140 826
1677150 823
1677160 823
1677170 821
1677180 819
1677190 818
1677200 818
1677210 817
1677220 816
1677230 816
1677240 815
1677250 814
1677260 814
1677270 813
1677280 812
1677290 812
1677300 810
1677310 808
1677320 808
1677330 807
1677340 805
1677350 805
1677360 803
1677370 801
1677380 801
1677390 799
1677400 796
1677410 794
1677420 794
1677430 793
1677440 790
1677450 790
1677460 785
1677470 782
1677480 782
1677490 778
1677500 774
1677510 774
1677520 770
1677530 766
1677540 766
1677550 762
1677560 759
1677570 759
1677580 756
1677590 752
1677600 752
1677610 749
1677620 745
1677630 741
1677640 741
1677650 738
1677660 734
1677670 734
1677680 730
1677690 726
1677700 726
1677710 724
1677720 721
1677730 721
1677740 715
1677750 712
1677760 712
1677770 710
1677780 706
1677790 706
1677800 702
1677810 699
1677820 699
1677830 696
1677840 693
1677850 693
1677860 690
1677870 687
1677880 684
1677890 684
1677900 682
1677910 679
1677920 679
1677930 675
1677940 671
1677950 671
1677960 666
1677970 661
1677980 661
1677990 656
1678000 649
1678010 649
1678020 645
1678030 640
1678040 640
1678050 634
1678060 627
1678070 627
1678080 622
1678090 614
1678100 608
1678110 608
1678120 605
1678130 602
1678140 602
1678150 599
1678160 599
1678170 599
1678180 600
1678190 603
1678200 603
1678210 604
1678220 602
1678230 602
1678240 609
1678250 612
1678260 610
1678270 614
1678280 618
1678290 618
1678300 624
1678310 629
1678320 634
1678330 634
1678340 639
1678350 646
1678360 646
1678370 648
1678380 655
1678390 655
1678400 661
1678410 664
1678420 664
1678430 671
1678440 676
1678450 676
1678460 682
1678470 687
1678480 687
1678490 692
1678500 697
1678510 697
1678520 699
1678530 700
1678540 700
1678550 700
1678560 700
1678570 700
1678580 700
1678590 699
1678600 700
1678610 700
1678620 699
1678630 698
1678640 698
1678650 697
1678660 697
1678670 697
1678680 698
1678690 698
1678700 698
1678710 697
1678720 697
1678730 697
1678740 698
1678750 698
1678760 698
1678770 698
1678780 699
1678790 697
1678800 697
1678810 696
1678820 701
1678830 701
1678840 708
1678850 713
1678860 713
1678870 717
1678880 722
1678890 722
1678900 727
1678910 732
1678920 732
1678930 738
1678940 745
1678950 745
1678960 749
1678970 755
1678980 755
1678990 762
1679000 769
1679010 776
1679020 776
1679030 783
1679040 790
1679050 790
1679060 796
1679070 801
1679080 801
1679090 806
1679100 809
1679110 809
1679120 812
1679130 815
1679140 815
1679150 818
1679160 820
1679170 820
1679180 822
1679190 824
1679200 824
1679210 825
1679220 826
1679230 828
1679240 828
1679250 829
1679260 831
1679270 831
1679280 833
1679290 834
1679300 834
1679310 835
1679320 836
1679330 836
1679340 836
1679350 835
1679360 835
1679370 833
1679380 832
1679390 832
1679400 830
1679410 828
1679420 828
1679430 826
1679440 823
1679450 820
1679460 820
1679470 818
1679480 816
1679490 816
1679500 814
1679510 812
1679520 812
1679530 809
1679540 806
1679550 806
1679560 803
1679570 799
1679580 799
1679590 795
1679600 790
1679610 790
1679620 786
1679630 782
1679640 782
1679650 777
1679660 773
1679670 769
1679680 769
1679690 764
1679700 761
1679710 761
1679720 756
1679730 752
1679740 752
1679750 747
1679760 742
1679770 742
1679780 737
1679790 732
1679800 732
1679810 727
1679820 725
1679830 725
1679840 722
1679850 720
1679860 720
1679870 723
1679880 726
1679890 726
1679900 730
1679910 735
1679920 739
1679930 739
1679940 744
1679950 747
1679960 747
1679970 748
1679980 749
1679990 749
