1660000 1106
1660010 1104
1660020 1100
1660030 1100
1660040 1094
1660050 1090
1660060 1090
1660070 1092
1660080 1096
1660090 1096
1660100 1102
1660110 1107
1660120 1107
1660130 1115
1660140 1124
1660150 1124
1660160 1134
1660170 1137
1660180 1140
1660190 1140
1660200 1143
1660210 1147
1660220 1147
1660230 1151
1660240 1155
1660250 1155
1660260 1159
1660270 1163
1660280 1163
1660290 1167
1660300 1171
1660310 1171
1660320 1176
1660330 1180
1660340 1180
1660350 1183
1660360 1187
1660370 1187
1660380 1190
1660390 1193
1660400 1193
1660410 1193
1660420 1195
1660430 1198
1660440 1198
1660450 1201
1660460 1205
1660470 1205
1660480 1207
1660490 1210
1660500 1210
1660510 1214
1660520 1215
1660530 1215
1660540 1221
1660550 1224
1660560 1224
1660570 1229
1660580 1234
1660590 1234
1660600 1238
1660610 1243
1660620 1248
1660630 1248
1660640 1253
1660650 1258
1660660 1258
1660670 1263
1660680 1267
1660690 1267
1660700 1272
1660710 1277
1660720 1277
1660730 1281
1660740 1285
1660750 1285
1660760 1292
1660770 1298
1660780 1298
1660790 1303
1660800 1310
1660810 1310
1660820 1315
1660830 1320
1660840 1325
1660850 1325
1660860 1328
1660870 1332
1660880 1332
1660890 1337
1660900 1342
1660910 1342
1660920 1348
1660930 1352
1660940 1352
1660950 1357
1660960 1362
1660970 1362
1660980 1365
1660990 1369
1661000 1369
1661010 1372
1661020 1375
1661030 1375
1661040 1377
1661050 1379
1661060 1380
1661070 1380
1661080 1382
1661090 1385
1661100 1385
1661110 1386
1661120 1388
1661130 1388
1661140 1391
1661150 1391
1661160 1391
1661170 1393
1661180 1395
1661190 1395
1661200 1398
1661210 1399
1661220 1399
1661230 1400
1661240 1401
1661250 1401
1661260 1403
1661270 1405
1661280 1405
1661290 1405
1661300 1406
1661310 1406
1661320 1406
1661330 1406
1661340 1406
1661350 1406
1661360 1407
1661370 1406
1661380 1406
1661390 1405
1661400 1404
1661410 1404
1661420 1403
1661430 1402
1661440 1402
1661450 1400
1661460 1398
1661470 1398
1661480 1397
1661490 1396
1661500 1396
1661510 1395
1661520 1395
1661530 1396
1661540 1396
1661550 1397
1661560 1400
1661570 1400
1661580 1402
1661590 1404
1661600 1404
1661610 1406
1661620 1409
1661630 1409
1661640 1408
1661650 1407
1661660 1407
1661670 1406
1661680 1403
1661690 1403
1661700 1407
1661710 1413
1661720 1413
1661730 1418
1661740 1423
1661750 1427
1661760 1427
1661770 1431
1661780 1433
1661790 1433
1661800 1437
1661810 1441
1661820 1441
1661830 1444
1661840 1448
1661850 1448
1661860 1452
1661870 1456
1661880 1456
1661890 1461
1661900 1465
1661910 1465
1661920 1470
1661930 1475
1661940 1475
1661950 1480
1661960 1484
1661970 1487
1661980 1487
1661990 1490
1662000 1493
1662010 1493
1662020 1496
1662030 1499
1662040 1499
1662050 1502
1662060 1504
1662070 1504
1662080 1507
1662090 1510
1662100 1510
1662110 1514
1662120 1515
1662130 1515
1662140 1517
1662150 1522
1662160 1522
1662170 1525
1662180 1528
1662190 1528
1662200 1532
1662210 1536
1662220 1538
1662230 1538
1662240 1541
1662250 1543
1662260 1543
1662270 1545
1662280 1547
1662290 1547
1662300 1549
1662310 1550
1662320 1550
1662330 1552
1662340 1555
1662350 1555
1662360 1557
1662370 1559
1662380 1559
1662390 1561
1662400 1563
1662410 1563
1662420 1564
1662430 1565
1662440 1567
1662450 1567
1662460 1570
1662470 1571
1662480 1571
1662490 1574
1662500 1575
1662510 1575
1662520 1576
1662530 1578
1662540 1578
1662550 1580
1662560 1581
1662570 1581
1662580 1583
1662590 1585
1662600 1585
1662610 1586
1662620 1588
1662630 1588
1662640 1590
1662650 1592
1662660 1593
1662670 1593
1662680 1593
1662690 1593
1662700 1593
1662710 1591
1662720 1589
1662730 1589
1662740 1587
1662750 1587
1662760 1587
1662770 1585
1662780 1581
1662790 1581
1662800 1577
1662810 1574
1662820 1574
1662830 1572
1662840 1571
1662850 1571
1662860 1569
1662870 1567
1662880 1564
1662890 1564
1662900 1561
1662910 1557
1662920 1557
1662930 1554
1662940 1550
1662950 1550
1662960 1546
1662970 1543
1662980 1543
1662990 1542
1663000 1542
1663010 1542
1663020 1541
1663030 1540
1663040 1540
1663050 1539
1663060 1538
1663070 1538
1663080 1537
1663090 1536
1663100 1536
1663110 1533
1663120 1534
1663130 1531
1663140 1531
1663150 1530
1663160 1529
1663170 1529
1663180 1528
1663190 1527
1663200 1527
1663210 1526
1663220 1525
1663230 1525
1663240 1524
1663250 1523
1663260 1523
1663270 1522
1663280 1521
1663290 1521
1663300 1520
1663310 1519
1663320 1519
1663330 1517
1663340 1515
1663350 1514
1663360 1514
1663370 1513
1663380 1511
1663390 1511
1663400 1508
1663410 1506
1663420 1506
1663430 1504
1663440 1502
1663450 1502
1663460 1500
1663470 1498
1663480 1498
1663490 1495
1663500 1493
1663510 1493
1663520 1491
1663530 1489
1663540 1489
1663550 1485
1663560 1483
1663570 1482
1663580 1482
1663590 1481
1663600 1480
1663610 1480
1663620 1478
1663630 1478
1663640 1478
1663650 1477
1663660 1477
1663670 1477
1663680 1477
1663690 1476
1663700 1476
1663710 1477
1663720 1478
1663730 1478
1663740 1478
1663750 1478
1663760 1478
1663770 1479
1663780 1480
1663790 1481
1663800 1481
1663810 1481
1663820 1483
1663830 1483
1663840 1483
1663850 1485
1663860 1485
1663870 1487
1663880 1488
1663890 1488
1663900 1490
1663910 1491
1663920 1491
1663930 1493
1663940 1495
1663950 1495
1663960 1497
1663970 1500
1663980 1500
1663990 1503
1664000 1505
1664010 1505
1664020 1505
1664030 1499
1664040 1494
1664050 1494
1664060 1488
1664070 1482
1664080 1482
1664090 1475
1664100 1469
1664110 1469
1664120 1465
1664130 1458
1664140 1458
1664150 1453
1664160 1448
1664170 1448
1664180 1441
1664190 1437
1664200 1437
1664210 1433
1664220 1429
1664230 1429
1664240 1427
1664250 1423
1664260 1420
1664270 1420
1664280 1417
1664290 1412
1664300 1412
1664310 1407
1664320 1402
1664330 1402
1664340 1395
1664350 1389
1664360 1389
1664370 1383
1664380 1378
1664390 1378
1664400 1372
1664410 1366
1664420 1366
1664430 1359
1664440 1352
1664450 1352
1664460 1346
1664470 1340
1664480 1335
1664490 1335
1664500 1330
1664510 1326
1664520 1326
1664530 1323
1664540 1319
1664550 1319
1664560 1317
1664570 1315
1664580 1315
1664590 1313
1664600 1311
1664610 1311
1664620 1308
1664630 1305
1664640 1305
1664650 1302
1664660 1300
1664670 1300
1664680 1298
1664690 1295
1664700 1294
1664710 1294
1664720 1295
1664730 1296
1664740 1296
1664750 1298
1664760 1300
1664770 1300
1664780 1303
1664790 1306
1664800 1306
1664810 1309
1664820 1313
1664830 1313
1664840 1315
1664850 1317
1664860 1317
1664870 1320
1664880 1325
1664890 1325
1664900 1332
1664910 1330
1664920 1330
1664930 1327
1664940 1323
1664950 1319
1664960 1319
1664970 1315
1664980 1311
1664990 1311
1665000 1307
1665010 1302
1665020 1302
1665030 1297
1665040 1293
1665050 1293
1665060 1287
1665070 1282
1665080 1282
1665090 1277
1665100 1273
1665110 1273
1665120 1268
1665130 1261
1665140 1261
1665150 1257
1665160 1251
1665170 1245
1665180 1245
1665190 1240
1665200 1235
1665210 1235
1665220 1230
1665230 1227
1665240 1227
1665250 1229
1665260 1232
1665270 1232
1665280 1234
1665290 1236
1665300 1236
1665310 1238
1665320 1240
1665330 1240
1665340 1240
1665350 1239
1665360 1239
1665370 1234
1665380 1232
1665390 1232
1665400 1232
1665410 1232
1665420 1234
1665430 1234
1665440 1236
1665450 1237
1665460 1237
1665470 1238
1665480 1235
1665490 1235
1665500 1234
1665510 1233
1665520 1233
1665530 1232
1665540 1232
1665550 1232
1665560 1231
1665570 1232
1665580 1232
1665590 1231
1665600 1232
1665610 1234
1665620 1234
1665630 1236
1665640 1236
1665650 1236
1665660 1237
1665670 1237
1665680 1237
1665690 1237
1665700 1238
1665710 1238
1665720 1237
1665730 1237
1665740 1237
1665750 1237
1665760 1238
1665770 1238
1665780 1239
1665790 1240
1665800 1240
1665810 1241
1665820 1242
1665830 1242
1665840 1243
1665850 1244
1665860 1243
1665870 1243
1665880 1240
1665890 1243
1665900 1243
1665910 1247
1665920 1251
1665930 1251
1665940 1255
1665950 1259
1665960 1259
1665970 1262
1665980 1264
1665990 1264
1666000 1267
1666010 1269
1666020 1269
1666030 1271
1666040 1274
1666050 1274
1666060 1277
1666070 1279
1666080 1282
1666090 1282
1666100 1285
1666110 1287
1666120 1287
1666130 1290
1666140 1293
1666150 1293
1666160 1295
1666170 1298
1666180 1298
1666190 1301
1666200 1304
1666210 1304
1666220 1305
1666230 1307
1666240 1307
1666250 1308
1666260 1306
1666270 1306
1666280 1304
1666290 1301
1666300 1299
1666310 1299
1666320 1296
1666330 1294
1666340 1294
1666350 1291
1666360 1288
1666370 1288
1666380 1285
1666390 1282
1666400 1282
1666410 1277
1666420 1272
1666430 1272
1666440 1269
1666450 1265
1666460 1265
1666470 1261
1666480 1257
1666490 1257
1666500 1253
1666510 1248
1666520 1244
1666530 1244
1666540 1240
1666550 1236
1666560 1236
1666570 1233
1666580 1230
1666590 1230
1666600 1228
1666610 1226
1666620 1226
1666630 1223
1666640 1221
1666650 1221
1666660 1217
1666670 1216
1666680 1216
1666690 1213
1666700 1208
1666710 1208
1666720 1205
1666730 1201
1666740 1201
1666750 1198
1666760 1196
1666770 1193
1666780 1193
1666790 1190
1666800 1188
1666810 1188
1666820 1186
1666830 1184
1666840 1184
1666850 1182
1666860 1180
1666870 1180
1666880 1177
1666890 1173
1666900 1173
1666910 1170
1666920 1167
1666930 1167
1666940 1165
1666950 1163
1666960 1163
1666970 1161
1666980 1159
1666990 1157
1667000 1157
1667010 1156
1667020 1154
1667030 1154
1667040 1152
1667050 1150
1667060 1150
1667070 1148
1667080 1145
1667090 1145
1667100 1143
1667110 1141
1667120 1141
1667130 1139
1667140 1138
1667150 1138
1667160 1138
1667170 1136
1667180 1136
1667190 1136
1667200 1135
1667210 1133
1667220 1133
1667230 1132
1667240 1131
1667250 1131
1667260 1130
1667270 1128
1667280 1128
1667290 1127
1667300 1126
1667310 1126
1667320 1125
1667330 1123
1667340 1123
1667350 1121
1667360 1120
1667370 1120
1667380 1120
1667390 1118
1667400 1118
1667410 1118
1667420 1117
1667430 1116
1667440 1116
1667450 1115
1667460 1113
1667470 1113
1667480 1113
1667490 1112
1667500 1112
1667510 1112
1667520 1112
1667530 1112
1667540 1111
1667550 1111
1667560 1111
1667570 1110
1667580 1110
1667590 1110
1667600 1110
1667610 1110
1667620 1110
1667630 1110
1667640 1110
1667650 1110
1667660 1111
1667670 1111
1667680 1112
1667690 1112
1667700 1112
1667710 1112
1667720 1112
1667730 1112
1667740 1112
1667750 1112
1667760 1112
1667770 1112
1667780 1112
1667790 1113
1667800 1113
1667810 1113
1667820 1114
1667830 1114
1667840 1114
1667850 1113
1667860 1113
1667870 1113
1667880 1113
1667890 1112
1667900 1112
1667910 1112
1667920 1111
1667930 1110
1667940 1110
1667950 1110
1667960 1109
1667970 1109
1667980 1108
1667990 1106
1668000 1106
1668010 1105
1668020 1103
1668030 1103
1668040 1101
1668050 1098
1668060 1098
1668070 1095
1668080 1092
1668090 1092
1668100 1088
1668110 1084
1668120 1081
1668130 1081
1668140 1077
1668150 1073
1668160 1073
1668170 1069
1668180 1065
1668190 1065
1668200 1061
1668210 1056
1668220 1056
1668230 1052
1668240 1049
1668250 1049
1668260 1045
1668270 1041
1668280 1041
1668290 1036
1668300 1032
1668310 1032
1668320 1027
1668330 1023
1668340 1019
1668350 1019
1668360 1013
1668370 1011
1668380 1011
1668390 1005
1668400 1001
1668410 1001
1668420 997
1668430 992
1668440 992
1668450 989
1668460 985
1668470 985
1668480 981
1668490 977
1668500 977
1668510 973
1668520 970
1668530 970
1668540 967
1668550 963
1668560 963
1668570 960
1668580 957
1668590 954
1668600 954
1668610 951
1668620 949
1668630 949
1668640 946
1668650 943
1668660 943
1668670 940
1668680 937
1668690 937
1668700 934
1668710 930
1668720 930
1668730 927
1668740 923
1668750 923
1668760 916
1668770 913
1668780 913
1668790 907
1668800 902
1668810 897
1668820 897
1668830 891
1668840 887
1668850 887
1668860 881
1668870 871
1668880 871
1668890 861
1668900 854
1668910 854
1668920 848
1668930 843
1668940 843
1668950 838
1668960 833
1668970 833
1668980 826
1668990 826
1669000 826
1669010 820
1669020 823
1669030 828
1669040 828
1669050 831
1669060 832
1669070 832
1669080 837
1669090 842
1669100 842
1669110 847
1669120 852
1669130 852
1669140 858
1669150 865
1669160 865
1669170 869
1669180 873
1669190 873
1669200 877
1669210 881
1669220 881
1669230 886
1669240 890
1669250 894
1669260 894
1669270 899
1669280 904
1669290 904
1669300 910
1669310 915
1669320 915
1669330 921
1669340 927
1669350 927
1669360 934
1669370 939
1669380 939
1669390 945
1669400 953
1669410 953
1669420 958
1669430 967
1669440 967
1669450 973
1669460 978
1669470 978
1669480 984
1669490 989
1669500 993
1669510 993
1669520 998
1669530 1003
1669540 1003
1669550 1008
1669560 1012
1669570 1012
1669580 1019
1669590 1025
1669600 1025
1669610 1031
1669620 1036
1669630 1036
1669640 1041
1669650 1044
1669660 1044
1669670 1046
1669680 1048
1669690 1048
1669700 1051
1669710 1053
1669720 1056
1669730 1056
1669740 1059
1669750 1061
1669760 1061
1669770 1064
1669780 1067
1669790 1067
1669800 1069
1669810 1072
1669820 1072
1669830 1075
1669840 1078
1669850 1078
1669860 1081
1669870 1084
1669880 1084
1669890 1087
1669900 1089
1669910 1089
1669920 1091
1669930 1094
1669940 1096
1669950 1096
1669960 1099
1669970 1102
1669980 1102
1669990 1107
1670000 1111
1670010 1111
1670020 1112
1670030 1114
1670040 1114
1670050 1116
1670060 1117
1670070 1117
1670080 1118
1670090 1119
1670100 1119
1670110 1119
1670120 1119
1670130 1119
1670140 1120
1670150 1120
1670160 1121
1670170 1121
1670180 1122
1670190 1122
1670200 1122
1670210 1123
1670220 1124
1670230 1124
1670240 1125
1670250 1126
1670260 1126
1670270 1127
1670280 1129
1670290 1129
1670300 1130
1670310 1131
1670320 1131
1670330 1132
1670340 1132
1670350 1132
1670360 1133
1670370 1133
1670380 1133
1670390 1133
1670400 1133
1670410 1133
1670420 1133
1670430 1132
1670440 1132
1670450 1132
1670460 1131
1670470 1130
1670480 1130
1670490 1130
1670500 1128
1670510 1128
1670520 1128
1670530 1126
1670540 1126
1670550 1126
1670560 1125
1670570 1125
1670580 1122
1670590 1121
1670600 1121
1670610 1118
1670620 1116
1670630 1114
1670640 1114
1670650 1112
1670660 1111
1670670 1111
1670680 1111
1670690 1110
1670700 1110
1670710 1110
1670720 1110
1670730 1110
1670740 1110
1670750 1110
1670760 1110
1670770 1109
1670780 1109
1670790 1109
1670800 1109
1670810 1108
1670820 1108
1670830 1107
1670840 1107
1670850 1106
1670860 1106
1670870 1106
1670880 1105
1670890 1105
1670900 1105
1670910 1104
1670920 1104
1670930 1104
1670940 1103
1670950 1103
1670960 1103
1670970 1100
1670980 1100
1670990 1098
1671000 1095
1671010 1095
1671020 1090
1671030 1086
1671040 1086
1671050 1083
1671060 1082
1671070 1084
1671080 1084
1671090 1084
1671100 1084
1671110 1084
1671120 1083
1671130 1080
1671140 1080
1671150 1078
1671160 1075
1671170 1075
1671180 1072
1671190 1069
1671200 1069
1671210 1065
1671220 1062
1671230 1062
1671240 1059
1671250 1054
1671260 1054
1671270 1049
1671280 1045
1671290 1045
1671300 1044
1671310 1044
1671320 1044
1671330 1044
1671340 1044
1671350 1044
1671360 1044
1671370 1044
1671380 1042
1671390 1042
1671400 1041
1671410 1039
1671420 1039
1671430 1037
1671440 1035
1671450 1035
1671460 1035
1671470 1036
1671480 1036
1671490 1037
1671500 1037
1671510 1037
1671520 1038
1671530 1039
1671540 1040
1671550 1040
1671560 1041
1671570 1043
1671580 1043
1671590 1042
1671600 1042
1671610 1042
1671620 1042
1671630 1042
1671640 1042
1671650 1041
1671660 1040
1671670 1040
1671680 1039
1671690 1037
1671700 1037
1671710 1035
1671720 1034
1671730 1034
1671740 1033
1671750 1032
1671760 1030
1671770 1030
1671780 1029
1671790 1026
1671800 1026
1671810 1024
1671820 1021
1671830 1021
1671840 1018
1671850 1015
1671860 1015
1671870 1013
1671880 1012
1671890 1012
1671900 1010
1671910 1011
1671920 1011
1671930 1007
1671940 1006
1671950 1006
1671960 1005
1671970 1004
1671980 1001
1671990 1001
1672000 999
1672010 998
1672020 998
1672030 997
1672040 996
1672050 996
1672060 993
1672070 991
1672080 991
1672090 988
1672100 985
1672110 985
1672120 981
1672130 978
1672140 978
1672150 975
1672160 972
1672170 972
1672180 969
1672190 966
1672200 963
1672210 963
1672220 960
1672230 957
1672240 957
1672250 954
1672260 950
1672270 950
1672280 949
1672290 946
1672300 946
1672310 943
1672320 940
1672330 940
1672340 937
1672350 933
1672360 933
1672370 928
1672380 923
1672390 923
1672400 918
1672410 914
1672420 914
1672430 910
1672440 909
1672450 905
1672460 905
1672470 902
1672480 900
1672490 900
1672500 897
1672510 895
1672520 895
1672530 893
1672540 892
1672550 892
1672560 891
1672570 889
1672580 889
1672590 888
1672600 886
1672610 886
1672620 884
1672630 880
1672640 880
1672650 877
1672660 872
1672670 868
1672680 868
1672690 863
1672700 859
1672710 859
1672720 855
1672730 850
1672740 850
1672750 845
1672760 840
1672770 840
1672780 834
1672790 828
1672800 828
1672810 822
1672820 817
1672830 817
1672840 815
1672850 816
1672860 816
1672870 817
1672880 818
1672890 818
1672900 818
1672910 816
1672920 814
1672930 814
1672940 810
1672950 805
1672960 805
1672970 801
1672980 797
1672990 797
1673000 792
1673010 789
1673020 789
1673030 785
1673040 781
1673050 781
1673060 778
1673070 774
1673080 774
1673090 771
1673100 770
1673110 768
1673120 768
1673130 767
1673140 765
1673150 765
1673160 762
1673170 760
1673180 760
1673190 758
1673200 756
1673210 756
1673220 754
1673230 751
1673240 751
1673250 750
1673260 747
1673270 747
1673280 745
1673290 743
1673300 743
1673310 741
1673320 739
1673330 739
1673340 736
1673350 734
1673360 732
1673370 732
1673380 730
1673390 727
1673400 727
1673410 725
1673420 723
1673430 723
1673440 720
1673450 717
1673460 717
1673470 715
1673480 712
1673490 712
1673500 711
1673510 710
1673520 710
1673530 709
1673540 708
1673550 708
1673560 707
1673570 706
1673580 705
1673590 705
1673600 703
1673610 701
1673620 701
1673630 696
1673640 691
1673650 691
1673660 684
1673670 676
1673680 676
1673690 670
1673700 670
1673710 670
1673720 668
1673730 672
1673740 672
1673750 673
1673760 681
1673770 681
1673780 679
1673790 677
1673800 677
1673810 677
1673820 673
1673830 675
1673840 675
1673850 678
1673860 680
1673870 680
1673880 683
1673890 686
1673900 686
1673910 689
1673920 692
1673930 692
1673940 695
1673950 699
1673960 699
1673970 703
1673980 706
1673990 706
1674000 709
1674010 713
1674020 717
1674030 717
1674040 721
1674050 725
1674060 725
1674070 728
1674080 732
1674090 732
1674100 736
1674110 740
1674120 740
1674130 744
1674140 748
1674150 748
1674160 752
1674170 756
1674180 756
1674190 760
1674200 764
1674210 764
1674220 769
1674230 773
1674240 773
1674250 777
1674260 782
1674270 787
1674280 787
1674290 792
1674300 797
1674310 797
1674320 800
1674330 804
1674340 804
1674350 807
1674360 810
1674370 810
1674380 813
1674390 817
1674400 817
1674410 819
1674420 821
1674430 821
1674440 823
1674450 824
1674460 824
1674470 826
1674480 828
1674490 827
1674500 827
1674510 828
1674520 826
1674530 826
1674540 822
1674550 819
1674560 819
1674570 817
1674580 815
1674590 815
1674600 813
1674610 811
1674620 811
1674630 811
1674640 812
1674650 812
1674660 813
1674670 815
1674680 815
1674690 818
1674700 822
1674710 826
1674720 826
1674730 831
1674740 835
1674750 835
1674760 838
1674770 842
1674780 842
1674790 841
1674800 838
1674810 838
1674820 834
1674830 830
1674840 830
1674850 826
1674860 823
1674870 823
1674880 818
1674890 814
1674900 814
1674910 810
1674920 806
1674930 802
1674940 802
1674950 798
1674960 795
1674970 795
1674980 801
1674990 806
1675000 806
1675010 811
1675020 815
1675030 815
1675040 821
1675050 826
1675060 826
1675070 831
1675080 836
1675090 836
1675100 840
1675110 845
1675120 845
1675130 849
1675140 853
1675150 853
1675160 856
1675170 859
1675180 862
1675190 862
1675200 863
1675210 863
1675220 863
1675230 863
1675240 863
1675250 863
1675260 863
1675270 862
1675280 862
1675290 861
1675300 860
1675310 860
1675320 860
1675330 860
1675340 860
1675350 861
1675360 863
1675370 863
1675380 866
1675390 869
1675400 872
1675410 872
1675420 875
1675430 877
1675440 877
1675450 880
1675460 884
1675470 884
1675480 888
1675490 892
1675500 892
1675510 897
1675520 901
1675530 901
1675540 904
1675550 908
1675560 908
1675570 911
1675580 911
1675590 911
1675600 912
1675610 911
1675620 909
1675630 909
1675640 908
1675650 906
1675660 906
1675670 903
1675680 902
1675690 902
1675700 899
1675710 898
1675720 898
1675730 896
1675740 893
1675750 893
1675760 891
1675770 889
1675780 889
1675790 887
1675800 884
1675810 884
1675820 880
1675830 878
1675840 874
1675850 874
1675860 870
1675870 865
1675880 865
1675890 859
1675900 853
1675910 853
1675920 847
1675930 841
1675940 841
1675950 837
1675960 832
1675970 832
1675980 827
1675990 823
1676000 823
1676010 818
1676020 813
1676030 813
1676040 809
1676050 803
1676060 803
1676070 797
1676080 791
1676090 787
1676100 787
1676110 790
1676120 791
1676130 791
1676140 791
1676150 790
1676160 790
1676170 787
1676180 788
1676190 788
1676200 788
1676210 788
1676220 788
1676230 787
1676240 787
1676250 787
1676260 787
1676270 787
1676280 787
1676290 786
1676300 786
1676310 785
1676320 785
1676330 784
1676340 784
1676350 784
1676360 783
1676370 782
1676380 782
1676390 782
1676400 782
1676410 782
1676420 782
1676430 782
1676440 782
1676450 783
1676460 779
1676470 779
1676480 779
1676490 773
1676500 773
1676510 769
1676520 763
1676530 758
1676540 758
1676550 752
1676560 748
1676570 748
1676580 745
1676590 750
1676600 750
1676610 753
1676620 755
1676630 755
1676640 757
1676650 758
1676660 758
1676670 760
1676680 763
1676690 763
1676700 765
1676710 766
1676720 766
1676730 768
1676740 768
1676750 767
1676760 767
1676770 766
1676780 765
1676790 765
1676800 765
1676810 764
1676820 764
1676830 764
1676840 763
1676850 763
1676860 762
1676870 760
1676880 760
1676890 758
1676900 756
1676910 756
1676920 755
1676930 754
1676940 754
1676950 753
1676960 752
1676970 752
1676980 751
1676990 750
1677000 748
1677010 748
1677020 747
1677030 745
1677040 745
1677050 743
1677060 741
1677070 741
1677080 740
1677090 739
1677100 739
1677110 738
1677120 737
1677130 737
1677140 736
1677150 735
1677160 735
1677170 734
1677180 733
1677190 733
1677200 731
1677210 729
1677220 727
1677230 727
1677240 724
1677250 721
1677260 721
1677270 718
1677280 714
1677290 714
1677300 711
1677310 706
1677320 706
1677330 702
1677340 698
1677350 698
1677360 694
1677370 690
1677380 690
1677390 687
1677400 684
1677410 684
1677420 681
1677430 677
1677440 674
1677450 674
1677460 670
1677470 667
1677480 667
1677490 663
1677500 659
1677510 659
1677520 656
1677530 651
1677540 651
1677550 648
1677560 644
1677570 644
1677580 639
1677590 640
1677600 640
1677610 642
1677620 642
1677630 642
1677640 642
1677650 640
1677660 638
1677670 638
1677680 634
1677690 632
1677700 632
1677710 629
1677720 627
1677730 627
1677740 624
1677750 623
1677760 623
1677770 624
1677780 624
1677790 624
1677800 625
1677810 630
1677820 630
1677830 634
1677840 636
1677850 636
1677860 637
1677870 636
1677880 636
1677890 632
1677900 629
1677910 628
1677920 628
1677930 634
1677940 639
1677950 639
1677960 644
1677970 651
1677980 651
1677990 655
1678000 660
1678010 660
1678020 665
1678030 670
1678040 670
1678050 676
1678060 681
1678070 681
1678080 686
1678090 692
1678100 692
1678110 696
1678120 701
1678130 706
1678140 706
1678150 708
1678160 714
1678170 714
1678180 719
1678190 722
1678200 722
1678210 727
1678220 731
1678230 731
1678240 736
1678250 740
1678260 740
1678270 745
1678280 749
1678290 749
1678300 753
1678310 757
1678320 757
1678330 760
1678340 761
1678350 758
1678360 758
1678370 754
1678380 750
1678390 750
1678400 745
1678410 740
1678420 740
1678430 734
1678440 729
1678450 729
1678460 725
1678470 721
1678480 721
1678490 719
1678500 716
1678510 716
1678520 715
1678530 712
1678540 712
1678550 710
1678560 706
1678570 714
1678580 714
1678590 721
1678600 728
1678610 728
1678620 734
1678630 739
1678640 739
1678650 745
1678660 750
1678670 750
1678680 755
1678690 761
1678700 761
1678710 764
1678720 769
1678730 769
1678740 774
1678750 778
1678760 778
1678770 782
1678780 786
1678790 786
1678800 790
1678810 793
1678820 796
1678830 796
1678840 798
1678850 798
1678860 798
1678870 797
1678880 798
1678890 798
1678900 798
1678910 799
1678920 799
1678930 801
1678940 804
1678950 804
1678960 808
1678970 812
1678980 812
1678990 816
1679000 818
1679010 818
1679020 822
1679030 826
1679040 830
1679050 830
1679060 834
1679070 837
1679080 837
1679090 837
1679100 837
1679110 837
1679120 831
1679130 826
1679140 826
1679150 819
1679160 813
1679170 813
1679180 806
1679190 803
1679200 803
1679210 798
1679220 793
1679230 793
1679240 788
1679250 783
1679260 778
1679270 778
1679280 771
1679290 763
1679300 763
1679310 759
1679320 755
1679330 755
1679340 754
1679350 749
1679360 749
1679370 745
1679380 741
1679390 741
1679400 738
1679410 736
1679420 736
1679430 734
1679440 732
1679450 732
1679460 730
1679470 728
1679480 723
1679490 723
1679500 720
1679510 716
1679520 716
1679530 712
1679540 709
1679550 709
1679560 707
1679570 704
1679580 704
1679590 700
1679600 696
1679610 696
1679620 692
1679630 689
1679640 689
1679650 686
1679660 682
1679670 682
1679680 679
1679690 677
1679700 677
1679710 675
1679720 674
1679730 673
1679740 673
1679750 671
1679760 668
1679770 668
1679780 666
1679790 665
1679800 665
1679810 664
1679820 663
1679830 663
1679840 661
1679850 659
1679860 659
1679870 656
1679880 654
1679890 654
1679900 652
1679910 651
1679920 651
1679930 649
1679940 647
1679950 645
1679960 645
1679970 643
1679980 641
1679990 641
