1660000 1202
1660010 1205
1660020 1206
1660030 1206
1660040 1207
1660050 1207
1660060 1207
1660070 1206
1660080 1205
1660090 1203
1660100 1203
1660110 1201
1660120 1199
1660130 1199
1660140 1196
1660150 1193
1660160 1193
1660170 1193
1660180 1192
1660190 1192
1660200 1190
1660210 1190
1660220 1190
1660230 1189
1660240 1187
1660250 1187
1660260 1186
1660270 1184
1660280 1184
1660290 1182
1660300 1182
1660310 1182
1660320 1181
1660330 1182
1660340 1181
1660350 1181
1660360 1182
1660370 1185
1660380 1185
1660390 1186
1660400 1186
1660410 1186
1660420 1180
1660430 1189
1660440 1189
1660450 1195
1660460 1199
1660470 1199
1660480 1203
1660490 1207
1660500 1207
1660510 1211
1660520 1215
1660530 1215
1660540 1221
1660550 1226
1660560 1232
1660570 1232
1660580 1237
1660590 1242
1660600 1242
1660610 1247
1660620 1251
1660630 1251
1660640 1255
1660650 1257
1660660 1257
1660670 1262
1660680 1267
1660690 1267
1660700 1271
1660710 1275
1660720 1275
1660730 1278
1660740 1282
1660750 1282
1660760 1286
1660770 1290
1660780 1293
1660790 1293
1660800 1296
1660810 1299
1660820 1299
1660830 1303
1660840 1306
1660850 1306
1660860 1309
1660870 1312
1660880 1312
1660890 1314
1660900 1318
1660910 1318
1660920 1321
1660930 1325
1660940 1325
1660950 1327
1660960 1330
1660970 1330
1660980 1333
1660990 1335
1661000 1338
1661010 1338
1661020 1341
1661030 1344
1661040 1344
1661050 1348
1661060 1352
1661070 1352
1661080 1356
1661090 1359
1661100 1359
1661110 1362
1661120 1365
1661130 1365
1661140 1368
1661150 1372
1661160 1372
1661170 1377
1661180 1382
1661190 1382
1661200 1387
1661210 1387
1661220 1387
1661230 1386
1661240 1384
1661250 1385
1661260 1385
1661270 1386
1661280 1388
1661290 1388
1661300 1389
1661310 1391
1661320 1391
1661330 1393
1661340 1394
1661350 1394
1661360 1397
1661370 1399
1661380 1399
1661390 1401
1661400 1404
1661410 1404
1661420 1406
1661430 1410
1661440 1410
1661450 1410
1661460 1414
1661470 1415
1661480 1415
1661490 1418
1661500 1420
1661510 1420
1661520 1423
1661530 1426
1661540 1426
1661550 1429
1661560 1432
1661570 1432
1661580 1435
1661590 1439
1661600 1439
1661610 1444
1661620 1447
1661630 1447
1661640 1448
1661650 1449
1661660 1449
1661670 1449
1661680 1450
1661690 1452
1661700 1452
1661710 1453
1661720 1454
1661730 1454
1661740 1457
1661750 1460
1661760 1460
1661770 1463
1661780 1466
1661790 1466
1661800 1468
1661810 1470
1661820 1470
1661830 1473
1661840 1476
1661850 1476
1661860 1479
1661870 1480
1661880 1480
1661890 1477
1661900 1474
1661910 1474
1661920 1472
1661930 1468
1661940 1466
1661950 1466
1661960 1463
1661970 1461
1661980 1461
1661990 1459
1662000 1457
1662010 1457
1662020 1455
1662030 1452
1662040 1452
1662050 1450
1662060 1448
1662070 1448
1662080 1447
1662090 1447
1662100 1447
1662110 1446
1662120 1445
1662130 1445
1662140 1443
1662150 1442
1662160 1440
1662170 1440
1662180 1439
1662190 1438
1662200 1438
1662210 1436
1662220 1432
1662230 1432
1662240 1427
1662250 1422
1662260 1422
1662270 1418
1662280 1414
1662290 1414
1662300 1411
1662310 1406
1662320 1406
1662330 1401
1662340 1399
1662350 1399
1662360 1397
1662370 1395
1662380 1394
1662390 1394
1662400 1392
1662410 1389
1662420 1389
1662430 1387
1662440 1384
1662450 1384
1662460 1380
1662470 1375
1662480 1375
1662490 1370
1662500 1366
1662510 1366
1662520 1361
1662530 1358
1662540 1358
1662550 1353
1662560 1347
1662570 1347
1662580 1340
1662590 1332
1662600 1332
1662610 1328
1662620 1320
1662630 1317
1662640 1317
1662650 1311
1662660 1306
1662670 1306
1662680 1302
1662690 1296
1662700 1296
1662710 1292
1662720 1287
1662730 1287
1662740 1286
1662750 1285
1662760 1285
1662770 1287
1662780 1290
1662790 1290
1662800 1293
1662810 1297
1662820 1297
1662830 1300
1662840 1302
1662850 1301
1662860 1301
1662870 1300
1662880 1298
1662890 1298
1662900 1296
1662910 1293
1662920 1293
1662930 1289
1662940 1290
1662950 1290
1662960 1297
1662970 1303
1662980 1303
1662990 1309
1663000 1315
1663010 1315
1663020 1321
1663030 1327
1663040 1327
1663050 1332
1663060 1337
1663070 1343
1663080 1343
1663090 1349
1663100 1354
1663110 1354
1663120 1359
1663130 1365
1663140 1365
1663150 1371
1663160 1377
1663170 1377
1663180 1384
1663190 1389
1663200 1389
1663210 1394
1663220 1400
1663230 1400
1663240 1404
1663250 1409
1663260 1409
1663270 1414
1663280 1420
1663290 1426
1663300 1426
1663310 1432
1663320 1437
1663330 1437
1663340 1442
1663350 1448
1663360 1448
1663370 1454
1663380 1459
1663390 1459
1663400 1464
1663410 1468
1663420 1468
1663430 1474
1663440 1478
1663450 1478
1663460 1484
1663470 1487
1663480 1487
1663490 1490
1663500 1493
1663510 1493
1663520 1497
1663530 1498
1663540 1503
1663550 1503
1663560 1507
1663570 1512
1663580 1512
1663590 1518
1663600 1523
1663610 1523
1663620 1527
1663630 1530
1663640 1530
1663650 1526
1663660 1520
1663670 1520
1663680 1513
1663690 1507
1663700 1507
1663710 1502
1663720 1497
1663730 1497
1663740 1493
1663750 1487
1663760 1483
1663770 1483
1663780 1479
1663790 1475
1663800 1475
1663810 1471
1663820 1468
1663830 1468
1663840 1464
1663850 1460
1663860 1460
1663870 1456
1663880 1451
1663890 1451
1663900 1450
1663910 1447
1663920 1447
1663930 1443
1663940 1438
1663950 1438
1663960 1434
1663970 1430
1663980 1425
1663990 1425
1664000 1420
1664010 1415
1664020 1415
1664030 1409
1664040 1404
1664050 1404
1664060 1400
1664070 1397
1664080 1397
1664090 1396
1664100 1396
1664110 1396
1664120 1396
1664130 1396
1664140 1396
1664150 1396
1664160 1394
1664170 1394
1664180 1392
1664190 1390
1664200 1395
1664210 1393
1664220 1391
1664230 1389
1664240 1389
1664250 1386
1664260 1382
1664270 1382
1664280 1379
1664290 1375
1664300 1375
1664310 1372
1664320 1368
1664330 1368
1664340 1365
1664350 1360
1664360 1360
1664370 1356
1664380 1352
1664390 1352
1664400 1345
1664410 1338
1664420 1338
1664430 1331
1664440 1325
1664450 1319
1664460 1319
1664470 1314
1664480 1308
1664490 1308
1664500 1302
1664510 1296
1664520 1296
1664530 1290
1664540 1283
1664550 1283
1664560 1278
1664570 1273
1664580 1273
1664590 1269
1664600 1264
1664610 1264
1664620 1261
1664630 1257
1664640 1257
1664650 1253
1664660 1250
1664670 1249
1664680 1249
1664690 1247
1664700 1244
1664710 1244
1664720 1240
1664730 1237
1664740 1237
1664750 1233
1664760 1229
1664770 1229
1664780 1226
1664790 1224
1664800 1224
1664810 1221
1664820 1218
1664830 1218
1664840 1217
1664850 1214
1664860 1214
1664870 1212
1664880 1209
1664890 1207
1664900 1207
1664910 1208
1664920 1205
1664930 1205
1664940 1200
1664950 1194
1664960 1194
1664970 1187
1664980 1181
1664990 1181
1665000 1174
1665010 1167
1665020 1167
1665030 1160
1665040 1154
1665050 1154
1665060 1147
1665070 1139
1665080 1139
1665090 1133
1665100 1126
1665110 1126
1665120 1120
1665130 1117
1665140 1120
1665150 1120
1665160 1124
1665170 1127
1665180 1127
1665190 1129
1665200 1130
1665210 1130
1665220 1132
1665230 1133
1665240 1133
1665250 1134
1665260 1135
1665270 1135
1665280 1136
1665290 1138
1665300 1138
1665310 1138
1665320 1139
1665330 1139
1665340 1140
1665350 1139
1665360 1137
1665370 1137
1665380 1135
1665390 1132
1665400 1132
1665410 1129
1665420 1125
1665430 1125
1665440 1123
1665450 1117
1665460 1117
1665470 1114
1665480 1110
1665490 1110
1665500 1106
1665510 1102
1665520 1102
1665530 1100
1665540 1100
1665550 1100
1665560 1099
1665570 1095
1665580 1091
1665590 1091
1665600 1090
1665610 1092
1665620 1092
1665630 1093
1665640 1093
1665650 1093
1665660 1090
1665670 1080
1665680 1080
1665690 1075
1665700 1070
1665710 1070
1665720 1070
1665730 1071
1665740 1071
1665750 1064
1665760 1061
1665770 1061
1665780 1059
1665790 1058
1665800 1058
1665810 1058
1665820 1066
1665830 1071
1665840 1071
1665850 1075
1665860 1079
1665870 1079
1665880 1085
1665890 1093
1665900 1093
1665910 1099
1665920 1105
1665930 1105
1665940 1111
1665950 1114
1665960 1114
1665970 1117
1665980 1119
1665990 1119
1666000 1123
1666010 1126
1666020 1126
1666030 1130
1666040 1133
1666050 1133
1666060 1133
1666070 1134
1666080 1133
1666090 1133
1666100 1133
1666110 1135
1666120 1135
1666130 1136
1666140 1139
1666150 1139
1666160 1139
1666170 1139
1666180 1139
1666190 1140
1666200 1139
1666210 1139
1666220 1138
1666230 1139
1666240 1139
1666250 1140
1666260 1140
1666270 1141
1666280 1141
1666290 1142
1666300 1143
1666310 1143
1666320 1144
1666330 1145
1666340 1145
1666350 1146
1666360 1146
1666370 1146
1666380 1147
1666390 1148
1666400 1148
1666410 1149
1666420 1150
1666430 1150
1666440 1151
1666450 1152
1666460 1152
1666470 1153
1666480 1154
1666490 1154
1666500 1155
1666510 1155
1666520 1156
1666530 1156
1666540 1157
1666550 1156
1666560 1156
1666570 1157
1666580 1158
1666590 1158
1666600 1160
1666610 1161
1666620 1161
1666630 1161
1666640 1162
1666650 1162
1666660 1163
1666670 1163
1666680 1163
1666690 1165
1666700 1168
1666710 1168
1666720 1170
1666730 1172
1666740 1174
1666750 1174
1666760 1175
1666770 1174
1666780 1174
1666790 1173
1666800 1172
1666810 1172
1666820 1172
1666830 1172
1666840 1172
1666850 1172
1666860 1174
1666870 1174
1666880 1175
1666890 1178
1666900 1178
1666910 1181
1666920 1184
1666930 1184
1666940 1187
1666950 1190
1666960 1192
1666970 1192
1666980 1193
1666990 1193
1667000 1193
1667010 1193
1667020 1191
1667030 1191
1667040 1190
1667050 1190
1667060 1190
1667070 1190
1667080 1191
1667090 1191
1667100 1191
1667110 1189
1667120 1189
1667130 1189
1667140 1188
1667150 1188
1667160 1187
1667170 1187
1667180 1188
1667190 1188
1667200 1189
1667210 1189
1667220 1189
1667230 1189
1667240 1190
1667250 1190
1667260 1191
1667270 1191
1667280 1191
1667290 1192
1667300 1192
1667310 1192
1667320 1193
1667330 1193
1667340 1193
1667350 1193
1667360 1193
1667370 1193
1667380 1192
1667390 1192
1667400 1192
1667410 1192
1667420 1191
1667430 1191
1667440 1191
1667450 1190
1667460 1189
1667470 1189
1667480 1189
1667490 1189
1667500 1189
1667510 1187
1667520 1186
1667530 1186
1667540 1185
1667550 1183
1667560 1183
1667570 1182
1667580 1181
1667590 1181
1667600 1180
1667610 1179
1667620 1179
1667630 1178
1667640 1176
1667650 1174
1667660 1174
1667670 1172
1667680 1170
1667690 1170
1667700 1168
1667710 1166
1667720 1166
1667730 1164
1667740 1161
1667750 1161
1667760 1158
1667770 1156
1667780 1156
1667790 1154
1667800 1152
1667810 1152
1667820 1150
1667830 1148
1667840 1148
1667850 1146
1667860 1143
1667870 1141
1667880 1141
1667890 1140
1667900 1138
1667910 1138
1667920 1137
1667930 1135
1667940 1135
1667950 1134
1667960 1132
1667970 1132
1667980 1132
1667990 1129
1668000 1129
1668010 1128
1668020 1126
1668030 1126
1668040 1123
1668050 1122
1668060 1122
1668070 1121
1668080 1117
1668090 1117
1668100 1111
1668110 1104
1668120 1097
1668130 1097
1668140 1089
1668150 1082
1668160 1082
1668170 1075
1668180 1067
1668190 1067
1668200 1062
1668210 1054
1668220 1054
1668230 1047
1668240 1039
1668250 1039
1668260 1032
1668270 1025
1668280 1025
1668290 1019
1668300 1013
1668310 1013
1668320 1006
1668330 999
1668340 991
1668350 991
1668360 984
1668370 977
1668380 977
1668390 969
1668400 963
1668410 963
1668420 954
1668430 946
1668440 946
1668450 938
1668460 930
1668470 930
1668480 923
1668490 915
1668500 915
1668510 907
1668520 899
1668530 899
1668540 892
1668550 886
1668560 880
1668570 880
1668580 875
1668590 871
1668600 871
1668610 868
1668620 866
1668630 866
1668640 865
1668650 861
1668660 861
1668670 864
1668680 866
1668690 866
1668700 869
1668710 873
1668720 873
1668730 876
1668740 883
1668750 883
1668760 887
1668770 893
1668780 893
1668790 898
1668800 904
1668810 910
1668820 910
1668830 917
1668840 920
1668850 920
1668860 928
1668870 934
1668880 934
1668890 940
1668900 948
1668910 948
1668920 953
1668930 959
1668940 959
1668950 964
1668960 970
1668970 970
1668980 977
1668990 982
1669000 982
1669010 988
1669020 993
1669030 998
1669040 998
1669050 1005
1669060 1010
1669070 1010
1669080 1016
1669090 1020
1669100 1020
1669110 1024
1669120 1027
1669130 1027
1669140 1031
1669150 1034
1669160 1034
1669170 1040
1669180 1042
1669190 1042
1669200 1048
1669210 1053
1669220 1053
1669230 1058
1669240 1063
1669250 1069
1669260 1069
1669270 1073
1669280 1076
1669290 1076
1669300 1079
1669310 1082
1669320 1082
1669330 1084
1669340 1088
1669350 1088
1669360 1091
1669370 1095
1669380 1095
1669390 1096
1669400 1101
1669410 1101
1669420 1103
1669430 1107
1669440 1107
1669450 1111
1669460 1114
1669470 1117
1669480 1117
1669490 1121
1669500 1124
1669510 1124
1669520 1129
1669530 1133
1669540 1133
1669550 1138
1669560 1143
1669570 1143
1669580 1148
1669590 1153
1669600 1153
1669610 1157
1669620 1161
1669630 1161
1669640 1165
1669650 1168
1669660 1168
1669670 1172
1669680 1175
1669690 1175
1669700 1179
1669710 1183
1669720 1187
1669730 1187
1669740 1190
1669750 1193
1669760 1193
1669770 1196
1669780 1199
1669790 1199
1669800 1202
1669810 1205
1669820 1205
1669830 1208
1669840 1211
1669850 1211
1669860 1214
1669870 1216
1669880 1216
1669890 1219
1669900 1221
1669910 1221
1669920 1224
1669930 1226
1669940 1228
1669950 1228
1669960 1230
1669970 1232
1669980 1232
1669990 1234
1670000 1236
1670010 1236
1670020 1238
1670030 1240
1670040 1240
1670050 1242
1670060 1244
1670070 1244
1670080 1246
1670090 1248
1670100 1248
1670110 1249
1670120 1251
1670130 1251
1670140 1252
1670150 1253
1670160 1253
1670170 1253
1670180 1253
1670190 1253
1670200 1253
1670210 1252
1670220 1251
1670230 1251
1670240 1249
1670250 1247
1670260 1247
1670270 1244
1670280 1241
1670290 1241
1670300 1237
1670310 1233
1670320 1233
1670330 1230
1670340 1226
1670350 1226
1670360 1222
1670370 1218
1670380 1218
1670390 1214
1670400 1210
1670410 1206
1670420 1206
1670430 1201
1670440 1197
1670450 1197
1670460 1193
1670470 1189
1670480 1189
1670490 1186
1670500 1183
1670510 1183
1670520 1180
1670530 1175
1670540 1175
1670550 1173
1670560 1170
1670570 1170
1670580 1167
1670590 1164
1670600 1164
1670610 1161
1670620 1159
1670630 1156
1670640 1156
1670650 1154
1670660 1150
1670670 1150
1670680 1147
1670690 1144
1670700 1144
1670710 1141
1670720 1138
1670730 1138
1670740 1135
1670750 1132
1670760 1132
1670770 1130
1670780 1126
1670790 1126
1670800 1123
1670810 1120
1670820 1120
1670830 1116
1670840 1113
1670850 1110
1670860 1110
1670870 1107
1670880 1104
1670890 1104
1670900 1101
1670910 1098
1670920 1098
1670930 1096
1670940 1093
1670950 1093
1670960 1090
1670970 1087
1670980 1087
1670990 1084
1671000 1083
1671010 1083
1671020 1081
1671030 1078
1671040 1078
1671050 1076
1671060 1072
1671070 1072
1671080 1070
1671090 1067
1671100 1064
1671110 1064
1671120 1062
1671130 1061
1671140 1061
1671150 1061
1671160 1059
1671170 1059
1671180 1056
1671190 1052
1671200 1052
1671210 1050
1671220 1048
1671230 1048
1671240 1044
1671250 1043
1671260 1043
1671270 1042
1671280 1037
1671290 1037
1671300 1036
1671310 1035
1671320 1034
1671330 1034
1671340 1032
1671350 1029
1671360 1029
1671370 1025
1671380 1018
1671390 1018
1671400 1013
1671410 1010
1671420 1010
1671430 1008
1671440 1007
1671450 1007
1671460 1002
1671470 999
1671480 999
1671490 995
1671500 991
1671510 991
1671520 988
1671530 985
1671540 983
1671550 983
1671560 980
1671570 977
1671580 977
1671590 972
1671600 967
1671610 967
1671620 961
1671630 955
1671640 955
1671650 950
1671660 945
1671670 945
1671680 944
1671690 942
1671700 942
1671710 941
1671720 938
1671730 938
1671740 933
1671750 932
1671760 929
1671770 929
1671780 926
1671790 922
1671800 922
1671810 917
1671820 911
1671830 911
1671840 907
1671850 903
1671860 903
1671870 899
1671880 895
1671890 895
1671900 891
1671910 886
1671920 886
1671930 881
1671940 876
1671950 876
1671960 872
1671970 867
1671980 867
1671990 863
1672000 855
1672010 850
1672020 850
1672030 845
1672040 840
1672050 840
1672060 834
1672070 828
1672080 828
1672090 822
1672100 814
1672110 814
1672120 811
1672130 804
1672140 804
1672150 797
1672160 797
1672170 797
1672180 804
1672190 809
1672200 809
1672210 815
1672220 823
1672230 831
1672240 831
1672250 838
1672260 843
1672270 843
1672280 852
1672290 857
1672300 857
1672310 863
1672320 868
1672330 868
1672340 872
1672350 877
1672360 877
1672370 882
1672380 887
1672390 887
1672400 890
1672410 890
1672420 890
1672430 891
1672440 890
1672450 885
1672460 885
1672470 879
1672480 874
1672490 874
1672500 870
1672510 864
1672520 864
1672530 863
1672540 859
1672550 859
1672560 856
1672570 854
1672580 854
1672590 851
1672600 849
1672610 849
1672620 847
1672630 846
1672640 846
1672650 846
1672660 847
1672670 847
1672680 849
1672690 851
1672700 852
1672710 852
1672720 854
1672730 855
1672740 855
1672750 856
1672760 858
1672770 858
1672780 860
1672790 863
1672800 863
1672810 863
1672820 862
1672830 862
1672840 862
1672850 861
1672860 861
1672870 860
1672880 858
1672890 858
1672900 856
1672910 852
1672920 850
1672930 850
1672940 846
1672950 842
1672960 842
1672970 840
1672980 837
1672990 837
1673000 835
1673010 830
1673020 830
1673030 827
1673040 825
1673050 825
1673060 822
1673070 820
1673080 820
1673090 817
1673100 815
1673110 815
1673120 812
1673130 809
1673140 806
1673150 806
1673160 803
1673170 799
1673180 799
1673190 795
1673200 791
1673210 791
1673220 786
1673230 782
1673240 782
1673250 776
1673260 771
1673270 771
1673280 766
1673290 763
1673300 763
1673310 758
1673320 755
1673330 755
1673340 752
1673350 751
1673360 751
1673370 748
1673380 746
1673390 742
1673400 742
1673410 739
1673420 735
1673430 735
1673440 732
1673450 728
1673460 728
1673470 726
1673480 721
1673490 721
1673500 718
1673510 714
1673520 714
1673530 711
1673540 709
1673550 709
1673560 708
1673570 706
1673580 706
1673590 706
1673600 707
1673610 713
1673620 713
1673630 721
1673640 725
1673650 725
1673660 732
1673670 738
1673680 738
1673690 745
1673700 753
1673710 753
1673720 760
1673730 766
1673740 766
1673750 773
1673760 780
1673770 780
1673780 789
1673790 794
1673800 794
1673810 801
1673820 807
1673830 814
1673840 814
1673850 820
1673860 825
1673870 825
1673880 828
1673890 828
1673900 828
1673910 827
1673920 827
1673930 827
1673940 828
1673950 828
1673960 828
1673970 829
1673980 828
1673990 828
1674000 828
1674010 829
1674020 829
1674030 830
1674040 830
1674050 833
1674060 833
1674070 836
1674080 839
1674090 839
1674100 842
1674110 844
1674120 844
1674130 846
1674140 850
1674150 850
1674160 855
1674170 858
1674180 858
1674190 860
1674200 862
1674210 862
1674220 862
1674230 862
1674240 862
1674250 862
1674260 861
1674270 861
1674280 863
1674290 863
1674300 863
1674310 863
1674320 865
1674330 867
1674340 867
1674350 870
1674360 874
1674370 874
1674380 879
1674390 882
1674400 882
1674410 885
1674420 890
1674430 890
1674440 894
1674450 898
1674460 898
1674470 902
1674480 906
1674490 906
1674500 910
1674510 914
1674520 918
1674530 918
1674540 921
1674550 924
1674560 924
1674570 926
1674580 926
1674590 926
1674600 921
1674610 917
1674620 917
1674630 915
1674640 913
1674650 913
1674660 912
1674670 911
1674680 911
1674690 911
1674700 910
1674710 910
1674720 910
1674730 910
1674740 910
1674750 910
1674760 911
1674770 911
1674780 911
1674790 912
1674800 913
1674810 913
1674820 916
1674830 919
1674840 919
1674850 923
1674860 925
1674870 925
1674880 927
1674890 928
1674900 928
1674910 931
1674920 933
1674930 933
1674940 935
1674950 936
1674960 936
1674970 938
1674980 938
1674990 939
1675000 939
1675010 939
1675020 940
1675030 940
1675040 940
1675050 939
1675060 939
1675070 937
1675080 934
1675090 934
1675100 932
1675110 929
1675120 929
1675130 923
1675140 919
1675150 919
1675160 914
1675170 911
1675180 911
1675190 908
1675200 905
1675210 902
1675220 902
1675230 899
1675240 896
1675250 896
1675260 894
1675270 891
1675280 891
1675290 888
1675300 887
1675310 887
1675320 884
1675330 880
1675340 880
1675350 879
1675360 875
1675370 875
1675380 872
1675390 867
1675400 867
1675410 864
1675420 862
1675430 861
1675440 861
1675450 858
1675460 854
1675470 854
1675480 852
1675490 849
1675500 849
1675510 846
1675520 844
1675530 844
1675540 842
1675550 838
1675560 838
1675570 835
1675580 831
1675590 831
1675600 828
1675610 823
1675620 823
1675630 819
1675640 816
1675650 816
1675660 813
1675670 810
1675680 805
1675690 805
1675700 802
1675710 800
1675720 800
1675730 799
1675740 797
1675750 797
1675760 795
1675770 794
1675780 794
1675790 793
1675800 791
1675810 791
1675820 788
1675830 787
1675840 787
1675850 785
1675860 783
1675870 783
1675880 782
1675890 781
1675900 781
1675910 781
1675920 781
1675930 779
1675940 779
1675950 777
1675960 774
1675970 774
1675980 772
1675990 770
1676000 770
1676010 768
1676020 765
1676030 765
1676040 762
1676050 760
1676060 760
1676070 758
1676080 753
1676090 753
1676100 750
1676110 745
1676120 738
1676130 738
1676140 731
1676150 727
1676160 727
1676170 723
1676180 723
1676190 723
1676200 728
1676210 731
1676220 731
1676230 733
1676240 736
1676250 736
1676260 739
1676270 741
1676280 741
1676290 742
1676300 745
1676310 745
1676320 748
1676330 751
1676340 754
1676350 754
1676360 758
1676370 761
1676380 761
1676390 763
1676400 765
1676410 765
1676420 766
1676430 764
1676440 764
1676450 761
1676460 757
1676470 757
1676480 753
1676490 748
1676500 748
1676510 744
1676520 745
1676530 745
1676540 743
1676550 740
1676560 740
1676570 737
1676580 733
1676590 739
1676600 739
1676610 743
1676620 747
1676630 747
1676640 751
1676650 754
1676660 754
1676670 758
1676680 761
1676690 761
1676700 764
1676710 766
1676720 766
1676730 770
1676740 773
1676750 773
1676760 777
1676770 783
1676780 783
1676790 786
1676800 791
1676810 795
1676820 795
1676830 800
1676840 805
1676850 805
1676860 809
1676870 812
1676880 812
1676890 817
1676900 820
1676910 820
1676920 823
1676930 825
1676940 825
1676950 828
1676960 830
1676970 830
1676980 831
1676990 832
1677000 832
1677010 832
1677020 833
1677030 830
1677040 830
1677050 830
1677060 830
1677070 830
1677080 830
1677090 831
1677100 831
1677110 832
1677120 834
1677130 834
1677140 836
1677150 836
1677160 836
1677170 838
1677180 836
1677190 836
1677200 833
1677210 830
1677220 830
1677230 829
1677240 829
1677250 829
1677260 830
1677270 833
1677280 836
1677290 836
1677300 839
1677310 843
1677320 843
1677330 846
1677340 849
1677350 849
1677360 851
1677370 853
1677380 853
1677390 854
1677400 856
1677410 856
1677420 857
1677430 857
1677440 857
1677450 858
1677460 858
1677470 858
1677480 857
1677490 856
1677500 855
1677510 855
1677520 852
1677530 847
1677540 847
1677550 840
1677560 834
1677570 834
1677580 827
1677590 823
1677600 823
1677610 819
1677620 816
1677630 816
1677640 814
1677650 813
1677660 813
1677670 813
1677680 814
1677690 814
1677700 815
1677710 817
1677720 820
1677730 820
1677740 822
1677750 825
1677760 825
1677770 828
1677780 831
1677790 831
1677800 834
1677810 838
1677820 838
1677830 842
1677840 843
1677850 843
1677860 848
1677870 852
1677880 852
1677890 855
1677900 858
1677910 858
1677920 860
1677930 862
1677940 862
1677950 863
1677960 864
1677970 865
1677980 865
1677990 866
1678000 867
1678010 867
1678020 867
1678030 866
1678040 866
1678050 866
1678060 866
1678070 866
1678080 865
1678090 865
1678100 865
1678110 865
1678120 865
1678130 865
1678140 865
1678150 863
1678160 863
1678170 861
1678180 859
1678190 860
1678200 860
1678210 861
1678220 861
1678230 861
1678240 860
1678250 861
1678260 861
1678270 861
1678280 860
1678290 860
1678300 859
1678310 857
1678320 857
1678330 854
1678340 851
1678350 851
1678360 849
1678370 843
1678380 843
1678390 838
1678400 832
1678410 826
1678420 826
1678430 818
1678440 815
1678450 815
1678460 813
1678470 812
1678480 812
1678490 809
1678500 807
1678510 807
1678520 804
1678530 802
1678540 802
1678550 799
1678560 796
1678570 796
1678580 795
1678590 794
1678600 794
1678610 791
1678620 789
1678630 788
1678640 788
1678650 787
1678660 785
1678670 785
1678680 784
1678690 783
1678700 783
1678710 781
1678720 780
1678730 780
1678740 779
1678750 778
1678760 778
1678770 776
1678780 774
1678790 774
1678800 772
1678810 770
1678820 770
1678830 769
1678840 768
1678850 768
1678860 767
1678870 765
1678880 765
1678890 765
1678900 764
1678910 764
1678920 764
1678930 764
1678940 764
1678950 764
1678960 764
1678970 764
1678980 764
1678990 764
1679000 764
1679010 764
1679020 765
1679030 763
1679040 763
1679050 762
1679060 763
1679070 763
1679080 763
1679090 763
1679100 763
1679110 763
1679120 763
1679130 763
1679140 763
1679150 762
1679160 762
1679170 762
1679180 762
1679190 762
1679200 762
1679210 762
1679220 761
1679230 761
1679240 761
1679250 761
1679260 761
1679270 760
1679280 758
1679290 758
1679300 757
1679310 756
1679320 754
1679330 754
1679340 754
1679350 750
1679360 750
1679370 746
1679380 743
1679390 743
1679400 741
1679410 739
1679420 739
1679430 737
1679440 736
1679450 736
1679460 736
1679470 737
1679480 737
1679490 738
1679500 735
1679510 735
1679520 731
1679530 728
1679540 728
1679550 723
1679560 719
1679570 715
1679580 715
1679590 711
1679600 707
1679610 707
1679620 703
1679630 699
1679640 699
1679650 695
1679660 691
1679670 691
1679680 688
1679690 685
1679700 685
1679710 683
1679720 682
1679730 682
1679740 680
1679750 678
1679760 678
1679770 676
1679780 672
1679790 666
1679800 666
1679810 661
1679820 655
1679830 655
1679840 647
1679850 640
1679860 640
1679870 632
1679880 630
1679890 630
1679900 632
1679910 633
1679920 633
1679930 633
1679940 634
1679950 634
1679960 634
1679970 634
1679980 634
1679990 633
