1660000 1482
1660010 1482
1660020 1480
1660030 1479
1660040 1478
1660050 1478
1660060 1476
1660070 1472
1660080 1472
1660090 1467
1660100 1466
1660110 1466
1660120 1464
1660130 1459
1660140 1459
1660150 1454
1660160 1446
1660170 1446
1660180 1438
1660190 1433
1660200 1433
1660210 1426
1660220 1417
1660230 1417
1660240 1411
1660250 1402
1660260 1402
1660270 1392
1660280 1392
1660290 1390
1660300 1390
1660310 1387
1660320 1385
1660330 1385
1660340 1382
1660350 1379
1660360 1379
1660370 1371
1660380 1358
1660390 1358
1660400 1361
1660410 1361
1660420 1361
1660430 1351
1660440 1358
1660450 1358
1660460 1364
1660470 1367
1660480 1367
1660490 1369
1660500 1370
1660510 1371
1660520 1371
1660530 1372
1660540 1372
1660550 1372
1660560 1371
1660570 1370
1660580 1370
1660590 1369
1660600 1367
1660610 1367
1660620 1363
1660630 1358
1660640 1358
1660650 1355
1660660 1350
1660670 1350
1660680 1345
1660690 1340
1660700 1340
1660710 1332
1660720 1331
1660730 1331
1660740 1330
1660750 1327
1660760 1322
1660770 1322
1660780 1322
1660790 1320
1660800 1320
1660810 1315
1660820 1310
1660830 1310
1660840 1302
1660850 1304
1660860 1304
1660870 1296
1660880 1295
1660890 1295
1660900 1303
1660910 1310
1660920 1310
1660930 1314
1660940 1317
1660950 1317
1660960 1321
1660970 1324
1660980 1327
1660990 1327
1661000 1331
1661010 1335
1661020 1335
1661030 1338
1661040 1341
1661050 1341
1661060 1340
1661070 1339
1661080 1339
1661090 1335
1661100 1332
1661110 1332
1661120 1328
1661130 1323
1661140 1323
1661150 1319
1661160 1316
1661170 1316
1661180 1315
1661190 1313
1661200 1313
1661210 1310
1661220 1309
1661230 1309
1661240 1309
1661250 1310
1661260 1311
1661270 1311
1661280 1313
1661290 1315
1661300 1315
1661310 1316
1661320 1318
1661330 1318
1661340 1319
1661350 1321
1661360 1321
1661370 1323
1661380 1323
1661390 1323
1661400 1322
1661410 1322
1661420 1322
1661430 1321
1661440 1320
1661450 1320
1661460 1320
1661470 1319
1661480 1318
1661490 1318
1661500 1317
1661510 1316
1661520 1316
1661530 1317
1661540 1318
1661550 1318
1661560 1319
1661570 1320
1661580 1320
1661590 1321
1661600 1321
1661610 1321
1661620 1320
1661630 1319
1661640 1319
1661650 1316
1661660 1312
1661670 1312
1661680 1309
1661690 1306
1661700 1305
1661710 1305
1661720 1304
1661730 1303
1661740 1303
1661750 1302
1661760 1300
1661770 1300
1661780 1302
1661790 1305
1661800 1305
1661810 1308
1661820 1308
1661830 1308
1661840 1312
1661850 1314
1661860 1314
1661870 1316
1661880 1318
1661890 1318
1661900 1320
1661910 1320
1661920 1319
1661930 1319
1661940 1317
1661950 1312
1661960 1312
1661970 1308
1661980 1303
1661990 1303
1662000 1298
1662010 1293
1662020 1293
1662030 1287
1662040 1281
1662050 1281
1662060 1274
1662070 1270
1662080 1270
1662090 1265
1662100 1259
1662110 1259
1662120 1253
1662130 1247
1662140 1247
1662150 1242
1662160 1236
1662170 1231
1662180 1231
1662190 1225
1662200 1218
1662210 1218
1662220 1212
1662230 1205
1662240 1205
1662250 1199
1662260 1193
1662270 1193
1662280 1187
1662290 1181
1662300 1181
1662310 1175
1662320 1169
1662330 1169
1662340 1162
1662350 1152
1662360 1152
1662370 1151
1662380 1158
1662390 1164
1662400 1164
1662410 1170
1662420 1176
1662430 1176
1662440 1182
1662450 1187
1662460 1187
1662470 1191
1662480 1196
1662490 1196
1662500 1200
1662510 1204
1662520 1204
1662530 1208
1662540 1213
1662550 1213
1662560 1218
1662570 1222
1662580 1222
1662590 1227
1662600 1231
1662610 1231
1662620 1234
1662630 1238
1662640 1242
1662650 1242
1662660 1247
1662670 1250
1662680 1250
1662690 1253
1662700 1259
1662710 1259
1662720 1263
1662730 1266
1662740 1266
1662750 1269
1662760 1272
1662770 1272
1662780 1275
1662790 1279
1662800 1279
1662810 1283
1662820 1287
1662830 1287
1662840 1291
1662850 1295
1662860 1295
1662870 1299
1662880 1302
1662890 1305
1662900 1305
1662910 1308
1662920 1311
1662930 1311
1662940 1314
1662950 1316
1662960 1316
1662970 1320
1662980 1321
1662990 1321
1663000 1323
1663010 1321
1663020 1321
1663030 1316
1663040 1312
1663050 1312
1663060 1306
1663070 1302
1663080 1302
1663090 1298
1663100 1294
1663110 1290
1663120 1290
1663130 1285
1663140 1281
1663150 1281
1663160 1276
1663170 1271
1663180 1271
1663190 1265
1663200 1260
1663210 1260
1663220 1256
1663230 1252
1663240 1252
1663250 1249
1663260 1246
1663270 1246
1663280 1241
1663290 1234
1663300 1234
1663310 1230
1663320 1229
1663330 1229
1663340 1227
1663350 1226
1663360 1223
1663370 1223
1663380 1220
1663390 1218
1663400 1218
1663410 1217
1663420 1215
1663430 1215
1663440 1209
1663450 1204
1663460 1204
1663470 1201
1663480 1197
1663490 1197
1663500 1194
1663510 1191
1663520 1191
1663530 1186
1663540 1182
1663550 1182
1663560 1178
1663570 1173
1663580 1170
1663590 1170
1663600 1166
1663610 1161
1663620 1161
1663630 1158
1663640 1156
1663650 1156
1663660 1153
1663670 1155
1663680 1155
1663690 1156
1663700 1155
1663710 1155
1663720 1154
1663730 1154
1663740 1154
1663750 1154
1663760 1153
1663770 1153
1663780 1152
1663790 1151
1663800 1151
1663810 1150
1663820 1150
1663830 1150
1663840 1150
1663850 1151
1663860 1152
1663870 1152
1663880 1154
1663890 1155
1663900 1155
1663910 1153
1663920 1154
1663930 1154
1663940 1152
1663950 1153
1663960 1153
1663970 1155
1663980 1157
1663990 1157
1664000 1159
1664010 1162
1664020 1162
1664030 1164
1664040 1165
1664050 1164
1664060 1164
1664070 1162
1664080 1160
1664090 1160
1664100 1157
1664110 1152
1664120 1152
1664130 1149
1664140 1145
1664150 1145
1664160 1143
1664170 1143
1664180 1143
1664190 1140
1664200 1140
1664210 1140
1664220 1138
1664230 1139
1664240 1139
1664250 1139
1664260 1138
1664270 1138
1664280 1144
1664290 1151
1664300 1157
1664310 1157
1664320 1163
1664330 1172
1664340 1172
1664350 1179
1664360 1185
1664370 1185
1664380 1190
1664390 1196
1664400 1196
1664410 1200
1664420 1208
1664430 1208
1664440 1217
1664450 1225
1664460 1225
1664470 1232
1664480 1238
1664490 1238
1664500 1245
1664510 1246
1664520 1251
1664530 1251
1664540 1253
1664550 1255
1664560 1255
1664570 1257
1664580 1260
1664590 1260
1664600 1257
1664610 1258
1664620 1258
1664630 1258
1664640 1260
1664650 1260
1664660 1260
1664670 1258
1664680 1258
1664690 1257
1664700 1258
1664710 1258
1664720 1258
1664730 1259
1664740 1259
1664750 1260
1664760 1261
1664770 1262
1664780 1262
1664790 1263
1664800 1264
1664810 1264
1664820 1265
1664830 1265
1664840 1265
1664850 1267
1664860 1268
1664870 1268
1664880 1269
1664890 1271
1664900 1271
1664910 1272
1664920 1273
1664930 1273
1664940 1274
1664950 1275
1664960 1275
1664970 1276
1664980 1276
1664990 1277
1665000 1277
1665010 1278
1665020 1277
1665030 1277
1665040 1276
1665050 1277
1665060 1277
1665070 1276
1665080 1274
1665090 1274
1665100 1272
1665110 1270
1665120 1270
1665130 1266
1665140 1269
1665150 1269
1665160 1275
1665170 1274
1665180 1274
1665190 1278
1665200 1283
1665210 1283
1665220 1287
1665230 1289
1665240 1294
1665250 1294
1665260 1296
1665270 1301
1665280 1301
1665290 1305
1665300 1308
1665310 1308
1665320 1313
1665330 1318
1665340 1318
1665350 1322
1665360 1326
1665370 1326
1665380 1329
1665390 1333
1665400 1333
1665410 1336
1665420 1339
1665430 1339
1665440 1341
1665450 1343
1665460 1345
1665470 1345
1665480 1348
1665490 1351
1665500 1351
1665510 1354
1665520 1357
1665530 1357
1665540 1359
1665550 1362
1665560 1362
1665570 1365
1665580 1367
1665590 1367
1665600 1369
1665610 1372
1665620 1372
1665630 1375
1665640 1377
1665650 1377
1665660 1380
1665670 1383
1665680 1383
1665690 1386
1665700 1390
1665710 1393
1665720 1393
1665730 1396
1665740 1399
1665750 1399
1665760 1403
1665770 1406
1665780 1406
1665790 1410
1665800 1411
1665810 1411
1665820 1414
1665830 1420
1665840 1420
1665850 1423
1665860 1426
1665870 1426
1665880 1430
1665890 1433
1665900 1433
1665910 1437
1665920 1440
1665930 1443
1665940 1443
1665950 1446
1665960 1450
1665970 1450
1665980 1452
1665990 1455
1666000 1455
1666010 1458
1666020 1461
1666030 1461
1666040 1463
1666050 1466
1666060 1466
1666070 1468
1666080 1470
1666090 1470
1666100 1472
1666110 1474
1666120 1474
1666130 1476
1666140 1478
1666150 1478
1666160 1479
1666170 1479
1666180 1480
1666190 1480
1666200 1480
1666210 1479
1666220 1479
1666230 1479
1666240 1478
1666250 1478
1666260 1477
1666270 1476
1666280 1476
1666290 1476
1666300 1476
1666310 1476
1666320 1474
1666330 1473
1666340 1473
1666350 1472
1666360 1472
1666370 1472
1666380 1471
1666390 1471
1666400 1471
1666410 1471
1666420 1471
1666430 1471
1666440 1471
1666450 1472
1666460 1472
1666470 1472
1666480 1472
1666490 1472
1666500 1472
1666510 1472
1666520 1472
1666530 1472
1666540 1472
1666550 1473
1666560 1473
1666570 1473
1666580 1473
1666590 1473
1666600 1475
1666610 1477
1666620 1477
1666630 1479
1666640 1480
1666650 1481
1666660 1481
1666670 1483
1666680 1486
1666690 1486
1666700 1488
1666710 1491
1666720 1491
1666730 1492
1666740 1493
1666750 1493
1666760 1496
1666770 1499
1666780 1499
1666790 1501
1666800 1503
1666810 1503
1666820 1505
1666830 1508
1666840 1508
1666850 1509
1666860 1511
1666870 1513
1666880 1513
1666890 1514
1666900 1516
1666910 1516
1666920 1516
1666930 1516
1666940 1516
1666950 1517
1666960 1519
1666970 1519
1666980 1519
1666990 1520
1667000 1520
1667010 1520
1667020 1521
1667030 1521
1667040 1521
1667050 1521
1667060 1521
1667070 1521
1667080 1520
1667090 1520
1667100 1518
1667110 1516
1667120 1515
1667130 1515
1667140 1513
1667150 1511
1667160 1511
1667170 1508
1667180 1506
1667190 1506
1667200 1503
1667210 1500
1667220 1500
1667230 1497
1667240 1493
1667250 1493
1667260 1492
1667270 1489
1667280 1489
1667290 1486
1667300 1483
1667310 1483
1667320 1479
1667330 1477
1667340 1475
1667350 1475
1667360 1473
1667370 1471
1667380 1471
1667390 1469
1667400 1467
1667410 1467
1667420 1466
1667430 1465
1667440 1465
1667450 1465
1667460 1464
1667470 1464
1667480 1463
1667490 1463
1667500 1463
1667510 1463
1667520 1464
1667530 1464
1667540 1464
1667550 1464
1667560 1464
1667570 1464
1667580 1464
1667590 1464
1667600 1464
1667610 1465
1667620 1465
1667630 1465
1667640 1464
1667650 1464
1667660 1464
1667670 1462
1667680 1460
1667690 1460
1667700 1458
1667710 1454
1667720 1454
1667730 1451
1667740 1447
1667750 1447
1667760 1443
1667770 1438
1667780 1438
1667790 1434
1667800 1429
1667810 1429
1667820 1424
1667830 1419
1667840 1414
1667850 1414
1667860 1409
1667870 1404
1667880 1404
1667890 1398
1667900 1393
1667910 1393
1667920 1387
1667930 1382
1667940 1382
1667950 1377
1667960 1372
1667970 1372
1667980 1369
1667990 1369
1668000 1369
1668010 1371
1668020 1372
1668030 1372
1668040 1372
1668050 1372
1668060 1372
1668070 1372
1668080 1372
1668090 1372
1668100 1372
1668110 1372
1668120 1371
1668130 1371
1668140 1373
1668150 1376
1668160 1376
1668170 1380
1668180 1382
1668190 1382
1668200 1386
1668210 1389
1668220 1389
1668230 1393
1668240 1396
1668250 1396
1668260 1400
1668270 1402
1668280 1402
1668290 1406
1668300 1410
1668310 1412
1668320 1412
1668330 1414
1668340 1417
1668350 1417
1668360 1419
1668370 1420
1668380 1420
1668390 1421
1668400 1422
1668410 1422
1668420 1424
1668430 1426
1668440 1426
1668450 1428
1668460 1429
1668470 1429
1668480 1429
1668490 1431
1668500 1431
1668510 1434
1668520 1435
1668530 1438
1668540 1438
1668550 1440
1668560 1442
1668570 1442
1668580 1444
1668590 1446
1668600 1446
1668610 1448
1668620 1449
1668630 1449
1668640 1451
1668650 1452
1668660 1452
1668670 1454
1668680 1454
1668690 1454
1668700 1456
1668710 1456
1668720 1456
1668730 1456
1668740 1454
1668750 1454
1668760 1450
1668770 1446
1668780 1439
1668790 1439
1668800 1432
1668810 1425
1668820 1425
1668830 1416
1668840 1409
1668850 1409
1668860 1404
1668870 1397
1668880 1397
1668890 1390
1668900 1383
1668910 1383
1668920 1377
1668930 1370
1668940 1370
1668950 1364
1668960 1358
1668970 1358
1668980 1352
1668990 1347
1669000 1341
1669010 1341
1669020 1336
1669030 1331
1669040 1331
1669050 1326
1669060 1321
1669070 1321
1669080 1316
1669090 1312
1669100 1312
1669110 1307
1669120 1303
1669130 1303
1669140 1300
1669150 1294
1669160 1294
1669170 1289
1669180 1282
1669190 1282
1669200 1276
1669210 1270
1669220 1270
1669230 1264
1669240 1257
1669250 1250
1669260 1250
1669270 1244
1669280 1237
1669290 1237
1669300 1230
1669310 1224
1669320 1224
1669330 1218
1669340 1212
1669350 1212
1669360 1207
1669370 1201
1669380 1201
1669390 1195
1669400 1191
1669410 1191
1669420 1186
1669430 1179
1669440 1179
1669450 1172
1669460 1171
1669470 1176
1669480 1176
1669490 1179
1669500 1183
1669510 1183
1669520 1187
1669530 1191
1669540 1191
1669550 1195
1669560 1199
1669570 1199
1669580 1204
1669590 1208
1669600 1208
1669610 1212
1669620 1215
1669630 1215
1669640 1219
1669650 1222
1669660 1222
1669670 1225
1669680 1224
1669690 1224
1669700 1220
1669710 1215
1669720 1211
1669730 1211
1669740 1206
1669750 1202
1669760 1202
1669770 1199
1669780 1198
1669790 1198
1669800 1196
1669810 1195
1669820 1195
1669830 1196
1669840 1197
1669850 1197
1669860 1200
1669870 1203
1669880 1203
1669890 1206
1669900 1210
1669910 1210
1669920 1212
1669930 1213
1669940 1213
1669950 1213
1669960 1212
1669970 1210
1669980 1210
1669990 1205
1670000 1200
1670010 1200
1670020 1194
1670030 1189
1670040 1189
1670050 1184
1670060 1179
1670070 1179
1670080 1174
1670090 1169
1670100 1169
1670110 1165
1670120 1160
1670130 1160
1670140 1155
1670150 1150
1670160 1150
1670170 1145
1670180 1139
1670190 1134
1670200 1134
1670210 1128
1670220 1122
1670230 1122
1670240 1115
1670250 1112
1670260 1112
1670270 1107
1670280 1102
1670290 1102
1670300 1098
1670310 1093
1670320 1093
1670330 1090
1670340 1087
1670350 1087
1670360 1085
1670370 1084
1670380 1084
1670390 1083
1670400 1083
1670410 1081
1670420 1081
1670430 1077
1670440 1075
1670450 1075
1670460 1073
1670470 1071
1670480 1071
1670490 1068
1670500 1064
1670510 1064
1670520 1058
1670530 1053
1670540 1053
1670550 1048
1670560 1043
1670570 1043
1670580 1036
1670590 1030
1670600 1030
1670610 1023
1670620 1017
1670630 1017
1670640 1011
1670650 1005
1670660 999
1670670 999
1670680 991
1670690 990
1670700 990
1670710 994
1670720 996
1670730 996
1670740 998
1670750 998
1670760 998
1670770 999
1670780 999
1670790 999
1670800 1000
1670810 999
1670820 999
1670830 998
1670840 998
1670850 998
1670860 999
1670870 1000
1670880 1001
1670890 1001
1670900 1002
1670910 1002
1670920 1002
1670930 1002
1670940 1001
1670950 1001
1670960 1001
1670970 1000
1670980 1000
1670990 1001
1671000 1001
1671010 1001
1671020 1000
1671030 1000
1671040 1000
1671050 999
1671060 998
1671070 998
1671080 996
1671090 994
1671100 994
1671110 993
1671120 991
1671130 989
1671140 989
1671150 986
1671160 983
1671170 983
1671180 981
1671190 980
1671200 980
1671210 979
1671220 976
1671230 976
1671240 975
1671250 974
1671260 974
1671270 974
1671280 972
1671290 972
1671300 971
1671310 969
1671320 969
1671330 966
1671340 959
1671350 952
1671360 952
1671370 944
1671380 936
1671390 936
1671400 929
1671410 922
1671420 922
1671430 914
1671440 907
1671450 907
1671460 904
1671470 901
1671480 901
1671490 899
1671500 901
1671510 901
1671520 901
1671530 901
1671540 901
1671550 901
1671560 901
1671570 901
1671580 904
1671590 906
1671600 905
1671610 905
1671620 908
1671630 911
1671640 911
1671650 913
1671660 916
1671670 916
1671680 918
1671690 920
1671700 920
1671710 923
1671720 926
1671730 926
1671740 927
1671750 929
1671760 929
1671770 930
1671780 932
1671790 932
1671800 934
1671810 936
1671820 938
1671830 938
1671840 940
1671850 941
1671860 941
1671870 941
1671880 940
1671890 940
1671900 941
1671910 944
1671920 944
1671930 948
1671940 951
1671950 951
1671960 953
1671970 956
1671980 956
1671990 958
1672000 959
1672010 959
1672020 961
1672030 963
1672040 963
1672050 967
1672060 970
1672070 974
1672080 974
1672090 977
1672100 981
1672110 981
1672120 985
1672130 990
1672140 990
1672150 997
1672160 1000
1672170 1000
1672180 1006
1672190 1011
1672200 1011
1672210 1017
1672220 1023
1672230 1023
1672240 1028
1672250 1032
1672260 1032
1672270 1036
1672280 1040
1672290 1044
1672300 1044
1672310 1049
1672320 1054
1672330 1054
1672340 1059
1672350 1064
1672360 1064
1672370 1068
1672380 1072
1672390 1072
1672400 1077
1672410 1080
1672420 1080
1672430 1083
1672440 1085
1672450 1085
1672460 1087
1672470 1089
1672480 1089
1672490 1090
1672500 1091
1672510 1091
1672520 1092
1672530 1093
1672540 1093
1672550 1093
1672560 1092
1672570 1092
1672580 1092
1672590 1092
1672600 1093
1672610 1093
1672620 1095
1672630 1095
1672640 1095
1672650 1095
1672660 1095
1672670 1095
1672680 1093
1672690 1092
1672700 1092
1672710 1091
1672720 1091
1672730 1091
1672740 1090
1672750 1087
1672760 1084
1672770 1084
1672780 1081
1672790 1078
1672800 1078
1672810 1076
1672820 1074
1672830 1074
1672840 1071
1672850 1070
1672860 1070
1672870 1068
1672880 1066
1672890 1066
1672900 1063
1672910 1060
1672920 1060
1672930 1057
1672940 1055
1672950 1055
1672960 1054
1672970 1052
1672980 1052
1672990 1048
1673000 1043
1673010 1039
1673020 1039
1673030 1034
1673040 1030
1673050 1030
1673060 1024
1673070 1019
1673080 1019
1673090 1014
1673100 1008
1673110 1008
1673120 1003
1673130 998
1673140 998
1673150 992
1673160 986
1673170 986
1673180 978
1673190 973
1673200 973
1673210 964
1673220 959
1673230 959
1673240 952
1673250 945
1673260 936
1673270 936
1673280 929
1673290 922
1673300 922
1673310 914
1673320 906
1673330 906
1673340 899
1673350 892
1673360 892
1673370 886
1673380 879
1673390 879
1673400 873
1673410 867
1673420 867
1673430 861
1673440 856
1673450 856
1673460 850
1673470 845
1673480 839
1673490 839
1673500 834
1673510 827
1673520 827
1673530 821
1673540 814
1673550 814
1673560 810
1673570 805
1673580 805
1673590 802
1673600 804
1673610 804
1673620 805
1673630 808
1673640 808
1673650 812
1673660 819
1673670 819
1673680 826
1673690 832
1673700 832
1673710 839
1673720 847
1673730 854
1673740 854
1673750 861
1673760 872
1673770 872
1673780 882
1673790 884
1673800 884
1673810 887
1673820 894
1673830 894
1673840 897
1673850 901
1673860 901
1673870 903
1673880 907
1673890 907
1673900 912
1673910 917
1673920 917
1673930 923
1673940 930
1673950 936
1673960 936
1673970 942
1673980 946
1673990 946
1674000 950
1674010 951
1674020 951
1674030 949
1674040 942
1674050 942
1674060 935
1674070 929
1674080 929
1674090 924
1674100 918
1674110 918
1674120 913
1674130 909
1674140 909
1674150 904
1674160 900
1674170 900
1674180 896
1674190 892
1674200 889
1674210 889
1674220 886
1674230 884
1674240 884
1674250 882
1674260 882
1674270 882
1674280 881
1674290 879
1674300 879
1674310 876
1674320 871
1674330 871
1674340 864
1674350 855
1674360 855
1674370 847
1674380 839
1674390 839
1674400 831
1674410 821
1674420 816
1674430 816
1674440 818
1674450 823
1674460 823
1674470 828
1674480 831
1674490 831
1674500 836
1674510 839
1674520 839
1674530 844
1674540 848
1674550 848
1674560 853
1674570 858
1674580 858
1674590 862
1674600 868
1674610 868
1674620 871
1674630 876
1674640 876
1674650 880
1674660 884
1674670 890
1674680 890
1674690 895
1674700 901
1674710 901
1674720 908
1674730 913
1674740 913
1674750 920
1674760 925
1674770 925
1674780 931
1674790 937
1674800 937
1674810 943
1674820 949
1674830 949
1674840 954
1674850 959
1674860 959
1674870 964
1674880 967
1674890 969
1674900 969
1674910 970
1674920 969
1674930 969
1674940 968
1674950 966
1674960 966
1674970 965
1674980 963
1674990 963
1675000 962
1675010 961
1675020 961
1675030 958
1675040 955
1675050 955
1675060 953
1675070 951
1675080 951
1675090 949
1675100 948
1675110 948
1675120 948
1675130 949
1675140 950
1675150 950
1675160 953
1675170 955
1675180 955
1675190 957
1675200 960
1675210 960
1675220 963
1675230 966
1675240 966
1675250 969
1675260 971
1675270 971
1675280 973
1675290 973
1675300 973
1675310 972
1675320 970
1675330 970
1675340 969
1675350 968
1675360 967
1675370 967
1675380 968
1675390 967
1675400 967
1675410 963
1675420 957
1675430 957
1675440 950
1675450 944
1675460 944
1675470 938
1675480 930
1675490 930
1675500 922
1675510 917
1675520 917
1675530 909
1675540 908
1675550 908
1675560 900
1675570 899
1675580 899
1675590 896
1675600 896
1675610 898
1675620 898
1675630 894
1675640 890
1675650 890
1675660 892
1675670 890
1675680 890
1675690 889
1675700 884
1675710 884
1675720 874
1675730 865
1675740 865
1675750 852
1675760 838
1675770 838
1675780 829
1675790 820
1675800 820
1675810 812
1675820 804
1675830 797
1675840 797
1675850 789
1675860 781
1675870 781
1675880 773
1675890 763
1675900 763
1675910 765
1675920 776
1675930 776
1675940 783
1675950 792
1675960 792
1675970 801
1675980 805
1675990 805
1676000 810
1676010 814
1676020 814
1676030 813
1676040 810
1676050 810
1676060 809
1676070 810
1676080 811
1676090 811
1676100 814
1676110 814
1676120 814
1676130 819
1676140 824
1676150 824
1676160 830
1676170 837
1676180 837
1676190 846
1676200 850
1676210 850
1676220 855
1676230 860
1676240 860
1676250 866
1676260 872
1676270 872
1676280 878
1676290 884
1676300 889
1676310 889
1676320 895
1676330 901
1676340 901
1676350 908
1676360 915
1676370 915
1676380 922
1676390 929
1676400 929
1676410 935
1676420 942
1676430 942
1676440 947
1676450 956
1676460 956
1676470 963
1676480 970
1676490 970
1676500 978
1676510 987
1676520 987
1676530 995
1676540 1002
1676550 1014
1676560 1014
1676570 1040
1676580 1045
1676590 1045
1676600 1049
1676610 1048
1676620 1048
1676630 1045
1676640 1040
1676650 1040
1676660 1036
1676670 1033
1676680 1033
1676690 1025
1676700 1017
1676710 1017
1676720 1009
1676730 1002
1676740 1002
1676750 995
1676760 986
1676770 983
1676780 983
1676790 978
1676800 973
1676810 973
1676820 966
1676830 960
1676840 960
1676850 954
1676860 949
1676870 949
1676880 944
1676890 940
1676900 940
1676910 935
1676920 929
1676930 929
1676940 925
1676950 920
1676960 920
1676970 915
1676980 911
1676990 911
1677000 908
1677010 903
1677020 899
1677030 899
1677040 895
1677050 891
1677060 891
1677070 887
1677080 883
1677090 883
1677100 879
1677110 876
1677120 876
1677130 872
1677140 869
1677150 869
1677160 865
1677170 860
1677180 860
1677190 853
1677200 851
1677210 851
1677220 849
1677230 843
1677240 835
1677250 835
1677260 831
1677270 826
1677280 826
1677290 819
1677300 812
1677310 812
1677320 813
1677330 814
1677340 814
1677350 815
1677360 816
1677370 816
1677380 816
1677390 818
1677400 818
1677410 819
1677420 831
1677430 831
1677440 834
1677450 833
1677460 833
1677470 831
1677480 829
1677490 827
1677500 827
1677510 827
1677520 830
1677530 830
1677540 835
1677550 840
1677560 840
1677570 845
1677580 850
1677590 850
1677600 855
1677610 860
1677620 860
1677630 864
1677640 867
1677650 867
1677660 875
1677670 880
1677680 880
1677690 884
1677700 890
1677710 896
1677720 896
1677730 901
1677740 908
1677750 908
1677760 915
1677770 921
1677780 921
1677790 926
1677800 931
1677810 931
1677820 936
1677830 943
1677840 943
1677850 946
1677860 953
1677870 953
1677880 959
1677890 964
1677900 964
1677910 970
1677920 975
1677930 975
1677940 981
1677950 985
1677960 991
1677970 991
1677980 994
1677990 999
1678000 999
1678010 1002
1678020 1006
1678030 1006
1678040 1009
1678050 1011
1678060 1011
1678070 1013
1678080 1014
1678090 1014
1678100 1015
1678110 1016
1678120 1016
1678130 1017
1678140 1018
1678150 1018
1678160 1019
1678170 1019
1678180 1021
1678190 1021
1678200 1022
1678210 1022
1678220 1022
1678230 1023
1678240 1024
1678250 1024
1678260 1023
1678270 1024
1678280 1024
1678290 1022
1678300 1021
1678310 1021
1678320 1020
1678330 1016
1678340 1016
1678350 1013
1678360 1010
1678370 1010
1678380 1006
1678390 1003
1678400 1003
1678410 997
1678420 991
1678430 987
1678440 987
1678450 980
1678460 975
1678470 975
1678480 970
1678490 965
1678500 965
1678510 959
1678520 953
1678530 953
1678540 948
1678550 942
1678560 942
1678570 936
1678580 930
1678590 930
1678600 924
1678610 919
1678620 919
1678630 913
1678640 908
1678650 908
1678660 902
1678670 898
1678680 895
1678690 895
1678700 891
1678710 889
1678720 889
1678730 889
1678740 892
1678750 892
1678760 893
1678770 895
1678780 895
1678790 897
1678800 901
1678810 901
1678820 901
1678830 905
1678840 905
1678850 907
1678860 910
1678870 910
1678880 912
1678890 913
1678900 915
1678910 915
1678920 916
1678930 918
1678940 918
1678950 918
1678960 917
1678970 917
1678980 916
1678990 916
1679000 916
1679010 916
1679020 915
1679030 915
1679040 914
1679050 913
1679060 913
1679070 912
1679080 912
1679090 912
1679100 911
1679110 911
1679120 911
1679130 911
1679140 911
1679150 909
1679160 909
1679170 909
1679180 909
1679190 909
1679200 909
1679210 907
1679220 907
1679230 905
1679240 904
1679250 904
1679260 900
1679270 897
1679280 897
1679290 892
1679300 887
1679310 887
1679320 882
1679330 876
1679340 876
1679350 870
1679360 864
1679370 858
1679380 858
1679390 853
1679400 852
1679410 852
1679420 851
1679430 851
1679440 851
1679450 850
1679460 850
1679470 850
1679480 849
1679490 849
1679500 849
1679510 848
1679520 847
1679530 847
1679540 845
1679550 844
1679560 844
1679570 841
1679580 837
1679590 837
1679600 835
1679610 832
1679620 827
1679630 827
1679640 823
1679650 817
1679660 817
1679670 813
1679680 808
1679690 808
1679700 802
1679710 797
1679720 797
1679730 791
1679740 785
1679750 785
1679760 779
1679770 773
1679780 773
1679790 767
1679800 763
1679810 763
1679820 760
1679830 762
1679840 765
1679850 765
1679860 768
1679870 770
1679880 770
1679890 771
1679900 772
1679910 772
1679920 773
1679930 772
1679940 772
1679950 771
1679960 768
1679970 768
1679980 765
1679990 762
