1660000 1243
1660010 1236
1660020 1236
1660030 1231
1660040 1224
1660050 1224
1660060 1218
1660070 1210
1660080 1210
1660090 1210
1660100 1211
1660110 1211
1660120 1214
1660130 1220
1660140 1220
1660150 1226
1660160 1233
1660170 1233
1660180 1238
1660190 1244
1660200 1249
1660210 1249
1660220 1255
1660230 1260
1660240 1260
1660250 1266
1660260 1271
1660270 1271
1660280 1277
1660290 1283
1660300 1283
1660310 1289
1660320 1295
1660330 1295
1660340 1301
1660350 1306
1660360 1306
1660370 1314
1660380 1321
1660390 1321
1660400 1328
1660410 1334
1660420 1334
1660430 1340
1660440 1346
1660450 1353
1660460 1353
1660470 1359
1660480 1364
1660490 1364
1660500 1369
1660510 1374
1660520 1374
1660530 1378
1660540 1383
1660550 1383
1660560 1387
1660570 1390
1660580 1390
1660590 1393
1660600 1393
1660610 1393
1660620 1391
1660630 1388
1660640 1388
1660650 1385
1660660 1380
1660670 1375
1660680 1375
1660690 1370
1660700 1365
1660710 1365
1660720 1361
1660730 1357
1660740 1357
1660750 1354
1660760 1350
1660770 1350
1660780 1347
1660790 1341
1660800 1341
1660810 1338
1660820 1334
1660830 1334
1660840 1329
1660850 1324
1660860 1324
1660870 1320
1660880 1316
1660890 1316
1660900 1315
1660910 1312
1660920 1310
1660930 1310
1660940 1308
1660950 1308
1660960 1308
1660970 1309
1660980 1310
1660990 1310
1661000 1311
1661010 1312
1661020 1312
1661030 1314
1661040 1316
1661050 1316
1661060 1317
1661070 1319
1661080 1319
1661090 1320
1661100 1322
1661110 1322
1661120 1323
1661130 1325
1661140 1325
1661150 1327
1661160 1329
1661170 1331
1661180 1331
1661190 1332
1661200 1332
1661210 1332
1661220 1333
1661230 1333
1661240 1333
1661250 1333
1661260 1332
1661270 1332
1661280 1330
1661290 1329
1661300 1329
1661310 1326
1661320 1323
1661330 1323
1661340 1320
1661350 1316
1661360 1316
1661370 1312
1661380 1309
1661390 1305
1661400 1305
1661410 1300
1661420 1296
1661430 1296
1661440 1289
1661450 1287
1661460 1287
1661470 1283
1661480 1278
1661490 1278
1661500 1273
1661510 1268
1661520 1268
1661530 1264
1661540 1260
1661550 1260
1661560 1256
1661570 1253
1661580 1253
1661590 1249
1661600 1245
1661610 1245
1661620 1239
1661630 1239
1661640 1240
1661650 1240
1661660 1241
1661670 1243
1661680 1243
1661690 1246
1661700 1248
1661710 1248
1661720 1250
1661730 1251
1661740 1251
1661750 1252
1661760 1253
1661770 1253
1661780 1254
1661790 1255
1661800 1255
1661810 1256
1661820 1255
1661830 1255
1661840 1254
1661850 1252
1661860 1248
1661870 1248
1661880 1244
1661890 1240
1661900 1240
1661910 1234
1661920 1226
1661930 1226
1661940 1221
1661950 1217
1661960 1217
1661970 1214
1661980 1209
1661990 1209
1662000 1203
1662010 1201
1662020 1201
1662030 1194
1662040 1189
1662050 1189
1662060 1182
1662070 1180
1662080 1180
1662090 1186
1662100 1192
1662110 1196
1662120 1196
1662130 1200
1662140 1202
1662150 1202
1662160 1203
1662170 1203
1662180 1203
1662190 1203
1662200 1202
1662210 1202
1662220 1201
1662230 1200
1662240 1200
1662250 1200
1662260 1196
1662270 1196
1662280 1190
1662290 1183
1662300 1183
1662310 1173
1662320 1165
1662330 1158
1662340 1158
1662350 1150
1662360 1143
1662370 1143
1662380 1135
1662390 1127
1662400 1127
1662410 1116
1662420 1107
1662430 1107
1662440 1103
1662450 1101
1662460 1101
1662470 1103
1662480 1105
1662490 1105
1662500 1105
1662510 1104
1662520 1104
1662530 1098
1662540 1091
1662550 1091
1662560 1083
1662570 1076
1662580 1068
1662590 1068
1662600 1062
1662610 1054
1662620 1054
1662630 1047
1662640 1043
1662650 1043
1662660 1040
1662670 1040
1662680 1040
1662690 1039
1662700 1038
1662710 1038
1662720 1047
1662730 1052
1662740 1052
1662750 1056
1662760 1058
1662770 1058
1662780 1058
1662790 1057
1662800 1057
1662810 1061
1662820 1069
1662830 1077
1662840 1077
1662850 1084
1662860 1092
1662870 1092
1662880 1098
1662890 1103
1662900 1103
1662910 1107
1662920 1111
1662930 1111
1662940 1115
1662950 1119
1662960 1119
1662970 1122
1662980 1126
1662990 1126
1663000 1130
1663010 1133
1663020 1133
1663030 1137
1663040 1141
1663050 1145
1663060 1145
1663070 1149
1663080 1154
1663090 1154
1663100 1158
1663110 1160
1663120 1160
1663130 1165
1663140 1166
1663150 1166
1663160 1167
1663170 1165
1663180 1165
1663190 1162
1663200 1159
1663210 1159
1663220 1154
1663230 1149
1663240 1149
1663250 1142
1663260 1137
1663270 1137
1663280 1130
1663290 1125
1663300 1120
1663310 1120
1663320 1114
1663330 1109
1663340 1109
1663350 1104
1663360 1099
1663370 1099
1663380 1095
1663390 1090
1663400 1090
1663410 1085
1663420 1080
1663430 1080
1663440 1076
1663450 1071
1663460 1071
1663470 1066
1663480 1062
1663490 1062
1663500 1058
1663510 1055
1663520 1053
1663530 1053
1663540 1049
1663550 1046
1663560 1046
1663570 1044
1663580 1042
1663590 1042
1663600 1040
1663610 1039
1663620 1039
1663630 1036
1663640 1035
1663650 1035
1663660 1033
1663670 1033
1663680 1033
1663690 1033
1663700 1035
1663710 1035
1663720 1038
1663730 1041
1663740 1041
1663750 1046
1663760 1052
1663770 1059
1663780 1059
1663790 1063
1663800 1071
1663810 1071
1663820 1078
1663830 1084
1663840 1084
1663850 1088
1663860 1093
1663870 1093
1663880 1097
1663890 1101
1663900 1101
1663910 1106
1663920 1111
1663930 1111
1663940 1117
1663950 1122
1663960 1122
1663970 1127
1663980 1132
1663990 1132
1664000 1136
1664010 1141
1664020 1149
1664030 1149
1664040 1154
1664050 1160
1664060 1160
1664070 1167
1664080 1173
1664090 1173
1664100 1179
1664110 1186
1664120 1186
1664130 1193
1664140 1201
1664150 1201
1664160 1209
1664170 1217
1664180 1217
1664190 1225
1664200 1233
1664210 1233
1664220 1241
1664230 1248
1664240 1255
1664250 1255
1664260 1262
1664270 1269
1664280 1269
1664290 1275
1664300 1280
1664310 1280
1664320 1281
1664330 1281
1664340 1281
1664350 1284
1664360 1289
1664370 1289
1664380 1297
1664390 1301
1664400 1301
1664410 1305
1664420 1311
1664430 1311
1664440 1313
1664450 1316
1664460 1316
1664470 1319
1664480 1322
1664490 1325
1664500 1325
1664510 1331
1664520 1336
1664530 1336
1664540 1342
1664550 1346
1664560 1346
1664570 1350
1664580 1355
1664590 1355
1664600 1362
1664610 1369
1664620 1369
1664630 1375
1664640 1381
1664650 1381
1664660 1387
1664670 1392
1664680 1392
1664690 1396
1664700 1401
1664710 1405
1664720 1405
1664730 1408
1664740 1411
1664750 1411
1664760 1415
1664770 1418
1664780 1418
1664790 1421
1664800 1424
1664810 1424
1664820 1425
1664830 1427
1664840 1427
1664850 1429
1664860 1430
1664870 1430
1664880 1432
1664890 1434
1664900 1434
1664910 1435
1664920 1437
1664930 1437
1664940 1438
1664950 1439
1664960 1440
1664970 1440
1664980 1442
1664990 1443
1665000 1443
1665010 1444
1665020 1446
1665030 1446
1665040 1448
1665050 1450
1665060 1450
1665070 1452
1665080 1453
1665090 1453
1665100 1454
1665110 1455
1665120 1455
1665130 1457
1665140 1459
1665150 1459
1665160 1461
1665170 1463
1665180 1465
1665190 1465
1665200 1467
1665210 1469
1665220 1469
1665230 1471
1665240 1474
1665250 1474
1665260 1477
1665270 1480
1665280 1480
1665290 1482
1665300 1484
1665310 1484
1665320 1486
1665330 1488
1665340 1488
1665350 1489
1665360 1490
1665370 1490
1665380 1491
1665390 1492
1665400 1492
1665410 1493
1665420 1494
1665430 1495
1665440 1495
1665450 1496
1665460 1497
1665470 1497
1665480 1498
1665490 1499
1665500 1499
1665510 1499
1665520 1500
1665530 1500
1665540 1501
1665550 1502
1665560 1502
1665570 1502
1665580 1503
1665590 1503
1665600 1503
1665610 1503
1665620 1503
1665630 1503
1665640 1503
1665650 1503
1665660 1502
1665670 1501
1665680 1500
1665690 1500
1665700 1499
1665710 1498
1665720 1498
1665730 1498
1665740 1497
1665750 1497
1665760 1497
1665770 1498
1665780 1498
1665790 1498
1665800 1500
1665810 1500
1665820 1501
1665830 1502
1665840 1502
1665850 1504
1665860 1505
1665870 1505
1665880 1505
1665890 1506
1665900 1507
1665910 1507
1665920 1507
1665930 1508
1665940 1508
1665950 1509
1665960 1511
1665970 1511
1665980 1512
1665990 1511
1666000 1511
1666010 1507
1666020 1503
1666030 1503
1666040 1500
1666050 1495
1666060 1495
1666070 1490
1666080 1484
1666090 1484
1666100 1479
1666110 1472
1666120 1472
1666130 1469
1666140 1463
1666150 1457
1666160 1457
1666170 1452
1666180 1447
1666190 1447
1666200 1441
1666210 1436
1666220 1436
1666230 1432
1666240 1427
1666250 1427
1666260 1423
1666270 1418
1666280 1418
1666290 1413
1666300 1408
1666310 1408
1666320 1403
1666330 1399
1666340 1399
1666350 1394
1666360 1389
1666370 1385
1666380 1385
1666390 1380
1666400 1374
1666410 1374
1666420 1371
1666430 1365
1666440 1365
1666450 1362
1666460 1359
1666470 1359
1666480 1355
1666490 1352
1666500 1352
1666510 1348
1666520 1349
1666530 1349
1666540 1353
1666550 1356
1666560 1356
1666570 1359
1666580 1362
1666590 1362
1666600 1364
1666610 1367
1666620 1370
1666630 1370
1666640 1373
1666650 1376
1666660 1376
1666670 1379
1666680 1382
1666690 1382
1666700 1386
1666710 1391
1666720 1391
1666730 1396
1666740 1401
1666750 1401
1666760 1404
1666770 1406
1666780 1406
1666790 1408
1666800 1410
1666810 1410
1666820 1413
1666830 1414
1666840 1414
1666850 1418
1666860 1421
1666870 1424
1666880 1424
1666890 1428
1666900 1431
1666910 1431
1666920 1433
1666930 1436
1666940 1436
1666950 1439
1666960 1443
1666970 1443
1666980 1448
1666990 1452
1667000 1452
1667010 1453
1667020 1458
1667030 1458
1667040 1461
1667050 1463
1667060 1463
1667070 1465
1667080 1468
1667090 1472
1667100 1472
1667110 1474
1667120 1476
1667130 1476
1667140 1477
1667150 1479
1667160 1479
1667170 1482
1667180 1486
1667190 1486
1667200 1489
1667210 1492
1667220 1492
1667230 1496
1667240 1502
1667250 1502
1667260 1508
1667270 1513
1667280 1513
1667290 1516
1667300 1520
1667310 1520
1667320 1524
1667330 1528
1667340 1531
1667350 1531
1667360 1535
1667370 1539
1667380 1539
1667390 1544
1667400 1548
1667410 1548
1667420 1552
1667430 1556
1667440 1556
1667450 1560
1667460 1563
1667470 1563
1667480 1567
1667490 1570
1667500 1570
1667510 1574
1667520 1577
1667530 1577
1667540 1581
1667550 1584
1667560 1588
1667570 1588
1667580 1591
1667590 1594
1667600 1594
1667610 1597
1667620 1600
1667630 1600
1667640 1603
1667650 1606
1667660 1606
1667670 1609
1667680 1613
1667690 1613
1667700 1616
1667710 1618
1667720 1618
1667730 1620
1667740 1622
1667750 1622
1667760 1624
1667770 1625
1667780 1625
1667790 1627
1667800 1628
1667810 1629
1667820 1629
1667830 1629
1667840 1630
1667850 1630
1667860 1630
1667870 1630
1667880 1630
1667890 1630
1667900 1630
1667910 1630
1667920 1629
1667930 1629
1667940 1629
1667950 1628
1667960 1627
1667970 1627
1667980 1624
1667990 1622
1668000 1622
1668010 1619
1668020 1617
1668030 1617
1668040 1612
1668050 1608
1668060 1603
1668070 1603
1668080 1599
1668090 1593
1668100 1593
1668110 1587
1668120 1580
1668130 1580
1668140 1573
1668150 1567
1668160 1567
1668170 1560
1668180 1553
1668190 1553
1668200 1548
1668210 1541
1668220 1541
1668230 1536
1668240 1530
1668250 1530
1668260 1525
1668270 1522
1668280 1518
1668290 1518
1668300 1514
1668310 1509
1668320 1509
1668330 1506
1668340 1504
1668350 1504
1668360 1500
1668370 1496
1668380 1496
1668390 1492
1668400 1488
1668410 1488
1668420 1483
1668430 1480
1668440 1480
1668450 1476
1668460 1473
1668470 1473
1668480 1469
1668490 1464
1668500 1464
1668510 1460
1668520 1455
1668530 1450
1668540 1450
1668550 1445
1668560 1439
1668570 1439
1668580 1438
1668590 1432
1668600 1432
1668610 1428
1668620 1425
1668630 1425
1668640 1422
1668650 1421
1668660 1421
1668670 1421
1668680 1420
1668690 1420
1668700 1420
1668710 1419
1668720 1419
1668730 1418
1668740 1418
1668750 1417
1668760 1417
1668770 1418
1668780 1420
1668790 1420
1668800 1420
1668810 1420
1668820 1420
1668830 1420
1668840 1420
1668850 1420
1668860 1421
1668870 1422
1668880 1422
1668890 1423
1668900 1423
1668910 1423
1668920 1424
1668930 1424
1668940 1424
1668950 1424
1668960 1424
1668970 1424
1668980 1424
1668990 1425
1669000 1426
1669010 1426
1669020 1426
1669030 1428
1669040 1428
1669050 1429
1669060 1430
1669070 1430
1669080 1431
1669090 1432
1669100 1432
1669110 1433
1669120 1434
1669130 1434
1669140 1435
1669150 1436
1669160 1436
1669170 1437
1669180 1437
1669190 1437
1669200 1439
1669210 1441
1669220 1443
1669230 1443
1669240 1445
1669250 1448
1669260 1448
1669270 1450
1669280 1452
1669290 1452
1669300 1452
1669310 1452
1669320 1452
1669330 1451
1669340 1452
1669350 1452
1669360 1450
1669370 1447
1669380 1447
1669390 1444
1669400 1442
1669410 1442
1669420 1440
1669430 1438
1669440 1438
1669450 1435
1669460 1432
1669470 1429
1669480 1429
1669490 1425
1669500 1422
1669510 1422
1669520 1419
1669530 1416
1669540 1416
1669550 1412
1669560 1409
1669570 1409
1669580 1406
1669590 1403
1669600 1403
1669610 1399
1669620 1395
1669630 1395
1669640 1391
1669650 1387
1669660 1387
1669670 1382
1669680 1377
1669690 1377
1669700 1374
1669710 1370
1669720 1367
1669730 1367
1669740 1362
1669750 1361
1669760 1361
1669770 1357
1669780 1356
1669790 1356
1669800 1354
1669810 1351
1669820 1351
1669830 1348
1669840 1347
1669850 1347
1669860 1344
1669870 1342
1669880 1342
1669890 1340
1669900 1339
1669910 1339
1669920 1340
1669930 1339
1669940 1340
1669950 1340
1669960 1340
1669970 1340
1669980 1340
1669990 1339
1670000 1339
1670010 1339
1670020 1337
1670030 1335
1670040 1335
1670050 1334
1670060 1333
1670070 1333
1670080 1332
1670090 1331
1670100 1331
1670110 1330
1670120 1328
1670130 1328
1670140 1326
1670150 1324
1670160 1324
1670170 1323
1670180 1322
1670190 1321
1670200 1321
1670210 1319
1670220 1318
1670230 1318
1670240 1317
1670250 1315
1670260 1315
1670270 1314
1670280 1312
1670290 1312
1670300 1310
1670310 1308
1670320 1308
1670330 1306
1670340 1303
1670350 1303
1670360 1300
1670370 1298
1670380 1298
1670390 1296
1670400 1293
1670410 1291
1670420 1291
1670430 1289
1670440 1288
1670450 1288
1670460 1287
1670470 1286
1670480 1286
1670490 1284
1670500 1283
1670510 1283
1670520 1282
1670530 1281
1670540 1281
1670550 1279
1670560 1277
1670570 1277
1670580 1276
1670590 1275
1670600 1275
1670610 1274
1670620 1273
1670630 1273
1670640 1271
1670650 1270
1670660 1269
1670670 1269
1670680 1267
1670690 1265
1670700 1265
1670710 1263
1670720 1261
1670730 1261
1670740 1258
1670750 1255
1670760 1255
1670770 1251
1670780 1247
1670790 1247
1670800 1244
1670810 1239
1670820 1239
1670830 1235
1670840 1231
1670850 1231
1670860 1225
1670870 1222
1670880 1222
1670890 1217
1670900 1213
1670910 1208
1670920 1208
1670930 1204
1670940 1199
1670950 1199
1670960 1195
1670970 1190
1670980 1190
1670990 1185
1671000 1180
1671010 1180
1671020 1175
1671030 1170
1671040 1170
1671050 1164
1671060 1159
1671070 1159
1671080 1156
1671090 1148
1671100 1148
1671110 1143
1671120 1137
1671130 1130
1671140 1130
1671150 1125
1671160 1118
1671170 1118
1671180 1114
1671190 1107
1671200 1107
1671210 1102
1671220 1098
1671230 1098
1671240 1092
1671250 1087
1671260 1087
1671270 1078
1671280 1076
1671290 1076
1671300 1081
1671310 1085
1671320 1085
1671330 1089
1671340 1093
1671350 1093
1671360 1098
1671370 1103
1671380 1107
1671390 1107
1671400 1111
1671410 1117
1671420 1117
1671430 1124
1671440 1127
1671450 1127
1671460 1134
1671470 1141
1671480 1141
1671490 1149
1671500 1154
1671510 1154
1671520 1160
1671530 1166
1671540 1166
1671550 1174
1671560 1180
1671570 1180
1671580 1188
1671590 1195
1671600 1203
1671610 1203
1671620 1213
1671630 1220
1671640 1220
1671650 1225
1671660 1231
1671670 1231
1671680 1236
1671690 1237
1671700 1237
1671710 1232
1671720 1229
1671730 1229
1671740 1224
1671750 1219
1671760 1219
1671770 1214
1671780 1209
1671790 1209
1671800 1204
1671810 1200
1671820 1200
1671830 1195
1671840 1191
1671850 1186
1671860 1186
1671870 1181
1671880 1177
1671890 1177
1671900 1174
1671910 1170
1671920 1170
1671930 1167
1671940 1163
1671950 1163
1671960 1159
1671970 1154
1671980 1154
1671990 1149
1672000 1144
1672010 1144
1672020 1140
1672030 1136
1672040 1136
1672050 1132
1672060 1128
1672070 1128
1672080 1124
1672090 1120
1672100 1116
1672110 1116
1672120 1112
1672130 1107
1672140 1107
1672150 1104
1672160 1100
1672170 1100
1672180 1096
1672190 1093
1672200 1093
1672210 1088
1672220 1085
1672230 1085
1672240 1081
1672250 1077
1672260 1077
1672270 1074
1672280 1068
1672290 1068
1672300 1066
1672310 1060
1672320 1056
1672330 1056
1672340 1049
1672350 1043
1672360 1043
1672370 1038
1672380 1033
1672390 1033
1672400 1028
1672410 1024
1672420 1024
1672430 1020
1672440 1017
1672450 1017
1672460 1013
1672470 1009
1672480 1009
1672490 1004
1672500 999
1672510 999
1672520 995
1672530 990
1672540 990
1672550 987
1672560 982
1672570 977
1672580 977
1672590 971
1672600 968
1672610 968
1672620 961
1672630 955
1672640 955
1672650 954
1672660 954
1672670 954
1672680 953
1672690 952
1672700 952
1672710 952
1672720 952
1672730 952
1672740 953
1672750 952
1672760 952
1672770 951
1672780 950
1672790 950
1672800 950
1672810 949
1672820 949
1672830 949
1672840 949
1672850 952
1672860 952
1672870 955
1672880 957
1672890 957
1672900 960
1672910 961
1672920 961
1672930 964
1672940 967
1672950 967
1672960 970
1672970 973
1672980 973
1672990 976
1673000 979
1673010 979
1673020 982
1673030 985
1673040 987
1673050 987
1673060 986
1673070 984
1673080 984
1673090 983
1673100 983
1673110 983
1673120 982
1673130 982
1673140 982
1673150 990
1673160 996
1673170 996
1673180 1002
1673190 1007
1673200 1007
1673210 1015
1673220 1022
1673230 1022
1673240 1030
1673250 1038
1673260 1045
1673270 1045
1673280 1052
1673290 1058
1673300 1058
1673310 1066
1673320 1073
1673330 1073
1673340 1081
1673350 1084
1673360 1084
1673370 1089
1673380 1094
1673390 1094
1673400 1100
1673410 1105
1673420 1105
1673430 1112
1673440 1117
1673450 1117
1673460 1123
1673470 1129
1673480 1129
1673490 1136
1673500 1142
1673510 1149
1673520 1149
1673530 1156
1673540 1163
1673550 1163
1673560 1170
1673570 1177
1673580 1177
1673590 1177
1673600 1176
1673610 1176
1673620 1169
1673630 1163
1673640 1163
1673650 1158
1673660 1152
1673670 1152
1673680 1147
1673690 1140
1673700 1140
1673710 1134
1673720 1128
1673730 1128
1673740 1121
1673750 1115
1673760 1109
1673770 1109
1673780 1104
1673790 1097
1673800 1097
1673810 1092
1673820 1087
1673830 1087
1673840 1081
1673850 1076
1673860 1076
1673870 1071
1673880 1065
1673890 1065
1673900 1060
1673910 1055
1673920 1055
1673930 1049
1673940 1046
1673950 1046
1673960 1042
1673970 1037
1673980 1031
1673990 1031
1674000 1027
1674010 1025
1674020 1025
1674030 1023
1674040 1029
1674050 1029
1674060 1033
1674070 1039
1674080 1039
1674090 1047
1674100 1052
1674110 1052
1674120 1059
1674130 1065
1674140 1065
1674150 1071
1674160 1076
1674170 1076
1674180 1083
1674190 1090
1674200 1090
1674210 1097
1674220 1105
1674230 1111
1674240 1111
1674250 1118
1674260 1124
1674270 1124
1674280 1129
1674290 1135
1674300 1135
1674310 1140
1674320 1144
1674330 1144
1674340 1149
1674350 1153
1674360 1153
1674370 1156
1674380 1160
1674390 1160
1674400 1163
1674410 1167
1674420 1167
1674430 1169
1674440 1173
1674450 1176
1674460 1176
1674470 1179
1674480 1182
1674490 1182
1674500 1186
1674510 1189
1674520 1189
1674530 1193
1674540 1196
1674550 1196
1674560 1199
1674570 1203
1674580 1203
1674590 1206
1674600 1211
1674610 1211
1674620 1213
1674630 1217
1674640 1217
1674650 1221
1674660 1224
1674670 1224
1674680 1226
1674690 1229
1674700 1231
1674710 1231
1674720 1233
1674730 1234
1674740 1234
1674750 1234
1674760 1230
1674770 1230
1674780 1226
1674790 1221
1674800 1221
1674810 1217
1674820 1211
1674830 1211
1674840 1205
1674850 1200
1674860 1200
1674870 1195
1674880 1189
1674890 1189
1674900 1183
1674910 1177
1674920 1177
1674930 1171
1674940 1165
1674950 1159
1674960 1159
1674970 1154
1674980 1148
1674990 1148
1675000 1142
1675010 1136
1675020 1136
1675030 1131
1675040 1123
1675050 1123
1675060 1115
1675070 1109
1675080 1109
1675090 1102
1675100 1095
1675110 1095
1675120 1088
1675130 1083
1675140 1083
1675150 1077
1675160 1071
1675170 1066
1675180 1066
1675190 1060
1675200 1055
1675210 1055
1675220 1048
1675230 1042
1675240 1042
1675250 1036
1675260 1031
1675270 1031
1675280 1027
1675290 1028
1675300 1028
1675310 1029
1675320 1029
1675330 1029
1675340 1029
1675350 1029
1675360 1029
1675370 1029
1675380 1029
1675390 1029
1675400 1028
1675410 1027
1675420 1025
1675430 1025
1675440 1023
1675450 1019
1675460 1019
1675470 1013
1675480 1008
1675490 1008
1675500 1002
1675510 996
1675520 996
1675530 990
1675540 984
1675550 984
1675560 983
1675570 985
1675580 985
1675590 988
1675600 989
1675610 989
1675620 991
1675630 992
1675640 993
1675650 993
1675660 995
1675670 995
1675680 995
1675690 993
1675700 991
1675710 991
1675720 987
1675730 983
1675740 983
1675750 978
1675760 974
1675770 974
1675780 971
1675790 972
1675800 972
1675810 975
1675820 978
1675830 978
1675840 980
1675850 981
1675860 981
1675870 980
1675880 978
1675890 977
1675900 977
1675910 975
1675920 970
1675930 970
1675940 974
1675950 976
1675960 976
1675970 982
1675980 988
1675990 988
1676000 993
1676010 998
1676020 998
1676030 1003
1676040 1008
1676050 1008
1676060 1012
1676070 1016
1676080 1016
1676090 1019
1676100 1021
1676110 1021
1676120 1022
1676130 1024
1676140 1026
1676150 1026
1676160 1028
1676170 1031
1676180 1031
1676190 1034
1676200 1038
1676210 1038
1676220 1042
1676230 1046
1676240 1046
1676250 1050
1676260 1054
1676270 1054
1676280 1060
1676290 1065
1676300 1065
1676310 1068
1676320 1074
1676330 1074
1676340 1079
1676350 1083
1676360 1083
1676370 1083
1676380 1084
1676390 1083
1676400 1083
1676410 1084
1676420 1086
1676430 1086
1676440 1090
1676450 1094
1676460 1094
1676470 1098
1676480 1102
1676490 1102
1676500 1106
1676510 1110
1676520 1110
1676530 1114
1676540 1118
1676550 1118
1676560 1123
1676570 1128
1676580 1128
1676590 1133
1676600 1138
1676610 1141
1676620 1141
1676630 1146
1676640 1151
1676650 1151
1676660 1157
1676670 1163
1676680 1163
1676690 1170
1676700 1177
1676710 1177
1676720 1186
1676730 1185
1676740 1185
1676750 1176
1676760 1167
1676770 1167
1676780 1158
1676790 1154
1676800 1154
1676810 1152
1676820 1195
1676830 1216
1676840 1216
1676850 1225
1676860 1229
1676870 1229
1676880 1235
1676890 1240
1676900 1240
1676910 1243
1676920 1251
1676930 1251
1676940 1257
1676950 1260
1676960 1260
1676970 1257
1676980 1253
1676990 1253
1677000 1249
1677010 1245
1677020 1245
1677030 1240
1677040 1236
1677050 1236
1677060 1231
1677070 1227
1677080 1223
1677090 1223
1677100 1218
1677110 1214
1677120 1214
1677130 1211
1677140 1207
1677150 1207
1677160 1204
1677170 1200
1677180 1200
1677190 1195
1677200 1192
1677210 1192
1677220 1187
1677230 1182
1677240 1182
1677250 1177
1677260 1172
1677270 1172
1677280 1164
1677290 1160
1677300 1159
1677310 1159
1677320 1155
1677330 1150
1677340 1150
1677350 1145
1677360 1141
1677370 1141
1677380 1137
1677390 1135
1677400 1135
1677410 1132
1677420 1130
1677430 1130
1677440 1127
1677450 1124
1677460 1124
1677470 1120
1677480 1117
1677490 1117
1677500 1114
1677510 1111
1677520 1111
1677530 1107
1677540 1104
1677550 1101
1677560 1101
1677570 1095
1677580 1090
1677590 1090
1677600 1084
1677610 1079
1677620 1079
1677630 1073
1677640 1068
1677650 1068
1677660 1064
1677670 1062
1677680 1062
1677690 1059
1677700 1056
1677710 1056
1677720 1054
1677730 1052
1677740 1052
1677750 1048
1677760 1045
1677770 1045
1677780 1043
1677790 1041
1677800 1039
1677810 1039
1677820 1038
1677830 1038
1677840 1038
1677850 1037
1677860 1036
1677870 1036
1677880 1036
1677890 1036
1677900 1036
1677910 1035
1677920 1034
1677930 1034
1677940 1032
1677950 1030
1677960 1030
1677970 1028
1677980 1027
1677990 1027
1678000 1026
1678010 1025
1678020 1024
1678030 1024
1678040 1021
1678050 1017
1678060 1017
1678070 1012
1678080 1007
1678090 1007
1678100 1002
1678110 997
1678120 997
1678130 991
1678140 986
1678150 986
1678160 980
1678170 974
1678180 974
1678190 968
1678200 963
1678210 963
1678220 957
1678230 952
1678240 952
1678250 946
1678260 940
1678270 935
1678280 935
1678290 932
1678300 928
1678310 928
1678320 924
1678330 922
1678340 922
1678350 920
1678360 920
1678370 920
1678380 920
1678390 920
1678400 920
1678410 919
1678420 919
1678430 919
1678440 916
1678450 914
1678460 914
1678470 912
1678480 910
1678490 908
1678500 908
1678510 906
1678520 904
1678530 904
1678540 903
1678550 901
1678560 901
1678570 898
1678580 895
1678590 895
1678600 891
1678610 886
1678620 886
1678630 882
1678640 877
1678650 877
1678660 872
1678670 868
1678680 868
1678690 863
1678700 859
1678710 859
1678720 854
1678730 850
1678740 846
1678750 846
1678760 843
1678770 839
1678780 839
1678790 836
1678800 835
1678810 835
1678820 833
1678830 828
1678840 828
1678850 822
1678860 816
1678870 816
1678880 809
1678890 801
1678900 801
1678910 794
1678920 791
1678930 791
1678940 789
1678950 787
1678960 787
1678970 787
1678980 786
1678990 787
1679000 787
1679010 786
1679020 785
1679030 785
1679040 783
1679050 782
1679060 782
1679070 781
1679080 779
1679090 779
1679100 778
1679110 775
1679120 775
1679130 772
1679140 768
1679150 768
1679160 764
1679170 759
1679180 759
1679190 756
1679200 754
1679210 754
1679220 754
1679230 755
1679240 759
1679250 759
1679260 760
1679270 766
1679280 766
1679290 770
1679300 772
1679310 772
1679320 780
1679330 788
1679340 788
1679350 795
1679360 802
1679370 802
1679380 807
1679390 810
1679400 810
1679410 815
1679420 820
1679430 820
1679440 826
1679450 832
1679460 838
1679470 838
1679480 845
1679490 846
1679500 846
1679510 840
1679520 835
1679530 835
1679540 828
1679550 822
1679560 822
1679570 816
1679580 809
1679590 809
1679600 802
1679610 795
1679620 795
1679630 789
1679640 783
1679650 783
1679660 777
1679670 771
1679680 764
1679690 764
1679700 758
1679710 752
1679720 752
1679730 746
1679740 741
1679750 741
1679760 735
1679770 730
1679780 730
1679790 725
1679800 721
1679810 721
1679820 716
1679830 711
1679840 711
1679850 709
1679860 702
1679870 702
1679880 699
1679890 693
1679900 693
1679910 688
1679920 683
1679930 680
1679940 680
1679950 676
1679960 673
1679970 673
1679980 668
1679990 669
