1660000 1200
1660010 1194
1660020 1194
1660030 1188
1660040 1183
1660050 1183
1660060 1181
1660070 1181
1660080 1181
1660090 1183
1660100 1188
1660110 1188
1660120 1195
1660130 1202
1660140 1202
1660150 1209
1660160 1217
1660170 1217
1660180 1224
1660190 1231
1660200 1238
1660210 1238
1660220 1245
1660230 1253
1660240 1253
1660250 1260
1660260 1267
1660270 1267
1660280 1274
1660290 1281
1660300 1281
1660310 1288
1660320 1293
1660330 1293
1660340 1301
1660350 1307
1660360 1307
1660370 1313
1660380 1319
1660390 1319
1660400 1325
1660410 1331
1660420 1336
1660430 1336
1660440 1341
1660450 1345
1660460 1345
1660470 1350
1660480 1354
1660490 1354
1660500 1359
1660510 1364
1660520 1364
1660530 1368
1660540 1370
1660550 1370
1660560 1368
1660570 1368
1660580 1368
1660590 1369
1660600 1367
1660610 1367
1660620 1365
1660630 1363
1660640 1363
1660650 1361
1660660 1360
1660670 1359
1660680 1359
1660690 1355
1660700 1352
1660710 1352
1660720 1348
1660730 1345
1660740 1345
1660750 1342
1660760 1339
1660770 1339
1660780 1336
1660790 1334
1660800 1334
1660810 1331
1660820 1328
1660830 1328
1660840 1325
1660850 1322
1660860 1322
1660870 1317
1660880 1314
1660890 1314
1660900 1310
1660910 1305
1660920 1301
1660930 1301
1660940 1297
1660950 1294
1660960 1294
1660970 1292
1660980 1289
1660990 1289
1661000 1287
1661010 1283
1661020 1283
1661030 1279
1661040 1277
1661050 1277
1661060 1279
1661070 1280
1661080 1280
1661090 1283
1661100 1286
1661110 1286
1661120 1290
1661130 1293
1661140 1296
1661150 1296
1661160 1300
1661170 1303
1661180 1303
1661190 1306
1661200 1309
1661210 1309
1661220 1311
1661230 1313
1661240 1313
1661250 1315
1661260 1316
1661270 1316
1661280 1317
1661290 1319
1661300 1319
1661310 1319
1661320 1319
1661330 1319
1661340 1319
1661350 1318
1661360 1318
1661370 1317
1661380 1316
1661390 1314
1661400 1314
1661410 1313
1661420 1310
1661430 1310
1661440 1308
1661450 1307
1661460 1307
1661470 1307
1661480 1306
1661490 1306
1661500 1306
1661510 1304
1661520 1304
1661530 1303
1661540 1300
1661550 1300
1661560 1297
1661570 1296
1661580 1296
1661590 1290
1661600 1283
1661610 1275
1661620 1275
1661630 1274
1661640 1275
1661650 1275
1661660 1274
1661670 1275
1661680 1275
1661690 1278
1661700 1278
1661710 1278
1661720 1279
1661730 1283
1661740 1283
1661750 1286
1661760 1289
1661770 1289
1661780 1291
1661790 1293
1661800 1293
1661810 1295
1661820 1296
1661830 1296
1661840 1297
1661850 1298
1661860 1298
1661870 1298
1661880 1298
1661890 1297
1661900 1297
1661910 1295
1661920 1295
1661930 1295
1661940 1289
1661950 1283
1661960 1283
1661970 1279
1661980 1277
1661990 1277
1662000 1277
1662010 1278
1662020 1278
1662030 1280
1662040 1281
1662050 1281
1662060 1279
1662070 1276
1662080 1276
1662090 1273
1662100 1269
1662110 1264
1662120 1264
1662130 1259
1662140 1254
1662150 1254
1662160 1248
1662170 1243
1662180 1243
1662190 1237
1662200 1231
1662210 1231
1662220 1228
1662230 1221
1662240 1221
1662250 1216
1662260 1212
1662270 1212
1662280 1209
1662290 1207
1662300 1207
1662310 1207
1662320 1207
1662330 1208
1662340 1208
1662350 1208
1662360 1209
1662370 1209
1662380 1210
1662390 1210
1662400 1210
1662410 1208
1662420 1204
1662430 1204
1662440 1200
1662450 1194
1662460 1194
1662470 1189
1662480 1183
1662490 1183
1662500 1176
1662510 1168
1662520 1168
1662530 1164
1662540 1155
1662550 1155
1662560 1147
1662570 1141
1662580 1134
1662590 1134
1662600 1126
1662610 1119
1662620 1119
1662630 1112
1662640 1105
1662650 1105
1662660 1097
1662670 1089
1662680 1089
1662690 1083
1662700 1080
1662710 1080
1662720 1074
1662730 1069
1662740 1069
1662750 1061
1662760 1055
1662770 1055
1662780 1049
1662790 1040
1662800 1034
1662810 1034
1662820 1030
1662830 1028
1662840 1028
1662850 1027
1662860 1025
1662870 1025
1662880 1026
1662890 1033
1662900 1033
1662910 1038
1662920 1041
1662930 1041
1662940 1045
1662950 1049
1662960 1049
1662970 1054
1662980 1059
1662990 1059
1663000 1064
1663010 1069
1663020 1069
1663030 1075
1663040 1081
1663050 1087
1663060 1087
1663070 1093
1663080 1099
1663090 1099
1663100 1105
1663110 1110
1663120 1110
1663130 1115
1663140 1120
1663150 1120
1663160 1121
1663170 1119
1663180 1119
1663190 1115
1663200 1111
1663210 1111
1663220 1105
1663230 1099
1663240 1099
1663250 1094
1663260 1088
1663270 1088
1663280 1082
1663290 1077
1663300 1074
1663310 1074
1663320 1070
1663330 1066
1663340 1066
1663350 1061
1663360 1055
1663370 1055
1663380 1050
1663390 1044
1663400 1044
1663410 1038
1663420 1032
1663430 1032
1663440 1023
1663450 1019
1663460 1019
1663470 1018
1663480 1019
1663490 1019
1663500 1020
1663510 1022
1663520 1026
1663530 1026
1663540 1030
1663550 1033
1663560 1033
1663570 1034
1663580 1035
1663590 1035
1663600 1043
1663610 1050
1663620 1050
1663630 1057
1663640 1063
1663650 1063
1663660 1067
1663670 1072
1663680 1072
1663690 1075
1663700 1081
1663710 1081
1663720 1084
1663730 1089
1663740 1089
1663750 1094
1663760 1098
1663770 1103
1663780 1103
1663790 1108
1663800 1113
1663810 1113
1663820 1118
1663830 1123
1663840 1123
1663850 1129
1663860 1134
1663870 1134
1663880 1141
1663890 1148
1663900 1148
1663910 1154
1663920 1160
1663930 1160
1663940 1167
1663950 1174
1663960 1174
1663970 1180
1663980 1187
1663990 1193
1664000 1193
1664010 1200
1664020 1210
1664030 1210
1664040 1211
1664050 1212
1664060 1212
1664070 1221
1664080 1227
1664090 1227
1664100 1232
1664110 1237
1664120 1237
1664130 1241
1664140 1245
1664150 1245
1664160 1249
1664170 1252
1664180 1252
1664190 1255
1664200 1259
1664210 1259
1664220 1262
1664230 1266
1664240 1270
1664250 1270
1664260 1274
1664270 1278
1664280 1278
1664290 1281
1664300 1285
1664310 1285
1664320 1289
1664330 1292
1664340 1292
1664350 1295
1664360 1299
1664370 1299
1664380 1303
1664390 1307
1664400 1307
1664410 1311
1664420 1314
1664430 1314
1664440 1318
1664450 1323
1664460 1323
1664470 1327
1664480 1332
1664490 1336
1664500 1336
1664510 1340
1664520 1345
1664530 1345
1664540 1350
1664550 1354
1664560 1354
1664570 1359
1664580 1364
1664590 1364
1664600 1368
1664610 1373
1664620 1373
1664630 1378
1664640 1384
1664650 1384
1664660 1390
1664670 1393
1664680 1393
1664690 1399
1664700 1404
1664710 1410
1664720 1410
1664730 1415
1664740 1421
1664750 1421
1664760 1427
1664770 1432
1664780 1432
1664790 1438
1664800 1443
1664810 1443
1664820 1447
1664830 1452
1664840 1452
1664850 1457
1664860 1462
1664870 1462
1664880 1466
1664890 1470
1664900 1470
1664910 1474
1664920 1477
1664930 1477
1664940 1479
1664950 1480
1664960 1482
1664970 1482
1664980 1482
1664990 1483
1665000 1483
1665010 1482
1665020 1482
1665030 1482
1665040 1481
1665050 1480
1665060 1480
1665070 1479
1665080 1477
1665090 1477
1665100 1476
1665110 1475
1665120 1475
1665130 1474
1665140 1472
1665150 1472
1665160 1471
1665170 1470
1665180 1470
1665190 1470
1665200 1469
1665210 1468
1665220 1468
1665230 1467
1665240 1466
1665250 1466
1665260 1466
1665270 1466
1665280 1466
1665290 1466
1665300 1466
1665310 1466
1665320 1466
1665330 1466
1665340 1466
1665350 1467
1665360 1465
1665370 1465
1665380 1465
1665390 1465
1665400 1465
1665410 1465
1665420 1464
1665430 1463
1665440 1463
1665450 1462
1665460 1461
1665470 1461
1665480 1458
1665490 1456
1665500 1456
1665510 1451
1665520 1445
1665530 1445
1665540 1440
1665550 1435
1665560 1435
1665570 1436
1665580 1439
1665590 1439
1665600 1439
1665610 1439
1665620 1439
1665630 1438
1665640 1436
1665650 1434
1665660 1434
1665670 1433
1665680 1431
1665690 1431
1665700 1428
1665710 1424
1665720 1424
1665730 1422
1665740 1419
1665750 1419
1665760 1418
1665770 1419
1665780 1419
1665790 1422
1665800 1423
1665810 1423
1665820 1425
1665830 1428
1665840 1428
1665850 1431
1665860 1436
1665870 1436
1665880 1440
1665890 1444
1665900 1447
1665910 1447
1665920 1449
1665930 1452
1665940 1452
1665950 1454
1665960 1457
1665970 1457
1665980 1461
1665990 1463
1666000 1463
1666010 1466
1666020 1467
1666030 1467
1666040 1468
1666050 1468
1666060 1468
1666070 1468
1666080 1467
1666090 1467
1666100 1466
1666110 1465
1666120 1465
1666130 1464
1666140 1462
1666150 1460
1666160 1460
1666170 1457
1666180 1453
1666190 1453
1666200 1450
1666210 1446
1666220 1446
1666230 1442
1666240 1438
1666250 1438
1666260 1434
1666270 1429
1666280 1429
1666290 1423
1666300 1418
1666310 1418
1666320 1414
1666330 1411
1666340 1411
1666350 1406
1666360 1401
1666370 1396
1666380 1396
1666390 1391
1666400 1386
1666410 1386
1666420 1381
1666430 1376
1666440 1376
1666450 1372
1666460 1368
1666470 1368
1666480 1363
1666490 1356
1666500 1356
1666510 1353
1666520 1346
1666530 1346
1666540 1341
1666550 1337
1666560 1337
1666570 1334
1666580 1329
1666590 1329
1666600 1323
1666610 1323
1666620 1323
1666630 1323
1666640 1327
1666650 1333
1666660 1333
1666670 1340
1666680 1347
1666690 1347
1666700 1352
1666710 1356
1666720 1356
1666730 1358
1666740 1362
1666750 1362
1666760 1367
1666770 1372
1666780 1372
1666790 1376
1666800 1379
1666810 1379
1666820 1381
1666830 1385
1666840 1389
1666850 1389
1666860 1395
1666870 1402
1666880 1402
1666890 1413
1666900 1420
1666910 1420
1666920 1426
1666930 1431
1666940 1431
1666950 1436
1666960 1440
1666970 1440
1666980 1444
1666990 1450
1667000 1450
1667010 1453
1667020 1457
1667030 1457
1667040 1460
1667050 1465
1667060 1465
1667070 1469
1667080 1473
1667090 1476
1667100 1476
1667110 1479
1667120 1482
1667130 1482
1667140 1485
1667150 1487
1667160 1487
1667170 1490
1667180 1492
1667190 1492
1667200 1495
1667210 1497
1667220 1497
1667230 1500
1667240 1502
1667250 1502
1667260 1504
1667270 1507
1667280 1507
1667290 1510
1667300 1512
1667310 1512
1667320 1514
1667330 1516
1667340 1518
1667350 1518
1667360 1520
1667370 1521
1667380 1521
1667390 1523
1667400 1525
1667410 1525
1667420 1527
1667430 1529
1667440 1529
1667450 1530
1667460 1533
1667470 1533
1667480 1536
1667490 1539
1667500 1539
1667510 1543
1667520 1546
1667530 1546
1667540 1549
1667550 1553
1667560 1556
1667570 1556
1667580 1560
1667590 1563
1667600 1563
1667610 1566
1667620 1570
1667630 1570
1667640 1574
1667650 1577
1667660 1577
1667670 1580
1667680 1582
1667690 1582
1667700 1583
1667710 1586
1667720 1586
1667730 1588
1667740 1590
1667750 1590
1667760 1593
1667770 1595
1667780 1595
1667790 1598
1667800 1600
1667810 1602
1667820 1602
1667830 1604
1667840 1607
1667850 1607
1667860 1609
1667870 1611
1667880 1611
1667890 1613
1667900 1614
1667910 1614
1667920 1616
1667930 1617
1667940 1617
1667950 1619
1667960 1620
1667970 1620
1667980 1622
1667990 1622
1668000 1622
1668010 1624
1668020 1624
1668030 1625
1668040 1625
1668050 1624
1668060 1623
1668070 1623
1668080 1620
1668090 1618
1668100 1618
1668110 1615
1668120 1613
1668130 1613
1668140 1611
1668150 1609
1668160 1609
1668170 1606
1668180 1603
1668190 1603
1668200 1600
1668210 1596
1668220 1596
1668230 1592
1668240 1589
1668250 1589
1668260 1586
1668270 1583
1668280 1579
1668290 1579
1668300 1575
1668310 1572
1668320 1572
1668330 1568
1668340 1565
1668350 1565
1668360 1561
1668370 1558
1668380 1558
1668390 1555
1668400 1552
1668410 1552
1668420 1548
1668430 1544
1668440 1544
1668450 1540
1668460 1535
1668470 1535
1668480 1529
1668490 1524
1668500 1524
1668510 1519
1668520 1515
1668530 1511
1668540 1511
1668550 1506
1668560 1505
1668570 1505
1668580 1501
1668590 1498
1668600 1498
1668610 1496
1668620 1496
1668630 1496
1668640 1496
1668650 1497
1668660 1497
1668670 1497
1668680 1498
1668690 1498
1668700 1499
1668710 1502
1668720 1502
1668730 1503
1668740 1503
1668750 1506
1668760 1506
1668770 1507
1668780 1509
1668790 1509
1668800 1510
1668810 1510
1668820 1510
1668830 1510
1668840 1509
1668850 1509
1668860 1509
1668870 1508
1668880 1508
1668890 1507
1668900 1506
1668910 1506
1668920 1506
1668930 1506
1668940 1506
1668950 1507
1668960 1507
1668970 1507
1668980 1507
1668990 1507
1669000 1507
1669010 1507
1669020 1507
1669030 1506
1669040 1506
1669050 1506
1669060 1504
1669070 1504
1669080 1504
1669090 1504
1669100 1504
1669110 1502
1669120 1501
1669130 1501
1669140 1498
1669150 1496
1669160 1496
1669170 1493
1669180 1490
1669190 1490
1669200 1487
1669210 1485
1669220 1482
1669230 1482
1669240 1479
1669250 1475
1669260 1475
1669270 1472
1669280 1469
1669290 1469
1669300 1465
1669310 1461
1669320 1461
1669330 1457
1669340 1453
1669350 1453
1669360 1449
1669370 1444
1669380 1444
1669390 1440
1669400 1435
1669410 1435
1669420 1430
1669430 1426
1669440 1426
1669450 1420
1669460 1415
1669470 1410
1669480 1410
1669490 1405
1669500 1400
1669510 1400
1669520 1394
1669530 1388
1669540 1388
1669550 1383
1669560 1377
1669570 1377
1669580 1369
1669590 1368
1669600 1368
1669610 1367
1669620 1363
1669630 1363
1669640 1361
1669650 1358
1669660 1358
1669670 1355
1669680 1353
1669690 1353
1669700 1350
1669710 1347
1669720 1345
1669730 1345
1669740 1342
1669750 1338
1669760 1338
1669770 1335
1669780 1331
1669790 1331
1669800 1326
1669810 1322
1669820 1322
1669830 1318
1669840 1313
1669850 1313
1669860 1308
1669870 1303
1669880 1303
1669890 1300
1669900 1296
1669910 1296
1669920 1291
1669930 1288
1669940 1284
1669950 1284
1669960 1280
1669970 1276
1669980 1276
1669990 1272
1670000 1267
1670010 1267
1670020 1262
1670030 1258
1670040 1258
1670050 1257
1670060 1258
1670070 1258
1670080 1256
1670090 1253
1670100 1253
1670110 1252
1670120 1250
1670130 1250
1670140 1248
1670150 1245
1670160 1245
1670170 1242
1670180 1239
1670190 1237
1670200 1237
1670210 1235
1670220 1233
1670230 1233
1670240 1232
1670250 1229
1670260 1229
1670270 1227
1670280 1225
1670290 1225
1670300 1224
1670310 1222
1670320 1222
1670330 1221
1670340 1220
1670350 1220
1670360 1219
1670370 1217
1670380 1217
1670390 1215
1670400 1214
1670410 1211
1670420 1211
1670430 1209
1670440 1207
1670450 1207
1670460 1205
1670470 1203
1670480 1203
1670490 1201
1670500 1197
1670510 1197
1670520 1197
1670530 1193
1670540 1193
1670550 1190
1670560 1187
1670570 1187
1670580 1185
1670590 1183
1670600 1183
1670610 1180
1670620 1177
1670630 1177
1670640 1175
1670650 1172
1670660 1170
1670670 1170
1670680 1168
1670690 1166
1670700 1166
1670710 1165
1670720 1163
1670730 1163
1670740 1162
1670750 1161
1670760 1161
1670770 1160
1670780 1158
1670790 1158
1670800 1156
1670810 1154
1670820 1154
1670830 1155
1670840 1154
1670850 1154
1670860 1153
1670870 1152
1670880 1152
1670890 1150
1670900 1150
1670910 1150
1670920 1150
1670930 1148
1670940 1148
1670950 1148
1670960 1146
1670970 1145
1670980 1145
1670990 1144
1671000 1142
1671010 1142
1671020 1141
1671030 1139
1671040 1139
1671050 1136
1671060 1133
1671070 1133
1671080 1129
1671090 1125
1671100 1125
1671110 1120
1671120 1116
1671130 1111
1671140 1111
1671150 1107
1671160 1105
1671170 1105
1671180 1103
1671190 1105
1671200 1105
1671210 1109
1671220 1112
1671230 1112
1671240 1115
1671250 1120
1671260 1120
1671270 1125
1671280 1128
1671290 1128
1671300 1133
1671310 1139
1671320 1139
1671330 1143
1671340 1151
1671350 1151
1671360 1159
1671370 1168
1671380 1177
1671390 1177
1671400 1186
1671410 1195
1671420 1195
1671430 1199
1671440 1203
1671450 1203
1671460 1208
1671470 1213
1671480 1213
1671490 1218
1671500 1223
1671510 1223
1671520 1229
1671530 1234
1671540 1234
1671550 1240
1671560 1246
1671570 1246
1671580 1251
1671590 1255
1671600 1259
1671610 1259
1671620 1263
1671630 1266
1671640 1266
1671650 1264
1671660 1260
1671670 1260
1671680 1255
1671690 1251
1671700 1251
1671710 1246
1671720 1242
1671730 1242
1671740 1238
1671750 1233
1671760 1233
1671770 1230
1671780 1225
1671790 1225
1671800 1221
1671810 1216
1671820 1216
1671830 1212
1671840 1207
1671850 1202
1671860 1202
1671870 1198
1671880 1193
1671890 1193
1671900 1188
1671910 1184
1671920 1184
1671930 1179
1671940 1174
1671950 1174
1671960 1169
1671970 1164
1671980 1164
1671990 1158
1672000 1153
1672010 1153
1672020 1147
1672030 1142
1672040 1142
1672050 1136
1672060 1132
1672070 1132
1672080 1127
1672090 1122
1672100 1116
1672110 1116
1672120 1111
1672130 1105
1672140 1105
1672150 1100
1672160 1094
1672170 1094
1672180 1089
1672190 1084
1672200 1084
1672210 1078
1672220 1073
1672230 1073
1672240 1068
1672250 1063
1672260 1063
1672270 1057
1672280 1052
1672290 1052
1672300 1047
1672310 1040
1672320 1036
1672330 1036
1672340 1031
1672350 1026
1672360 1026
1672370 1020
1672380 1015
1672390 1015
1672400 1010
1672410 1006
1672420 1006
1672430 1001
1672440 997
1672450 997
1672460 992
1672470 987
1672480 987
1672490 982
1672500 981
1672510 981
1672520 980
1672530 979
1672540 979
1672550 980
1672560 981
1672570 983
1672580 983
1672590 983
1672600 982
1672610 982
1672620 982
1672630 982
1672640 982
1672650 981
1672660 983
1672670 983
1672680 990
1672690 997
1672700 997
1672710 1003
1672720 1005
1672730 1005
1672740 1010
1672750 1013
1672760 1013
1672770 1016
1672780 1017
1672790 1016
1672800 1016
1672810 1011
1672820 1011
1672830 1011
1672840 1009
1672850 1008
1672860 1008
1672870 1008
1672880 1009
1672890 1009
1672900 1009
1672910 1011
1672920 1011
1672930 1015
1672940 1019
1672950 1019
1672960 1025
1672970 1029
1672980 1029
1672990 1032
1673000 1036
1673010 1036
1673020 1039
1673030 1043
1673040 1047
1673050 1047
1673060 1049
1673070 1054
1673080 1054
1673090 1059
1673100 1064
1673110 1064
1673120 1068
1673130 1073
1673140 1073
1673150 1077
1673160 1080
1673170 1080
1673180 1084
1673190 1086
1673200 1086
1673210 1088
1673220 1091
1673230 1091
1673240 1093
1673250 1094
1673260 1094
1673270 1095
1673280 1096
1673290 1097
1673300 1097
1673310 1098
1673320 1099
1673330 1099
1673340 1101
1673350 1104
1673360 1104
1673370 1107
1673380 1110
1673390 1110
1673400 1115
1673410 1117
1673420 1117
1673430 1125
1673440 1132
1673450 1132
1673460 1139
1673470 1147
1673480 1147
1673490 1155
1673500 1164
1673510 1172
1673520 1172
1673530 1179
1673540 1188
1673550 1188
1673560 1195
1673570 1202
1673580 1202
1673590 1209
1673600 1212
1673610 1212
1673620 1208
1673630 1202
1673640 1202
1673650 1196
1673660 1189
1673670 1189
1673680 1182
1673690 1174
1673700 1174
1673710 1167
1673720 1160
1673730 1160
1673740 1153
1673750 1146
1673760 1140
1673770 1140
1673780 1132
1673790 1126
1673800 1126
1673810 1118
1673820 1111
1673830 1111
1673840 1103
1673850 1097
1673860 1097
1673870 1091
1673880 1083
1673890 1083
1673900 1074
1673910 1067
1673920 1067
1673930 1066
1673940 1070
1673950 1070
1673960 1073
1673970 1076
1673980 1079
1673990 1079
1674000 1082
1674010 1083
1674020 1083
1674030 1086
1674040 1088
1674050 1088
1674060 1088
1674070 1089
1674080 1089
1674090 1090
1674100 1091
1674110 1091
1674120 1093
1674130 1094
1674140 1094
1674150 1097
1674160 1102
1674170 1102
1674180 1107
1674190 1112
1674200 1112
1674210 1118
1674220 1123
1674230 1129
1674240 1129
1674250 1132
1674260 1136
1674270 1136
1674280 1141
1674290 1147
1674300 1147
1674310 1152
1674320 1157
1674330 1157
1674340 1163
1674350 1169
1674360 1169
1674370 1175
1674380 1181
1674390 1181
1674400 1188
1674410 1195
1674420 1195
1674430 1203
1674440 1208
1674450 1208
1674460 1217
1674470 1223
1674480 1229
1674490 1229
1674500 1236
1674510 1243
1674520 1243
1674530 1249
1674540 1256
1674550 1256
1674560 1262
1674570 1268
1674580 1268
1674590 1274
1674600 1279
1674610 1279
1674620 1285
1674630 1291
1674640 1291
1674650 1296
1674660 1301
1674670 1301
1674680 1300
1674690 1295
1674700 1289
1674710 1289
1674720 1282
1674730 1275
1674740 1275
1674750 1270
1674760 1263
1674770 1263
1674780 1257
1674790 1250
1674800 1250
1674810 1244
1674820 1238
1674830 1238
1674840 1232
1674850 1224
1674860 1224
1674870 1219
1674880 1212
1674890 1212
1674900 1206
1674910 1199
1674920 1199
1674930 1193
1674940 1186
1674950 1181
1674960 1181
1674970 1174
1674980 1168
1674990 1168
1675000 1162
1675010 1156
1675020 1156
1675030 1150
1675040 1144
1675050 1144
1675060 1138
1675070 1133
1675080 1133
1675090 1127
1675100 1121
1675110 1121
1675120 1116
1675130 1110
1675140 1110
1675150 1107
1675160 1108
1675170 1112
1675180 1112
1675190 1113
1675200 1112
1675210 1112
1675220 1113
1675230 1113
1675240 1113
1675250 1114
1675260 1115
1675270 1115
1675280 1115
1675290 1113
1675300 1113
1675310 1107
1675320 1104
1675330 1104
1675340 1097
1675350 1091
1675360 1091
1675370 1083
1675380 1075
1675390 1075
1675400 1067
1675410 1058
1675420 1052
1675430 1052
1675440 1057
1675450 1059
1675460 1059
1675470 1061
1675480 1063
1675490 1063
1675500 1065
1675510 1067
1675520 1067
1675530 1069
1675540 1072
1675550 1072
1675560 1075
1675570 1076
1675580 1076
1675590 1078
1675600 1079
1675610 1079
1675620 1079
1675630 1079
1675640 1079
1675650 1078
1675660 1076
1675670 1072
1675680 1072
1675690 1068
1675700 1065
1675710 1065
1675720 1060
1675730 1056
1675740 1056
1675750 1054
1675760 1051
1675770 1051
1675780 1046
1675790 1044
1675800 1044
1675810 1045
1675820 1046
1675830 1046
1675840 1048
1675850 1050
1675860 1050
1675870 1050
1675880 1047
1675890 1043
1675900 1043
1675910 1040
1675920 1036
1675930 1036
1675940 1030
1675950 1029
1675960 1029
1675970 1029
1675980 1028
1675990 1028
1676000 1028
1676010 1027
1676020 1027
1676030 1027
1676040 1027
1676050 1027
1676060 1027
1676070 1026
1676080 1026
1676090 1030
1676100 1036
1676110 1036
1676120 1042
1676130 1047
1676140 1049
1676150 1049
1676160 1053
1676170 1054
1676180 1054
1676190 1060
1676200 1065
1676210 1065
1676220 1071
1676230 1076
1676240 1076
1676250 1083
1676260 1086
1676270 1086
1676280 1092
1676290 1097
1676300 1097
1676310 1100
1676320 1104
1676330 1104
1676340 1107
1676350 1111
1676360 1114
1676370 1114
1676380 1116
1676390 1118
1676400 1118
1676410 1120
1676420 1122
1676430 1122
1676440 1124
1676450 1128
1676460 1128
1676470 1131
1676480 1134
1676490 1134
1676500 1136
1676510 1141
1676520 1141
1676530 1146
1676540 1150
1676550 1150
1676560 1154
1676570 1160
1676580 1160
1676590 1165
1676600 1171
1676610 1178
1676620 1178
1676630 1183
1676640 1189
1676650 1189
1676660 1195
1676670 1197
1676680 1197
1676690 1205
1676700 1210
1676710 1210
1676720 1216
1676730 1222
1676740 1222
1676750 1227
1676760 1233
1676770 1233
1676780 1239
1676790 1245
1676800 1245
1676810 1251
1676820 1257
1676830 1257
1676840 1264
1676850 1270
1676860 1277
1676870 1277
1676880 1284
1676890 1284
1676900 1284
1676910 1281
1676920 1276
1676930 1276
1676940 1271
1676950 1266
1676960 1266
1676970 1261
1676980 1255
1676990 1255
1677000 1249
1677010 1245
1677020 1245
1677030 1238
1677040 1232
1677050 1232
1677060 1226
1677070 1222
1677080 1217
1677090 1217
1677100 1211
1677110 1206
1677120 1206
1677130 1201
1677140 1195
1677150 1195
1677160 1192
1677170 1189
1677180 1189
1677190 1181
1677200 1178
1677210 1178
1677220 1171
1677230 1166
1677240 1166
1677250 1160
1677260 1154
1677270 1154
1677280 1149
1677290 1143
1677300 1143
1677310 1136
1677320 1132
1677330 1128
1677340 1128
1677350 1124
1677360 1120
1677370 1120
1677380 1116
1677390 1112
1677400 1112
1677410 1109
1677420 1104
1677430 1104
1677440 1100
1677450 1095
1677460 1095
1677470 1090
1677480 1084
1677490 1084
1677500 1078
1677510 1072
1677520 1072
1677530 1067
1677540 1062
1677550 1060
1677560 1060
1677570 1059
1677580 1059
1677590 1059
1677600 1059
1677610 1057
1677620 1057
1677630 1050
1677640 1043
1677650 1043
1677660 1035
1677670 1033
1677680 1033
1677690 1027
1677700 1022
1677710 1022
1677720 1019
1677730 1014
1677740 1014
1677750 1009
1677760 1005
1677770 1005
1677780 998
1677790 991
1677800 988
1677810 988
1677820 982
1677830 977
1677840 977
1677850 977
1677860 981
1677870 981
1677880 979
1677890 974
1677900 974
1677910 964
1677920 966
1677930 966
1677940 962
1677950 961
1677960 961
1677970 958
1677980 954
1677990 954
1678000 951
1678010 948
1678020 948
1678030 945
1678040 941
1678050 939
1678060 939
1678070 938
1678080 937
1678090 937
1678100 938
1678110 940
1678120 940
1678130 941
1678140 942
1678150 942
1678160 943
1678170 943
1678180 943
1678190 943
1678200 944
1678210 944
1678220 943
1678230 941
1678240 941
1678250 940
1678260 936
1678270 933
1678280 933
1678290 928
1678300 924
1678310 924
1678320 919
1678330 914
1678340 914
1678350 908
1678360 906
1678370 906
1678380 899
1678390 893
1678400 893
1678410 887
1678420 885
1678430 885
1678440 885
1678450 883
1678460 883
1678470 881
1678480 880
1678490 880
1678500 879
1678510 878
1678520 879
1678530 879
1678540 881
1678550 882
1678560 882
1678570 883
1678580 882
1678590 882
1678600 881
1678610 880
1678620 880
1678630 881
1678640 883
1678650 883
1678660 886
1678670 885
1678680 885
1678690 879
1678700 879
1678710 879
1678720 879
1678730 879
1678740 880
1678750 880
1678760 881
1678770 882
1678780 882
1678790 883
1678800 883
1678810 883
1678820 883
1678830 882
1678840 882
1678850 882
1678860 882
1678870 882
1678880 882
1678890 882
1678900 882
1678910 880
1678920 879
1678930 879
1678940 878
1678950 876
1678960 876
1678970 873
1678980 869
1678990 864
1679000 864
1679010 857
1679020 851
1679030 851
1679040 844
1679050 838
1679060 838
1679070 831
1679080 824
1679090 824
1679100 818
1679110 812
1679120 812
1679130 805
1679140 803
1679150 803
1679160 798
1679170 793
1679180 793
1679190 788
1679200 784
1679210 784
1679220 780
1679230 776
1679240 772
1679250 772
1679260 767
1679270 762
1679280 762
1679290 758
1679300 752
1679310 752
1679320 748
1679330 740
1679340 740
1679350 734
1679360 729
1679370 729
1679380 722
1679390 721
1679400 721
1679410 728
1679420 736
1679430 736
1679440 740
1679450 749
1679460 752
1679470 752
1679480 754
1679490 754
1679500 754
1679510 753
1679520 754
1679530 754
1679540 755
1679550 756
1679560 756
1679570 755
1679580 753
1679590 753
1679600 748
1679610 743
1679620 743
1679630 737
1679640 731
1679650 731
1679660 726
1679670 720
1679680 720
1679690 714
1679700 708
1679710 702
1679720 702
1679730 697
1679740 691
1679750 691
1679760 687
1679770 682
1679780 682
1679790 681
1679800 684
1679810 684
1679820 684
1679830 686
1679840 686
1679850 688
1679860 693
1679870 693
1679880 692
1679890 697
1679900 697
1679910 701
1679920 703
1679930 705
1679940 705
1679950 712
1679960 725
1679970 725
1679980 731
1679990 740
