1660000 1279
1660010 1279
1660020 1279
1660030 1279
1660040 1280
1660050 1280
1660060 1280
1660070 1280
1660080 1280
1660090 1282
1660100 1282
1660110 1284
1660120 1284
1660130 1286
1660140 1287
1660150 1287
1660160 1287
1660170 1286
1660180 1286
1660190 1284
1660200 1282
1660210 1282
1660220 1278
1660230 1276
1660240 1276
1660250 1271
1660260 1266
1660270 1266
1660280 1261
1660290 1256
1660300 1256
1660310 1253
1660320 1251
1660330 1251
1660340 1251
1660350 1251
1660360 1252
1660370 1252
1660380 1252
1660390 1251
1660400 1251
1660410 1249
1660420 1247
1660430 1247
1660440 1244
1660450 1240
1660460 1240
1660470 1237
1660480 1233
1660490 1233
1660500 1229
1660510 1225
1660520 1225
1660530 1220
1660540 1216
1660550 1216
1660560 1212
1660570 1207
1660580 1207
1660590 1202
1660600 1198
1660610 1194
1660620 1194
1660630 1190
1660640 1185
1660650 1185
1660660 1180
1660670 1175
1660680 1175
1660690 1171
1660700 1166
1660710 1166
1660720 1162
1660730 1157
1660740 1157
1660750 1153
1660760 1152
1660770 1152
1660780 1150
1660790 1148
1660800 1148
1660810 1146
1660820 1143
1660830 1138
1660840 1138
1660850 1138
1660860 1143
1660870 1143
1660880 1148
1660890 1154
1660900 1154
1660910 1156
1660920 1161
1660930 1161
1660940 1168
1660950 1173
1660960 1173
1660970 1178
1660980 1183
1660990 1183
1661000 1188
1661010 1192
1661020 1192
1661030 1196
1661040 1200
1661050 1200
1661060 1203
1661070 1208
1661080 1212
1661090 1212
1661100 1216
1661110 1220
1661120 1220
1661130 1224
1661140 1229
1661150 1229
1661160 1234
1661170 1239
1661180 1239
1661190 1243
1661200 1244
1661210 1244
1661220 1247
1661230 1249
1661240 1249
1661250 1249
1661260 1249
1661270 1249
1661280 1248
1661290 1247
1661300 1247
1661310 1246
1661320 1245
1661330 1244
1661340 1244
1661350 1242
1661360 1241
1661370 1241
1661380 1240
1661390 1241
1661400 1241
1661410 1242
1661420 1243
1661430 1243
1661440 1245
1661450 1246
1661460 1246
1661470 1249
1661480 1250
1661490 1250
1661500 1252
1661510 1255
1661520 1255
1661530 1257
1661540 1259
1661550 1261
1661560 1261
1661570 1264
1661580 1266
1661590 1266
1661600 1267
1661610 1269
1661620 1269
1661630 1271
1661640 1273
1661650 1273
1661660 1275
1661670 1277
1661680 1277
1661690 1278
1661700 1279
1661710 1279
1661720 1280
1661730 1281
1661740 1281
1661750 1280
1661760 1280
1661770 1280
1661780 1279
1661790 1277
1661800 1274
1661810 1274
1661820 1272
1661830 1270
1661840 1270
1661850 1268
1661860 1266
1661870 1266
1661880 1265
1661890 1263
1661900 1263
1661910 1259
1661920 1255
1661930 1255
1661940 1251
1661950 1246
1661960 1246
1661970 1240
1661980 1233
1661990 1233
1662000 1224
1662010 1219
1662020 1219
1662030 1216
1662040 1220
1662050 1223
1662060 1223
1662070 1229
1662080 1233
1662090 1233
1662100 1237
1662110 1241
1662120 1241
1662130 1245
1662140 1249
1662150 1249
1662160 1252
1662170 1255
1662180 1255
1662190 1258
1662200 1262
1662210 1262
1662220 1264
1662230 1267
1662240 1267
1662250 1269
1662260 1272
1662270 1274
1662280 1274
1662290 1277
1662300 1278
1662310 1278
1662320 1279
1662330 1281
1662340 1281
1662350 1283
1662360 1284
1662370 1284
1662380 1285
1662390 1286
1662400 1286
1662410 1286
1662420 1286
1662430 1286
1662440 1284
1662450 1283
1662460 1283
1662470 1281
1662480 1277
1662490 1277
1662500 1271
1662510 1266
1662520 1260
1662530 1260
1662540 1255
1662550 1250
1662560 1250
1662570 1245
1662580 1240
1662590 1240
1662600 1233
1662610 1230
1662620 1230
1662630 1225
1662640 1221
1662650 1221
1662660 1218
1662670 1214
1662680 1214
1662690 1211
1662700 1207
1662710 1207
1662720 1203
1662730 1200
1662740 1200
1662750 1198
1662760 1194
1662770 1191
1662780 1191
1662790 1188
1662800 1186
1662810 1186
1662820 1184
1662830 1183
1662840 1183
1662850 1182
1662860 1182
1662870 1182
1662880 1183
1662890 1185
1662900 1185
1662910 1185
1662920 1187
1662930 1187
1662940 1188
1662950 1188
1662960 1188
1662970 1188
1662980 1188
1662990 1187
1663000 1187
1663010 1187
1663020 1185
1663030 1185
1663040 1183
1663050 1181
1663060 1181
1663070 1178
1663080 1176
1663090 1176
1663100 1173
1663110 1171
1663120 1171
1663130 1169
1663140 1168
1663150 1168
1663160 1167
1663170 1168
1663180 1168
1663190 1169
1663200 1170
1663210 1170
1663220 1171
1663230 1172
1663240 1173
1663250 1173
1663260 1174
1663270 1176
1663280 1176
1663290 1177
1663300 1175
1663310 1175
1663320 1171
1663330 1166
1663340 1166
1663350 1162
1663360 1159
1663370 1159
1663380 1157
1663390 1151
1663400 1151
1663410 1142
1663420 1136
1663430 1136
1663440 1130
1663450 1127
1663460 1127
1663470 1125
1663480 1123
1663490 1121
1663500 1121
1663510 1117
1663520 1113
1663530 1113
1663540 1107
1663550 1100
1663560 1100
1663570 1093
1663580 1087
1663590 1087
1663600 1081
1663610 1075
1663620 1075
1663630 1070
1663640 1068
1663650 1068
1663660 1065
1663670 1061
1663680 1061
1663690 1055
1663700 1050
1663710 1044
1663720 1044
1663730 1038
1663740 1032
1663750 1032
1663760 1025
1663770 1016
1663780 1016
1663790 1010
1663800 1005
1663810 1005
1663820 998
1663830 992
1663840 992
1663850 985
1663860 974
1663870 974
1663880 967
1663890 959
1663900 959
1663910 958
1663920 957
1663930 957
1663940 960
1663950 970
1663960 977
1663970 977
1663980 984
1663990 989
1664000 989
1664010 994
1664020 999
1664030 999
1664040 1005
1664050 1009
1664060 1009
1664070 1012
1664080 1015
1664090 1015
1664100 1018
1664110 1020
1664120 1020
1664130 1022
1664140 1024
1664150 1024
1664160 1025
1664170 1026
1664180 1026
1664190 1025
1664200 1023
1664210 1020
1664220 1020
1664230 1014
1664240 1005
1664250 1005
1664260 1013
1664270 1022
1664280 1022
1664290 1030
1664300 1038
1664310 1038
1664320 1046
1664330 1053
1664340 1053
1664350 1061
1664360 1069
1664370 1069
1664380 1076
1664390 1082
1664400 1082
1664410 1088
1664420 1092
1664430 1097
1664440 1097
1664450 1102
1664460 1107
1664470 1107
1664480 1114
1664490 1120
1664500 1120
1664510 1126
1664520 1128
1664530 1128
1664540 1129
1664550 1127
1664560 1127
1664570 1126
1664580 1124
1664590 1124
1664600 1121
1664610 1118
1664620 1118
1664630 1116
1664640 1113
1664650 1113
1664660 1112
1664670 1111
1664680 1111
1664690 1111
1664700 1110
1664710 1113
1664720 1113
1664730 1116
1664740 1119
1664750 1119
1664760 1121
1664770 1124
1664780 1124
1664790 1125
1664800 1130
1664810 1130
1664820 1135
1664830 1138
1664840 1138
1664850 1142
1664860 1146
1664870 1146
1664880 1151
1664890 1157
1664900 1157
1664910 1162
1664920 1167
1664930 1172
1664940 1172
1664950 1177
1664960 1181
1664970 1181
1664980 1187
1664990 1192
1665000 1192
1665010 1197
1665020 1201
1665030 1201
1665040 1204
1665050 1207
1665060 1207
1665070 1206
1665080 1199
1665090 1199
1665100 1191
1665110 1183
1665120 1183
1665130 1174
1665140 1166
1665150 1157
1665160 1157
1665170 1148
1665180 1139
1665190 1139
1665200 1130
1665210 1124
1665220 1124
1665230 1123
1665240 1126
1665250 1126
1665260 1130
1665270 1135
1665280 1135
1665290 1139
1665300 1143
1665310 1143
1665320 1147
1665330 1152
1665340 1152
1665350 1156
1665360 1160
1665370 1160
1665380 1164
1665390 1169
1665400 1175
1665410 1175
1665420 1178
1665430 1183
1665440 1183
1665450 1188
1665460 1193
1665470 1193
1665480 1198
1665490 1202
1665500 1202
1665510 1207
1665520 1211
1665530 1211
1665540 1216
1665550 1220
1665560 1220
1665570 1223
1665580 1227
1665590 1227
1665600 1231
1665610 1235
1665620 1235
1665630 1239
1665640 1243
1665650 1246
1665660 1246
1665670 1249
1665680 1254
1665690 1254
1665700 1258
1665710 1262
1665720 1262
1665730 1266
1665740 1270
1665750 1270
1665760 1273
1665770 1277
1665780 1277
1665790 1280
1665800 1283
1665810 1283
1665820 1286
1665830 1289
1665840 1289
1665850 1292
1665860 1295
1665870 1296
1665880 1296
1665890 1298
1665900 1300
1665910 1300
1665920 1300
1665930 1300
1665940 1300
1665950 1300
1665960 1299
1665970 1299
1665980 1298
1665990 1295
1666000 1295
1666010 1292
1666020 1288
1666030 1288
1666040 1283
1666050 1279
1666060 1279
1666070 1275
1666080 1270
1666090 1270
1666100 1267
1666110 1264
1666120 1261
1666130 1261
1666140 1259
1666150 1259
1666160 1259
1666170 1259
1666180 1265
1666190 1265
1666200 1264
1666210 1262
1666220 1262
1666230 1259
1666240 1257
1666250 1257
1666260 1253
1666270 1251
1666280 1251
1666290 1249
1666300 1246
1666310 1246
1666320 1244
1666330 1242
1666340 1240
1666350 1240
1666360 1237
1666370 1236
1666380 1236
1666390 1234
1666400 1233
1666410 1233
1666420 1232
1666430 1232
1666440 1232
1666450 1232
1666460 1232
1666470 1232
1666480 1232
1666490 1233
1666500 1233
1666510 1234
1666520 1235
1666530 1235
1666540 1235
1666550 1236
1666560 1236
1666570 1236
1666580 1235
1666590 1233
1666600 1233
1666610 1232
1666620 1229
1666630 1229
1666640 1227
1666650 1224
1666660 1224
1666670 1221
1666680 1219
1666690 1219
1666700 1215
1666710 1212
1666720 1212
1666730 1209
1666740 1210
1666750 1210
1666760 1209
1666770 1209
1666780 1209
1666790 1210
1666800 1215
1666810 1215
1666820 1222
1666830 1226
1666840 1229
1666850 1229
1666860 1232
1666870 1235
1666880 1235
1666890 1239
1666900 1241
1666910 1241
1666920 1244
1666930 1248
1666940 1248
1666950 1251
1666960 1256
1666970 1256
1666980 1260
1666990 1264
1667000 1264
1667010 1269
1667020 1274
1667030 1274
1667040 1279
1667050 1284
1667060 1288
1667070 1288
1667080 1293
1667090 1299
1667100 1299
1667110 1305
1667120 1308
1667130 1308
1667140 1314
1667150 1319
1667160 1319
1667170 1324
1667180 1327
1667190 1327
1667200 1332
1667210 1336
1667220 1336
1667230 1340
1667240 1344
1667250 1344
1667260 1348
1667270 1351
1667280 1351
1667290 1354
1667300 1357
1667310 1357
1667320 1357
1667330 1355
1667340 1350
1667350 1350
1667360 1347
1667370 1341
1667380 1341
1667390 1335
1667400 1327
1667410 1327
1667420 1323
1667430 1321
1667440 1321
1667450 1325
1667460 1327
1667470 1327
1667480 1331
1667490 1336
1667500 1336
1667510 1340
1667520 1345
1667530 1345
1667540 1349
1667550 1354
1667560 1359
1667570 1359
1667580 1364
1667590 1367
1667600 1367
1667610 1372
1667620 1377
1667630 1377
1667640 1381
1667650 1385
1667660 1385
1667670 1388
1667680 1391
1667690 1391
1667700 1394
1667710 1396
1667720 1396
1667730 1399
1667740 1401
1667750 1401
1667760 1403
1667770 1406
1667780 1408
1667790 1408
1667800 1409
1667810 1410
1667820 1410
1667830 1412
1667840 1414
1667850 1414
1667860 1415
1667870 1417
1667880 1417
1667890 1417
1667900 1416
1667910 1416
1667920 1416
1667930 1421
1667940 1421
1667950 1426
1667960 1429
1667970 1429
1667980 1435
1667990 1438
1668000 1438
1668010 1442
1668020 1446
1668030 1450
1668040 1450
1668050 1455
1668060 1458
1668070 1458
1668080 1461
1668090 1466
1668100 1466
1668110 1470
1668120 1474
1668130 1474
1668140 1477
1668150 1480
1668160 1480
1668170 1485
1668180 1489
1668190 1489
1668200 1493
1668210 1497
1668220 1497
1668230 1501
1668240 1503
1668250 1503
1668260 1507
1668270 1510
1668280 1515
1668290 1515
1668300 1518
1668310 1526
1668320 1526
1668330 1531
1668340 1536
1668350 1536
1668360 1541
1668370 1546
1668380 1546
1668390 1551
1668400 1556
1668410 1556
1668420 1561
1668430 1567
1668440 1567
1668450 1572
1668460 1577
1668470 1577
1668480 1582
1668490 1588
1668500 1594
1668510 1594
1668520 1600
1668530 1606
1668540 1606
1668550 1612
1668560 1619
1668570 1619
1668580 1624
1668590 1630
1668600 1630
1668610 1635
1668620 1641
1668630 1641
1668640 1647
1668650 1653
1668660 1653
1668670 1658
1668680 1663
1668690 1663
1668700 1668
1668710 1674
1668720 1674
1668730 1679
1668740 1683
1668750 1688
1668760 1688
1668770 1692
1668780 1696
1668790 1696
1668800 1699
1668810 1702
1668820 1702
1668830 1705
1668840 1708
1668850 1708
1668860 1709
1668870 1711
1668880 1711
1668890 1711
1668900 1712
1668910 1712
1668920 1710
1668930 1709
1668940 1709
1668950 1707
1668960 1704
1668970 1704
1668980 1702
1668990 1699
1669000 1696
1669010 1696
1669020 1693
1669030 1690
1669040 1690
1669050 1687
1669060 1684
1669070 1684
1669080 1680
1669090 1677
1669100 1677
1669110 1674
1669120 1671
1669130 1671
1669140 1667
1669150 1664
1669160 1664
1669170 1659
1669180 1655
1669190 1655
1669200 1652
1669210 1648
1669220 1644
1669230 1644
1669240 1639
1669250 1634
1669260 1634
1669270 1631
1669280 1626
1669290 1626
1669300 1623
1669310 1618
1669320 1618
1669330 1614
1669340 1609
1669350 1609
1669360 1605
1669370 1600
1669380 1600
1669390 1596
1669400 1591
1669410 1591
1669420 1587
1669430 1583
1669440 1583
1669450 1579
1669460 1575
1669470 1569
1669480 1569
1669490 1569
1669500 1564
1669510 1564
1669520 1561
1669530 1558
1669540 1558
1669550 1554
1669560 1548
1669570 1548
1669580 1542
1669590 1544
1669600 1544
1669610 1543
1669620 1543
1669630 1543
1669640 1541
1669650 1540
1669660 1540
1669670 1538
1669680 1536
1669690 1536
1669700 1535
1669710 1533
1669720 1532
1669730 1532
1669740 1532
1669750 1532
1669760 1532
1669770 1533
1669780 1533
1669790 1533
1669800 1533
1669810 1531
1669820 1531
1669830 1531
1669840 1531
1669850 1531
1669860 1530
1669870 1529
1669880 1529
1669890 1528
1669900 1528
1669910 1528
1669920 1528
1669930 1528
1669940 1528
1669950 1528
1669960 1529
1669970 1528
1669980 1528
1669990 1529
1670000 1531
1670010 1531
1670020 1532
1670030 1533
1670040 1533
1670050 1534
1670060 1534
1670070 1534
1670080 1535
1670090 1537
1670100 1537
1670110 1538
1670120 1539
1670130 1539
1670140 1540
1670150 1541
1670160 1541
1670170 1541
1670180 1542
1670190 1543
1670200 1543
1670210 1544
1670220 1544
1670230 1544
1670240 1544
1670250 1545
1670260 1545
1670270 1545
1670280 1546
1670290 1546
1670300 1546
1670310 1547
1670320 1547
1670330 1548
1670340 1548
1670350 1548
1670360 1548
1670370 1549
1670380 1549
1670390 1549
1670400 1549
1670410 1549
1670420 1549
1670430 1550
1670440 1549
1670450 1549
1670460 1549
1670470 1549
1670480 1549
1670490 1548
1670500 1548
1670510 1548
1670520 1547
1670530 1547
1670540 1547
1670550 1547
1670560 1547
1670570 1547
1670580 1547
1670590 1546
1670600 1546
1670610 1544
1670620 1543
1670630 1543
1670640 1541
1670650 1539
1670660 1537
1670670 1537
1670680 1535
1670690 1532
1670700 1532
1670710 1529
1670720 1527
1670730 1527
1670740 1524
1670750 1523
1670760 1523
1670770 1521
1670780 1520
1670790 1520
1670800 1518
1670810 1516
1670820 1516
1670830 1515
1670840 1515
1670850 1515
1670860 1514
1670870 1514
1670880 1514
1670890 1513
1670900 1511
1670910 1510
1670920 1510
1670930 1510
1670940 1508
1670950 1508
1670960 1506
1670970 1505
1670980 1505
1670990 1504
1671000 1503
1671010 1503
1671020 1500
1671030 1499
1671040 1499
1671050 1497
1671060 1496
1671070 1496
1671080 1493
1671090 1487
1671100 1487
1671110 1482
1671120 1476
1671130 1476
1671140 1471
1671150 1466
1671160 1462
1671170 1462
1671180 1456
1671190 1451
1671200 1451
1671210 1447
1671220 1442
1671230 1442
1671240 1438
1671250 1433
1671260 1433
1671270 1428
1671280 1423
1671290 1423
1671300 1418
1671310 1412
1671320 1412
1671330 1407
1671340 1401
1671350 1401
1671360 1395
1671370 1389
1671380 1383
1671390 1383
1671400 1378
1671410 1371
1671420 1371
1671430 1365
1671440 1362
1671450 1362
1671460 1366
1671470 1368
1671480 1368
1671490 1369
1671500 1369
1671510 1369
1671520 1368
1671530 1366
1671540 1366
1671550 1362
1671560 1359
1671570 1359
1671580 1354
1671590 1349
1671600 1349
1671610 1344
1671620 1341
1671630 1336
1671640 1336
1671650 1332
1671660 1328
1671670 1328
1671680 1325
1671690 1322
1671700 1322
1671710 1318
1671720 1315
1671730 1315
1671740 1311
1671750 1308
1671760 1308
1671770 1305
1671780 1301
1671790 1301
1671800 1297
1671810 1292
1671820 1292
1671830 1287
1671840 1284
1671850 1284
1671860 1279
1671870 1273
1671880 1268
1671890 1268
1671900 1264
1671910 1262
1671920 1262
1671930 1260
1671940 1258
1671950 1258
1671960 1256
1671970 1253
1671980 1253
1671990 1251
1672000 1248
1672010 1248
1672020 1245
1672030 1241
1672040 1241
1672050 1241
1672060 1238
1672070 1238
1672080 1235
1672090 1234
1672100 1235
1672110 1235
1672120 1234
1672130 1229
1672140 1229
1672150 1229
1672160 1236
1672170 1236
1672180 1242
1672190 1248
1672200 1248
1672210 1254
1672220 1258
1672230 1258
1672240 1262
1672250 1265
1672260 1265
1672270 1268
1672280 1271
1672290 1271
1672300 1273
1672310 1276
1672320 1276
1672330 1282
1672340 1284
1672350 1287
1672360 1287
1672370 1288
1672380 1291
1672390 1291
1672400 1293
1672410 1295
1672420 1295
1672430 1298
1672440 1298
1672450 1298
1672460 1300
1672470 1302
1672480 1302
1672490 1303
1672500 1304
1672510 1304
1672520 1304
1672530 1305
1672540 1305
1672550 1306
1672560 1306
1672570 1306
1672580 1306
1672590 1306
1672600 1307
1672610 1307
1672620 1308
1672630 1308
1672640 1308
1672650 1308
1672660 1307
1672670 1307
1672680 1304
1672690 1304
1672700 1304
1672710 1306
1672720 1306
1672730 1306
1672740 1306
1672750 1305
1672760 1305
1672770 1303
1672780 1301
1672790 1301
1672800 1299
1672810 1296
1672820 1293
1672830 1293
1672840 1290
1672850 1287
1672860 1287
1672870 1283
1672880 1280
1672890 1280
1672900 1276
1672910 1274
1672920 1274
1672930 1268
1672940 1264
1672950 1264
1672960 1260
1672970 1256
1672980 1256
1672990 1253
1673000 1249
1673010 1249
1673020 1245
1673030 1240
1673040 1240
1673050 1241
1673060 1241
1673070 1242
1673080 1242
1673090 1246
1673100 1251
1673110 1251
1673120 1256
1673130 1260
1673140 1260
1673150 1265
1673160 1270
1673170 1270
1673180 1274
1673190 1278
1673200 1278
1673210 1282
1673220 1285
1673230 1285
1673240 1288
1673250 1293
1673260 1293
1673270 1296
1673280 1302
1673290 1307
1673300 1307
1673310 1309
1673320 1309
1673330 1309
1673340 1308
1673350 1308
1673360 1308
1673370 1309
1673380 1312
1673390 1312
1673400 1317
1673410 1323
1673420 1325
1673430 1332
1673440 1338
1673450 1338
1673460 1345
1673470 1352
1673480 1352
1673490 1359
1673500 1365
1673510 1365
1673520 1370
1673530 1376
1673540 1382
1673550 1382
1673560 1387
1673570 1392
1673580 1392
1673590 1397
1673600 1403
1673610 1403
1673620 1408
1673630 1413
1673640 1413
1673650 1419
1673660 1425
1673670 1425
1673680 1430
1673690 1433
1673700 1433
1673710 1437
1673720 1440
1673730 1440
1673740 1442
1673750 1444
1673760 1444
1673770 1448
1673780 1451
1673790 1455
1673800 1455
1673810 1458
1673820 1460
1673830 1460
1673840 1462
1673850 1463
1673860 1463
1673870 1464
1673880 1464
1673890 1464
1673900 1465
1673910 1465
1673920 1465
1673930 1465
1673940 1465
1673950 1465
1673960 1465
1673970 1465
1673980 1465
1673990 1466
1674000 1467
1674010 1468
1674020 1468
1674030 1469
1674040 1469
1674050 1469
1674060 1468
1674070 1468
1674080 1468
1674090 1468
1674100 1468
1674110 1468
1674120 1467
1674130 1467
1674140 1467
1674150 1468
1674160 1471
1674170 1471
1674180 1471
1674190 1471
1674200 1471
1674210 1471
1674220 1472
1674230 1472
1674240 1474
1674250 1475
1674260 1475
1674270 1475
1674280 1474
1674290 1474
1674300 1474
1674310 1474
1674320 1474
1674330 1474
1674340 1475
1674350 1476
1674360 1476
1674370 1474
1674380 1473
1674390 1473
1674400 1473
1674410 1472
1674420 1472
1674430 1469
1674440 1467
1674450 1467
1674460 1463
1674470 1460
1674480 1460
1674490 1456
1674500 1452
1674510 1449
1674520 1449
1674530 1445
1674540 1441
1674550 1441
1674560 1437
1674570 1432
1674580 1432
1674590 1428
1674600 1424
1674610 1424
1674620 1420
1674630 1416
1674640 1416
1674650 1411
1674660 1407
1674670 1407
1674680 1403
1674690 1398
1674700 1398
1674710 1394
1674720 1388
1674730 1383
1674740 1383
1674750 1376
1674760 1372
1674770 1372
1674780 1366
1674790 1360
1674800 1360
1674810 1355
1674820 1350
1674830 1350
1674840 1345
1674850 1339
1674860 1339
1674870 1334
1674880 1330
1674890 1330
1674900 1325
1674910 1320
1674920 1320
1674930 1316
1674940 1311
1674950 1311
1674960 1305
1674970 1300
1674980 1296
1674990 1296
1675000 1291
1675010 1287
1675020 1287
1675030 1283
1675040 1279
1675050 1279
1675060 1275
1675070 1271
1675080 1271
1675090 1268
1675100 1264
1675110 1264
1675120 1262
1675130 1259
1675140 1259
1675150 1256
1675160 1253
1675170 1253
1675180 1250
1675190 1247
1675200 1247
1675210 1243
1675220 1238
1675230 1236
1675240 1236
1675250 1232
1675260 1231
1675270 1231
1675280 1226
1675290 1222
1675300 1222
1675310 1218
1675320 1216
1675330 1216
1675340 1213
1675350 1208
1675360 1208
1675370 1204
1675380 1201
1675390 1201
1675400 1197
1675410 1192
1675420 1192
1675430 1188
1675440 1184
1675450 1181
1675460 1181
1675470 1177
1675480 1173
1675490 1173
1675500 1169
1675510 1164
1675520 1164
1675530 1161
1675540 1158
1675550 1158
1675560 1155
1675570 1152
1675580 1152
1675590 1151
1675600 1148
1675610 1148
1675620 1147
1675630 1144
1675640 1144
1675650 1141
1675660 1139
1675670 1139
1675680 1131
1675690 1130
1675700 1130
1675710 1130
1675720 1127
1675730 1123
1675740 1123
1675750 1117
1675760 1118
1675770 1118
1675780 1116
1675790 1114
1675800 1114
1675810 1111
1675820 1110
1675830 1110
1675840 1109
1675850 1107
1675860 1107
1675870 1105
1675880 1103
1675890 1103
1675900 1102
1675910 1101
1675920 1101
1675930 1099
1675940 1098
1675950 1096
1675960 1096
1675970 1095
1675980 1094
1675990 1094
1676000 1094
1676010 1093
1676020 1093
1676030 1091
1676040 1087
1676050 1087
1676060 1083
1676070 1083
1676080 1083
1676090 1086
1676100 1091
1676110 1091
1676120 1093
1676130 1093
1676140 1093
1676150 1094
1676160 1097
1676170 1096
1676180 1096
1676190 1098
1676200 1099
1676210 1099
1676220 1099
1676230 1097
1676240 1097
1676250 1097
1676260 1097
1676270 1097
1676280 1096
1676290 1098
1676300 1098
1676310 1101
1676320 1099
1676330 1099
1676340 1096
1676350 1090
1676360 1090
1676370 1084
1676380 1080
1676390 1080
1676400 1079
1676410 1078
1676420 1077
1676430 1077
1676440 1077
1676450 1072
1676460 1072
1676470 1066
1676480 1059
1676490 1059
1676500 1052
1676510 1045
1676520 1045
1676530 1045
1676540 1045
1676550 1045
1676560 1046
1676570 1049
1676580 1049
1676590 1052
1676600 1053
1676610 1053
1676620 1051
1676630 1047
1676640 1047
1676650 1044
1676660 1041
1676670 1037
1676680 1037
1676690 1034
1676700 1031
1676710 1031
1676720 1027
1676730 1024
1676740 1024
1676750 1023
1676760 1022
1676770 1022
1676780 1021
1676790 1018
1676800 1018
1676810 1015
1676820 1012
1676830 1012
1676840 1009
1676850 1005
1676860 1005
1676870 1002
1676880 998
1676890 994
1676900 994
1676910 992
1676920 991
1676930 991
1676940 990
1676950 988
1676960 988
1676970 987
1676980 986
1676990 986
1677000 986
1677010 985
1677020 985
1677030 982
1677040 976
1677050 976
1677060 972
1677070 965
1677080 965
1677090 959
1677100 951
1677110 951
1677120 945
1677130 939
1677140 941
1677150 941
1677160 945
1677170 950
1677180 950
1677190 955
1677200 959
1677210 959
1677220 962
1677230 965
1677240 965
1677250 968
1677260 970
1677270 970
1677280 968
1677290 965
1677300 965
1677310 961
1677320 959
1677330 959
1677340 960
1677350 959
1677360 959
1677370 956
1677380 953
1677390 963
1677400 963
1677410 968
1677420 971
1677430 971
1677440 971
1677450 973
1677460 973
1677470 974
1677480 974
1677490 974
1677500 975
1677510 975
1677520 975
1677530 974
1677540 972
1677550 972
1677560 969
1677570 966
1677580 966
1677590 964
1677600 962
1677610 961
1677620 961
1677630 966
1677640 970
1677650 970
1677660 975
1677670 978
1677680 978
1677690 975
1677700 971
1677710 971
1677720 966
1677730 962
1677740 962
1677750 959
1677760 955
1677770 955
1677780 953
1677790 962
1677800 962
1677810 964
1677820 966
1677830 966
1677840 969
1677850 972
1677860 976
1677870 976
1677880 980
1677890 983
1677900 983
1677910 988
1677920 992
1677930 992
1677940 993
1677950 998
1677960 998
1677970 998
1677980 995
1677990 995
1678000 992
1678010 991
1678020 991
1678030 989
1678040 989
1678050 989
1678060 988
1678070 990
1678080 990
1678090 992
1678100 995
1678110 998
1678120 998
1678130 1000
1678140 1000
1678150 1000
1678160 999
1678170 997
1678180 997
1678190 995
1678200 993
1678210 993
1678220 991
1678230 988
1678240 988
1678250 985
1678260 984
1678270 984
1678280 980
1678290 977
1678300 977
1678310 973
1678320 968
1678330 962
1678340 962
1678350 956
1678360 949
1678370 949
1678380 943
1678390 936
1678400 936
1678410 929
1678420 922
1678430 922
1678440 914
1678450 907
1678460 907
1678470 900
1678480 892
1678490 892
1678500 886
1678510 880
1678520 880
1678530 875
1678540 868
1678550 868
1678560 861
1678570 855
1678580 849
1678590 849
1678600 844
1678610 836
1678620 836
1678630 830
1678640 830
1678650 830
1678660 832
1678670 831
1678680 831
1678690 830
1678700 830
1678710 830
1678720 831
1678730 835
1678740 835
1678750 834
1678760 828
1678770 828
1678780 821
1678790 816
1678800 809
1678810 809
1678820 800
1678830 792
1678840 792
1678850 785
1678860 777
1678870 777
1678880 771
1678890 767
1678900 767
1678910 762
1678920 758
1678930 758
1678940 752
1678950 750
1678960 750
1678970 750
1678980 749
1678990 749
1679000 745
1679010 741
1679020 741
1679030 740
1679040 738
1679050 743
1679060 743
1679070 753
1679080 756
1679090 756
1679100 759
1679110 761
1679120 761
1679130 763
1679140 765
1679150 765
1679160 765
1679170 766
1679180 766
1679190 766
1679200 765
1679210 765
1679220 769
1679230 774
1679240 774
1679250 779
1679260 788
1679270 788
1679280 793
1679290 799
1679300 809
1679310 809
1679320 816
1679330 824
1679340 824
1679350 833
1679360 840
1679370 840
1679380 847
1679390 854
1679400 854
1679410 860
1679420 867
1679430 867
1679440 875
1679450 882
1679460 882
1679470 883
1679480 884
1679490 884
1679500 886
1679510 886
1679520 886
1679530 886
1679540 885
1679550 886
1679560 886
1679570 888
1679580 890
1679590 890
1679600 893
1679610 897
1679620 897
1679630 904
1679640 913
1679650 913
1679660 922
1679670 929
1679680 929
1679690 935
1679700 949
1679710 949
1679720 956
1679730 963
1679740 963
1679750 972
1679760 978
1679770 986
1679780 986
1679790 990
1679800 997
1679810 997
1679820 1002
1679830 1007
1679840 1007
1679850 1012
1679860 1016
1679870 1016
1679880 1013
1679890 1011
1679900 1011
1679910 1010
1679920 1009
1679930 1009
1679940 1007
1679950 1006
1679960 1006
1679970 1006
1679980 1005
1679990 1005
