1660000 772
1660010 772
1660020 777
1660030 779
1660040 779
1660050 783
1660060 787
1660070 787
1660080 791
1660090 794
1660100 799
1660110 799
1660120 801
1660130 807
1660140 807
1660150 811
1660160 815
1660170 815
1660180 820
1660190 824
1660200 824
1660210 829
1660220 833
1660230 833
1660240 835
1660250 838
1660260 838
1660270 837
1660280 838
1660290 838
1660300 833
1660310 831
1660320 831
1660330 827
1660340 824
1660350 820
1660360 820
1660370 817
1660380 813
1660390 813
1660400 810
1660410 806
1660420 806
1660430 802
1660440 798
1660450 798
1660460 794
1660470 789
1660480 789
1660490 784
1660500 778
1660510 778
1660520 773
1660530 770
1660540 770
1660550 768
1660560 768
1660570 768
1660580 767
1660590 767
1660600 768
1660610 768
1660620 770
1660630 770
1660640 770
1660650 770
1660660 775
1660670 775
1660680 781
1660690 784
1660700 784
1660710 786
1660720 788
1660730 788
1660740 790
1660750 792
1660760 792
1660770 795
1660780 797
1660790 797
1660800 800
1660810 803
1660820 803
1660830 806
1660840 809
1660850 813
1660860 813
1660870 818
1660880 823
1660890 823
1660900 826
1660910 827
1660920 827
1660930 825
1660940 823
1660950 823
1660960 820
1660970 815
1660980 815
1660990 811
1661000 807
1661010 807
1661020 805
1661030 802
1661040 802
1661050 799
1661060 796
1661070 796
1661080 793
1661090 791
1661100 788
1661110 788
1661120 787
1661130 784
1661140 784
1661150 784
1661160 785
1661170 785
1661180 788
1661190 790
1661200 790
1661210 792
1661220 796
1661230 796
1661240 798
1661250 799
1661260 799
1661270 800
1661280 801
1661290 801
1661300 801
1661310 801
1661320 801
1661330 802
1661340 802
1661350 802
1661360 802
1661370 802
1661380 802
1661390 802
1661400 802
1661410 802
1661420 802
1661430 801
1661440 800
1661450 800
1661460 799
1661470 798
1661480 798
1661490 796
1661500 795
1661510 795
1661520 793
1661530 790
1661540 790
1661550 790
1661560 787
1661570 787
1661580 786
1661590 787
1661600 787
1661610 786
1661620 786
1661630 788
1661640 788
1661650 790
1661660 791
1661670 791
1661680 792
1661690 789
1661700 789
1661710 787
1661720 784
1661730 784
1661740 781
1661750 778
1661760 778
1661770 775
1661780 772
1661790 772
1661800 768
1661810 765
1661820 765
1661830 763
1661840 759
1661850 759
1661860 761
1661870 769
1661880 773
1661890 773
1661900 777
1661910 781
1661920 781
1661930 783
1661940 785
1661950 785
1661960 786
1661970 781
1661980 781
1661990 781
1662000 785
1662010 785
1662020 789
1662030 790
1662040 790
1662050 793
1662060 797
1662070 797
1662080 800
1662090 804
1662100 804
1662110 806
1662120 809
1662130 811
1662140 811
1662150 812
1662160 814
1662170 814
1662180 816
1662190 817
1662200 817
1662210 818
1662220 821
1662230 821
1662240 824
1662250 828
1662260 828
1662270 831
1662280 834
1662290 834
1662300 837
1662310 840
1662320 840
1662330 843
1662340 846
1662350 846
1662360 849
1662370 853
1662380 857
1662390 857
1662400 860
1662410 864
1662420 864
1662430 868
1662440 870
1662450 870
1662460 873
1662470 875
1662480 875
1662490 877
1662500 878
1662510 878
1662520 879
1662530 880
1662540 880
1662550 882
1662560 883
1662570 883
1662580 884
1662590 885
1662600 885
1662610 885
1662620 885
1662630 886
1662640 886
1662650 886
1662660 886
1662670 886
1662680 889
1662690 890
1662700 890
1662710 891
1662720 892
1662730 892
1662740 893
1662750 895
1662760 895
1662770 896
1662780 898
1662790 898
1662800 899
1662810 900
1662820 900
1662830 900
1662840 898
1662850 898
1662860 902
1662870 906
1662880 908
1662890 908
1662900 910
1662910 912
1662920 912
1662930 914
1662940 916
1662950 916
1662960 917
1662970 919
1662980 919
1662990 920
1663000 921
1663010 921
1663020 923
1663030 926
1663040 926
1663050 928
1663060 932
1663070 932
1663080 935
1663090 938
1663100 938
1663110 940
1663120 942
1663130 944
1663140 944
1663150 946
1663160 948
1663170 948
1663180 949
1663190 950
1663200 950
1663210 950
1663220 951
1663230 951
1663240 951
1663250 952
1663260 952
1663270 952
1663280 951
1663290 951
1663300 950
1663310 949
1663320 949
1663330 949
1663340 949
1663350 949
1663360 950
1663370 949
1663380 949
1663390 949
1663400 949
1663410 951
1663420 951
1663430 954
1663440 956
1663450 956
1663460 956
1663470 955
1663480 955
1663490 954
1663500 949
1663510 949
1663520 946
1663530 943
1663540 943
1663550 940
1663560 936
1663570 936
1663580 936
1663590 932
1663600 932
1663610 928
1663620 927
1663630 924
1663640 924
1663650 924
1663660 925
1663670 925
1663680 932
1663690 936
1663700 936
1663710 938
1663720 934
1663730 934
1663740 933
1663750 934
1663760 934
1663770 936
1663780 933
1663790 933
1663800 924
1663810 916
1663820 916
1663830 908
1663840 901
1663850 901
1663860 895
1663870 888
1663880 883
1663890 883
1663900 879
1663910 878
1663920 878
1663930 878
1663940 878
1663950 878
1663960 881
1663970 883
1663980 883
1663990 888
1664000 891
1664010 891
1664020 897
1664030 901
1664040 901
1664050 905
1664060 909
1664070 909
1664080 913
1664090 917
1664100 917
1664110 921
1664120 926
1664130 926
1664140 930
1664150 935
1664160 940
1664170 940
1664180 944
1664190 949
1664200 949
1664210 953
1664220 956
1664230 956
1664240 957
1664250 959
1664260 959
1664270 960
1664280 959
1664290 959
1664300 963
1664310 970
1664320 970
1664330 975
1664340 978
1664350 978
1664360 983
1664370 987
1664380 987
1664390 992
1664400 997
1664410 1001
1664420 1001
1664430 1005
1664440 1009
1664450 1009
1664460 1013
1664470 1018
1664480 1018
1664490 1022
1664500 1026
1664510 1026
1664520 1030
1664530 1032
1664540 1032
1664550 1035
1664560 1038
1664570 1038
1664580 1041
1664590 1045
1664600 1045
1664610 1048
1664620 1051
1664630 1051
1664640 1054
1664650 1057
1664660 1060
1664670 1060
1664680 1063
1664690 1066
1664700 1066
1664710 1070
1664720 1074
1664730 1074
1664740 1078
1664750 1081
1664760 1081
1664770 1085
1664780 1089
1664790 1089
1664800 1093
1664810 1098
1664820 1098
1664830 1102
1664840 1106
1664850 1106
1664860 1111
1664870 1115
1664880 1115
1664890 1120
1664900 1125
1664910 1129
1664920 1129
1664930 1133
1664940 1137
1664950 1137
1664960 1140
1664970 1141
1664980 1141
1664990 1142
1665000 1142
1665010 1142
1665020 1143
1665030 1143
1665040 1143
1665050 1143
1665060 1143
1665070 1143
1665080 1143
1665090 1144
1665100 1144
1665110 1146
1665120 1146
1665130 1146
1665140 1148
1665150 1150
1665160 1152
1665170 1152
1665180 1155
1665190 1158
1665200 1158
1665210 1161
1665220 1164
1665230 1164
1665240 1167
1665250 1170
1665260 1170
1665270 1173
1665280 1177
1665290 1177
1665300 1180
1665310 1183
1665320 1183
1665330 1187
1665340 1191
1665350 1191
1665360 1194
1665370 1197
1665380 1197
1665390 1202
1665400 1206
1665410 1208
1665420 1208
1665430 1213
1665440 1218
1665450 1218
1665460 1221
1665470 1225
1665480 1225
1665490 1229
1665500 1233
1665510 1233
1665520 1237
1665530 1240
1665540 1240
1665550 1243
1665560 1246
1665570 1246
1665580 1249
1665590 1251
1665600 1251
1665610 1254
1665620 1254
1665630 1254
1665640 1254
1665650 1254
1665660 1254
1665670 1254
1665680 1253
1665690 1253
1665700 1253
1665710 1253
1665720 1252
1665730 1252
1665740 1252
1665750 1253
1665760 1253
1665770 1253
1665780 1254
1665790 1254
1665800 1253
1665810 1254
1665820 1254
1665830 1255
1665840 1255
1665850 1255
1665860 1256
1665870 1256
1665880 1256
1665890 1256
1665900 1258
1665910 1259
1665920 1259
1665930 1261
1665940 1263
1665950 1263
1665960 1263
1665970 1265
1665980 1265
1665990 1266
1666000 1267
1666010 1267
1666020 1271
1666030 1274
1666040 1274
1666050 1274
1666060 1279
1666070 1279
1666080 1282
1666090 1286
1666100 1286
1666110 1290
1666120 1293
1666130 1293
1666140 1297
1666150 1300
1666160 1303
1666170 1303
1666180 1307
1666190 1310
1666200 1310
1666210 1314
1666220 1319
1666230 1319
1666240 1323
1666250 1327
1666260 1327
1666270 1331
1666280 1335
1666290 1335
1666300 1338
1666310 1341
1666320 1341
1666330 1343
1666340 1346
1666350 1346
1666360 1347
1666370 1348
1666380 1348
1666390 1348
1666400 1345
1666410 1342
1666420 1342
1666430 1338
1666440 1334
1666450 1334
1666460 1331
1666470 1327
1666480 1327
1666490 1324
1666500 1322
1666510 1322
1666520 1319
1666530 1318
1666540 1318
1666550 1317
1666560 1317
1666570 1317
1666580 1317
1666590 1318
1666600 1318
1666610 1319
1666620 1320
1666630 1320
1666640 1323
1666650 1327
1666660 1330
1666670 1330
1666680 1333
1666690 1336
1666700 1336
1666710 1339
1666720 1342
1666730 1342
1666740 1344
1666750 1347
1666760 1347
1666770 1349
1666780 1352
1666790 1352
1666800 1354
1666810 1357
1666820 1357
1666830 1359
1666840 1361
1666850 1361
1666860 1362
1666870 1363
1666880 1363
1666890 1364
1666900 1364
1666910 1365
1666920 1365
1666930 1365
1666940 1365
1666950 1365
1666960 1364
1666970 1363
1666980 1363
1666990 1361
1667000 1360
1667010 1360
1667020 1358
1667030 1356
1667040 1356
1667050 1353
1667060 1350
1667070 1350
1667080 1347
1667090 1343
1667100 1343
1667110 1339
1667120 1342
1667130 1342
1667140 1345
1667150 1349
1667160 1349
1667170 1353
1667180 1357
1667190 1362
1667200 1362
1667210 1365
1667220 1370
1667230 1370
1667240 1374
1667250 1379
1667260 1379
1667270 1383
1667280 1389
1667290 1389
1667300 1395
1667310 1400
1667320 1400
1667330 1405
1667340 1410
1667350 1410
1667360 1415
1667370 1420
1667380 1420
1667390 1424
1667400 1428
1667410 1428
1667420 1432
1667430 1436
1667440 1440
1667450 1440
1667460 1442
1667470 1444
1667480 1444
1667490 1444
1667500 1443
1667510 1443
1667520 1442
1667530 1441
1667540 1441
1667550 1441
1667560 1440
1667570 1440
1667580 1439
1667590 1439
1667600 1439
1667610 1439
1667620 1439
1667630 1439
1667640 1439
1667650 1438
1667660 1438
1667670 1438
1667680 1438
1667690 1438
1667700 1438
1667710 1439
1667720 1439
1667730 1439
1667740 1440
1667750 1441
1667760 1441
1667770 1441
1667780 1441
1667790 1441
1667800 1441
1667810 1440
1667820 1440
1667830 1439
1667840 1437
1667850 1437
1667860 1433
1667870 1428
1667880 1428
1667890 1423
1667900 1418
1667910 1418
1667920 1412
1667930 1408
1667940 1404
1667950 1404
1667960 1400
1667970 1396
1667980 1396
1667990 1392
1668000 1388
1668010 1388
1668020 1384
1668030 1381
1668040 1381
1668050 1378
1668060 1374
1668070 1374
1668080 1370
1668090 1366
1668100 1366
1668110 1361
1668120 1354
1668130 1354
1668140 1350
1668150 1341
1668160 1341
1668170 1334
1668180 1327
1668190 1319
1668200 1319
1668210 1311
1668220 1304
1668230 1304
1668240 1297
1668250 1291
1668260 1291
1668270 1290
1668280 1294
1668290 1294
1668300 1296
1668310 1297
1668320 1297
1668330 1299
1668340 1300
1668350 1300
1668360 1302
1668370 1303
1668380 1303
1668390 1305
1668400 1306
1668410 1306
1668420 1307
1668430 1306
1668440 1306
1668450 1306
1668460 1305
1668470 1303
1668480 1303
1668490 1302
1668500 1300
1668510 1300
1668520 1298
1668530 1296
1668540 1296
1668550 1293
1668560 1290
1668570 1290
1668580 1287
1668590 1283
1668600 1283
1668610 1278
1668620 1270
1668630 1270
1668640 1270
1668650 1273
1668660 1273
1668670 1280
1668680 1287
1668690 1293
1668700 1293
1668710 1300
1668720 1306
1668730 1306
1668740 1313
1668750 1320
1668760 1320
1668770 1327
1668780 1333
1668790 1333
1668800 1338
1668810 1345
1668820 1345
1668830 1351
1668840 1357
1668850 1357
1668860 1362
1668870 1367
1668880 1367
1668890 1370
1668900 1374
1668910 1374
1668920 1377
1668930 1380
1668940 1384
1668950 1384
1668960 1387
1668970 1391
1668980 1391
1668990 1395
1669000 1399
1669010 1399
1669020 1403
1669030 1408
1669040 1408
1669050 1410
1669060 1415
1669070 1415
1669080 1418
1669090 1422
1669100 1422
1669110 1426
1669120 1429
1669130 1429
1669140 1433
1669150 1437
1669160 1437
1669170 1441
1669180 1444
1669190 1448
1669200 1448
1669210 1453
1669220 1457
1669230 1457
1669240 1461
1669250 1465
1669260 1465
1669270 1469
1669280 1473
1669290 1473
1669300 1476
1669310 1480
1669320 1480
1669330 1483
1669340 1487
1669350 1487
1669360 1491
1669370 1493
1669380 1493
1669390 1498
1669400 1502
1669410 1502
1669420 1506
1669430 1509
1669440 1514
1669450 1514
1669460 1518
1669470 1521
1669480 1521
1669490 1524
1669500 1527
1669510 1527
1669520 1531
1669530 1534
1669540 1534
1669550 1537
1669560 1540
1669570 1540
1669580 1544
1669590 1546
1669600 1546
1669610 1550
1669620 1552
1669630 1552
1669640 1555
1669650 1558
1669660 1558
1669670 1560
1669680 1563
1669690 1566
1669700 1566
1669710 1569
1669720 1572
1669730 1572
1669740 1575
1669750 1577
1669760 1577
1669770 1580
1669780 1582
1669790 1582
1669800 1585
1669810 1587
1669820 1587
1669830 1589
1669840 1591
1669850 1591
1669860 1593
1669870 1595
1669880 1595
1669890 1596
1669900 1598
1669910 1598
1669920 1599
1669930 1599
1669940 1599
1669950 1599
1669960 1598
1669970 1597
1669980 1597
1669990 1595
1670000 1593
1670010 1593
1670020 1590
1670030 1587
1670040 1587
1670050 1584
1670060 1580
1670070 1580
1670080 1577
1670090 1576
1670100 1576
1670110 1572
1670120 1574
1670130 1574
1670140 1575
1670150 1575
1670160 1575
1670170 1575
1670180 1574
1670190 1574
1670200 1572
1670210 1569
1670220 1568
1670230 1568
1670240 1569
1670250 1569
1670260 1569
1670270 1571
1670280 1576
1670290 1576
1670300 1581
1670310 1586
1670320 1586
1670330 1590
1670340 1593
1670350 1593
1670360 1597
1670370 1601
1670380 1601
1670390 1605
1670400 1610
1670410 1610
1670420 1613
1670430 1618
1670440 1618
1670450 1622
1670460 1626
1670470 1631
1670480 1631
1670490 1634
1670500 1639
1670510 1639
1670520 1643
1670530 1648
1670540 1648
1670550 1652
1670560 1656
1670570 1656
1670580 1660
1670590 1665
1670600 1665
1670610 1669
1670620 1673
1670630 1673
1670640 1677
1670650 1681
1670660 1681
1670670 1684
1670680 1688
1670690 1688
1670700 1692
1670710 1696
1670720 1699
1670730 1699
1670740 1703
1670750 1707
1670760 1707
1670770 1711
1670780 1715
1670790 1715
1670800 1718
1670810 1721
1670820 1721
1670830 1724
1670840 1727
1670850 1727
1670860 1731
1670870 1733
1670880 1733
1670890 1736
1670900 1740
1670910 1740
1670920 1742
1670930 1745
1670940 1745
1670950 1747
1670960 1750
1670970 1752
1670980 1752
1670990 1753
1671000 1755
1671010 1755
1671020 1756
1671030 1758
1671040 1758
1671050 1758
1671060 1759
1671070 1759
1671080 1760
1671090 1761
1671100 1761
1671110 1762
1671120 1763
1671130 1763
1671140 1764
1671150 1765
1671160 1765
1671170 1766
1671180 1768
1671190 1768
1671200 1769
1671210 1769
1671220 1771
1671230 1771
1671240 1771
1671250 1772
1671260 1772
1671270 1772
1671280 1773
1671290 1773
1671300 1774
1671310 1774
1671320 1774
1671330 1775
1671340 1776
1671350 1776
1671360 1776
1671370 1776
1671380 1776
1671390 1777
1671400 1777
1671410 1777
1671420 1777
1671430 1778
1671440 1778
1671450 1778
1671460 1779
1671470 1779
1671480 1779
1671490 1780
1671500 1780
1671510 1780
1671520 1780
1671530 1781
1671540 1781
1671550 1780
1671560 1780
1671570 1780
1671580 1779
1671590 1778
1671600 1778
1671610 1776
1671620 1774
1671630 1774
1671640 1772
1671650 1768
1671660 1768
1671670 1764
1671680 1758
1671690 1758
1671700 1754
1671710 1750
1671720 1745
1671730 1745
1671740 1741
1671750 1736
1671760 1736
1671770 1732
1671780 1729
1671790 1729
1671800 1724
1671810 1721
1671820 1721
1671830 1717
1671840 1714
1671850 1714
1671860 1710
1671870 1706
1671880 1706
1671890 1703
1671900 1699
1671910 1699
1671920 1696
1671930 1692
1671940 1692
1671950 1691
1671960 1690
1671970 1689
1671980 1689
1671990 1689
1672000 1689
1672010 1689
1672020 1688
1672030 1689
1672040 1689
1672050 1689
1672060 1690
1672070 1690
1672080 1691
1672090 1692
1672100 1692
1672110 1693
1672120 1694
1672130 1694
1672140 1695
1672150 1696
1672160 1696
1672170 1697
1672180 1696
1672190 1696
1672200 1695
1672210 1697
1672220 1700
1672230 1700
1672240 1700
1672250 1702
1672260 1702
1672270 1706
1672280 1708
1672290 1708
1672300 1710
1672310 1711
1672320 1711
1672330 1713
1672340 1715
1672350 1715
1672360 1717
1672370 1718
1672380 1718
1672390 1720
1672400 1723
1672410 1723
1672420 1725
1672430 1728
1672440 1728
1672450 1730
1672460 1732
1672470 1734
1672480 1734
1672490 1736
1672500 1738
1672510 1738
1672520 1741
1672530 1742
1672540 1742
1672550 1743
1672560 1744
1672570 1744
1672580 1745
1672590 1747
1672600 1747
1672610 1748
1672620 1750
1672630 1750
1672640 1751
1672650 1753
1672660 1753
1672670 1754
1672680 1756
1672690 1756
1672700 1757
1672710 1759
1672720 1759
1672730 1761
1672740 1762
1672750 1764
1672760 1764
1672770 1764
1672780 1764
1672790 1764
1672800 1767
1672810 1769
1672820 1769
1672830 1771
1672840 1773
1672850 1773
1672860 1774
1672870 1776
1672880 1776
1672890 1777
1672900 1780
1672910 1780
1672920 1783
1672930 1783
1672940 1783
1672950 1783
1672960 1784
1672970 1784
1672980 1786
1672990 1788
1673000 1790
1673010 1790
1673020 1794
1673030 1795
1673040 1795
1673050 1797
1673060 1799
1673070 1799
1673080 1799
1673090 1800
1673100 1800
1673110 1801
1673120 1801
1673130 1801
1673140 1800
1673150 1799
1673160 1799
1673170 1797
1673180 1795
1673190 1795
1673200 1794
1673210 1792
1673220 1792
1673230 1790
1673240 1790
1673250 1789
1673260 1789
1673270 1786
1673280 1785
1673290 1785
1673300 1783
1673310 1782
1673320 1782
1673330 1780
1673340 1780
1673350 1780
1673360 1779
1673370 1780
1673380 1780
1673390 1782
1673400 1784
1673410 1784
1673420 1787
1673430 1788
1673440 1788
1673450 1790
1673460 1792
1673470 1792
1673480 1793
1673490 1795
1673500 1796
1673510 1796
1673520 1797
1673530 1798
1673540 1798
1673550 1799
1673560 1800
1673570 1800
1673580 1801
1673590 1801
1673600 1801
1673610 1801
1673620 1800
1673630 1800
1673640 1799
1673650 1798
1673660 1798
1673670 1796
1673680 1794
1673690 1794
1673700 1792
1673710 1790
1673720 1790
1673730 1787
1673740 1784
1673750 1781
1673760 1781
1673770 1777
1673780 1773
1673790 1773
1673800 1768
1673810 1764
1673820 1764
1673830 1759
1673840 1753
1673850 1753
1673860 1748
1673870 1744
1673880 1744
1673890 1740
1673900 1736
1673910 1736
1673920 1732
1673930 1728
1673940 1728
1673950 1725
1673960 1721
1673970 1721
1673980 1718
1673990 1717
1674000 1716
1674010 1716
1674020 1714
1674030 1713
1674040 1713
1674050 1713
1674060 1712
1674070 1712
1674080 1712
1674090 1712
1674100 1712
1674110 1712
1674120 1712
1674130 1712
1674140 1712
1674150 1712
1674160 1712
1674170 1711
1674180 1710
1674190 1710
1674200 1710
1674210 1709
1674220 1709
1674230 1709
1674240 1708
1674250 1708
1674260 1708
1674270 1707
1674280 1705
1674290 1705
1674300 1705
1674310 1704
1674320 1704
1674330 1702
1674340 1701
1674350 1701
1674360 1700
1674370 1699
1674380 1699
1674390 1697
1674400 1693
1674410 1693
1674420 1689
1674430 1683
1674440 1683
1674450 1677
1674460 1670
1674470 1670
1674480 1664
1674490 1660
1674500 1656
1674510 1656
1674520 1650
1674530 1644
1674540 1644
1674550 1637
1674560 1630
1674570 1630
1674580 1623
1674590 1616
1674600 1616
1674610 1608
1674620 1607
1674630 1607
1674640 1607
1674650 1605
1674660 1605
1674670 1603
1674680 1600
1674690 1600
1674700 1596
1674710 1592
1674720 1592
1674730 1589
1674740 1585
1674750 1582
1674760 1582
1674770 1579
1674780 1576
1674790 1576
1674800 1575
1674810 1573
1674820 1573
1674830 1570
1674840 1565
1674850 1565
1674860 1560
1674870 1553
1674880 1553
1674890 1546
1674900 1538
1674910 1538
1674920 1531
1674930 1524
1674940 1524
1674950 1516
1674960 1510
1674970 1510
1674980 1503
1674990 1496
1675000 1489
1675010 1489
1675020 1482
1675030 1475
1675040 1475
1675050 1467
1675060 1461
1675070 1461
1675080 1453
1675090 1443
1675100 1443
1675110 1436
1675120 1429
1675130 1429
1675140 1422
1675150 1415
1675160 1415
1675170 1408
1675180 1402
1675190 1402
1675200 1396
1675210 1389
1675220 1389
1675230 1383
1675240 1377
1675250 1371
1675260 1371
1675270 1365
1675280 1359
1675290 1359
1675300 1352
1675310 1346
1675320 1346
1675330 1339
1675340 1331
1675350 1331
1675360 1323
1675370 1317
1675380 1317
1675390 1317
1675400 1312
1675410 1312
1675420 1311
1675430 1311
1675440 1311
1675450 1316
1675460 1317
1675470 1317
1675480 1319
1675490 1320
1675500 1326
1675510 1326
1675520 1327
1675530 1329
1675540 1329
1675550 1332
1675560 1337
1675570 1337
1675580 1340
1675590 1347
1675600 1347
1675610 1352
1675620 1358
1675630 1358
1675640 1363
1675650 1369
1675660 1369
1675670 1374
1675680 1380
1675690 1380
1675700 1386
1675710 1392
1675720 1392
1675730 1398
1675740 1404
1675750 1404
1675760 1410
1675770 1416
1675780 1421
1675790 1421
1675800 1428
1675810 1434
1675820 1434
1675830 1439
1675840 1446
1675850 1446
1675860 1452
1675870 1458
1675880 1458
1675890 1465
1675900 1471
1675910 1471
1675920 1477
1675930 1484
1675940 1484
1675950 1490
1675960 1497
1675970 1497
1675980 1503
1675990 1509
1676000 1509
1676010 1515
1676020 1520
1676030 1525
1676040 1525
1676050 1530
1676060 1534
1676070 1534
1676080 1537
1676090 1539
1676100 1539
1676110 1541
1676120 1543
1676130 1543
1676140 1545
1676150 1548
1676160 1548
1676170 1551
1676180 1554
1676190 1554
1676200 1557
1676210 1560
1676220 1560
1676230 1563
1676240 1566
1676250 1566
1676260 1569
1676270 1569
1676280 1572
1676290 1572
1676300 1576
1676310 1582
1676320 1582
1676330 1584
1676340 1584
1676350 1584
1676360 1581
1676370 1576
1676380 1576
1676390 1579
1676400 1580
1676410 1580
1676420 1583
1676430 1591
1676440 1591
1676450 1607
1676460 1615
1676470 1615
1676480 1629
1676490 1637
1676500 1637
1676510 1643
1676520 1651
1676530 1657
1676540 1657
1676550 1664
1676560 1671
1676570 1671
1676580 1678
1676590 1685
1676600 1685
1676610 1691
1676620 1699
1676630 1699
1676640 1706
1676650 1713
1676660 1713
1676670 1720
1676680 1727
1676690 1727
1676700 1735
1676710 1742
1676720 1742
1676730 1749
1676740 1756
1676750 1756
1676760 1763
1676770 1770
1676780 1777
1676790 1777
1676800 1786
1676810 1793
1676820 1793
1676830 1801
1676840 1807
1676850 1807
1676860 1814
1676870 1822
1676880 1822
1676890 1829
1676900 1835
1676910 1835
1676920 1842
1676930 1847
1676940 1847
1676950 1852
1676960 1857
1676970 1857
1676980 1860
1676990 1863
1677000 1863
1677010 1866
1677020 1869
1677030 1872
1677040 1872
1677050 1875
1677060 1877
1677070 1877
1677080 1878
1677090 1879
1677100 1879
1677110 1880
1677120 1881
1677130 1881
1677140 1881
1677150 1880
1677160 1880
1677170 1879
1677180 1878
1677190 1878
1677200 1878
1677210 1876
1677220 1876
1677230 1874
1677240 1870
1677250 1870
1677260 1867
1677270 1864
1677280 1862
1677290 1862
1677300 1860
1677310 1858
1677320 1858
1677330 1856
1677340 1854
1677350 1854
1677360 1852
1677370 1851
1677380 1851
1677390 1849
1677400 1848
1677410 1848
1677420 1846
1677430 1844
1677440 1844
1677450 1842
1677460 1840
1677470 1840
1677480 1838
1677490 1837
1677500 1837
1677510 1836
1677520 1835
1677530 1835
1677540 1835
1677550 1834
1677560 1833
1677570 1833
1677580 1833
1677590 1832
1677600 1832
1677610 1831
1677620 1829
1677630 1829
1677640 1827
1677650 1825
1677660 1825
1677670 1824
1677680 1822
1677690 1822
1677700 1820
1677710 1818
1677720 1818
1677730 1815
1677740 1813
1677750 1813
1677760 1811
1677770 1808
1677780 1805
1677790 1805
1677800 1803
1677810 1801
1677820 1801
1677830 1798
1677840 1795
1677850 1795
1677860 1792
1677870 1790
1677880 1790
1677890 1788
1677900 1786
1677910 1786
1677920 1783
1677930 1780
1677940 1780
1677950 1778
1677960 1775
1677970 1775
1677980 1774
1677990 1771
1678000 1771
1678010 1768
1678020 1765
1678030 1763
1678040 1763
1678050 1760
1678060 1757
1678070 1757
1678080 1753
1678090 1750
1678100 1750
1678110 1746
1678120 1743
1678130 1743
1678140 1740
1678150 1737
1678160 1737
1678170 1732
1678180 1728
1678190 1728
1678200 1724
1678210 1721
1678220 1721
1678230 1718
1678240 1714
1678250 1714
1678260 1710
1678270 1707
1678280 1703
1678290 1703
1678300 1699
1678310 1694
1678320 1694
1678330 1690
1678340 1685
1678350 1685
1678360 1680
1678370 1675
1678380 1675
1678390 1670
1678400 1665
1678410 1665
1678420 1658
1678430 1651
1678440 1651
1678450 1649
1678460 1645
1678470 1645
1678480 1644
1678490 1644
1678500 1644
1678510 1645
1678520 1645
1678530 1645
1678540 1646
1678550 1649
1678560 1650
1678570 1650
1678580 1651
1678590 1651
1678600 1651
1678610 1652
1678620 1653
1678630 1653
1678640 1653
1678650 1653
1678660 1653
1678670 1653
1678680 1653
1678690 1653
1678700 1654
1678710 1654
1678720 1654
1678730 1654
1678740 1655
1678750 1655
1678760 1655
1678770 1655
1678780 1655
1678790 1655
1678800 1655
1678810 1655
1678820 1655
1678830 1655
1678840 1655
1678850 1655
1678860 1654
1678870 1654
1678880 1654
1678890 1654
1678900 1654
1678910 1654
1678920 1653
1678930 1653
1678940 1653
1678950 1652
1678960 1650
1678970 1650
1678980 1649
1678990 1647
1679000 1647
1679010 1644
1679020 1641
1679030 1641
1679040 1639
1679050 1637
1679060 1635
1679070 1635
1679080 1632
1679090 1629
1679100 1629
1679110 1626
1679120 1623
1679130 1623
1679140 1620
1679150 1617
1679160 1617
1679170 1613
1679180 1609
1679190 1609
1679200 1605
1679210 1600
1679220 1600
1679230 1595
1679240 1591
1679250 1591
1679260 1586
1679270 1581
1679280 1581
1679290 1576
1679300 1572
1679310 1567
1679320 1567
1679330 1563
1679340 1559
1679350 1559
1679360 1555
1679370 1552
1679380 1552
1679390 1548
1679400 1543
1679410 1543
1679420 1540
1679430 1537
1679440 1537
1679450 1533
1679460 1530
1679470 1530
1679480 1527
1679490 1524
1679500 1524
1679510 1521
1679520 1518
1679530 1518
1679540 1515
1679550 1512
1679560 1509
1679570 1509
1679580 1504
1679590 1502
1679600 1502
1679610 1496
1679620 1491
1679630 1491
1679640 1486
1679650 1481
1679660 1481
1679670 1474
1679680 1468
1679690 1468
1679700 1462
1679710 1456
1679720 1456
1679730 1450
1679740 1444
1679750 1444
1679760 1438
1679770 1432
1679780 1432
1679790 1425
1679800 1420
1679810 1414
1679820 1414
1679830 1408
1679840 1402
1679850 1402
1679860 1395
1679870 1389
1679880 1389
1679890 1383
1679900 1377
1679910 1377
1679920 1370
1679930 1365
1679940 1365
1679950 1359
1679960 1353
1679970 1353
1679980 1347
1679990 1340
