1660000 651
1660010 651
1660020 652
1660030 653
1660040 654
1660050 654
1660060 656
1660070 658
1660080 658
1660090 660
1660100 661
1660110 661
1660120 662
1660130 663
1660140 663
1660150 663
1660160 664
1660170 664
1660180 665
1660190 666
1660200 666
1660210 667
1660220 667
1660230 667
1660240 668
1660250 669
1660260 669
1660270 670
1660280 671
1660290 672
1660300 672
1660310 675
1660320 676
1660330 676
1660340 678
1660350 682
1660360 682
1660370 686
1660380 688
1660390 688
1660400 689
1660410 686
1660420 686
1660430 681
1660440 675
1660450 675
1660460 670
1660470 664
1660480 664
1660490 658
1660500 651
1660510 651
1660520 643
1660530 637
1660540 631
1660550 631
1660560 630
1660570 628
1660580 628
1660590 629
1660600 630
1660610 630
1660620 630
1660630 630
1660640 630
1660650 631
1660660 632
1660670 632
1660680 633
1660690 637
1660700 637
1660710 643
1660720 648
1660730 648
1660740 650
1660750 655
1660760 655
1660770 665
1660780 672
1660790 679
1660800 679
1660810 685
1660820 691
1660830 691
1660840 697
1660850 703
1660860 703
1660870 710
1660880 716
1660890 716
1660900 722
1660910 729
1660920 729
1660930 735
1660940 742
1660950 742
1660960 749
1660970 755
1660980 755
1660990 763
1661000 769
1661010 769
1661020 774
1661030 779
1661040 782
1661050 782
1661060 785
1661070 786
1661080 786
1661090 785
1661100 785
1661110 785
1661120 785
1661130 786
1661140 786
1661150 792
1661160 797
1661170 797
1661180 801
1661190 805
1661200 805
1661210 808
1661220 808
1661230 808
1661240 808
1661250 807
1661260 807
1661270 809
1661280 811
1661290 811
1661300 811
1661310 814
1661320 816
1661330 816
1661340 819
1661350 820
1661360 820
1661370 823
1661380 825
1661390 825
1661400 828
1661410 831
1661420 831
1661430 836
1661440 841
1661450 841
1661460 846
1661470 850
1661480 850
1661490 855
1661500 859
1661510 859
1661520 861
1661530 860
1661540 860
1661550 858
1661560 857
1661570 856
1661580 856
1661590 855
1661600 854
1661610 854
1661620 854
1661630 855
1661640 855
1661650 855
1661660 856
1661670 856
1661680 857
1661690 858
1661700 858
1661710 859
1661720 861
1661730 861
1661740 862
1661750 864
1661760 864
1661770 867
1661780 869
1661790 869
1661800 872
1661810 874
1661820 877
1661830 877
1661840 878
1661850 879
1661860 879
1661870 879
1661880 878
1661890 878
1661900 876
1661910 875
1661920 875
1661930 874
1661940 873
1661950 873
1661960 872
1661970 871
1661980 871
1661990 870
1662000 870
1662010 870
1662020 870
1662030 869
1662040 869
1662050 869
1662060 869
1662070 869
1662080 869
1662090 868
1662100 868
1662110 868
1662120 868
1662130 869
1662140 869
1662150 868
1662160 868
1662170 868
1662180 868
1662190 868
1662200 868
1662210 868
1662220 869
1662230 869
1662240 872
1662250 874
1662260 874
1662270 875
1662280 876
1662290 876
1662300 877
1662310 879
1662320 880
1662330 880
1662340 881
1662350 884
1662360 884
1662370 886
1662380 888
1662390 888
1662400 891
1662410 893
1662420 893
1662430 895
1662440 898
1662450 898
1662460 900
1662470 903
1662480 903
1662490 906
1662500 909
1662510 909
1662520 912
1662530 915
1662540 915
1662550 917
1662560 920
1662570 923
1662580 923
1662590 925
1662600 928
1662610 928
1662620 929
1662630 931
1662640 931
1662650 932
1662660 934
1662670 934
1662680 934
1662690 935
1662700 935
1662710 936
1662720 937
1662730 937
1662740 939
1662750 940
1662760 940
1662770 942
1662780 943
1662790 943
1662800 945
1662810 948
1662820 950
1662830 950
1662840 953
1662850 955
1662860 955
1662870 958
1662880 960
1662890 960
1662900 963
1662910 966
1662920 966
1662930 969
1662940 971
1662950 971
1662960 975
1662970 978
1662980 978
1662990 981
1663000 984
1663010 984
1663020 987
1663030 989
1663040 989
1663050 992
1663060 994
1663070 996
1663080 996
1663090 999
1663100 1001
1663110 1001
1663120 1004
1663130 1006
1663140 1006
1663150 1008
1663160 1009
1663170 1009
1663180 1007
1663190 1005
1663200 1005
1663210 1002
1663220 999
1663230 999
1663240 997
1663250 994
1663260 994
1663270 991
1663280 989
1663290 989
1663300 986
1663310 983
1663320 983
1663330 980
1663340 977
1663350 974
1663360 974
1663370 971
1663380 969
1663390 969
1663400 965
1663410 962
1663420 962
1663430 959
1663440 956
1663450 956
1663460 953
1663470 950
1663480 950
1663490 947
1663500 944
1663510 944
1663520 942
1663530 938
1663540 938
1663550 937
1663560 933
1663570 933
1663580 930
1663590 927
1663600 925
1663610 925
1663620 922
1663630 920
1663640 920
1663650 918
1663660 915
1663670 915
1663680 913
1663690 910
1663700 910
1663710 908
1663720 902
1663730 902
1663740 901
1663750 906
1663760 906
1663770 909
1663780 910
1663790 910
1663800 911
1663810 913
1663820 913
1663830 916
1663840 919
1663850 923
1663860 923
1663870 927
1663880 932
1663890 932
1663900 936
1663910 938
1663920 938
1663930 938
1663940 937
1663950 937
1663960 936
1663970 934
1663980 934
1663990 932
1664000 929
1664010 929
1664020 925
1664030 921
1664040 921
1664050 918
1664060 915
1664070 915
1664080 913
1664090 911
1664100 909
1664110 909
1664120 906
1664130 902
1664140 902
1664150 909
1664160 913
1664170 913
1664180 915
1664190 917
1664200 917
1664210 925
1664220 931
1664230 931
1664240 937
1664250 942
1664260 942
1664270 947
1664280 952
1664290 952
1664300 958
1664310 964
1664320 964
1664330 970
1664340 975
1664350 981
1664360 981
1664370 988
1664380 993
1664390 993
1664400 999
1664410 1002
1664420 1002
1664430 1009
1664440 1014
1664450 1014
1664460 1019
1664470 1024
1664480 1024
1664490 1028
1664500 1032
1664510 1032
1664520 1035
1664530 1037
1664540 1037
1664550 1039
1664560 1043
1664570 1043
1664580 1047
1664590 1051
1664600 1056
1664610 1056
1664620 1060
1664630 1066
1664640 1066
1664650 1070
1664660 1075
1664670 1075
1664680 1079
1664690 1082
1664700 1082
1664710 1086
1664720 1082
1664730 1082
1664740 1076
1664750 1071
1664760 1071
1664770 1062
1664780 1057
1664790 1057
1664800 1047
1664810 1040
1664820 1040
1664830 1033
1664840 1029
1664850 1029
1664860 1024
1664870 1020
1664880 1014
1664890 1014
1664900 1010
1664910 1006
1664920 1006
1664930 1000
1664940 997
1664950 997
1664960 1000
1664970 1002
1664980 1002
1664990 1006
1665000 1006
1665010 1006
1665020 1000
1665030 996
1665040 996
1665050 998
1665060 1003
1665070 1003
1665080 1004
1665090 1004
1665100 1004
1665110 1001
1665120 997
1665130 998
1665140 998
1665150 1003
1665160 1010
1665170 1010
1665180 1017
1665190 1009
1665200 1009
1665210 1010
1665220 1010
1665230 1010
1665240 1009
1665250 1010
1665260 1010
1665270 1009
1665280 1009
1665290 1009
1665300 1008
1665310 1006
1665320 1006
1665330 1002
1665340 998
1665350 998
1665360 993
1665370 989
1665380 987
1665390 987
1665400 987
1665410 986
1665420 986
1665430 986
1665440 989
1665450 989
1665460 993
1665470 998
1665480 998
1665490 1003
1665500 1008
1665510 1008
1665520 1013
1665530 1017
1665540 1017
1665550 1021
1665560 1025
1665570 1025
1665580 1030
1665590 1034
1665600 1034
1665610 1038
1665620 1043
1665630 1048
1665640 1048
1665650 1052
1665660 1058
1665670 1058
1665680 1062
1665690 1066
1665700 1066
1665710 1070
1665720 1075
1665730 1075
1665740 1080
1665750 1085
1665760 1085
1665770 1089
1665780 1092
1665790 1092
1665800 1094
1665810 1096
1665820 1096
1665830 1098
1665840 1099
1665850 1099
1665860 1100
1665870 1101
1665880 1101
1665890 1101
1665900 1102
1665910 1105
1665920 1105
1665930 1106
1665940 1108
1665950 1108
1665960 1109
1665970 1111
1665980 1111
1665990 1114
1666000 1117
1666010 1117
1666020 1120
1666030 1123
1666040 1123
1666050 1126
1666060 1128
1666070 1128
1666080 1129
1666090 1131
1666100 1131
1666110 1133
1666120 1135
1666130 1137
1666140 1137
1666150 1138
1666160 1139
1666170 1139
1666180 1140
1666190 1141
1666200 1141
1666210 1141
1666220 1140
1666230 1140
1666240 1141
1666250 1143
1666260 1143
1666270 1144
1666280 1145
1666290 1145
1666300 1147
1666310 1150
1666320 1150
1666330 1152
1666340 1153
1666350 1153
1666360 1156
1666370 1158
1666380 1160
1666390 1160
1666400 1160
1666410 1162
1666420 1162
1666430 1165
1666440 1166
1666450 1166
1666460 1166
1666470 1165
1666480 1165
1666490 1162
1666500 1160
1666510 1160
1666520 1157
1666530 1154
1666540 1154
1666550 1152
1666560 1151
1666570 1151
1666580 1150
1666590 1148
1666600 1148
1666610 1147
1666620 1146
1666630 1146
1666640 1144
1666650 1143
1666660 1142
1666670 1142
1666680 1141
1666690 1141
1666700 1141
1666710 1139
1666720 1137
1666730 1137
1666740 1135
1666750 1133
1666760 1133
1666770 1130
1666780 1127
1666790 1127
1666800 1124
1666810 1121
1666820 1121
1666830 1118
1666840 1116
1666850 1116
1666860 1114
1666870 1113
1666880 1113
1666890 1113
1666900 1112
1666910 1112
1666920 1112
1666930 1113
1666940 1115
1666950 1115
1666960 1115
1666970 1115
1666980 1115
1666990 1116
1667000 1116
1667010 1116
1667020 1116
1667030 1116
1667040 1116
1667050 1113
1667060 1107
1667070 1107
1667080 1106
1667090 1106
1667100 1106
1667110 1109
1667120 1111
1667130 1111
1667140 1113
1667150 1113
1667160 1116
1667170 1116
1667180 1119
1667190 1120
1667200 1120
1667210 1119
1667220 1120
1667230 1120
1667240 1121
1667250 1123
1667260 1123
1667270 1128
1667280 1131
1667290 1131
1667300 1132
1667310 1133
1667320 1133
1667330 1137
1667340 1142
1667350 1142
1667360 1142
1667370 1142
1667380 1142
1667390 1142
1667400 1151
1667410 1155
1667420 1155
1667430 1147
1667440 1153
1667450 1153
1667460 1149
1667470 1152
1667480 1152
1667490 1154
1667500 1154
1667510 1154
1667520 1156
1667530 1157
1667540 1157
1667550 1158
1667560 1159
1667570 1159
1667580 1160
1667590 1161
1667600 1161
1667610 1161
1667620 1163
1667630 1163
1667640 1165
1667650 1165
1667660 1165
1667670 1165
1667680 1165
1667690 1165
1667700 1165
1667710 1164
1667720 1164
1667730 1164
1667740 1163
1667750 1163
1667760 1163
1667770 1161
1667780 1161
1667790 1161
1667800 1161
1667810 1161
1667820 1161
1667830 1161
1667840 1162
1667850 1162
1667860 1162
1667870 1162
1667880 1162
1667890 1162
1667900 1167
1667910 1168
1667920 1168
1667930 1171
1667940 1176
1667950 1176
1667960 1181
1667970 1185
1667980 1185
1667990 1190
1668000 1195
1668010 1195
1668020 1201
1668030 1207
1668040 1207
1668050 1213
1668060 1220
1668070 1220
1668080 1226
1668090 1233
1668100 1233
1668110 1240
1668120 1246
1668130 1246
1668140 1252
1668150 1259
1668160 1259
1668170 1265
1668180 1271
1668190 1278
1668200 1278
1668210 1284
1668220 1291
1668230 1291
1668240 1297
1668250 1302
1668260 1302
1668270 1307
1668280 1312
1668290 1312
1668300 1317
1668310 1322
1668320 1322
1668330 1326
1668340 1332
1668350 1332
1668360 1337
1668370 1341
1668380 1341
1668390 1346
1668400 1349
1668410 1349
1668420 1353
1668430 1356
1668440 1359
1668450 1359
1668460 1363
1668470 1366
1668480 1366
1668490 1369
1668500 1372
1668510 1372
1668520 1376
1668530 1378
1668540 1378
1668550 1381
1668560 1384
1668570 1384
1668580 1386
1668590 1388
1668600 1388
1668610 1390
1668620 1392
1668630 1392
1668640 1394
1668650 1397
1668660 1397
1668670 1398
1668680 1401
1668690 1404
1668700 1404
1668710 1406
1668720 1409
1668730 1409
1668740 1411
1668750 1413
1668760 1413
1668770 1416
1668780 1418
1668790 1418
1668800 1420
1668810 1422
1668820 1422
1668830 1424
1668840 1426
1668850 1426
1668860 1428
1668870 1430
1668880 1430
1668890 1431
1668900 1432
1668910 1432
1668920 1433
1668930 1434
1668940 1434
1668950 1434
1668960 1435
1668970 1436
1668980 1436
1668990 1437
1669000 1438
1669010 1438
1669020 1439
1669030 1441
1669040 1441
1669050 1443
1669060 1445
1669070 1445
1669080 1448
1669090 1450
1669100 1450
1669110 1453
1669120 1455
1669130 1455
1669140 1458
1669150 1461
1669160 1461
1669170 1464
1669180 1467
1669190 1470
1669200 1470
1669210 1473
1669220 1475
1669230 1475
1669240 1478
1669250 1481
1669260 1481
1669270 1484
1669280 1487
1669290 1487
1669300 1491
1669310 1495
1669320 1495
1669330 1498
1669340 1502
1669350 1502
1669360 1505
1669370 1509
1669380 1509
1669390 1512
1669400 1516
1669410 1516
1669420 1519
1669430 1522
1669440 1526
1669450 1526
1669460 1529
1669470 1533
1669480 1533
1669490 1538
1669500 1543
1669510 1543
1669520 1547
1669530 1552
1669540 1552
1669550 1555
1669560 1559
1669570 1559
1669580 1563
1669590 1567
1669600 1567
1669610 1571
1669620 1574
1669630 1574
1669640 1578
1669650 1581
1669660 1581
1669670 1585
1669680 1588
1669690 1592
1669700 1592
1669710 1595
1669720 1598
1669730 1598
1669740 1601
1669750 1604
1669760 1604
1669770 1607
1669780 1609
1669790 1609
1669800 1612
1669810 1614
1669820 1614
1669830 1616
1669840 1618
1669850 1618
1669860 1620
1669870 1621
1669880 1621
1669890 1622
1669900 1623
1669910 1623
1669920 1623
1669930 1622
1669940 1622
1669950 1620
1669960 1618
1669970 1616
1669980 1616
1669990 1614
1670000 1612
1670010 1612
1670020 1609
1670030 1606
1670040 1606
1670050 1603
1670060 1600
1670070 1600
1670080 1597
1670090 1594
1670100 1594
1670110 1592
1670120 1589
1670130 1589
1670140 1587
1670150 1585
1670160 1585
1670170 1582
1670180 1580
1670190 1580
1670200 1578
1670210 1577
1670220 1576
1670230 1576
1670240 1575
1670250 1574
1670260 1574
1670270 1573
1670280 1571
1670290 1571
1670300 1570
1670310 1568
1670320 1568
1670330 1567
1670340 1565
1670350 1565
1670360 1564
1670370 1562
1670380 1562
1670390 1561
1670400 1561
1670410 1561
1670420 1560
1670430 1558
1670440 1558
1670450 1556
1670460 1553
1670470 1549
1670480 1549
1670490 1545
1670500 1549
1670510 1549
1670520 1551
1670530 1550
1670540 1550
1670550 1550
1670560 1551
1670570 1551
1670580 1553
1670590 1557
1670600 1557
1670610 1563
1670620 1567
1670630 1567
1670640 1570
1670650 1573
1670660 1573
1670670 1576
1670680 1580
1670690 1580
1670700 1583
1670710 1586
1670720 1588
1670730 1588
1670740 1590
1670750 1591
1670760 1591
1670770 1593
1670780 1595
1670790 1595
1670800 1596
1670810 1597
1670820 1597
1670830 1598
1670840 1600
1670850 1600
1670860 1601
1670870 1602
1670880 1602
1670890 1603
1670900 1604
1670910 1604
1670920 1605
1670930 1605
1670940 1605
1670950 1606
1670960 1607
1670970 1608
1670980 1608
1670990 1608
1671000 1608
1671010 1608
1671020 1608
1671030 1608
1671040 1608
1671050 1608
1671060 1608
1671070 1608
1671080 1606
1671090 1605
1671100 1605
1671110 1604
1671120 1602
1671130 1602
1671140 1599
1671150 1597
1671160 1597
1671170 1594
1671180 1590
1671190 1590
1671200 1585
1671210 1579
1671220 1574
1671230 1574
1671240 1567
1671250 1562
1671260 1562
1671270 1558
1671280 1553
1671290 1553
1671300 1552
1671310 1553
1671320 1553
1671330 1555
1671340 1557
1671350 1557
1671360 1559
1671370 1560
1671380 1560
1671390 1562
1671400 1564
1671410 1564
1671420 1566
1671430 1568
1671440 1568
1671450 1570
1671460 1572
1671470 1574
1671480 1574
1671490 1576
1671500 1578
1671510 1578
1671520 1579
1671530 1581
1671540 1581
1671550 1583
1671560 1584
1671570 1584
1671580 1585
1671590 1586
1671600 1586
1671610 1587
1671620 1587
1671630 1587
1671640 1586
1671650 1586
1671660 1586
1671670 1584
1671680 1582
1671690 1582
1671700 1577
1671710 1569
1671720 1569
1671730 1566
1671740 1557
1671750 1551
1671760 1551
1671770 1545
1671780 1539
1671790 1539
1671800 1534
1671810 1529
1671820 1529
1671830 1524
1671840 1518
1671850 1518
1671860 1513
1671870 1507
1671880 1507
1671890 1500
1671900 1494
1671910 1494
1671920 1488
1671930 1482
1671940 1482
1671950 1476
1671960 1470
1671970 1470
1671980 1466
1671990 1458
1672000 1452
1672010 1452
1672020 1446
1672030 1440
1672040 1440
1672050 1433
1672060 1427
1672070 1427
1672080 1421
1672090 1416
1672100 1416
1672110 1411
1672120 1406
1672130 1406
1672140 1401
1672150 1395
1672160 1395
1672170 1390
1672180 1384
1672190 1384
1672200 1381
1672210 1384
1672220 1384
1672230 1387
1672240 1389
1672250 1392
1672260 1392
1672270 1394
1672280 1395
1672290 1395
1672300 1397
1672310 1400
1672320 1400
1672330 1402
1672340 1406
1672350 1406
1672360 1409
1672370 1412
1672380 1412
1672390 1416
1672400 1420
1672410 1420
1672420 1424
1672430 1427
1672440 1427
1672450 1430
1672460 1433
1672470 1433
1672480 1438
1672490 1442
1672500 1446
1672510 1446
1672520 1449
1672530 1453
1672540 1453
1672550 1459
1672560 1464
1672570 1464
1672580 1469
1672590 1473
1672600 1473
1672610 1478
1672620 1483
1672630 1483
1672640 1488
1672650 1494
1672660 1494
1672670 1499
1672680 1503
1672690 1503
1672700 1508
1672710 1512
1672720 1512
1672730 1516
1672740 1521
1672750 1525
1672760 1525
1672770 1530
1672780 1534
1672790 1534
1672800 1539
1672810 1544
1672820 1544
1672830 1548
1672840 1552
1672850 1552
1672860 1556
1672870 1560
1672880 1560
1672890 1564
1672900 1568
1672910 1568
1672920 1572
1672930 1576
1672940 1576
1672950 1579
1672960 1584
1672970 1584
1672980 1587
1672990 1591
1673000 1593
1673010 1593
1673020 1597
1673030 1599
1673040 1599
1673050 1601
1673060 1601
1673070 1601
1673080 1601
1673090 1599
1673100 1599
1673110 1596
1673120 1592
1673130 1592
1673140 1589
1673150 1585
1673160 1585
1673170 1581
1673180 1577
1673190 1577
1673200 1574
1673210 1569
1673220 1569
1673230 1564
1673240 1560
1673250 1560
1673260 1555
1673270 1550
1673280 1544
1673290 1544
1673300 1539
1673310 1534
1673320 1534
1673330 1530
1673340 1527
1673350 1527
1673360 1523
1673370 1519
1673380 1519
1673390 1514
1673400 1510
1673410 1510
1673420 1506
1673430 1502
1673440 1502
1673450 1498
1673460 1494
1673470 1494
1673480 1489
1673490 1485
1673500 1485
1673510 1477
1673520 1473
1673530 1477
1673540 1477
1673550 1482
1673560 1489
1673570 1489
1673580 1495
1673590 1502
1673600 1502
1673610 1509
1673620 1517
1673630 1517
1673640 1524
1673650 1531
1673660 1531
1673670 1538
1673680 1545
1673690 1545
1673700 1551
1673710 1557
1673720 1557
1673730 1563
1673740 1569
1673750 1569
1673760 1575
1673770 1581
1673780 1587
1673790 1587
1673800 1593
1673810 1599
1673820 1599
1673830 1604
1673840 1610
1673850 1610
1673860 1615
1673870 1621
1673880 1621
1673890 1625
1673900 1628
1673910 1628
1673920 1629
1673930 1629
1673940 1629
1673950 1628
1673960 1626
1673970 1626
1673980 1622
1673990 1619
1674000 1619
1674010 1615
1674020 1612
1674030 1610
1674040 1610
1674050 1609
1674060 1607
1674070 1607
1674080 1605
1674090 1602
1674100 1602
1674110 1597
1674120 1591
1674130 1591
1674140 1587
1674150 1582
1674160 1582
1674170 1576
1674180 1571
1674190 1571
1674200 1566
1674210 1560
1674220 1560
1674230 1555
1674240 1549
1674250 1549
1674260 1546
1674270 1540
1674280 1533
1674290 1533
1674300 1526
1674310 1519
1674320 1519
1674330 1513
1674340 1507
1674350 1507
1674360 1501
1674370 1495
1674380 1495
1674390 1491
1674400 1487
1674410 1487
1674420 1482
1674430 1478
1674440 1478
1674450 1474
1674460 1469
1674470 1469
1674480 1464
1674490 1459
1674500 1459
1674510 1454
1674520 1450
1674530 1445
1674540 1445
1674550 1439
1674560 1434
1674570 1434
1674580 1429
1674590 1423
1674600 1423
1674610 1417
1674620 1411
1674630 1411
1674640 1405
1674650 1398
1674660 1398
1674670 1391
1674680 1384
1674690 1384
1674700 1377
1674710 1369
1674720 1369
1674730 1362
1674740 1361
1674750 1361
1674760 1360
1674770 1359
1674780 1358
1674790 1358
1674800 1353
1674810 1346
1674820 1346
1674830 1341
1674840 1335
1674850 1335
1674860 1329
1674870 1323
1674880 1323
1674890 1317
1674900 1311
1674910 1311
1674920 1305
1674930 1299
1674940 1299
1674950 1293
1674960 1287
1674970 1287
1674980 1282
1674990 1275
1675000 1275
1675010 1268
1675020 1260
1675030 1260
1675040 1252
1675050 1244
1675060 1236
1675070 1236
1675080 1227
1675090 1218
1675100 1218
1675110 1206
1675120 1196
1675130 1196
1675140 1192
1675150 1185
1675160 1185
1675170 1183
1675180 1183
1675190 1183
1675200 1181
1675210 1179
1675220 1179
1675230 1176
1675240 1170
1675250 1170
1675260 1166
1675270 1165
1675280 1165
1675290 1165
1675300 1166
1675310 1167
1675320 1167
1675330 1165
1675340 1163
1675350 1163
1675360 1162
1675370 1163
1675380 1163
1675390 1170
1675400 1178
1675410 1178
1675420 1184
1675430 1189
1675440 1189
1675450 1194
1675460 1200
1675470 1200
1675480 1206
1675490 1212
1675500 1212
1675510 1218
1675520 1224
1675530 1224
1675540 1230
1675550 1236
1675560 1241
1675570 1241
1675580 1246
1675590 1252
1675600 1252
1675610 1258
1675620 1263
1675630 1263
1675640 1268
1675650 1274
1675660 1274
1675670 1280
1675680 1286
1675690 1286
1675700 1292
1675710 1298
1675720 1298
1675730 1303
1675740 1309
1675750 1309
1675760 1314
1675770 1319
1675780 1319
1675790 1324
1675800 1328
1675810 1332
1675820 1332
1675830 1337
1675840 1341
1675850 1341
1675860 1345
1675870 1349
1675880 1349
1675890 1352
1675900 1355
1675910 1355
1675920 1357
1675930 1359
1675940 1359
1675950 1359
1675960 1359
1675970 1359
1675980 1359
1675990 1357
1676000 1357
1676010 1357
1676020 1355
1676030 1355
1676040 1358
1676050 1365
1676060 1373
1676070 1373
1676080 1384
1676090 1388
1676100 1388
1676110 1397
1676120 1406
1676130 1406
1676140 1414
1676150 1420
1676160 1420
1676170 1428
1676180 1435
1676190 1435
1676200 1443
1676210 1450
1676220 1450
1676230 1458
1676240 1467
1676250 1467
1676260 1474
1676270 1481
1676280 1481
1676290 1486
1676300 1492
1676310 1498
1676320 1498
1676330 1503
1676340 1509
1676350 1509
1676360 1515
1676370 1522
1676380 1522
1676390 1528
1676400 1534
1676410 1534
1676420 1541
1676430 1547
1676440 1547
1676450 1553
1676460 1558
1676470 1558
1676480 1563
1676490 1568
1676500 1568
1676510 1573
1676520 1578
1676530 1578
1676540 1581
1676550 1584
1676560 1584
1676570 1586
1676580 1588
1676590 1589
1676600 1589
1676610 1589
1676620 1589
1676630 1589
1676640 1588
1676650 1588
1676660 1588
1676670 1588
1676680 1586
1676690 1586
1676700 1584
1676710 1578
1676720 1578
1676730 1571
1676740 1564
1676750 1564
1676760 1557
1676770 1551
1676780 1551
1676790 1547
1676800 1546
1676810 1546
1676820 1543
1676830 1540
1676840 1539
1676850 1539
1676860 1536
1676870 1536
1676880 1536
1676890 1533
1676900 1524
1676910 1524
1676920 1513
1676930 1511
1676940 1511
1676950 1513
1676960 1517
1676970 1517
1676980 1523
1676990 1526
1677000 1526
1677010 1532
1677020 1540
1677030 1540
1677040 1545
1677050 1550
1677060 1550
1677070 1555
1677080 1559
1677090 1566
1677100 1566
1677110 1570
1677120 1575
1677130 1575
1677140 1581
1677150 1585
1677160 1585
1677170 1589
1677180 1595
1677190 1595
1677200 1600
1677210 1604
1677220 1604
1677230 1608
1677240 1611
1677250 1611
1677260 1614
1677270 1618
1677280 1618
1677290 1621
1677300 1624
1677310 1624
1677320 1627
1677330 1631
1677340 1634
1677350 1634
1677360 1636
1677370 1638
1677380 1638
1677390 1639
1677400 1641
1677410 1641
1677420 1643
1677430 1644
1677440 1644
1677450 1647
1677460 1648
1677470 1648
1677480 1649
1677490 1651
1677500 1651
1677510 1653
1677520 1654
1677530 1654
1677540 1657
1677550 1659
1677560 1659
1677570 1660
1677580 1660
1677590 1661
1677600 1661
1677610 1661
1677620 1661
1677630 1661
1677640 1661
1677650 1663
1677660 1663
1677670 1663
1677680 1664
1677690 1664
1677700 1665
1677710 1666
1677720 1666
1677730 1668
1677740 1668
1677750 1668
1677760 1668
1677770 1668
1677780 1668
1677790 1667
1677800 1665
1677810 1665
1677820 1661
1677830 1658
1677840 1653
1677850 1653
1677860 1648
1677870 1642
1677880 1642
1677890 1636
1677900 1630
1677910 1630
1677920 1626
1677930 1620
1677940 1620
1677950 1615
1677960 1610
1677970 1610
1677980 1605
1677990 1600
1678000 1600
1678010 1595
1678020 1591
1678030 1591
1678040 1586
1678050 1582
1678060 1582
1678070 1578
1678080 1574
1678090 1570
1678100 1570
1678110 1565
1678120 1561
1678130 1561
1678140 1555
1678150 1547
1678160 1547
1678170 1546
1678180 1544
1678190 1544
1678200 1541
1678210 1538
1678220 1538
1678230 1536
1678240 1533
1678250 1533
1678260 1531
1678270 1528
1678280 1528
1678290 1525
1678300 1522
1678310 1522
1678320 1520
1678330 1518
1678340 1518
1678350 1516
1678360 1515
1678370 1513
1678380 1513
1678390 1510
1678400 1507
1678410 1507
1678420 1505
1678430 1502
1678440 1502
1678450 1499
1678460 1496
1678470 1496
1678480 1492
1678490 1488
1678500 1488
1678510 1484
1678520 1480
1678530 1480
1678540 1474
1678550 1468
1678560 1468
1678570 1463
1678580 1458
1678590 1458
1678600 1454
1678610 1450
1678620 1445
1678630 1445
1678640 1440
1678650 1436
1678660 1436
1678670 1432
1678680 1429
1678690 1429
1678700 1427
1678710 1426
1678720 1426
1678730 1427
1678740 1430
1678750 1430
1678760 1432
1678770 1435
1678780 1435
1678790 1436
1678800 1437
1678810 1437
1678820 1439
1678830 1442
1678840 1442
1678850 1446
1678860 1449
1678870 1452
1678880 1452
1678890 1457
1678900 1461
1678910 1461
1678920 1465
1678930 1468
1678940 1468
1678950 1472
1678960 1476
1678970 1476
1678980 1481
1678990 1485
1679000 1485
1679010 1490
1679020 1494
1679030 1494
1679040 1498
1679050 1502
1679060 1502
1679070 1506
1679080 1510
1679090 1510
1679100 1515
1679110 1519
1679120 1524
1679130 1524
1679140 1528
1679150 1533
1679160 1533
1679170 1537
1679180 1542
1679190 1542
1679200 1546
1679210 1551
1679220 1551
1679230 1555
1679240 1559
1679250 1559
1679260 1564
1679270 1568
1679280 1568
1679290 1572
1679300 1577
1679310 1577
1679320 1581
1679330 1586
1679340 1586
1679350 1591
1679360 1595
1679370 1600
1679380 1600
1679390 1605
1679400 1610
1679410 1610
1679420 1613
1679430 1617
1679440 1617
1679450 1621
1679460 1625
1679470 1625
1679480 1630
1679490 1634
1679500 1634
1679510 1638
1679520 1641
1679530 1641
1679540 1645
1679550 1649
1679560 1649
1679570 1652
1679580 1656
1679590 1656
1679600 1659
1679610 1661
1679620 1664
1679630 1664
1679640 1667
1679650 1669
1679660 1669
1679670 1671
1679680 1673
1679690 1673
1679700 1674
1679710 1673
1679720 1673
1679730 1673
1679740 1672
1679750 1672
1679760 1671
1679770 1670
1679780 1670
1679790 1669
1679800 1668
1679810 1668
1679820 1667
1679830 1665
1679840 1665
1679850 1664
1679860 1663
1679870 1661
1679880 1661
1679890 1658
1679900 1655
1679910 1655
1679920 1652
1679930 1648
1679940 1648
1679950 1642
1679960 1637
1679970 1637
1679980 1631
1679990 1625
