1660000 598
1660010 598
1660020 598
1660030 598
1660040 598
1660050 598
1660060 599
1660070 599
1660080 599
1660090 599
1660100 596
1660110 596
1660120 596
1660130 596
1660140 596
1660150 596
1660160 597
1660170 597
1660180 603
1660190 603
1660200 603
1660210 602
1660220 603
1660230 605
1660240 605
1660250 605
1660260 605
1660270 605
1660280 604
1660290 604
1660300 604
1660310 604
1660320 604
1660330 604
1660340 604
1660350 605
1660360 605
1660370 605
1660380 606
1660390 606
1660400 607
1660410 608
1660420 608
1660430 609
1660440 609
1660450 609
1660460 609
1660470 609
1660480 609
1660490 609
1660500 609
1660510 609
1660520 609
1660530 609
1660540 609
1660550 609
1660560 610
1660570 610
1660580 610
1660590 610
1660600 611
1660610 611
1660620 612
1660630 613
1660640 613
1660650 614
1660660 616
1660670 616
1660680 618
1660690 621
1660700 621
1660710 623
1660720 624
1660730 624
1660740 625
1660750 626
1660760 629
1660770 629
1660780 634
1660790 639
1660800 639
1660810 644
1660820 649
1660830 649
1660840 654
1660850 659
1660860 659
1660870 664
1660880 670
1660890 670
1660900 675
1660910 681
1660920 681
1660930 686
1660940 692
1660950 692
1660960 698
1660970 703
1660980 703
1660990 707
1661000 709
1661010 709
1661020 709
1661030 710
1661040 709
1661050 709
1661060 710
1661070 710
1661080 710
1661090 709
1661100 709
1661110 709
1661120 707
1661130 705
1661140 705
1661150 704
1661160 703
1661170 703
1661180 702
1661190 701
1661200 701
1661210 700
1661220 699
1661230 699
1661240 699
1661250 698
1661260 697
1661270 697
1661280 697
1661290 694
1661300 694
1661310 691
1661320 693
1661330 693
1661340 689
1661350 687
1661360 687
1661370 692
1661380 695
1661390 695
1661400 697
1661410 697
1661420 697
1661430 699
1661440 699
1661450 699
1661460 699
1661470 699
1661480 699
1661490 699
1661500 699
1661510 698
1661520 698
1661530 697
1661540 694
1661550 694
1661560 687
1661570 692
1661580 692
1661590 691
1661600 692
1661610 692
1661620 693
1661630 693
1661640 693
1661650 691
1661660 688
1661670 688
1661680 692
1661690 689
1661700 689
1661710 689
1661720 688
1661730 688
1661740 689
1661750 685
1661760 685
1661770 686
1661780 689
1661790 694
1661800 694
1661810 697
1661820 698
1661830 698
1661840 703
1661850 707
1661860 707
1661870 709
1661880 712
1661890 712
1661900 716
1661910 721
1661920 721
1661930 725
1661940 730
1661950 730
1661960 730
1661970 736
1661980 736
1661990 743
1662000 748
1662010 748
1662020 755
1662030 761
1662040 768
1662050 768
1662060 775
1662070 781
1662080 781
1662090 789
1662100 795
1662110 795
1662120 800
1662130 804
1662140 804
1662150 808
1662160 813
1662170 813
1662180 817
1662190 821
1662200 821
1662210 826
1662220 830
1662230 830
1662240 834
1662250 838
1662260 838
1662270 840
1662280 841
1662290 841
1662300 841
1662310 841
1662320 843
1662330 843
1662340 841
1662350 840
1662360 840
1662370 843
1662380 845
1662390 845
1662400 846
1662410 848
1662420 848
1662430 848
1662440 849
1662450 849
1662460 851
1662470 852
1662480 852
1662490 855
1662500 860
1662510 860
1662520 866
1662530 872
1662540 878
1662550 878
1662560 885
1662570 891
1662580 891
1662590 897
1662600 903
1662610 903
1662620 909
1662630 914
1662640 914
1662650 918
1662660 922
1662670 922
1662680 927
1662690 931
1662700 931
1662710 936
1662720 939
1662730 939
1662740 939
1662750 936
1662760 936
1662770 933
1662780 930
1662790 929
1662800 929
1662810 927
1662820 925
1662830 925
1662840 924
1662850 923
1662860 923
1662870 923
1662880 924
1662890 924
1662900 925
1662910 929
1662920 929
1662930 933
1662940 936
1662950 936
1662960 940
1662970 942
1662980 942
1662990 943
1663000 942
1663010 942
1663020 940
1663030 937
1663040 937
1663050 933
1663060 929
1663070 924
1663080 924
1663090 921
1663100 917
1663110 917
1663120 916
1663130 915
1663140 915
1663150 917
1663160 920
1663170 920
1663180 923
1663190 924
1663200 924
1663210 929
1663220 932
1663230 932
1663240 934
1663250 932
1663260 932
1663270 927
1663280 922
1663290 922
1663300 918
1663310 911
1663320 905
1663330 905
1663340 899
1663350 893
1663360 893
1663370 887
1663380 880
1663390 880
1663400 873
1663410 867
1663420 867
1663430 861
1663440 857
1663450 857
1663460 854
1663470 852
1663480 852
1663490 847
1663500 843
1663510 843
1663520 840
1663530 834
1663540 834
1663550 830
1663560 828
1663570 831
1663580 831
1663590 833
1663600 837
1663610 837
1663620 838
1663630 838
1663640 838
1663650 839
1663660 840
1663670 840
1663680 840
1663690 841
1663700 841
1663710 842
1663720 842
1663730 842
1663740 843
1663750 845
1663760 845
1663770 846
1663780 847
1663790 847
1663800 849
1663810 849
1663820 849
1663830 849
1663840 848
1663850 847
1663860 847
1663870 845
1663880 842
1663890 842
1663900 840
1663910 838
1663920 838
1663930 835
1663940 833
1663950 833
1663960 830
1663970 828
1663980 828
1663990 826
1664000 824
1664010 824
1664020 822
1664030 820
1664040 820
1664050 824
1664060 832
1664070 838
1664080 838
1664090 843
1664100 850
1664110 850
1664120 856
1664130 862
1664140 862
1664150 867
1664160 873
1664170 873
1664180 873
1664190 869
1664200 869
1664210 867
1664220 870
1664230 870
1664240 873
1664250 877
1664260 877
1664270 881
1664280 886
1664290 886
1664300 891
1664310 896
1664320 902
1664330 902
1664340 906
1664350 911
1664360 911
1664370 916
1664380 922
1664390 922
1664400 927
1664410 933
1664420 933
1664430 938
1664440 944
1664450 944
1664460 949
1664470 955
1664480 955
1664490 959
1664500 962
1664510 962
1664520 964
1664530 963
1664540 963
1664550 958
1664560 958
1664570 958
1664580 960
1664590 966
1664600 972
1664610 972
1664620 975
1664630 980
1664640 980
1664650 984
1664660 988
1664670 988
1664680 992
1664690 995
1664700 995
1664710 999
1664720 1002
1664730 1002
1664740 1005
1664750 1008
1664760 1008
1664770 1011
1664780 1015
1664790 1015
1664800 1018
1664810 1022
1664820 1022
1664830 1025
1664840 1029
1664850 1032
1664860 1032
1664870 1035
1664880 1039
1664890 1039
1664900 1043
1664910 1046
1664920 1046
1664930 1050
1664940 1053
1664950 1053
1664960 1058
1664970 1059
1664980 1059
1664990 1065
1665000 1069
1665010 1069
1665020 1074
1665030 1079
1665040 1079
1665050 1084
1665060 1089
1665070 1089
1665080 1094
1665090 1100
1665100 1105
1665110 1105
1665120 1111
1665130 1115
1665140 1115
1665150 1120
1665160 1123
1665170 1123
1665180 1125
1665190 1128
1665200 1128
1665210 1130
1665220 1133
1665230 1133
1665240 1135
1665250 1137
1665260 1137
1665270 1139
1665280 1142
1665290 1142
1665300 1144
1665310 1147
1665320 1147
1665330 1149
1665340 1151
1665350 1154
1665360 1154
1665370 1157
1665380 1161
1665390 1161
1665400 1163
1665410 1166
1665420 1166
1665430 1168
1665440 1172
1665450 1172
1665460 1173
1665470 1176
1665480 1176
1665490 1181
1665500 1185
1665510 1185
1665520 1189
1665530 1191
1665540 1191
1665550 1194
1665560 1198
1665570 1198
1665580 1201
1665590 1205
1665600 1208
1665610 1208
1665620 1211
1665630 1215
1665640 1215
1665650 1218
1665660 1221
1665670 1221
1665680 1223
1665690 1227
1665700 1227
1665710 1229
1665720 1232
1665730 1232
1665740 1234
1665750 1236
1665760 1236
1665770 1238
1665780 1239
1665790 1239
1665800 1242
1665810 1243
1665820 1243
1665830 1245
1665840 1245
1665850 1245
1665860 1244
1665870 1240
1665880 1239
1665890 1239
1665900 1239
1665910 1238
1665920 1238
1665930 1236
1665940 1233
1665950 1233
1665960 1230
1665970 1230
1665980 1230
1665990 1231
1666000 1230
1666010 1230
1666020 1230
1666030 1225
1666040 1225
1666050 1222
1666060 1218
1666070 1218
1666080 1218
1666090 1218
1666100 1218
1666110 1225
1666120 1228
1666130 1230
1666140 1230
1666150 1232
1666160 1234
1666170 1234
1666180 1236
1666190 1241
1666200 1241
1666210 1244
1666220 1248
1666230 1248
1666240 1250
1666250 1252
1666260 1252
1666270 1254
1666280 1257
1666290 1257
1666300 1259
1666310 1258
1666320 1258
1666330 1258
1666340 1257
1666350 1257
1666360 1256
1666370 1256
1666380 1255
1666390 1255
1666400 1255
1666410 1256
1666420 1256
1666430 1259
1666440 1261
1666450 1261
1666460 1263
1666470 1264
1666480 1264
1666490 1266
1666500 1268
1666510 1268
1666520 1270
1666530 1270
1666540 1270
1666550 1271
1666560 1273
1666570 1273
1666580 1274
1666590 1276
1666600 1276
1666610 1281
1666620 1286
1666630 1291
1666640 1291
1666650 1296
1666660 1300
1666670 1300
1666680 1303
1666690 1307
1666700 1307
1666710 1310
1666720 1312
1666730 1312
1666740 1313
1666750 1316
1666760 1316
1666770 1318
1666780 1319
1666790 1319
1666800 1320
1666810 1322
1666820 1322
1666830 1323
1666840 1323
1666850 1323
1666860 1325
1666870 1328
1666880 1330
1666890 1330
1666900 1332
1666910 1332
1666920 1332
1666930 1332
1666940 1333
1666950 1333
1666960 1334
1666970 1335
1666980 1335
1666990 1335
1667000 1335
1667010 1335
1667020 1337
1667030 1339
1667040 1339
1667050 1340
1667060 1341
1667070 1341
1667080 1343
1667090 1344
1667100 1344
1667110 1346
1667120 1349
1667130 1349
1667140 1351
1667150 1354
1667160 1356
1667170 1356
1667180 1358
1667190 1360
1667200 1360
1667210 1362
1667220 1364
1667230 1364
1667240 1366
1667250 1368
1667260 1368
1667270 1369
1667280 1371
1667290 1371
1667300 1371
1667310 1372
1667320 1372
1667330 1373
1667340 1373
1667350 1373
1667360 1373
1667370 1373
1667380 1373
1667390 1373
1667400 1373
1667410 1372
1667420 1372
1667430 1371
1667440 1370
1667450 1370
1667460 1370
1667470 1369
1667480 1369
1667490 1368
1667500 1367
1667510 1367
1667520 1366
1667530 1366
1667540 1366
1667550 1365
1667560 1364
1667570 1364
1667580 1363
1667590 1362
1667600 1362
1667610 1361
1667620 1361
1667630 1361
1667640 1361
1667650 1360
1667660 1359
1667670 1359
1667680 1358
1667690 1356
1667700 1356
1667710 1355
1667720 1353
1667730 1353
1667740 1351
1667750 1350
1667760 1350
1667770 1348
1667780 1346
1667790 1346
1667800 1345
1667810 1344
1667820 1344
1667830 1342
1667840 1342
1667850 1342
1667860 1342
1667870 1341
1667880 1341
1667890 1341
1667900 1340
1667910 1340
1667920 1340
1667930 1340
1667940 1339
1667950 1339
1667960 1340
1667970 1340
1667980 1340
1667990 1339
1668000 1339
1668010 1339
1668020 1339
1668030 1338
1668040 1338
1668050 1338
1668060 1338
1668070 1338
1668080 1338
1668090 1338
1668100 1338
1668110 1339
1668120 1339
1668130 1339
1668140 1339
1668150 1339
1668160 1339
1668170 1339
1668180 1339
1668190 1339
1668200 1339
1668210 1339
1668220 1339
1668230 1339
1668240 1340
1668250 1340
1668260 1340
1668270 1341
1668280 1341
1668290 1341
1668300 1341
1668310 1341
1668320 1341
1668330 1341
1668340 1341
1668350 1341
1668360 1342
1668370 1342
1668380 1342
1668390 1343
1668400 1344
1668410 1345
1668420 1345
1668430 1345
1668440 1347
1668450 1347
1668460 1349
1668470 1351
1668480 1351
1668490 1353
1668500 1355
1668510 1355
1668520 1357
1668530 1359
1668540 1359
1668550 1364
1668560 1368
1668570 1368
1668580 1372
1668590 1376
1668600 1376
1668610 1380
1668620 1384
1668630 1384
1668640 1388
1668650 1392
1668660 1392
1668670 1395
1668680 1399
1668690 1402
1668700 1402
1668710 1406
1668720 1410
1668730 1410
1668740 1413
1668750 1416
1668760 1416
1668770 1420
1668780 1423
1668790 1423
1668800 1427
1668810 1431
1668820 1431
1668830 1435
1668840 1439
1668850 1439
1668860 1442
1668870 1446
1668880 1446
1668890 1449
1668900 1453
1668910 1453
1668920 1456
1668930 1460
1668940 1464
1668950 1464
1668960 1468
1668970 1471
1668980 1471
1668990 1475
1669000 1479
1669010 1479
1669020 1482
1669030 1485
1669040 1485
1669050 1488
1669060 1491
1669070 1491
1669080 1494
1669090 1497
1669100 1497
1669110 1501
1669120 1505
1669130 1505
1669140 1508
1669150 1512
1669160 1512
1669170 1513
1669180 1517
1669190 1521
1669200 1521
1669210 1524
1669220 1526
1669230 1526
1669240 1530
1669250 1533
1669260 1533
1669270 1536
1669280 1539
1669290 1539
1669300 1542
1669310 1545
1669320 1545
1669330 1548
1669340 1550
1669350 1550
1669360 1553
1669370 1555
1669380 1555
1669390 1558
1669400 1560
1669410 1560
1669420 1562
1669430 1564
1669440 1566
1669450 1566
1669460 1568
1669470 1570
1669480 1570
1669490 1571
1669500 1572
1669510 1572
1669520 1573
1669530 1574
1669540 1574
1669550 1574
1669560 1574
1669570 1574
1669580 1574
1669590 1574
1669600 1574
1669610 1573
1669620 1572
1669630 1572
1669640 1570
1669650 1568
1669660 1568
1669670 1566
1669680 1565
1669690 1563
1669700 1563
1669710 1561
1669720 1560
1669730 1560
1669740 1559
1669750 1558
1669760 1558
1669770 1558
1669780 1557
1669790 1557
1669800 1556
1669810 1555
1669820 1555
1669830 1553
1669840 1551
1669850 1551
1669860 1547
1669870 1544
1669880 1544
1669890 1540
1669900 1536
1669910 1536
1669920 1532
1669930 1528
1669940 1528
1669950 1524
1669960 1522
1669970 1519
1669980 1519
1669990 1516
1670000 1513
1670010 1513
1670020 1510
1670030 1507
1670040 1507
1670050 1504
1670060 1502
1670070 1502
1670080 1500
1670090 1497
1670100 1497
1670110 1495
1670120 1492
1670130 1492
1670140 1490
1670150 1487
1670160 1487
1670170 1485
1670180 1484
1670190 1484
1670200 1482
1670210 1479
1670220 1477
1670230 1477
1670240 1475
1670250 1473
1670260 1473
1670270 1470
1670280 1467
1670290 1467
1670300 1464
1670310 1461
1670320 1461
1670330 1457
1670340 1452
1670350 1452
1670360 1445
1670370 1440
1670380 1440
1670390 1433
1670400 1428
1670410 1428
1670420 1421
1670430 1416
1670440 1416
1670450 1411
1670460 1406
1670470 1402
1670480 1402
1670490 1400
1670500 1405
1670510 1405
1670520 1409
1670530 1413
1670540 1413
1670550 1417
1670560 1421
1670570 1421
1670580 1424
1670590 1426
1670600 1426
1670610 1429
1670620 1432
1670630 1432
1670640 1434
1670650 1436
1670660 1436
1670670 1437
1670680 1437
1670690 1437
1670700 1437
1670710 1435
1670720 1434
1670730 1434
1670740 1432
1670750 1429
1670760 1429
1670770 1424
1670780 1424
1670790 1424
1670800 1419
1670810 1416
1670820 1416
1670830 1416
1670840 1420
1670850 1420
1670860 1423
1670870 1425
1670880 1425
1670890 1426
1670900 1427
1670910 1427
1670920 1427
1670930 1428
1670940 1428
1670950 1430
1670960 1433
1670970 1436
1670980 1436
1670990 1438
1671000 1440
1671010 1440
1671020 1443
1671030 1446
1671040 1446
1671050 1449
1671060 1450
1671070 1450
1671080 1452
1671090 1454
1671100 1454
1671110 1455
1671120 1456
1671130 1456
1671140 1457
1671150 1459
1671160 1459
1671170 1460
1671180 1462
1671190 1462
1671200 1463
1671210 1463
1671220 1463
1671230 1463
1671240 1462
1671250 1464
1671260 1464
1671270 1467
1671280 1470
1671290 1470
1671300 1475
1671310 1480
1671320 1480
1671330 1485
1671340 1488
1671350 1488
1671360 1493
1671370 1497
1671380 1497
1671390 1502
1671400 1507
1671410 1507
1671420 1512
1671430 1517
1671440 1517
1671450 1522
1671460 1527
1671470 1527
1671480 1531
1671490 1536
1671500 1540
1671510 1540
1671520 1544
1671530 1548
1671540 1548
1671550 1552
1671560 1555
1671570 1555
1671580 1558
1671590 1561
1671600 1561
1671610 1563
1671620 1565
1671630 1565
1671640 1565
1671650 1563
1671660 1563
1671670 1559
1671680 1555
1671690 1555
1671700 1552
1671710 1547
1671720 1547
1671730 1544
1671740 1540
1671750 1537
1671760 1537
1671770 1533
1671780 1530
1671790 1530
1671800 1526
1671810 1524
1671820 1524
1671830 1521
1671840 1518
1671850 1518
1671860 1513
1671870 1508
1671880 1508
1671890 1501
1671900 1494
1671910 1494
1671920 1488
1671930 1480
1671940 1480
1671950 1472
1671960 1464
1671970 1464
1671980 1457
1671990 1450
1672000 1442
1672010 1442
1672020 1435
1672030 1427
1672040 1427
1672050 1420
1672060 1413
1672070 1413
1672080 1406
1672090 1399
1672100 1399
1672110 1393
1672120 1386
1672130 1386
1672140 1380
1672150 1373
1672160 1373
1672170 1368
1672180 1362
1672190 1362
1672200 1356
1672210 1351
1672220 1351
1672230 1346
1672240 1342
1672250 1337
1672260 1337
1672270 1334
1672280 1329
1672290 1329
1672300 1324
1672310 1320
1672320 1320
1672330 1314
1672340 1309
1672350 1309
1672360 1311
1672370 1317
1672380 1317
1672390 1321
1672400 1324
1672410 1324
1672420 1326
1672430 1328
1672440 1328
1672450 1331
1672460 1336
1672470 1336
1672480 1339
1672490 1343
1672500 1347
1672510 1347
1672520 1350
1672530 1354
1672540 1354
1672550 1358
1672560 1362
1672570 1362
1672580 1366
1672590 1370
1672600 1370
1672610 1374
1672620 1379
1672630 1379
1672640 1381
1672650 1385
1672660 1385
1672670 1388
1672680 1392
1672690 1392
1672700 1395
1672710 1398
1672720 1398
1672730 1401
1672740 1403
1672750 1403
1672760 1406
1672770 1408
1672780 1409
1672790 1409
1672800 1411
1672810 1412
1672820 1412
1672830 1413
1672840 1413
1672850 1413
1672860 1412
1672870 1411
1672880 1411
1672890 1410
1672900 1408
1672910 1408
1672920 1406
1672930 1404
1672940 1404
1672950 1402
1672960 1399
1672970 1399
1672980 1397
1672990 1396
1673000 1396
1673010 1393
1673020 1391
1673030 1392
1673040 1392
1673050 1392
1673060 1392
1673070 1392
1673080 1392
1673090 1391
1673100 1391
1673110 1391
1673120 1391
1673130 1391
1673140 1392
1673150 1392
1673160 1392
1673170 1393
1673180 1394
1673190 1394
1673200 1393
1673210 1393
1673220 1393
1673230 1392
1673240 1391
1673250 1391
1673260 1389
1673270 1386
1673280 1381
1673290 1381
1673300 1376
1673310 1370
1673320 1370
1673330 1364
1673340 1361
1673350 1361
1673360 1365
1673370 1373
1673380 1373
1673390 1380
1673400 1386
1673410 1386
1673420 1393
1673430 1401
1673440 1401
1673450 1405
1673460 1411
1673470 1411
1673480 1417
1673490 1422
1673500 1422
1673510 1427
1673520 1433
1673530 1439
1673540 1439
1673550 1445
1673560 1451
1673570 1451
1673580 1457
1673590 1463
1673600 1463
1673610 1470
1673620 1475
1673630 1475
1673640 1480
1673650 1486
1673660 1486
1673670 1493
1673680 1495
1673690 1495
1673700 1498
1673710 1500
1673720 1500
1673730 1500
1673740 1497
1673750 1497
1673760 1491
1673770 1486
1673780 1483
1673790 1483
1673800 1478
1673810 1476
1673820 1476
1673830 1477
1673840 1475
1673850 1475
1673860 1471
1673870 1470
1673880 1470
1673890 1466
1673900 1462
1673910 1462
1673920 1456
1673930 1449
1673940 1449
1673950 1444
1673960 1440
1673970 1440
1673980 1434
1673990 1428
1674000 1428
1674010 1423
1674020 1417
1674030 1417
1674040 1411
1674050 1406
1674060 1401
1674070 1401
1674080 1395
1674090 1390
1674100 1390
1674110 1384
1674120 1378
1674130 1378
1674140 1373
1674150 1366
1674160 1366
1674170 1361
1674180 1355
1674190 1355
1674200 1350
1674210 1344
1674220 1344
1674230 1339
1674240 1334
1674250 1334
1674260 1330
1674270 1321
1674280 1321
1674290 1322
1674300 1322
1674310 1320
1674320 1320
1674330 1320
1674340 1320
1674350 1320
1674360 1320
1674370 1321
1674380 1321
1674390 1322
1674400 1323
1674410 1323
1674420 1323
1674430 1324
1674440 1324
1674450 1326
1674460 1327
1674470 1327
1674480 1331
1674490 1332
1674500 1332
1674510 1332
1674520 1335
1674530 1335
1674540 1338
1674550 1339
1674560 1343
1674570 1343
1674580 1346
1674590 1349
1674600 1349
1674610 1351
1674620 1354
1674630 1354
1674640 1357
1674650 1361
1674660 1361
1674670 1362
1674680 1364
1674690 1364
1674700 1366
1674710 1367
1674720 1367
1674730 1365
1674740 1363
1674750 1363
1674760 1363
1674770 1358
1674780 1358
1674790 1353
1674800 1347
1674810 1342
1674820 1342
1674830 1336
1674840 1330
1674850 1330
1674860 1324
1674870 1318
1674880 1318
1674890 1313
1674900 1308
1674910 1308
1674920 1303
1674930 1299
1674940 1299
1674950 1294
1674960 1290
1674970 1290
1674980 1285
1674990 1279
1675000 1279
1675010 1275
1675020 1269
1675030 1269
1675040 1262
1675050 1256
1675060 1251
1675070 1251
1675080 1245
1675090 1239
1675100 1239
1675110 1233
1675120 1227
1675130 1227
1675140 1221
1675150 1214
1675160 1214
1675170 1207
1675180 1201
1675190 1201
1675200 1194
1675210 1188
1675220 1188
1675230 1181
1675240 1174
1675250 1174
1675260 1167
1675270 1161
1675280 1161
1675290 1155
1675300 1148
1675310 1148
1675320 1142
1675330 1137
1675340 1132
1675350 1132
1675360 1127
1675370 1122
1675380 1122
1675390 1117
1675400 1112
1675410 1112
1675420 1106
1675430 1097
1675440 1097
1675450 1093
1675460 1095
1675470 1095
1675480 1096
1675490 1095
1675500 1095
1675510 1096
1675520 1096
1675530 1096
1675540 1097
1675550 1103
1675560 1103
1675570 1109
1675580 1116
1675590 1122
1675600 1122
1675610 1128
1675620 1133
1675630 1133
1675640 1139
1675650 1144
1675660 1144
1675670 1150
1675680 1156
1675690 1156
1675700 1162
1675710 1169
1675720 1169
1675730 1175
1675740 1182
1675750 1182
1675760 1189
1675770 1195
1675780 1195
1675790 1202
1675800 1208
1675810 1208
1675820 1214
1675830 1221
1675840 1228
1675850 1228
1675860 1235
1675870 1241
1675880 1241
1675890 1248
1675900 1255
1675910 1255
1675920 1261
1675930 1267
1675940 1267
1675950 1274
1675960 1280
1675970 1280
1675980 1285
1675990 1291
1676000 1291
1676010 1295
1676020 1299
1676030 1299
1676040 1301
1676050 1300
1676060 1300
1676070 1299
1676080 1298
1676090 1297
1676100 1297
1676110 1296
1676120 1295
1676130 1295
1676140 1292
1676150 1291
1676160 1291
1676170 1289
1676180 1287
1676190 1287
1676200 1283
1676210 1280
1676220 1280
1676230 1278
1676240 1276
1676250 1276
1676260 1274
1676270 1273
1676280 1273
1676290 1275
1676300 1276
1676310 1276
1676320 1275
1676330 1272
1676340 1269
1676350 1269
1676360 1274
1676370 1277
1676380 1277
1676390 1278
1676400 1279
1676410 1279
1676420 1279
1676430 1279
1676440 1279
1676450 1279
1676460 1279
1676470 1279
1676480 1279
1676490 1280
1676500 1280
1676510 1281
1676520 1283
1676530 1283
1676540 1284
1676550 1285
1676560 1285
1676570 1286
1676580 1285
1676590 1285
1676600 1285
1676610 1284
1676620 1281
1676630 1281
1676640 1282
1676650 1275
1676660 1275
1676670 1271
1676680 1279
1676690 1279
1676700 1275
1676710 1273
1676720 1273
1676730 1275
1676740 1286
1676750 1286
1676760 1294
1676770 1299
1676780 1299
1676790 1305
1676800 1312
1676810 1312
1676820 1318
1676830 1323
1676840 1323
1676850 1329
1676860 1335
1676870 1342
1676880 1342
1676890 1347
1676900 1353
1676910 1353
1676920 1359
1676930 1367
1676940 1367
1676950 1375
1676960 1381
1676970 1381
1676980 1388
1676990 1394
1677000 1394
1677010 1400
1677020 1407
1677030 1407
1677040 1413
1677050 1419
1677060 1419
1677070 1425
1677080 1432
1677090 1432
1677100 1438
1677110 1444
1677120 1450
1677130 1450
1677140 1457
1677150 1463
1677160 1463
1677170 1470
1677180 1476
1677190 1476
1677200 1482
1677210 1488
1677220 1488
1677230 1494
1677240 1499
1677250 1499
1677260 1504
1677270 1510
1677280 1510
1677290 1515
1677300 1521
1677310 1521
1677320 1527
1677330 1533
1677340 1533
1677350 1538
1677360 1544
1677370 1549
1677380 1549
1677390 1554
1677400 1559
1677410 1559
1677420 1565
1677430 1570
1677440 1570
1677450 1575
1677460 1580
1677470 1580
1677480 1584
1677490 1587
1677500 1587
1677510 1591
1677520 1595
1677530 1595
1677540 1598
1677550 1601
1677560 1601
1677570 1603
1677580 1606
1677590 1606
1677600 1608
1677610 1609
1677620 1610
1677630 1610
1677640 1610
1677650 1609
1677660 1609
1677670 1607
1677680 1605
1677690 1605
1677700 1601
1677710 1599
1677720 1599
1677730 1597
1677740 1595
1677750 1595
1677760 1593
1677770 1592
1677780 1592
1677790 1590
1677800 1587
1677810 1587
1677820 1585
1677830 1582
1677840 1582
1677850 1579
1677860 1576
1677870 1571
1677880 1571
1677890 1568
1677900 1564
1677910 1564
1677920 1559
1677930 1554
1677940 1554
1677950 1549
1677960 1543
1677970 1543
1677980 1538
1677990 1534
1678000 1534
1678010 1528
1678020 1523
1678030 1523
1678040 1518
1678050 1514
1678060 1514
1678070 1510
1678080 1506
1678090 1506
1678100 1503
1678110 1500
1678120 1500
1678130 1497
1678140 1494
1678150 1490
1678160 1490
1678170 1486
1678180 1482
1678190 1482
1678200 1478
1678210 1474
1678220 1474
1678230 1468
1678240 1464
1678250 1464
1678260 1460
1678270 1456
1678280 1456
1678290 1453
1678300 1449
1678310 1449
1678320 1444
1678330 1439
1678340 1439
1678350 1433
1678360 1428
1678370 1428
1678380 1421
1678390 1415
1678400 1409
1678410 1409
1678420 1403
1678430 1397
1678440 1397
1678450 1394
1678460 1389
1678470 1389
1678480 1383
1678490 1379
1678500 1379
1678510 1375
1678520 1370
1678530 1370
1678540 1365
1678550 1364
1678560 1364
1678570 1361
1678580 1362
1678590 1362
1678600 1361
1678610 1361
1678620 1361
1678630 1363
1678640 1366
1678650 1371
1678660 1371
1678670 1376
1678680 1380
1678690 1380
1678700 1385
1678710 1389
1678720 1389
1678730 1394
1678740 1400
1678750 1400
1678760 1406
1678770 1411
1678780 1411
1678790 1416
1678800 1421
1678810 1421
1678820 1427
1678830 1432
1678840 1432
1678850 1438
1678860 1443
1678870 1443
1678880 1450
1678890 1456
1678900 1462
1678910 1462
1678920 1468
1678930 1475
1678940 1475
1678950 1481
1678960 1487
1678970 1487
1678980 1493
1678990 1499
1679000 1499
1679010 1505
1679020 1511
1679030 1511
1679040 1517
1679050 1523
1679060 1523
1679070 1529
1679080 1536
1679090 1536
1679100 1541
1679110 1547
1679120 1547
1679130 1553
1679140 1559
1679150 1566
1679160 1566
1679170 1573
1679180 1579
1679190 1579
1679200 1585
1679210 1590
1679220 1590
1679230 1596
1679240 1602
1679250 1602
1679260 1609
1679270 1614
1679280 1614
1679290 1620
1679300 1626
1679310 1626
1679320 1632
1679330 1637
1679340 1637
1679350 1643
1679360 1648
1679370 1648
1679380 1653
1679390 1659
1679400 1659
1679410 1665
1679420 1670
1679430 1675
1679440 1675
1679450 1681
1679460 1685
1679470 1685
1679480 1689
1679490 1693
1679500 1693
1679510 1698
1679520 1702
1679530 1702
1679540 1706
1679550 1712
1679560 1712
1679570 1717
1679580 1721
1679590 1721
1679600 1725
1679610 1729
1679620 1729
1679630 1734
1679640 1738
1679650 1738
1679660 1742
1679670 1746
1679680 1750
1679690 1750
1679700 1754
1679710 1758
1679720 1758
1679730 1762
1679740 1765
1679750 1765
1679760 1769
1679770 1773
1679780 1773
1679790 1775
1679800 1777
1679810 1777
1679820 1781
1679830 1783
1679840 1783
1679850 1786
1679860 1788
1679870 1788
1679880 1791
1679890 1793
1679900 1793
1679910 1795
1679920 1796
1679930 1797
1679940 1797
1679950 1797
1679960 1796
1679970 1796
1679980 1794
1679990 1792
