1660000 802
1660010 806
1660020 810
1660030 810
1660040 814
1660050 817
1660060 817
1660070 820
1660080 825
1660090 825
1660100 830
1660110 833
1660120 833
1660130 838
1660140 841
1660150 841
1660160 844
1660170 848
1660180 848
1660190 851
1660200 854
1660210 857
1660220 857
1660230 862
1660240 866
1660250 866
1660260 871
1660270 875
1660280 875
1660290 878
1660300 880
1660310 880
1660320 881
1660330 879
1660340 879
1660350 875
1660360 871
1660370 871
1660380 867
1660390 862
1660400 862
1660410 857
1660420 854
1660430 854
1660440 850
1660450 847
1660460 844
1660470 844
1660480 843
1660490 845
1660500 845
1660510 847
1660520 851
1660530 851
1660540 855
1660550 860
1660560 860
1660570 863
1660580 867
1660590 867
1660600 871
1660610 873
1660620 873
1660630 878
1660640 881
1660650 881
1660660 884
1660670 887
1660680 887
1660690 889
1660700 889
1660710 888
1660720 888
1660730 885
1660740 881
1660750 881
1660760 880
1660770 878
1660780 878
1660790 877
1660800 877
1660810 877
1660820 877
1660830 879
1660840 879
1660850 882
1660860 885
1660870 885
1660880 888
1660890 892
1660900 892
1660910 895
1660920 897
1660930 897
1660940 898
1660950 900
1660960 900
1660970 900
1660980 900
1660990 899
1661000 899
1661010 898
1661020 897
1661030 897
1661040 896
1661050 894
1661060 894
1661070 892
1661080 889
1661090 889
1661100 887
1661110 885
1661120 885
1661130 885
1661140 886
1661150 886
1661160 887
1661170 890
1661180 890
1661190 893
1661200 896
1661210 896
1661220 898
1661230 900
1661240 901
1661250 901
1661260 903
1661270 904
1661280 904
1661290 904
1661300 905
1661310 905
1661320 905
1661330 904
1661340 904
1661350 899
1661360 894
1661370 894
1661380 890
1661390 886
1661400 886
1661410 881
1661420 877
1661430 877
1661440 872
1661450 867
1661460 867
1661470 862
1661480 858
1661490 858
1661500 853
1661510 848
1661520 843
1661530 843
1661540 839
1661550 833
1661560 833
1661570 827
1661580 824
1661590 824
1661600 822
1661610 819
1661620 819
1661630 815
1661640 818
1661650 818
1661660 822
1661670 825
1661680 825
1661690 827
1661700 827
1661710 827
1661720 827
1661730 824
1661740 824
1661750 820
1661760 821
1661770 826
1661780 826
1661790 830
1661800 830
1661810 830
1661820 827
1661830 824
1661840 824
1661850 823
1661860 823
1661870 823
1661880 821
1661890 823
1661900 823
1661910 827
1661920 829
1661930 829
1661940 831
1661950 831
1661960 831
1661970 829
1661980 824
1661990 824
1662000 818
1662010 813
1662020 813
1662030 807
1662040 801
1662050 798
1662060 798
1662070 798
1662080 801
1662090 801
1662100 804
1662110 803
1662120 803
1662130 799
1662140 796
1662150 796
1662160 794
1662170 792
1662180 792
1662190 792
1662200 792
1662210 792
1662220 791
1662230 787
1662240 787
1662250 782
1662260 777
1662270 777
1662280 773
1662290 768
1662300 764
1662310 764
1662320 759
1662330 755
1662340 755
1662350 750
1662360 746
1662370 746
1662380 741
1662390 737
1662400 737
1662410 732
1662420 727
1662430 727
1662440 723
1662450 718
1662460 718
1662470 713
1662480 709
1662490 709
1662500 704
1662510 699
1662520 699
1662530 694
1662540 689
1662550 689
1662560 684
1662570 678
1662580 674
1662590 674
1662600 669
1662610 663
1662620 663
1662630 657
1662640 654
1662650 654
1662660 653
1662670 657
1662680 657
1662690 660
1662700 665
1662710 665
1662720 667
1662730 672
1662740 672
1662750 676
1662760 680
1662770 680
1662780 684
1662790 688
1662800 688
1662810 692
1662820 691
1662830 688
1662840 688
1662850 684
1662860 679
1662870 679
1662880 674
1662890 670
1662900 670
1662910 666
1662920 661
1662930 661
1662940 657
1662950 652
1662960 652
1662970 648
1662980 640
1662990 640
1663000 640
1663010 637
1663020 637
1663030 631
1663040 626
1663050 626
1663060 622
1663070 617
1663080 617
1663090 613
1663100 609
1663110 605
1663120 605
1663130 600
1663140 592
1663150 592
1663160 592
1663170 591
1663180 591
1663190 591
1663200 591
1663210 591
1663220 589
1663230 590
1663240 590
1663250 588
1663260 588
1663270 588
1663280 588
1663290 588
1663300 588
1663310 588
1663320 588
1663330 588
1663340 588
1663350 588
1663360 588
1663370 588
1663380 588
1663390 588
1663400 588
1663410 588
1663420 588
1663430 588
1663440 588
1663450 588
1663460 588
1663470 588
1663480 585
1663490 585
1663500 585
1663510 585
1663520 585
1663530 585
1663540 585
1663550 585
1663560 585
1663570 586
1663580 586
1663590 589
1663600 590
1663610 590
1663620 594
1663630 602
1663640 600
1663650 600
1663660 605
1663670 620
1663680 620
1663690 630
1663700 642
1663710 642
1663720 650
1663730 655
1663740 655
1663750 663
1663760 670
1663770 670
1663780 677
1663790 683
1663800 683
1663810 690
1663820 700
1663830 700
1663840 709
1663850 716
1663860 716
1663870 725
1663880 737
1663890 743
1663900 743
1663910 738
1663920 738
1663930 738
1663940 738
1663950 738
1663960 738
1663970 738
1663980 738
1663990 738
1664000 738
1664010 738
1664020 738
1664030 738
1664040 738
1664050 738
1664060 738
1664070 738
1664080 738
1664090 738
1664100 738
1664110 738
1664120 738
1664130 739
1664140 739
1664150 738
1664160 756
1664170 766
1664180 766
1664190 765
1664200 764
1664210 764
1664220 766
1664230 767
1664240 767
1664250 767
1664260 767
1664270 767
1664280 769
1664290 770
1664300 770
1664310 771
1664320 771
1664330 771
1664340 771
1664350 770
1664360 770
1664370 768
1664380 767
1664390 767
1664400 764
1664410 761
1664420 759
1664430 759
1664440 756
1664450 754
1664460 754
1664470 751
1664480 750
1664490 750
1664500 750
1664510 751
1664520 751
1664530 753
1664540 754
1664550 754
1664560 754
1664570 752
1664580 752
1664590 754
1664600 755
1664610 755
1664620 755
1664630 755
1664640 755
1664650 754
1664660 753
1664670 750
1664680 750
1664690 749
1664700 748
1664710 748
1664720 748
1664730 749
1664740 749
1664750 749
1664760 749
1664770 749
1664780 752
1664790 755
1664800 755
1664810 755
1664820 754
1664830 754
1664840 754
1664850 756
1664860 756
1664870 758
1664880 761
1664890 761
1664900 759
1664910 760
1664920 760
1664930 762
1664940 765
1664950 766
1664960 766
1664970 767
1664980 772
1664990 772
1665000 774
1665010 775
1665020 775
1665030 781
1665040 785
1665050 785
1665060 789
1665070 795
1665080 795
1665090 797
1665100 802
1665110 802
1665120 810
1665130 817
1665140 817
1665150 825
1665160 833
1665170 833
1665180 834
1665190 837
1665200 844
1665210 844
1665220 849
1665230 851
1665240 851
1665250 853
1665260 856
1665270 856
1665280 863
1665290 869
1665300 869
1665310 877
1665320 883
1665330 883
1665340 889
1665350 896
1665360 896
1665370 903
1665380 911
1665390 911
1665400 908
1665410 902
1665420 902
1665430 897
1665440 892
1665450 892
1665460 888
1665470 883
1665480 878
1665490 878
1665500 874
1665510 870
1665520 870
1665530 868
1665540 866
1665550 866
1665560 865
1665570 863
1665580 863
1665590 861
1665600 860
1665610 860
1665620 862
1665630 867
1665640 867
1665650 872
1665660 876
1665670 876
1665680 882
1665690 887
1665700 887
1665710 891
1665720 896
1665730 895
1665740 895
1665750 891
1665760 887
1665770 887
1665780 885
1665790 882
1665800 882
1665810 878
1665820 875
1665830 875
1665840 873
1665850 876
1665860 876
1665870 881
1665880 884
1665890 884
1665900 887
1665910 886
1665920 886
1665930 881
1665940 874
1665950 874
1665960 868
1665970 863
1665980 863
1665990 858
1666000 855
1666010 850
1666020 850
1666030 855
1666040 858
1666050 858
1666060 864
1666070 868
1666080 868
1666090 873
1666100 879
1666110 879
1666120 885
1666130 890
1666140 890
1666150 895
1666160 899
1666170 899
1666180 900
1666190 898
1666200 898
1666210 896
1666220 894
1666230 894
1666240 893
1666250 890
1666260 887
1666270 887
1666280 884
1666290 878
1666300 878
1666310 871
1666320 864
1666330 864
1666340 859
1666350 853
1666360 853
1666370 848
1666380 844
1666390 844
1666400 839
1666410 834
1666420 834
1666430 829
1666440 824
1666450 824
1666460 817
1666470 810
1666480 810
1666490 817
1666500 823
1666510 823
1666520 829
1666530 831
1666540 826
1666550 826
1666560 821
1666570 816
1666580 816
1666590 813
1666600 809
1666610 809
1666620 809
1666630 813
1666640 813
1666650 819
1666660 824
1666670 824
1666680 829
1666690 834
1666700 834
1666710 839
1666720 844
1666730 844
1666740 849
1666750 853
1666760 853
1666770 857
1666780 862
1666790 867
1666800 867
1666810 872
1666820 878
1666830 878
1666840 882
1666850 886
1666860 886
1666870 887
1666880 890
1666890 890
1666900 890
1666910 887
1666920 887
1666930 885
1666940 883
1666950 883
1666960 881
1666970 879
1666980 879
1666990 878
1667000 876
1667010 876
1667020 875
1667030 874
1667040 874
1667050 873
1667060 871
1667070 870
1667080 870
1667090 868
1667100 867
1667110 867
1667120 865
1667130 864
1667140 864
1667150 862
1667160 861
1667170 861
1667180 859
1667190 857
1667200 857
1667210 857
1667220 857
1667230 857
1667240 856
1667250 855
1667260 855
1667270 854
1667280 853
1667290 853
1667300 852
1667310 850
1667320 849
1667330 849
1667340 848
1667350 847
1667360 847
1667370 845
1667380 844
1667390 844
1667400 842
1667410 841
1667420 841
1667430 838
1667440 836
1667450 836
1667460 832
1667470 833
1667480 833
1667490 840
1667500 845
1667510 845
1667520 846
1667530 842
1667540 842
1667550 838
1667560 833
1667570 833
1667580 828
1667590 825
1667600 823
1667610 823
1667620 823
1667630 828
1667640 828
1667650 832
1667660 836
1667670 836
1667680 839
1667690 843
1667700 843
1667710 846
1667720 849
1667730 849
1667740 852
1667750 855
1667760 855
1667770 858
1667780 862
1667790 862
1667800 865
1667810 867
1667820 867
1667830 870
1667840 872
1667850 875
1667860 875
1667870 877
1667880 879
1667890 879
1667900 881
1667910 883
1667920 883
1667930 885
1667940 886
1667950 886
1667960 887
1667970 888
1667980 888
1667990 888
1668000 889
1668010 889
1668020 890
1668030 890
1668040 890
1668050 892
1668060 895
1668070 895
1668080 897
1668090 899
1668100 899
1668110 902
1668120 905
1668130 906
1668140 906
1668150 908
1668160 911
1668170 911
1668180 913
1668190 915
1668200 915
1668210 917
1668220 918
1668230 918
1668240 920
1668250 920
1668260 920
1668270 916
1668280 910
1668290 910
1668300 905
1668310 899
1668320 899
1668330 895
1668340 890
1668350 890
1668360 885
1668370 881
1668380 878
1668390 878
1668400 874
1668410 869
1668420 869
1668430 865
1668440 861
1668450 861
1668460 858
1668470 852
1668480 852
1668490 848
1668500 845
1668510 845
1668520 842
1668530 838
1668540 838
1668550 836
1668560 833
1668570 833
1668580 830
1668590 824
1668600 824
1668610 817
1668620 814
1668630 811
1668640 811
1668650 808
1668660 803
1668670 803
1668680 799
1668690 791
1668700 791
1668710 787
1668720 785
1668730 785
1668740 784
1668750 780
1668760 780
1668770 780
1668780 781
1668790 781
1668800 781
1668810 782
1668820 782
1668830 782
1668840 781
1668850 781
1668860 782
1668870 784
1668880 784
1668890 787
1668900 791
1668910 795
1668920 795
1668930 799
1668940 803
1668950 803
1668960 807
1668970 810
1668980 810
1668990 813
1669000 816
1669010 816
1669020 818
1669030 821
1669040 821
1669050 824
1669060 827
1669070 827
1669080 831
1669090 836
1669100 836
1669110 841
1669120 845
1669130 845
1669140 854
1669150 861
1669160 867
1669170 867
1669180 874
1669190 879
1669200 879
1669210 885
1669220 890
1669230 890
1669240 895
1669250 899
1669260 899
1669270 904
1669280 907
1669290 907
1669300 908
1669310 908
1669320 908
1669330 908
1669340 909
1669350 909
1669360 911
1669370 913
1669380 913
1669390 915
1669400 918
1669410 918
1669420 922
1669430 926
1669440 930
1669450 930
1669460 934
1669470 938
1669480 938
1669490 942
1669500 946
1669510 946
1669520 951
1669530 955
1669540 955
1669550 960
1669560 965
1669570 965
1669580 971
1669590 977
1669600 977
1669610 982
1669620 988
1669630 988
1669640 993
1669650 996
1669660 996
1669670 995
1669680 992
1669690 988
1669700 988
1669710 984
1669720 983
1669730 983
1669740 984
1669750 983
1669760 983
1669770 983
1669780 983
1669790 983
1669800 985
1669810 988
1669820 988
1669830 992
1669840 996
1669850 996
1669860 1001
1669870 1005
1669880 1005
1669890 1011
1669900 1016
1669910 1016
1669920 1022
1669930 1026
1669940 1026
1669950 1030
1669960 1033
1669970 1032
1669980 1032
1669990 1027
1670000 1022
1670010 1022
1670020 1017
1670030 1014
1670040 1014
1670050 1011
1670060 1006
1670070 1006
1670080 999
1670090 993
1670100 993
1670110 989
1670120 982
1670130 982
1670140 977
1670150 970
1670160 970
1670170 966
1670180 961
1670190 961
1670200 955
1670210 951
1670220 945
1670230 945
1670240 940
1670250 935
1670260 935
1670270 930
1670280 925
1670290 925
1670300 922
1670310 919
1670320 919
1670330 916
1670340 913
1670350 913
1670360 910
1670370 907
1670380 907
1670390 903
1670400 899
1670410 899
1670420 895
1670430 892
1670440 892
1670450 887
1670460 883
1670470 883
1670480 880
1670490 877
1670500 872
1670510 872
1670520 869
1670530 864
1670540 864
1670550 861
1670560 856
1670570 856
1670580 848
1670590 845
1670600 845
1670610 845
1670620 841
1670630 841
1670640 841
1670650 838
1670660 838
1670670 833
1670680 831
1670690 831
1670700 835
1670710 837
1670720 837
1670730 836
1670740 834
1670750 832
1670760 832
1670770 831
1670780 831
1670790 831
1670800 829
1670810 827
1670820 827
1670830 824
1670840 821
1670850 821
1670860 818
1670870 814
1670880 814
1670890 808
1670900 801
1670910 801
1670920 793
1670930 786
1670940 786
1670950 782
1670960 777
1670970 777
1670980 772
1670990 765
1671000 765
1671010 759
1671020 756
1671030 755
1671040 755
1671050 752
1671060 752
1671070 752
1671080 758
1671090 766
1671100 766
1671110 768
1671120 770
1671130 770
1671140 772
1671150 774
1671160 774
1671170 774
1671180 775
1671190 775
1671200 775
1671210 775
1671220 775
1671230 775
1671240 775
1671250 775
1671260 775
1671270 775
1671280 773
1671290 773
1671300 770
1671310 767
1671320 767
1671330 765
1671340 761
1671350 761
1671360 758
1671370 761
1671380 761
1671390 764
1671400 767
1671410 767
1671420 764
1671430 760
1671440 760
1671450 755
1671460 751
1671470 751
1671480 747
1671490 744
1671500 744
1671510 741
1671520 738
1671530 738
1671540 737
1671550 737
1671560 736
1671570 736
1671580 735
1671590 736
1671600 736
1671610 736
1671620 735
1671630 735
1671640 737
1671650 737
1671660 737
1671670 737
1671680 738
1671690 738
1671700 738
1671710 738
1671720 738
1671730 739
1671740 738
1671750 738
1671760 738
1671770 739
1671780 739
1671790 740
1671800 741
1671810 741
1671820 741
1671830 742
1671840 743
1671850 743
1671860 743
1671870 743
1671880 743
1671890 744
1671900 745
1671910 745
1671920 745
1671930 746
1671940 746
1671950 747
1671960 747
1671970 747
1671980 747
1671990 748
1672000 748
1672010 748
1672020 748
1672030 748
1672040 748
1672050 748
1672060 749
1672070 749
1672080 750
1672090 750
1672100 750
1672110 750
1672120 749
1672130 749
1672140 750
1672150 752
1672160 752
1672170 752
1672180 753
1672190 753
1672200 754
1672210 754
1672220 754
1672230 755
1672240 755
1672250 755
1672260 756
1672270 755
1672280 755
1672290 754
1672300 755
1672310 755
1672320 755
1672330 756
1672340 756
1672350 756
1672360 756
1672370 756
1672380 756
1672390 757
1672400 757
1672410 757
1672420 758
1672430 764
1672440 764
1672450 773
1672460 775
1672470 775
1672480 776
1672490 777
1672500 777
1672510 777
1672520 777
1672530 777
1672540 777
1672550 777
1672560 777
1672570 778
1672580 778
1672590 779
1672600 779
1672610 780
1672620 780
1672630 780
1672640 780
1672650 781
1672660 781
1672670 782
1672680 782
1672690 782
1672700 782
1672710 782
1672720 782
1672730 782
1672740 782
1672750 782
1672760 783
1672770 783
1672780 783
1672790 784
1672800 784
1672810 784
1672820 785
1672830 786
1672840 786
1672850 788
1672860 789
1672870 791
1672880 791
1672890 792
1672900 794
1672910 794
1672920 796
1672930 798
1672940 798
1672950 800
1672960 803
1672970 803
1672980 805
1672990 807
1673000 807
1673010 809
1673020 812
1673030 812
1673040 813
1673050 816
1673060 816
1673070 820
1673080 824
1673090 824
1673100 828
1673110 831
1673120 834
1673130 834
1673140 837
1673150 840
1673160 840
1673170 842
1673180 842
1673190 842
1673200 842
1673210 841
1673220 841
1673230 839
1673240 835
1673250 835
1673260 837
1673270 842
1673280 842
1673290 844
1673300 846
1673310 846
1673320 848
1673330 849
1673340 849
1673350 851
1673360 851
1673370 851
1673380 852
1673390 853
1673400 854
1673410 854
1673420 854
1673430 854
1673440 854
1673450 854
1673460 855
1673470 855
1673480 855
1673490 855
1673500 855
1673510 855
1673520 853
1673530 853
1673540 852
1673550 851
1673560 851
1673570 850
1673580 849
1673590 849
1673600 848
1673610 850
1673620 850
1673630 852
1673640 853
1673650 856
1673660 856
1673670 860
1673680 867
1673690 867
1673700 869
1673710 873
1673720 873
1673730 877
1673740 881
1673750 881
1673760 885
1673770 889
1673780 889
1673790 892
1673800 895
1673810 895
1673820 897
1673830 899
1673840 899
1673850 902
1673860 903
1673870 903
1673880 905
1673890 906
1673900 906
1673910 907
1673920 908
1673930 908
1673940 908
1673950 908
1673960 906
1673970 906
1673980 901
1673990 896
1674000 896
1674010 891
1674020 887
1674030 887
1674040 882
1674050 875
1674060 875
1674070 868
1674080 863
1674090 863
1674100 863
1674110 865
1674120 865
1674130 872
1674140 879
1674150 879
1674160 887
1674170 894
1674180 902
1674190 902
1674200 909
1674210 917
1674220 917
1674230 924
1674240 931
1674250 931
1674260 936
1674270 941
1674280 941
1674290 945
1674300 950
1674310 950
1674320 953
1674330 956
1674340 956
1674350 958
1674360 960
1674370 960
1674380 960
1674390 960
1674400 960
1674410 961
1674420 961
1674430 961
1674440 962
1674450 963
1674460 965
1674470 965
1674480 967
1674490 969
1674500 969
1674510 971
1674520 972
1674530 972
1674540 974
1674550 978
1674560 978
1674570 981
1674580 984
1674590 984
1674600 988
1674610 991
1674620 991
1674630 994
1674640 997
1674650 997
1674660 999
1674670 1002
1674680 1002
1674690 1004
1674700 1004
1674710 1005
1674720 1005
1674730 1004
1674740 1001
1674750 1001
1674760 998
1674770 996
1674780 996
1674790 994
1674800 993
1674810 993
1674820 992
1674830 992
1674840 992
1674850 992
1674860 992
1674870 992
1674880 993
1674890 994
1674900 994
1674910 995
1674920 998
1674930 998
1674940 999
1674950 1002
1674960 1002
1674970 1005
1674980 1008
1674990 1009
1675000 1009
1675010 1007
1675020 1004
1675030 1004
1675040 999
1675050 993
1675060 993
1675070 990
1675080 987
1675090 987
1675100 983
1675110 979
1675120 979
1675130 973
1675140 974
1675150 974
1675160 978
1675170 981
1675180 981
1675190 984
1675200 987
1675210 987
1675220 990
1675230 993
1675240 996
1675250 996
1675260 999
1675270 1002
1675280 1002
1675290 1006
1675300 1009
1675310 1009
1675320 1011
1675330 1013
1675340 1013
1675350 1014
1675360 1014
1675370 1014
1675380 1013
1675390 1013
1675400 1013
1675410 1013
1675420 1013
1675430 1013
1675440 1013
1675450 1013
1675460 1013
1675470 1013
1675480 1013
1675490 1013
1675500 1011
1675510 1010
1675520 1009
1675530 1009
1675540 1008
1675550 1007
1675560 1007
1675570 1006
1675580 1006
1675590 1006
1675600 1005
1675610 1005
1675620 1005
1675630 1005
1675640 1004
1675650 1004
1675660 1004
1675670 1003
1675680 1003
1675690 1002
1675700 999
1675710 999
1675720 997
1675730 994
1675740 994
1675750 993
1675760 991
1675770 989
1675780 989
1675790 987
1675800 986
1675810 986
1675820 983
1675830 980
1675840 980
1675850 975
1675860 971
1675870 971
1675880 963
1675890 965
1675900 965
1675910 975
1675920 982
1675930 982
1675940 986
1675950 990
1675960 990
1675970 993
1675980 996
1675990 996
1676000 998
1676010 1002
1676020 1006
1676030 1006
1676040 1009
1676050 1011
1676060 1011
1676070 1014
1676080 1016
1676090 1016
1676100 1017
1676110 1019
1676120 1019
1676130 1020
1676140 1020
1676150 1020
1676160 1020
1676170 1020
1676180 1020
1676190 1018
1676200 1015
1676210 1015
1676220 1014
1676230 1015
1676240 1015
1676250 1015
1676260 1015
1676270 1015
1676280 1017
1676290 1018
1676300 1020
1676310 1020
1676320 1021
1676330 1021
1676340 1021
1676350 1021
1676360 1020
1676370 1020
1676380 1020
1676390 1019
1676400 1019
1676410 1018
1676420 1017
1676430 1017
1676440 1015
1676450 1014
1676460 1014
1676470 1010
1676480 1006
1676490 1006
1676500 1003
1676510 998
1676520 998
1676530 995
1676540 993
1676550 990
1676560 990
1676570 987
1676580 985
1676590 985
1676600 984
1676610 980
1676620 980
1676630 977
1676640 974
1676650 974
1676660 971
1676670 968
1676680 968
1676690 963
1676700 961
1676710 961
1676720 958
1676730 954
1676740 954
1676750 950
1676760 946
1676770 946
1676780 941
1676790 939
1676800 939
1676810 940
1676820 942
1676830 943
1676840 943
1676850 944
1676860 944
1676870 944
1676880 946
1676890 948
1676900 948
1676910 949
1676920 951
1676930 951
1676940 952
1676950 958
1676960 958
1676970 965
1676980 971
1676990 971
1677000 977
1677010 983
1677020 983
1677030 991
1677040 1000
1677050 1000
1677060 1008
1677070 1016
1677080 1025
1677090 1025
1677100 1032
1677110 1038
1677120 1038
1677130 1040
1677140 1042
1677150 1042
1677160 1046
1677170 1052
1677180 1052
1677190 1057
1677200 1064
1677210 1064
1677220 1073
1677230 1084
1677240 1084
1677250 1091
1677260 1093
1677270 1093
1677280 1096
1677290 1099
1677300 1099
1677310 1101
1677320 1105
1677330 1105
1677340 1111
1677350 1119
1677360 1123
1677370 1123
1677380 1128
1677390 1135
1677400 1135
1677410 1138
1677420 1140
1677430 1140
1677440 1137
1677450 1135
1677460 1135
1677470 1132
1677480 1129
1677490 1129
1677500 1127
1677510 1125
1677520 1125
1677530 1125
1677540 1125
1677550 1125
1677560 1125
1677570 1125
1677580 1125
1677590 1126
1677600 1127
1677610 1129
1677620 1129
1677630 1130
1677640 1131
1677650 1131
1677660 1132
1677670 1133
1677680 1133
1677690 1133
1677700 1133
1677710 1133
1677720 1131
1677730 1127
1677740 1127
1677750 1119
1677760 1114
1677770 1114
1677780 1109
1677790 1102
1677800 1102
1677810 1096
1677820 1090
1677830 1090
1677840 1084
1677850 1078
1677860 1078
1677870 1071
1677880 1060
1677890 1055
1677900 1055
1677910 1048
1677920 1033
1677930 1033
1677940 1019
1677950 1014
1677960 1014
1677970 1002
1677980 993
1677990 993
1678000 983
1678010 975
1678020 975
1678030 968
1678040 961
1678050 961
1678060 955
1678070 949
1678080 949
1678090 941
1678100 932
1678110 932
1678120 924
1678130 921
1678140 929
1678150 929
1678160 937
1678170 943
1678180 943
1678190 948
1678200 952
1678210 952
1678220 957
1678230 961
1678240 961
1678250 966
1678260 971
1678270 971
1678280 977
1678290 982
1678300 982
1678310 988
1678320 993
1678330 993
1678340 997
1678350 1001
1678360 1001
1678370 1004
1678380 1006
1678390 1006
1678400 1008
1678410 1009
1678420 1011
1678430 1011
1678440 1015
1678450 1018
1678460 1018
1678470 1021
1678480 1024
1678490 1024
1678500 1028
1678510 1032
1678520 1032
1678530 1037
1678540 1041
1678550 1041
1678560 1045
1678570 1050
1678580 1050
1678590 1053
1678600 1053
1678610 1053
1678620 1053
1678630 1052
1678640 1052
1678650 1051
1678660 1051
1678670 1052
1678680 1052
1678690 1058
1678700 1065
1678710 1065
1678720 1074
1678730 1078
1678740 1078
1678750 1086
1678760 1092
1678770 1092
1678780 1098
1678790 1105
1678800 1105
1678810 1112
1678820 1119
1678830 1119
1678840 1126
1678850 1132
1678860 1132
1678870 1138
1678880 1144
1678890 1144
1678900 1149
1678910 1155
1678920 1155
1678930 1161
1678940 1166
1678950 1171
1678960 1171
1678970 1172
1678980 1168
1678990 1168
1679000 1160
1679010 1152
1679020 1152
1679030 1142
1679040 1134
1679050 1134
1679060 1126
1679070 1119
1679080 1119
1679090 1113
1679100 1108
1679110 1108
1679120 1102
1679130 1095
1679140 1095
1679150 1089
1679160 1083
1679170 1083
1679180 1077
1679190 1072
1679200 1068
1679210 1068
1679220 1064
1679230 1062
1679240 1062
1679250 1058
1679260 1055
1679270 1055
1679280 1052
1679290 1047
1679300 1047
1679310 1040
1679320 1033
1679330 1033
1679340 1023
1679350 1015
1679360 1015
1679370 1006
1679380 998
1679390 998
1679400 991
1679410 984
1679420 984
1679430 976
1679440 969
1679450 969
1679460 961
1679470 951
1679480 939
1679490 939
1679500 930
1679510 930
1679520 930
1679530 933
1679540 937
1679550 937
1679560 943
1679570 946
1679580 946
1679590 950
1679600 952
1679610 951
1679620 954
1679630 958
1679640 958
1679650 963
1679660 967
1679670 967
1679680 971
1679690 976
1679700 976
1679710 980
1679720 986
1679730 991
1679740 991
1679750 996
1679760 1002
1679770 1002
1679780 1007
1679790 1012
1679800 1012
1679810 1018
1679820 1024
1679830 1024
1679840 1028
1679850 1035
1679860 1035
1679870 1041
1679880 1047
1679890 1047
1679900 1054
1679910 1060
1679920 1060
1679930 1066
1679940 1072
1679950 1072
1679960 1077
1679970 1083
1679980 1088
1679990 1088
