1660000 819
1660010 819
1660020 823
1660030 827
1660040 827
1660050 832
1660060 835
1660070 835
1660080 839
1660090 842
1660100 842
1660110 845
1660120 850
1660130 854
1660140 854
1660150 857
1660160 861
1660170 861
1660180 865
1660190 869
1660200 869
1660210 874
1660220 879
1660230 879
1660240 884
1660250 890
1660260 890
1660270 894
1660280 900
1660290 900
1660300 905
1660310 911
1660320 911
1660330 916
1660340 922
1660350 922
1660360 928
1660370 934
1660380 934
1660390 940
1660400 947
1660410 952
1660420 952
1660430 958
1660440 963
1660450 963
1660460 969
1660470 972
1660480 972
1660490 974
1660500 979
1660510 979
1660520 983
1660530 987
1660540 987
1660550 990
1660560 994
1660570 994
1660580 996
1660590 998
1660600 998
1660610 1002
1660620 1006
1660630 1006
1660640 1010
1660650 1014
1660660 1018
1660670 1018
1660680 1022
1660690 1026
1660700 1026
1660710 1031
1660720 1036
1660730 1036
1660740 1040
1660750 1045
1660760 1045
1660770 1049
1660780 1054
1660790 1054
1660800 1058
1660810 1061
1660820 1061
1660830 1064
1660840 1063
1660850 1063
1660860 1061
1660870 1059
1660880 1059
1660890 1056
1660900 1053
1660910 1053
1660920 1051
1660930 1048
1660940 1045
1660950 1045
1660960 1043
1660970 1040
1660980 1040
1660990 1038
1661000 1036
1661010 1036
1661020 1034
1661030 1032
1661040 1032
1661050 1030
1661060 1028
1661070 1028
1661080 1026
1661090 1022
1661100 1022
1661110 1020
1661120 1018
1661130 1018
1661140 1017
1661150 1016
1661160 1016
1661170 1016
1661180 1015
1661190 1015
1661200 1014
1661210 1014
1661220 1014
1661230 1014
1661240 1014
1661250 1013
1661260 1013
1661270 1012
1661280 1010
1661290 1010
1661300 1007
1661310 1005
1661320 1005
1661330 1002
1661340 999
1661350 999
1661360 995
1661370 991
1661380 991
1661390 987
1661400 984
1661410 984
1661420 979
1661430 976
1661440 976
1661450 972
1661460 968
1661470 968
1661480 965
1661490 962
1661500 959
1661510 959
1661520 956
1661530 953
1661540 953
1661550 950
1661560 946
1661570 946
1661580 943
1661590 941
1661600 941
1661610 939
1661620 934
1661630 934
1661640 930
1661650 926
1661660 926
1661670 922
1661680 920
1661690 920
1661700 917
1661710 919
1661720 919
1661730 924
1661740 926
1661750 926
1661760 930
1661770 933
1661780 936
1661790 936
1661800 939
1661810 942
1661820 942
1661830 946
1661840 950
1661850 950
1661860 954
1661870 957
1661880 957
1661890 961
1661900 966
1661910 966
1661920 971
1661930 975
1661940 975
1661950 979
1661960 983
1661970 983
1661980 986
1661990 989
1662000 989
1662010 990
1662020 990
1662030 989
1662040 989
1662050 988
1662060 987
1662070 987
1662080 986
1662090 985
1662100 985
1662110 983
1662120 982
1662130 982
1662140 980
1662150 977
1662160 977
1662170 974
1662180 971
1662190 971
1662200 967
1662210 961
1662220 961
1662230 955
1662240 950
1662250 950
1662260 944
1662270 939
1662280 939
1662290 933
1662300 931
1662310 926
1662320 926
1662330 921
1662340 916
1662350 916
1662360 911
1662370 906
1662380 906
1662390 901
1662400 896
1662410 896
1662420 891
1662430 886
1662440 886
1662450 881
1662460 875
1662470 875
1662480 871
1662490 864
1662500 864
1662510 858
1662520 853
1662530 853
1662540 848
1662550 844
1662560 844
1662570 840
1662580 838
1662590 834
1662600 834
1662610 831
1662620 828
1662630 828
1662640 825
1662650 823
1662660 823
1662670 820
1662680 818
1662690 818
1662700 816
1662710 815
1662720 815
1662730 814
1662740 814
1662750 814
1662760 815
1662770 816
1662780 816
1662790 818
1662800 817
1662810 817
1662820 814
1662830 810
1662840 810
1662850 805
1662860 798
1662870 794
1662880 794
1662890 787
1662900 781
1662910 781
1662920 777
1662930 773
1662940 773
1662950 770
1662960 768
1662970 768
1662980 765
1662990 764
1663000 764
1663010 766
1663020 770
1663030 770
1663040 777
1663050 785
1663060 785
1663070 792
1663080 800
1663090 800
1663100 808
1663110 816
1663120 822
1663130 822
1663140 831
1663150 839
1663160 839
1663170 846
1663180 854
1663190 854
1663200 857
1663210 854
1663220 854
1663230 850
1663240 846
1663250 846
1663260 842
1663270 837
1663280 837
1663290 832
1663300 829
1663310 829
1663320 824
1663330 819
1663340 819
1663350 816
1663360 812
1663370 812
1663380 807
1663390 803
1663400 799
1663410 799
1663420 795
1663430 789
1663440 789
1663450 785
1663460 779
1663470 779
1663480 776
1663490 771
1663500 771
1663510 766
1663520 761
1663530 761
1663540 756
1663550 751
1663560 751
1663570 746
1663580 742
1663590 742
1663600 739
1663610 732
1663620 732
1663630 726
1663640 718
1663650 718
1663660 716
1663670 713
1663680 708
1663690 708
1663700 707
1663710 708
1663720 708
1663730 706
1663740 704
1663750 704
1663760 703
1663770 701
1663780 701
1663790 699
1663800 697
1663810 697
1663820 696
1663830 695
1663840 695
1663850 693
1663860 692
1663870 692
1663880 691
1663890 690
1663900 690
1663910 690
1663920 691
1663930 691
1663940 691
1663950 691
1663960 690
1663970 690
1663980 691
1663990 693
1664000 693
1664010 693
1664020 695
1664030 695
1664040 694
1664050 696
1664060 696
1664070 697
1664080 696
1664090 696
1664100 695
1664110 693
1664120 693
1664130 691
1664140 689
1664150 689
1664160 686
1664170 684
1664180 684
1664190 681
1664200 678
1664210 678
1664220 674
1664230 670
1664240 668
1664250 668
1664260 665
1664270 663
1664280 663
1664290 662
1664300 661
1664310 661
1664320 661
1664330 661
1664340 661
1664350 660
1664360 658
1664370 658
1664380 657
1664390 656
1664400 656
1664410 654
1664420 654
1664430 654
1664440 654
1664450 650
1664460 650
1664470 649
1664480 647
1664490 646
1664500 646
1664510 645
1664520 643
1664530 643
1664540 641
1664550 639
1664560 639
1664570 638
1664580 636
1664590 636
1664600 634
1664610 633
1664620 633
1664630 632
1664640 630
1664650 630
1664660 629
1664670 629
1664680 629
1664690 627
1664700 628
1664710 628
1664720 627
1664730 625
1664740 625
1664750 622
1664760 620
1664770 617
1664780 617
1664790 614
1664800 613
1664810 613
1664820 611
1664830 609
1664840 609
1664850 607
1664860 605
1664870 605
1664880 603
1664890 602
1664900 602
1664910 600
1664920 598
1664930 598
1664940 598
1664950 597
1664960 597
1664970 597
1664980 597
1664990 597
1665000 594
1665010 591
1665020 591
1665030 590
1665040 588
1665050 587
1665060 587
1665070 587
1665080 586
1665090 586
1665100 586
1665110 585
1665120 585
1665130 581
1665140 579
1665150 579
1665160 578
1665170 578
1665180 578
1665190 578
1665200 578
1665210 578
1665220 578
1665230 578
1665240 578
1665250 578
1665260 578
1665270 578
1665280 578
1665290 578
1665300 578
1665310 578
1665320 578
1665330 578
1665340 578
1665350 578
1665360 578
1665370 578
1665380 578
1665390 578
1665400 578
1665410 578
1665420 578
1665430 578
1665440 578
1665450 577
1665460 577
1665470 577
1665480 577
1665490 577
1665500 577
1665510 577
1665520 577
1665530 577
1665540 577
1665550 577
1665560 577
1665570 577
1665580 578
1665590 578
1665600 578
1665610 578
1665620 578
1665630 578
1665640 578
1665650 578
1665660 578
1665670 578
1665680 578
1665690 578
1665700 578
1665710 578
1665720 578
1665730 578
1665740 578
1665750 578
1665760 578
1665770 578
1665780 578
1665790 578
1665800 578
1665810 579
1665820 579
1665830 579
1665840 578
1665850 579
1665860 580
1665870 580
1665880 580
1665890 580
1665900 580
1665910 580
1665920 579
1665930 579
1665940 578
1665950 578
1665960 578
1665970 578
1665980 578
1665990 578
1666000 577
1666010 577
1666020 577
1666030 577
1666040 577
1666050 577
1666060 577
1666070 577
1666080 577
1666090 577
1666100 577
1666110 577
1666120 577
1666130 577
1666140 577
1666150 577
1666160 576
1666170 576
1666180 576
1666190 576
1666200 576
1666210 576
1666220 576
1666230 576
1666240 576
1666250 576
1666260 577
1666270 577
1666280 577
1666290 575
1666300 575
1666310 575
1666320 575
1666330 575
1666340 575
1666350 575
1666360 575
1666370 577
1666380 577
1666390 577
1666400 577
1666410 577
1666420 577
1666430 577
1666440 577
1666450 577
1666460 577
1666470 577
1666480 577
1666490 577
1666500 577
1666510 577
1666520 577
1666530 577
1666540 577
1666550 577
1666560 577
1666570 577
1666580 577
1666590 577
1666600 577
1666610 577
1666620 577
1666630 577
1666640 577
1666650 577
1666660 577
1666670 577
1666680 577
1666690 577
1666700 577
1666710 577
1666720 577
1666730 576
1666740 576
1666750 576
1666760 576
1666770 576
1666780 576
1666790 576
1666800 576
1666810 576
1666820 576
1666830 576
1666840 576
1666850 576
1666860 576
1666870 576
1666880 576
1666890 576
1666900 576
1666910 576
1666920 576
1666930 576
1666940 576
1666950 576
1666960 576
1666970 576
1666980 576
1666990 576
1667000 576
1667010 576
1667020 576
1667030 576
1667040 578
1667050 578
1667060 576
1667070 576
1667080 576
1667090 576
1667100 576
1667110 576
1667120 576
1667130 576
1667140 576
1667150 576
1667160 576
1667170 576
1667180 576
1667190 577
1667200 577
1667210 577
1667220 577
1667230 577
1667240 577
1667250 577
1667260 577
1667270 577
1667280 577
1667290 577
1667300 577
1667310 577
1667320 577
1667330 577
1667340 578
1667350 578
1667360 578
1667370 579
1667380 579
1667390 579
1667400 579
1667410 579
1667420 579
1667430 579
1667440 579
1667450 579
1667460 580
1667470 580
1667480 580
1667490 580
1667500 580
1667510 581
1667520 581
1667530 582
1667540 582
1667550 582
1667560 582
1667570 582
1667580 582
1667590 582
1667600 582
1667610 582
1667620 583
1667630 583
1667640 583
1667650 583
1667660 583
1667670 583
1667680 583
1667690 584
1667700 584
1667710 584
1667720 584
1667730 584
1667740 584
1667750 584
1667760 584
1667770 584
1667780 585
1667790 585
1667800 585
1667810 585
1667820 585
1667830 585
1667840 585
1667850 585
1667860 585
1667870 585
1667880 586
1667890 586
1667900 587
1667910 586
1667920 586
1667930 587
1667940 587
1667950 587
1667960 587
1667970 584
1667980 584
1667990 587
1668000 588
1668010 588
1668020 589
1668030 589
1668040 589
1668050 589
1668060 589
1668070 588
1668080 588
1668090 588
1668100 589
1668110 589
1668120 590
1668130 590
1668140 590
1668150 590
1668160 591
1668170 591
1668180 591
1668190 591
1668200 591
1668210 591
1668220 591
1668230 591
1668240 591
1668250 594
1668260 594
1668270 596
1668280 597
1668290 597
1668300 599
1668310 599
1668320 600
1668330 600
1668340 600
1668350 600
1668360 600
1668370 601
1668380 601
1668390 601
1668400 601
1668410 602
1668420 602
1668430 602
1668440 602
1668450 602
1668460 603
1668470 603
1668480 603
1668490 605
1668500 608
1668510 608
1668520 615
1668530 622
1668540 622
1668550 628
1668560 634
1668570 634
1668580 640
1668590 646
1668600 652
1668610 652
1668620 657
1668630 659
1668640 659
1668650 662
1668660 665
1668670 665
1668680 668
1668690 673
1668700 673
1668710 678
1668720 683
1668730 683
1668740 687
1668750 692
1668760 692
1668770 696
1668780 699
1668790 699
1668800 704
1668810 707
1668820 707
1668830 712
1668840 716
1668850 716
1668860 720
1668870 724
1668880 729
1668890 729
1668900 735
1668910 739
1668920 739
1668930 743
1668940 748
1668950 748
1668960 753
1668970 758
1668980 758
1668990 763
1669000 766
1669010 766
1669020 769
1669030 773
1669040 773
1669050 777
1669060 780
1669070 780
1669080 781
1669090 782
1669100 782
1669110 784
1669120 786
1669130 786
1669140 789
1669150 792
1669160 796
1669170 796
1669180 800
1669190 804
1669200 804
1669210 807
1669220 807
1669230 807
1669240 802
1669250 797
1669260 797
1669270 794
1669280 791
1669290 791
1669300 790
1669310 786
1669320 786
1669330 781
1669340 776
1669350 776
1669360 771
1669370 768
1669380 768
1669390 764
1669400 762
1669410 760
1669420 760
1669430 758
1669440 757
1669450 757
1669460 753
1669470 754
1669480 754
1669490 753
1669500 748
1669510 748
1669520 747
1669530 752
1669540 752
1669550 757
1669560 760
1669570 760
1669580 767
1669590 772
1669600 772
1669610 777
1669620 781
1669630 781
1669640 786
1669650 791
1669660 791
1669670 795
1669680 798
1669690 803
1669700 803
1669710 807
1669720 809
1669730 809
1669740 810
1669750 810
1669760 810
1669770 804
1669780 800
1669790 800
1669800 799
1669810 796
1669820 796
1669830 792
1669840 788
1669850 788
1669860 784
1669870 781
1669880 781
1669890 780
1669900 778
1669910 778
1669920 774
1669930 774
1669940 774
1669950 783
1669960 788
1669970 790
1669980 790
1669990 794
1670000 799
1670010 799
1670020 803
1670030 809
1670040 809
1670050 817
1670060 824
1670070 824
1670080 831
1670090 837
1670100 837
1670110 844
1670120 851
1670130 851
1670140 858
1670150 865
1670160 865
1670170 870
1670180 876
1670190 876
1670200 878
1670210 882
1670220 882
1670230 884
1670240 886
1670250 881
1670260 881
1670270 876
1670280 873
1670290 873
1670300 869
1670310 867
1670320 867
1670330 864
1670340 862
1670350 862
1670360 860
1670370 860
1670380 860
1670390 860
1670400 861
1670410 861
1670420 862
1670430 863
1670440 863
1670450 864
1670460 866
1670470 866
1670480 869
1670490 870
1670500 870
1670510 868
1670520 863
1670530 858
1670540 858
1670550 851
1670560 843
1670570 843
1670580 834
1670590 829
1670600 829
1670610 821
1670620 813
1670630 813
1670640 805
1670650 798
1670660 798
1670670 793
1670680 783
1670690 783
1670700 781
1670710 790
1670720 790
1670730 797
1670740 801
1670750 801
1670760 806
1670770 811
1670780 816
1670790 816
1670800 822
1670810 827
1670820 827
1670830 831
1670840 834
1670850 834
1670860 836
1670870 837
1670880 837
1670890 836
1670900 835
1670910 835
1670920 832
1670930 828
1670940 828
1670950 823
1670960 817
1670970 817
1670980 811
1670990 805
1671000 805
1671010 802
1671020 799
1671030 799
1671040 793
1671050 788
1671060 784
1671070 784
1671080 783
1671090 790
1671100 790
1671110 796
1671120 801
1671130 801
1671140 807
1671150 813
1671160 813
1671170 819
1671180 826
1671190 826
1671200 832
1671210 838
1671220 838
1671230 844
1671240 850
1671250 850
1671260 854
1671270 861
1671280 861
1671290 868
1671300 875
1671310 875
1671320 882
1671330 888
1671340 893
1671350 893
1671360 897
1671370 901
1671380 901
1671390 900
1671400 896
1671410 896
1671420 892
1671430 888
1671440 888
1671450 883
1671460 879
1671470 879
1671480 875
1671490 871
1671500 871
1671510 867
1671520 862
1671530 862
1671540 858
1671550 854
1671560 854
1671570 851
1671580 848
1671590 848
1671600 847
1671610 845
1671620 845
1671630 845
1671640 845
1671650 846
1671660 846
1671670 846
1671680 846
1671690 846
1671700 843
1671710 840
1671720 840
1671730 834
1671740 829
1671750 829
1671760 822
1671770 815
1671780 815
1671790 809
1671800 804
1671810 804
1671820 798
1671830 792
1671840 792
1671850 785
1671860 777
1671870 770
1671880 770
1671890 763
1671900 754
1671910 754
1671920 747
1671930 740
1671940 740
1671950 736
1671960 731
1671970 731
1671980 725
1671990 717
1672000 717
1672010 715
1672020 711
1672030 711
1672040 707
1672050 702
1672060 702
1672070 697
1672080 695
1672090 695
1672100 692
1672110 686
1672120 686
1672130 680
1672140 673
1672150 678
1672160 678
1672170 682
1672180 684
1672190 684
1672200 686
1672210 688
1672220 688
1672230 688
1672240 693
1672250 693
1672260 696
1672270 700
1672280 700
1672290 704
1672300 708
1672310 708
1672320 712
1672330 716
1672340 716
1672350 719
1672360 723
1672370 723
1672380 726
1672390 730
1672400 730
1672410 735
1672420 739
1672430 745
1672440 745
1672450 749
1672460 754
1672470 754
1672480 758
1672490 762
1672500 762
1672510 763
1672520 762
1672530 762
1672540 758
1672550 754
1672560 754
1672570 749
1672580 744
1672590 744
1672600 739
1672610 734
1672620 734
1672630 728
1672640 720
1672650 720
1672660 713
1672670 705
1672680 705
1672690 696
1672700 689
1672710 682
1672720 682
1672730 676
1672740 670
1672750 670
1672760 662
1672770 657
1672780 657
1672790 657
1672800 660
1672810 660
1672820 662
1672830 664
1672840 664
1672850 665
1672860 667
1672870 667
1672880 671
1672890 673
1672900 673
1672910 676
1672920 681
1672930 681
1672940 685
1672950 689
1672960 689
1672970 694
1672980 698
1672990 702
1673000 702
1673010 706
1673020 709
1673030 709
1673040 712
1673050 716
1673060 716
1673070 718
1673080 719
1673090 719
1673100 720
1673110 717
1673120 717
1673130 713
1673140 712
1673150 712
1673160 707
1673170 702
1673180 702
1673190 699
1673200 695
1673210 695
1673220 691
1673230 686
1673240 681
1673250 681
1673260 677
1673270 673
1673280 673
1673290 669
1673300 665
1673310 665
1673320 661
1673330 659
1673340 659
1673350 659
1673360 658
1673370 658
1673380 657
1673390 655
1673400 655
1673410 652
1673420 649
1673430 649
1673440 645
1673450 640
1673460 640
1673470 637
1673480 634
1673490 634
1673500 633
1673510 632
1673520 633
1673530 633
1673540 633
1673550 633
1673560 633
1673570 633
1673580 632
1673590 632
1673600 631
1673610 628
1673620 628
1673630 625
1673640 620
1673650 620
1673660 616
1673670 612
1673680 612
1673690 610
1673700 610
1673710 610
1673720 610
1673730 610
1673740 610
1673750 611
1673760 612
1673770 612
1673780 612
1673790 612
1673800 612
1673810 612
1673820 613
1673830 613
1673840 613
1673850 613
1673860 613
1673870 613
1673880 612
1673890 611
1673900 611
1673910 612
1673920 612
1673930 612
1673940 612
1673950 612
1673960 612
1673970 612
1673980 612
1673990 612
1674000 612
1674010 613
1674020 613
1674030 613
1674040 613
1674050 613
1674060 613
1674070 613
1674080 614
1674090 614
1674100 614
1674110 614
1674120 614
1674130 614
1674140 614
1674150 614
1674160 615
1674170 615
1674180 615
1674190 615
1674200 615
1674210 615
1674220 617
1674230 616
1674240 616
1674250 616
1674260 616
1674270 616
1674280 617
1674290 617
1674300 617
1674310 617
1674320 618
1674330 618
1674340 618
1674350 618
1674360 619
1674370 619
1674380 619
1674390 619
1674400 619
1674410 620
1674420 620
1674430 620
1674440 621
1674450 621
1674460 621
1674470 621
1674480 621
1674490 621
1674500 621
1674510 622
1674520 622
1674530 622
1674540 622
1674550 622
1674560 622
1674570 623
1674580 623
1674590 623
1674600 623
1674610 624
1674620 624
1674630 629
1674640 629
1674650 629
1674660 624
1674670 624
1674680 624
1674690 625
1674700 625
1674710 625
1674720 628
1674730 626
1674740 626
1674750 626
1674760 626
1674770 626
1674780 626
1674790 626
1674800 626
1674810 626
1674820 627
1674830 627
1674840 626
1674850 627
1674860 627
1674870 627
1674880 627
1674890 627
1674900 627
1674910 627
1674920 627
1674930 627
1674940 628
1674950 628
1674960 628
1674970 628
1674980 629
1674990 629
1675000 629
1675010 629
1675020 629
1675030 630
1675040 630
1675050 630
1675060 630
1675070 630
1675080 630
1675090 630
1675100 631
1675110 631
1675120 631
1675130 630
1675140 630
1675150 630
1675160 631
1675170 631
1675180 631
1675190 632
1675200 631
1675210 631
1675220 632
1675230 632
1675240 632
1675250 632
1675260 632
1675270 632
1675280 632
1675290 632
1675300 632
1675310 632
1675320 633
1675330 633
1675340 633
1675350 634
1675360 634
1675370 634
1675380 634
1675390 634
1675400 633
1675410 634
1675420 634
1675430 635
1675440 634
1675450 636
1675460 636
1675470 636
1675480 636
1675490 636
1675500 636
1675510 637
1675520 637
1675530 637
1675540 637
1675550 637
1675560 638
1675570 638
1675580 638
1675590 638
1675600 639
1675610 639
1675620 639
1675630 640
1675640 640
1675650 641
1675660 642
1675670 642
1675680 643
1675690 645
1675700 647
1675710 647
1675720 649
1675730 650
1675740 650
1675750 652
1675760 653
1675770 653
1675780 653
1675790 652
1675800 652
1675810 651
1675820 651
1675830 651
1675840 651
1675850 651
1675860 651
1675870 650
1675880 651
1675890 651
1675900 651
1675910 651
1675920 651
1675930 651
1675940 650
1675950 650
1675960 650
1675970 650
1675980 650
1675990 650
1676000 651
1676010 651
1676020 651
1676030 651
1676040 651
1676050 651
1676060 652
1676070 652
1676080 652
1676090 653
1676100 653
1676110 653
1676120 653
1676130 653
1676140 653
1676150 654
1676160 654
1676170 654
1676180 655
1676190 656
1676200 656
1676210 656
1676220 656
1676230 656
1676240 657
1676250 658
1676260 658
1676270 658
1676280 658
1676290 660
1676300 660
1676310 660
1676320 659
1676330 659
1676340 660
1676350 660
1676360 660
1676370 660
1676380 660
1676390 660
1676400 662
1676410 663
1676420 663
1676430 663
1676440 664
1676450 664
1676460 664
1676470 664
1676480 664
1676490 665
1676500 665
1676510 665
1676520 666
1676530 667
1676540 667
1676550 667
1676560 668
1676570 668
1676580 668
1676590 669
1676600 669
1676610 669
1676620 670
1676630 670
1676640 670
1676650 671
1676660 673
1676670 673
1676680 674
1676690 674
1676700 674
1676710 675
1676720 675
1676730 675
1676740 676
1676750 677
1676760 677
1676770 677
1676780 678
1676790 678
1676800 678
1676810 678
1676820 679
1676830 679
1676840 679
1676850 680
1676860 680
1676870 680
1676880 681
1676890 681
1676900 682
1676910 683
1676920 683
1676930 684
1676940 684
1676950 684
1676960 685
1676970 685
1676980 685
1676990 687
1677000 687
1677010 687
1677020 687
1677030 688
1677040 688
1677050 689
1677060 689
1677070 690
1677080 690
1677090 691
1677100 692
1677110 692
1677120 692
1677130 693
1677140 693
1677150 694
1677160 695
1677170 695
1677180 694
1677190 695
1677200 695
1677210 695
1677220 696
1677230 696
1677240 696
1677250 699
1677260 699
1677270 699
1677280 700
1677290 700
1677300 700
1677310 701
1677320 701
1677330 701
1677340 703
1677350 704
1677360 704
1677370 705
1677380 706
1677390 706
1677400 706
1677410 707
1677420 707
1677430 708
1677440 709
1677450 709
1677460 710
1677470 710
1677480 710
1677490 711
1677500 712
1677510 712
1677520 713
1677530 714
1677540 714
1677550 714
1677560 715
1677570 715
1677580 715
1677590 716
1677600 716
1677610 717
1677620 718
1677630 719
1677640 719
1677650 721
1677660 722
1677670 722
1677680 723
1677690 724
1677700 724
1677710 725
1677720 726
1677730 726
1677740 726
1677750 727
1677760 727
1677770 728
1677780 728
1677790 728
1677800 727
1677810 727
1677820 727
1677830 727
1677840 728
1677850 728
1677860 729
1677870 730
1677880 730
1677890 732
1677900 732
1677910 733
1677920 733
1677930 734
1677940 734
1677950 734
1677960 735
1677970 735
1677980 735
1677990 734
1678000 735
1678010 735
1678020 736
1678030 737
1678040 737
1678050 738
1678060 739
1678070 739
1678080 740
1678090 741
1678100 741
1678110 742
1678120 742
1678130 742
1678140 746
1678150 751
1678160 757
1678170 757
1678180 762
1678190 767
1678200 767
1678210 768
1678220 767
1678230 767
1678240 763
1678250 761
1678260 761
1678270 757
1678280 755
1678290 755
1678300 756
1678310 757
1678320 757
1678330 757
1678340 759
1678350 759
1678360 760
1678370 762
1678380 762
1678390 763
1678400 764
1678410 764
1678420 765
1678430 766
1678440 769
1678450 769
1678460 772
1678470 775
1678480 775
1678490 777
1678500 779
1678510 779
1678520 781
1678530 784
1678540 784
1678550 787
1678560 789
1678570 789
1678580 792
1678590 795
1678600 795
1678610 798
1678620 799
1678630 799
1678640 804
1678650 809
1678660 809
1678670 811
1678680 815
1678690 815
1678700 818
1678710 821
1678720 828
1678730 828
1678740 831
1678750 832
1678760 832
1678770 835
1678780 841
1678790 841
1678800 846
1678810 850
1678820 850
1678830 855
1678840 860
1678850 860
1678860 865
1678870 870
1678880 870
1678890 875
1678900 879
1678910 879
1678920 884
1678930 888
1678940 888
1678950 891
1678960 892
1678970 892
1678980 894
1678990 896
1679000 898
1679010 898
1679020 900
1679030 903
1679040 903
1679050 907
1679060 911
1679070 911
1679080 913
1679090 916
1679100 916
1679110 920
1679120 923
1679130 923
1679140 925
1679150 926
1679160 926
1679170 928
1679180 930
1679190 930
1679200 932
1679210 933
1679220 933
1679230 932
1679240 931
1679250 931
1679260 929
1679270 925
1679280 919
1679290 919
1679300 916
1679310 918
1679320 918
1679330 922
1679340 921
1679350 921
1679360 919
1679370 918
1679380 918
1679390 915
1679400 909
1679410 909
1679420 906
1679430 903
1679440 903
1679450 899
1679460 894
1679470 894
1679480 889
1679490 883
1679500 883
1679510 880
1679520 877
1679530 882
1679540 882
1679550 887
1679560 892
1679570 892
1679580 896
1679590 900
1679600 900
1679610 903
1679620 906
1679630 906
1679640 909
1679650 912
1679660 912
1679670 915
1679680 920
1679690 920
1679700 923
1679710 926
1679720 926
1679730 927
1679740 929
1679750 929
1679760 932
1679770 935
1679780 935
1679790 938
1679800 942
1679810 946
1679820 946
1679830 951
1679840 956
1679850 956
1679860 959
1679870 962
1679880 962
1679890 965
1679900 969
1679910 969
1679920 972
1679930 976
1679940 976
1679950 979
1679960 982
1679970 982
1679980 986
1679990 988
