1660000 903
1660010 903
1660020 902
1660030 902
1660040 902
1660050 901
1660060 901
1660070 901
1660080 900
1660090 900
1660100 900
1660110 899
1660120 895
1660130 895
1660140 890
1660150 885
1660160 885
1660170 881
1660180 877
1660190 877
1660200 873
1660210 869
1660220 869
1660230 867
1660240 868
1660250 868
1660260 870
1660270 872
1660280 872
1660290 875
1660300 879
1660310 879
1660320 881
1660330 881
1660340 880
1660350 880
1660360 878
1660370 874
1660380 874
1660390 871
1660400 866
1660410 866
1660420 862
1660430 859
1660440 859
1660450 853
1660460 852
1660470 852
1660480 850
1660490 848
1660500 848
1660510 847
1660520 845
1660530 845
1660540 841
1660550 838
1660560 838
1660570 834
1660580 831
1660590 831
1660600 835
1660610 836
1660620 837
1660630 837
1660640 838
1660650 840
1660660 840
1660670 841
1660680 842
1660690 842
1660700 842
1660710 841
1660720 841
1660730 842
1660740 842
1660750 842
1660760 841
1660770 840
1660780 840
1660790 838
1660800 835
1660810 835
1660820 831
1660830 826
1660840 826
1660850 821
1660860 816
1660870 816
1660880 812
1660890 807
1660900 802
1660910 802
1660920 796
1660930 786
1660940 786
1660950 776
1660960 767
1660970 767
1660980 757
1660990 749
1661000 749
1661010 741
1661020 734
1661030 734
1661040 740
1661050 747
1661060 747
1661070 751
1661080 754
1661090 754
1661100 757
1661110 760
1661120 760
1661130 762
1661140 764
1661150 764
1661160 765
1661170 766
1661180 766
1661190 768
1661200 770
1661210 771
1661220 771
1661230 770
1661240 770
1661250 770
1661260 770
1661270 770
1661280 770
1661290 770
1661300 770
1661310 770
1661320 769
1661330 767
1661340 767
1661350 766
1661360 767
1661370 767
1661380 763
1661390 757
1661400 757
1661410 750
1661420 745
1661430 745
1661440 740
1661450 734
1661460 734
1661470 731
1661480 737
1661490 741
1661500 741
1661510 744
1661520 746
1661530 746
1661540 748
1661550 749
1661560 749
1661570 748
1661580 748
1661590 748
1661600 747
1661610 746
1661620 746
1661630 746
1661640 744
1661650 744
1661660 740
1661670 738
1661680 738
1661690 736
1661700 731
1661710 731
1661720 726
1661730 722
1661740 722
1661750 720
1661760 718
1661770 718
1661780 716
1661790 714
1661800 712
1661810 712
1661820 709
1661830 707
1661840 707
1661850 701
1661860 696
1661870 696
1661880 692
1661890 690
1661900 690
1661910 687
1661920 682
1661930 682
1661940 684
1661950 679
1661960 679
1661970 685
1661980 682
1661990 682
1662000 680
1662010 677
1662020 677
1662030 676
1662040 675
1662050 675
1662060 674
1662070 672
1662080 670
1662090 670
1662100 668
1662110 666
1662120 666
1662130 663
1662140 661
1662150 661
1662160 659
1662170 658
1662180 658
1662190 657
1662200 656
1662210 656
1662220 654
1662230 651
1662240 651
1662250 649
1662260 648
1662270 648
1662280 647
1662290 644
1662300 644
1662310 641
1662320 639
1662330 639
1662340 639
1662350 638
1662360 638
1662370 638
1662380 638
1662390 638
1662400 638
1662410 638
1662420 638
1662430 638
1662440 638
1662450 638
1662460 638
1662470 637
1662480 637
1662490 637
1662500 637
1662510 637
1662520 637
1662530 637
1662540 637
1662550 637
1662560 637
1662570 637
1662580 637
1662590 638
1662600 638
1662610 638
1662620 638
1662630 639
1662640 639
1662650 639
1662660 639
1662670 639
1662680 639
1662690 640
1662700 640
1662710 640
1662720 641
1662730 641
1662740 641
1662750 642
1662760 642
1662770 642
1662780 640
1662790 639
1662800 639
1662810 638
1662820 638
1662830 638
1662840 638
1662850 638
1662860 638
1662870 638
1662880 638
1662890 638
1662900 638
1662910 638
1662920 638
1662930 638
1662940 638
1662950 640
1662960 640
1662970 640
1662980 639
1662990 639
1663000 639
1663010 638
1663020 638
1663030 638
1663040 638
1663050 638
1663060 638
1663070 638
1663080 638
1663090 636
1663100 636
1663110 636
1663120 635
1663130 635
1663140 635
1663150 634
1663160 634
1663170 634
1663180 633
1663190 633
1663200 633
1663210 633
1663220 632
1663230 632
1663240 632
1663250 632
1663260 632
1663270 632
1663280 632
1663290 632
1663300 632
1663310 631
1663320 631
1663330 631
1663340 631
1663350 631
1663360 631
1663370 631
1663380 631
1663390 631
1663400 631
1663410 630
1663420 630
1663430 630
1663440 630
1663450 630
1663460 630
1663470 630
1663480 630
1663490 629
1663500 629
1663510 629
1663520 629
1663530 629
1663540 629
1663550 629
1663560 629
1663570 629
1663580 629
1663590 629
1663600 629
1663610 629
1663620 629
1663630 629
1663640 629
1663650 627
1663660 627
1663670 627
1663680 629
1663690 630
1663700 630
1663710 632
1663720 633
1663730 633
1663740 633
1663750 633
1663760 633
1663770 634
1663780 632
1663790 632
1663800 629
1663810 630
1663820 630
1663830 631
1663840 631
1663850 632
1663860 632
1663870 632
1663880 632
1663890 632
1663900 633
1663910 633
1663920 633
1663930 633
1663940 633
1663950 633
1663960 633
1663970 633
1663980 633
1663990 632
1664000 632
1664010 632
1664020 632
1664030 632
1664040 632
1664050 632
1664060 632
1664070 632
1664080 632
1664090 632
1664100 632
1664110 632
1664120 632
1664130 632
1664140 632
1664150 632
1664160 631
1664170 631
1664180 631
1664190 631
1664200 631
1664210 631
1664220 631
1664230 631
1664240 631
1664250 631
1664260 631
1664270 631
1664280 631
1664290 631
1664300 631
1664310 631
1664320 631
1664330 631
1664340 631
1664350 631
1664360 631
1664370 631
1664380 631
1664390 631
1664400 631
1664410 631
1664420 631
1664430 631
1664440 630
1664450 630
1664460 630
1664470 630
1664480 630
1664490 630
1664500 630
1664510 630
1664520 630
1664530 630
1664540 630
1664550 630
1664560 630
1664570 630
1664580 630
1664590 630
1664600 630
1664610 630
1664620 630
1664630 630
1664640 630
1664650 630
1664660 630
1664670 630
1664680 630
1664690 630
1664700 629
1664710 629
1664720 629
1664730 629
1664740 629
1664750 629
1664760 629
1664770 629
1664780 629
1664790 629
1664800 629
1664810 629
1664820 629
1664830 629
1664840 629
1664850 629
1664860 629
1664870 629
1664880 629
1664890 629
1664900 629
1664910 629
1664920 629
1664930 629
1664940 629
1664950 629
1664960 629
1664970 629
1664980 629
1664990 629
1665000 629
1665010 629
1665020 629
1665030 628
1665040 628
1665050 628
1665060 628
1665070 628
1665080 628
1665090 628
1665100 628
1665110 629
1665120 629
1665130 629
1665140 628
1665150 628
1665160 628
1665170 628
1665180 628
1665190 628
1665200 627
1665210 627
1665220 627
1665230 626
1665240 626
1665250 626
1665260 625
1665270 625
1665280 625
1665290 625
1665300 625
1665310 626
1665320 626
1665330 628
1665340 628
1665350 628
1665360 627
1665370 625
1665380 625
1665390 624
1665400 624
1665410 624
1665420 624
1665430 625
1665440 625
1665450 625
1665460 625
1665470 625
1665480 625
1665490 625
1665500 625
1665510 625
1665520 625
1665530 625
1665540 625
1665550 625
1665560 625
1665570 625
1665580 625
1665590 625
1665600 625
1665610 625
1665620 626
1665630 626
1665640 626
1665650 626
1665660 626
1665670 625
1665680 626
1665690 626
1665700 627
1665710 627
1665720 627
1665730 628
1665740 631
1665750 631
1665760 635
1665770 638
1665780 638
1665790 641
1665800 644
1665810 644
1665820 646
1665830 648
1665840 648
1665850 649
1665860 652
1665870 657
1665880 657
1665890 660
1665900 661
1665910 661
1665920 663
1665930 665
1665940 665
1665950 667
1665960 668
1665970 668
1665980 671
1665990 673
1666000 673
1666010 676
1666020 679
1666030 679
1666040 681
1666050 684
1666060 684
1666070 686
1666080 688
1666090 688
1666100 688
1666110 689
1666120 689
1666130 690
1666140 690
1666150 690
1666160 690
1666170 689
1666180 689
1666190 689
1666200 689
1666210 688
1666220 688
1666230 688
1666240 688
1666250 688
1666260 685
1666270 680
1666280 680
1666290 677
1666300 673
1666310 673
1666320 670
1666330 668
1666340 668
1666350 667
1666360 666
1666370 666
1666380 664
1666390 664
1666400 664
1666410 663
1666420 662
1666430 662
1666440 662
1666450 669
1666460 674
1666470 674
1666480 678
1666490 682
1666500 682
1666510 685
1666520 687
1666530 687
1666540 690
1666550 692
1666560 692
1666570 693
1666580 694
1666590 694
1666600 695
1666610 697
1666620 697
1666630 697
1666640 698
1666650 698
1666660 699
1666670 699
1666680 699
1666690 700
1666700 700
1666710 700
1666720 700
1666730 701
1666740 701
1666750 701
1666760 702
1666770 702
1666780 702
1666790 703
1666800 703
1666810 703
1666820 704
1666830 704
1666840 704
1666850 704
1666860 703
1666870 703
1666880 702
1666890 699
1666900 699
1666910 697
1666920 694
1666930 694
1666940 693
1666950 692
1666960 692
1666970 691
1666980 689
1666990 689
1667000 688
1667010 687
1667020 687
1667030 686
1667040 686
1667050 687
1667060 687
1667070 688
1667080 689
1667090 689
1667100 690
1667110 690
1667120 690
1667130 692
1667140 694
1667150 694
1667160 695
1667170 696
1667180 696
1667190 697
1667200 698
1667210 698
1667220 699
1667230 699
1667240 699
1667250 700
1667260 701
1667270 701
1667280 702
1667290 704
1667300 704
1667310 705
1667320 706
1667330 706
1667340 708
1667350 709
1667360 710
1667370 710
1667380 709
1667390 710
1667400 710
1667410 710
1667420 711
1667430 711
1667440 711
1667450 714
1667460 714
1667470 718
1667480 720
1667490 720
1667500 723
1667510 725
1667520 725
1667530 728
1667540 730
1667550 730
1667560 733
1667570 735
1667580 735
1667590 738
1667600 740
1667610 740
1667620 743
1667630 744
1667640 748
1667650 748
1667660 750
1667670 752
1667680 752
1667690 755
1667700 756
1667710 756
1667720 757
1667730 758
1667740 758
1667750 757
1667760 753
1667770 753
1667780 749
1667790 746
1667800 746
1667810 744
1667820 742
1667830 742
1667840 740
1667850 738
1667860 738
1667870 736
1667880 732
1667890 732
1667900 728
1667910 721
1667920 715
1667930 715
1667940 708
1667950 703
1667960 703
1667970 697
1667980 692
1667990 692
1668000 685
1668010 679
1668020 679
1668030 672
1668040 666
1668050 666
1668060 660
1668070 654
1668080 654
1668090 649
1668100 644
1668110 644
1668120 638
1668130 633
1668140 633
1668150 627
1668160 624
1668170 624
1668180 623
1668190 623
1668200 623
1668210 622
1668220 622
1668230 622
1668240 622
1668250 622
1668260 622
1668270 622
1668280 622
1668290 622
1668300 622
1668310 623
1668320 623
1668330 623
1668340 623
1668350 624
1668360 624
1668370 625
1668380 626
1668390 626
1668400 630
1668410 629
1668420 629
1668430 633
1668440 636
1668450 636
1668460 637
1668470 640
1668480 640
1668490 642
1668500 644
1668510 647
1668520 647
1668530 649
1668540 651
1668550 651
1668560 653
1668570 655
1668580 655
1668590 656
1668600 657
1668610 657
1668620 661
1668630 663
1668640 663
1668650 665
1668660 666
1668670 666
1668680 668
1668690 670
1668700 670
1668710 672
1668720 674
1668730 674
1668740 676
1668750 680
1668760 680
1668770 683
1668780 685
1668790 685
1668800 688
1668810 691
1668820 694
1668830 694
1668840 697
1668850 699
1668860 699
1668870 702
1668880 706
1668890 706
1668900 709
1668910 713
1668920 713
1668930 717
1668940 721
1668950 721
1668960 725
1668970 729
1668980 729
1668990 733
1669000 737
1669010 737
1669020 742
1669030 746
1669040 746
1669050 750
1669060 754
1669070 754
1669080 759
1669090 765
1669100 770
1669110 770
1669120 774
1669130 779
1669140 779
1669150 784
1669160 789
1669170 789
1669180 793
1669190 798
1669200 798
1669210 801
1669220 805
1669230 805
1669240 808
1669250 811
1669260 811
1669270 815
1669280 819
1669290 819
1669300 823
1669310 829
1669320 829
1669330 836
1669340 844
1669350 844
1669360 852
1669370 858
1669380 863
1669390 863
1669400 869
1669410 874
1669420 874
1669430 879
1669440 883
1669450 883
1669460 887
1669470 889
1669480 889
1669490 894
1669500 900
1669510 900
1669520 906
1669530 911
1669540 911
1669550 916
1669560 919
1669570 919
1669580 921
1669590 921
1669600 921
1669610 920
1669620 919
1669630 919
1669640 918
1669650 917
1669660 917
1669670 915
1669680 914
1669690 913
1669700 913
1669710 912
1669720 911
1669730 911
1669740 910
1669750 909
1669760 909
1669770 908
1669780 907
1669790 907
1669800 906
1669810 905
1669820 905
1669830 904
1669840 904
1669850 904
1669860 903
1669870 902
1669880 902
1669890 900
1669900 899
1669910 899
1669920 897
1669930 896
1669940 896
1669950 894
1669960 893
1669970 891
1669980 891
1669990 890
1670000 888
1670010 888
1670020 887
1670030 885
1670040 885
1670050 884
1670060 883
1670070 883
1670080 882
1670090 880
1670100 880
1670110 879
1670120 877
1670130 877
1670140 876
1670150 874
1670160 874
1670170 873
1670180 871
1670190 871
1670200 869
1670210 868
1670220 868
1670230 867
1670240 866
1670250 866
1670260 865
1670270 864
1670280 863
1670290 863
1670300 863
1670310 863
1670320 863
1670330 863
1670340 864
1670350 864
1670360 864
1670370 865
1670380 865
1670390 865
1670400 866
1670410 866
1670420 868
1670430 869
1670440 869
1670450 869
1670460 869
1670470 869
1670480 870
1670490 870
1670500 870
1670510 870
1670520 869
1670530 869
1670540 869
1670550 870
1670560 872
1670570 872
1670580 874
1670590 876
1670600 876
1670610 879
1670620 881
1670630 881
1670640 883
1670650 885
1670660 885
1670670 886
1670680 888
1670690 888
1670700 890
1670710 892
1670720 892
1670730 893
1670740 894
1670750 894
1670760 896
1670770 897
1670780 897
1670790 899
1670800 901
1670810 901
1670820 902
1670830 904
1670840 904
1670850 906
1670860 907
1670870 908
1670880 908
1670890 909
1670900 909
1670910 909
1670920 908
1670930 908
1670940 908
1670950 907
1670960 907
1670970 907
1670980 906
1670990 905
1671000 905
1671010 904
1671020 902
1671030 902
1671040 901
1671050 899
1671060 899
1671070 898
1671080 897
1671090 897
1671100 896
1671110 895
1671120 895
1671130 894
1671140 893
1671150 893
1671160 893
1671170 892
1671180 892
1671190 892
1671200 892
1671210 891
1671220 891
1671230 890
1671240 890
1671250 890
1671260 890
1671270 892
1671280 892
1671290 893
1671300 894
1671310 894
1671320 893
1671330 893
1671340 893
1671350 893
1671360 893
1671370 893
1671380 892
1671390 892
1671400 892
1671410 892
1671420 891
1671430 891
1671440 891
1671450 891
1671460 890
1671470 890
1671480 890
1671490 890
1671500 890
1671510 889
1671520 888
1671530 888
1671540 887
1671550 886
1671560 886
1671570 886
1671580 884
1671590 884
1671600 882
1671610 880
1671620 880
1671630 876
1671640 875
1671650 875
1671660 871
1671670 867
1671680 867
1671690 863
1671700 861
1671710 861
1671720 861
1671730 859
1671740 856
1671750 856
1671760 857
1671770 858
1671780 858
1671790 858
1671800 860
1671810 860
1671820 862
1671830 863
1671840 863
1671850 863
1671860 861
1671870 861
1671880 859
1671890 857
1671900 857
1671910 855
1671920 852
1671930 852
1671940 849
1671950 846
1671960 846
1671970 844
1671980 846
1671990 846
1672000 845
1672010 844
1672020 847
1672030 847
1672040 851
1672050 852
1672060 852
1672070 856
1672080 858
1672090 858
1672100 861
1672110 864
1672120 864
1672130 868
1672140 874
1672150 874
1672160 880
1672170 885
1672180 885
1672190 890
1672200 895
1672210 895
1672220 898
1672230 900
1672240 900
1672250 903
1672260 905
1672270 905
1672280 908
1672290 911
1672300 911
1672310 913
1672320 914
1672330 915
1672340 915
1672350 915
1672360 915
1672370 915
1672380 914
1672390 913
1672400 913
1672410 913
1672420 913
1672430 913
1672440 912
1672450 911
1672460 911
1672470 910
1672480 909
1672490 909
1672500 907
1672510 904
1672520 904
1672530 901
1672540 898
1672550 898
1672560 895
1672570 893
1672580 893
1672590 892
1672600 890
1672610 890
1672620 890
1672630 890
1672640 890
1672650 890
1672660 890
1672670 890
1672680 890
1672690 891
1672700 891
1672710 891
1672720 891
1672730 891
1672740 891
1672750 888
1672760 889
1672770 889
1672780 888
1672790 886
1672800 886
1672810 883
1672820 881
1672830 881
1672840 879
1672850 878
1672860 878
1672870 876
1672880 874
1672890 874
1672900 873
1672910 872
1672920 872
1672930 872
1672940 874
1672950 875
1672960 875
1672970 875
1672980 875
1672990 875
1673000 875
1673010 875
1673020 875
1673030 876
1673040 877
1673050 877
1673060 879
1673070 880
1673080 880
1673090 881
1673100 882
1673110 882
1673120 883
1673130 884
1673140 884
1673150 887
1673160 889
1673170 889
1673180 890
1673190 891
1673200 891
1673210 891
1673220 891
1673230 890
1673240 890
1673250 889
1673260 888
1673270 888
1673280 888
1673290 887
1673300 887
1673310 887
1673320 885
1673330 885
1673340 883
1673350 882
1673360 882
1673370 880
1673380 878
1673390 878
1673400 876
1673410 874
1673420 874
1673430 873
1673440 870
1673450 870
1673460 866
1673470 863
1673480 860
1673490 860
1673500 856
1673510 853
1673520 853
1673530 851
1673540 848
1673550 848
1673560 845
1673570 842
1673580 842
1673590 839
1673600 836
1673610 836
1673620 833
1673630 830
1673640 830
1673650 825
1673660 821
1673670 821
1673680 816
1673690 812
1673700 812
1673710 807
1673720 802
1673730 802
1673740 795
1673750 786
1673760 786
1673770 782
1673780 777
1673790 771
1673800 771
1673810 765
1673820 761
1673830 761
1673840 757
1673850 753
1673860 753
1673870 748
1673880 745
1673890 745
1673900 743
1673910 743
1673920 743
1673930 738
1673940 740
1673950 740
1673960 740
1673970 740
1673980 740
1673990 740
1674000 742
1674010 742
1674020 743
1674030 746
1674040 746
1674050 747
1674060 745
1674070 743
1674080 743
1674090 740
1674100 737
1674110 737
1674120 733
1674130 731
1674140 731
1674150 729
1674160 727
1674170 727
1674180 728
1674190 728
1674200 728
1674210 728
1674220 731
1674230 731
1674240 732
1674250 734
1674260 734
1674270 738
1674280 742
1674290 742
1674300 744
1674310 748
1674320 748
1674330 749
1674340 747
1674350 747
1674360 746
1674370 746
1674380 745
1674390 745
1674400 746
1674410 743
1674420 743
1674430 741
1674440 738
1674450 738
1674460 736
1674470 734
1674480 734
1674490 732
1674500 730
1674510 730
1674520 727
1674530 724
1674540 724
1674550 721
1674560 718
1674570 718
1674580 715
1674590 711
1674600 711
1674610 706
1674620 703
1674630 703
1674640 700
1674650 698
1674660 697
1674670 697
1674680 694
1674690 691
1674700 691
1674710 688
1674720 685
1674730 685
1674740 683
1674750 680
1674760 680
1674770 677
1674780 674
1674790 674
1674800 671
1674810 669
1674820 669
1674830 669
1674840 666
1674850 666
1674860 664
1674870 661
1674880 661
1674890 658
1674900 656
1674910 656
1674920 654
1674930 652
1674940 650
1674950 650
1674960 648
1674970 645
1674980 645
1674990 642
1675000 639
1675010 639
1675020 637
1675030 636
1675040 636
1675050 635
1675060 634
1675070 634
1675080 633
1675090 633
1675100 633
1675110 633
1675120 632
1675130 632
1675140 632
1675150 632
1675160 632
1675170 633
1675180 632
1675190 632
1675200 632
1675210 632
1675220 632
1675230 631
1675240 630
1675250 629
1675260 629
1675270 626
1675280 623
1675290 623
1675300 619
1675310 617
1675320 617
1675330 615
1675340 614
1675350 614
1675360 612
1675370 610
1675380 610
1675390 609
1675400 608
1675410 608
1675420 606
1675430 604
1675440 604
1675450 602
1675460 597
1675470 597
1675480 593
1675490 588
1675500 588
1675510 585
1675520 581
1675530 579
1675540 579
1675550 579
1675560 577
1675570 577
1675580 575
1675590 575
1675600 575
1675610 576
1675620 577
1675630 577
1675640 578
1675650 577
1675660 577
1675670 578
1675680 578
1675690 578
1675700 578
1675710 577
1675720 577
1675730 577
1675740 577
1675750 577
1675760 578
1675770 581
1675780 581
1675790 584
1675800 580
1675810 580
1675820 575
1675830 575
1675840 575
1675850 575
1675860 575
1675870 575
1675880 575
1675890 575
1675900 575
1675910 575
1675920 575
1675930 575
1675940 575
1675950 575
1675960 575
1675970 575
1675980 575
1675990 575
1676000 575
1676010 575
1676020 572
1676030 572
1676040 572
1676050 572
1676060 572
1676070 572
1676080 572
1676090 572
1676100 572
1676110 572
1676120 572
1676130 572
1676140 572
1676150 572
1676160 572
1676170 569
1676180 570
1676190 570
1676200 570
1676210 570
1676220 570
1676230 570
1676240 570
1676250 570
1676260 570
1676270 570
1676280 570
1676290 570
1676300 570
1676310 570
1676320 570
1676330 570
1676340 570
1676350 570
1676360 570
1676370 570
1676380 569
1676390 570
1676400 570
1676410 569
1676420 570
1676430 570
1676440 570
1676450 569
1676460 569
1676470 569
1676480 569
1676490 569
1676500 569
1676510 569
1676520 569
1676530 569
1676540 568
1676550 568
1676560 568
1676570 568
1676580 567
1676590 567
1676600 567
1676610 567
1676620 567
1676630 567
1676640 567
1676650 567
1676660 567
1676670 567
1676680 567
1676690 567
1676700 567
1676710 567
1676720 567
1676730 567
1676740 567
1676750 567
1676760 567
1676770 567
1676780 567
1676790 567
1676800 567
1676810 567
1676820 567
1676830 567
1676840 567
1676850 567
1676860 567
1676870 567
1676880 567
1676890 567
1676900 567
1676910 566
1676920 566
1676930 566
1676940 566
1676950 566
1676960 566
1676970 567
1676980 567
1676990 568
1677000 568
1677010 567
1677020 567
1677030 567
1677040 571
1677050 571
1677060 571
1677070 576
1677080 576
1677090 576
1677100 578
1677110 579
1677120 579
1677130 580
1677140 582
1677150 582
1677160 586
1677170 590
1677180 590
1677190 593
1677200 594
1677210 594
1677220 595
1677230 595
1677240 595
1677250 595
1677260 596
1677270 596
1677280 602
1677290 602
1677300 604
1677310 604
1677320 605
1677330 605
1677340 605
1677350 604
1677360 604
1677370 604
1677380 598
1677390 594
1677400 594
1677410 591
1677420 587
1677430 587
1677440 584
1677450 583
1677460 583
1677470 582
1677480 582
1677490 582
1677500 583
1677510 585
1677520 585
1677530 588
1677540 593
1677550 593
1677560 598
1677570 600
1677580 601
1677590 601
1677600 602
1677610 601
1677620 601
1677630 601
1677640 601
1677650 601
1677660 602
1677670 603
1677680 603
1677690 603
1677700 605
1677710 605
1677720 608
1677730 608
1677740 608
1677750 610
1677760 612
1677770 612
1677780 613
1677790 613
1677800 613
1677810 613
1677820 613
1677830 613
1677840 613
1677850 612
1677860 612
1677870 610
1677880 610
1677890 611
1677900 611
1677910 612
1677920 615
1677930 615
1677940 619
1677950 623
1677960 623
1677970 627
1677980 629
1677990 629
1678000 630
1678010 631
1678020 631
1678030 633
1678040 636
1678050 636
1678060 637
1678070 639
1678080 639
1678090 642
1678100 645
1678110 645
1678120 643
1678130 641
1678140 641
1678150 640
1678160 637
1678170 635
1678180 635
1678190 631
1678200 628
1678210 628
1678220 625
1678230 620
1678240 620
1678250 620
1678260 620
1678270 620
1678280 619
1678290 619
1678300 619
1678310 621
1678320 625
1678330 625
1678340 626
1678350 627
1678360 627
1678370 628
1678380 629
1678390 629
1678400 629
1678410 630
1678420 630
1678430 631
1678440 633
1678450 634
1678460 634
1678470 635
1678480 635
1678490 635
1678500 636
1678510 636
1678520 636
1678530 636
1678540 638
1678550 638
1678560 640
1678570 640
1678580 640
1678590 640
1678600 641
1678610 641
1678620 643
1678630 644
1678640 644
1678650 646
1678660 649
1678670 649
1678680 648
1678690 648
1678700 648
1678710 649
1678720 649
1678730 649
1678740 650
1678750 648
1678760 647
1678770 647
1678780 644
1678790 641
1678800 641
1678810 638
1678820 633
1678830 633
1678840 628
1678850 624
1678860 624
1678870 619
1678880 613
1678890 613
1678900 607
1678910 602
1678920 602
1678930 598
1678940 594
1678950 594
1678960 590
1678970 588
1678980 588
1678990 584
1679000 582
1679010 582
1679020 580
1679030 575
1679040 573
1679050 573
1679060 571
1679070 568
1679080 568
1679090 567
1679100 567
1679110 567
1679120 565
1679130 562
1679140 562
1679150 559
1679160 556
1679170 556
1679180 554
1679190 553
1679200 553
1679210 552
1679220 550
1679230 550
1679240 548
1679250 548
1679260 548
1679270 551
1679280 551
1679290 551
1679300 554
1679310 557
1679320 557
1679330 559
1679340 561
1679350 564
1679360 564
1679370 568
1679380 571
1679390 571
1679400 561
1679410 553
1679420 553
1679430 540
1679440 539
1679450 539
1679460 537
1679470 535
1679480 535
1679490 533
1679500 533
1679510 533
1679520 533
1679530 533
1679540 533
1679550 533
1679560 535
1679570 535
1679580 535
1679590 536
1679600 536
1679610 537
1679620 537
1679630 539
1679640 539
1679650 538
1679660 538
1679670 538
1679680 538
1679690 539
1679700 539
1679710 539
1679720 539
1679730 539
1679740 539
1679750 539
1679760 539
1679770 539
1679780 540
1679790 540
1679800 540
1679810 540
1679820 540
1679830 540
1679840 540
1679850 540
1679860 540
1679870 540
1679880 540
1679890 539
1679900 540
1679910 540
1679920 540
1679930 540
1679940 540
1679950 540
1679960 541
1679970 541
1679980 541
1679990 541
