1660000 749
1660010 749
1660020 749
1660030 749
1660040 749
1660050 748
1660060 747
1660070 747
1660080 746
1660090 745
1660100 745
1660110 743
1660120 740
1660130 738
1660140 738
1660150 736
1660160 734
1660170 734
1660180 733
1660190 734
1660200 734
1660210 733
1660220 733
1660230 733
1660240 733
1660250 733
1660260 733
1660270 733
1660280 733
1660290 733
1660300 733
1660310 732
1660320 732
1660330 732
1660340 732
1660350 732
1660360 730
1660370 730
1660380 730
1660390 729
1660400 729
1660410 729
1660420 727
1660430 726
1660440 725
1660450 725
1660460 724
1660470 723
1660480 723
1660490 722
1660500 720
1660510 720
1660520 719
1660530 716
1660540 716
1660550 714
1660560 713
1660570 713
1660580 711
1660590 709
1660600 709
1660610 707
1660620 706
1660630 706
1660640 704
1660650 703
1660660 703
1660670 702
1660680 700
1660690 700
1660700 699
1660710 698
1660720 697
1660730 697
1660740 696
1660750 694
1660760 694
1660770 697
1660780 698
1660790 698
1660800 698
1660810 699
1660820 699
1660830 700
1660840 701
1660850 701
1660860 703
1660870 704
1660880 704
1660890 707
1660900 712
1660910 712
1660920 714
1660930 716
1660940 716
1660950 717
1660960 718
1660970 718
1660980 723
1660990 727
1661000 727
1661010 731
1661020 731
1661030 731
1661040 731
1661050 730
1661060 728
1661070 728
1661080 727
1661090 725
1661100 725
1661110 723
1661120 721
1661130 721
1661140 720
1661150 718
1661160 718
1661170 717
1661180 716
1661190 716
1661200 714
1661210 713
1661220 713
1661230 712
1661240 711
1661250 711
1661260 710
1661270 709
1661280 709
1661290 709
1661300 708
1661310 708
1661320 707
1661330 706
1661340 706
1661350 706
1661360 705
1661370 705
1661380 705
1661390 704
1661400 703
1661410 703
1661420 703
1661430 702
1661440 702
1661450 701
1661460 701
1661470 701
1661480 700
1661490 699
1661500 699
1661510 698
1661520 697
1661530 697
1661540 696
1661550 695
1661560 695
1661570 694
1661580 694
1661590 694
1661600 692
1661610 692
1661620 691
1661630 691
1661640 690
1661650 688
1661660 688
1661670 687
1661680 686
1661690 686
1661700 685
1661710 684
1661720 684
1661730 683
1661740 682
1661750 682
1661760 681
1661770 680
1661780 680
1661790 680
1661800 685
1661810 685
1661820 688
1661830 689
1661840 689
1661850 690
1661860 691
1661870 691
1661880 691
1661890 691
1661900 691
1661910 691
1661920 691
1661930 691
1661940 691
1661950 691
1661960 691
1661970 691
1661980 691
1661990 691
1662000 691
1662010 691
1662020 691
1662030 691
1662040 691
1662050 691
1662060 691
1662070 691
1662080 691
1662090 691
1662100 691
1662110 691
1662120 691
1662130 691
1662140 691
1662150 691
1662160 691
1662170 690
1662180 690
1662190 690
1662200 690
1662210 690
1662220 690
1662230 689
1662240 687
1662250 687
1662260 685
1662270 685
1662280 685
1662290 684
1662300 683
1662310 683
1662320 683
1662330 683
1662340 683
1662350 677
1662360 673
1662370 673
1662380 672
1662390 672
1662400 672
1662410 672
1662420 672
1662430 672
1662440 672
1662450 671
1662460 671
1662470 671
1662480 671
1662490 671
1662500 671
1662510 671
1662520 672
1662530 672
1662540 673
1662550 674
1662560 674
1662570 674
1662580 678
1662590 678
1662600 681
1662610 683
1662620 683
1662630 686
1662640 687
1662650 687
1662660 688
1662670 688
1662680 688
1662690 689
1662700 691
1662710 691
1662720 694
1662730 695
1662740 695
1662750 696
1662760 697
1662770 697
1662780 700
1662790 703
1662800 703
1662810 704
1662820 707
1662830 709
1662840 709
1662850 711
1662860 712
1662870 712
1662880 711
1662890 711
1662900 711
1662910 711
1662920 711
1662930 711
1662940 711
1662950 710
1662960 710
1662970 711
1662980 711
1662990 711
1663000 713
1663010 708
1663020 708
1663030 708
1663040 714
1663050 714
1663060 714
1663070 715
1663080 715
1663090 715
1663100 714
1663110 715
1663120 715
1663130 716
1663140 717
1663150 717
1663160 718
1663170 718
1663180 718
1663190 719
1663200 719
1663210 719
1663220 720
1663230 720
1663240 720
1663250 721
1663260 722
1663270 722
1663280 722
1663290 723
1663300 723
1663310 723
1663320 724
1663330 724
1663340 725
1663350 725
1663360 725
1663370 726
1663380 727
1663390 727
1663400 728
1663410 729
1663420 730
1663430 730
1663440 730
1663450 731
1663460 731
1663470 732
1663480 733
1663490 733
1663500 734
1663510 734
1663520 734
1663530 735
1663540 736
1663550 736
1663560 738
1663570 738
1663580 738
1663590 739
1663600 739
1663610 739
1663620 740
1663630 740
1663640 740
1663650 741
1663660 741
1663670 741
1663680 741
1663690 742
1663700 742
1663710 742
1663720 743
1663730 743
1663740 743
1663750 744
1663760 744
1663770 744
1663780 744
1663790 745
1663800 745
1663810 747
1663820 748
1663830 748
1663840 749
1663850 751
1663860 751
1663870 752
1663880 754
1663890 754
1663900 755
1663910 756
1663920 756
1663930 757
1663940 759
1663950 759
1663960 759
1663970 760
1663980 760
1663990 760
1664000 760
1664010 761
1664020 761
1664030 762
1664040 764
1664050 764
1664060 764
1664070 765
1664080 765
1664090 765
1664100 764
1664110 764
1664120 764
1664130 762
1664140 762
1664150 761
1664160 758
1664170 758
1664180 755
1664190 754
1664200 754
1664210 754
1664220 754
1664230 754
1664240 753
1664250 753
1664260 753
1664270 753
1664280 753
1664290 753
1664300 753
1664310 753
1664320 753
1664330 753
1664340 752
1664350 752
1664360 752
1664370 753
1664380 753
1664390 753
1664400 753
1664410 753
1664420 753
1664430 752
1664440 752
1664450 752
1664460 752
1664470 751
1664480 751
1664490 751
1664500 751
1664510 751
1664520 751
1664530 750
1664540 750
1664550 750
1664560 750
1664570 750
1664580 749
1664590 748
1664600 747
1664610 747
1664620 747
1664630 746
1664640 746
1664650 745
1664660 743
1664670 743
1664680 742
1664690 740
1664700 740
1664710 739
1664720 738
1664730 738
1664740 738
1664750 737
1664760 737
1664770 737
1664780 737
1664790 737
1664800 738
1664810 738
1664820 738
1664830 739
1664840 739
1664850 739
1664860 740
1664870 741
1664880 741
1664890 742
1664900 743
1664910 744
1664920 744
1664930 745
1664940 746
1664950 746
1664960 747
1664970 748
1664980 748
1664990 750
1665000 751
1665010 751
1665020 752
1665030 755
1665040 755
1665050 756
1665060 756
1665070 756
1665080 756
1665090 756
1665100 756
1665110 757
1665120 757
1665130 757
1665140 758
1665150 758
1665160 758
1665170 759
1665180 758
1665190 758
1665200 758
1665210 758
1665220 757
1665230 757
1665240 757
1665250 756
1665260 756
1665270 755
1665280 755
1665290 755
1665300 754
1665310 754
1665320 754
1665330 754
1665340 754
1665350 754
1665360 753
1665370 752
1665380 752
1665390 750
1665400 749
1665410 749
1665420 747
1665430 746
1665440 746
1665450 744
1665460 742
1665470 742
1665480 739
1665490 735
1665500 732
1665510 732
1665520 732
1665530 727
1665540 727
1665550 724
1665560 722
1665570 722
1665580 721
1665590 719
1665600 719
1665610 719
1665620 719
1665630 719
1665640 717
1665650 716
1665660 716
1665670 715
1665680 714
1665690 714
1665700 713
1665710 712
1665720 712
1665730 711
1665740 710
1665750 710
1665760 709
1665770 708
1665780 708
1665790 706
1665800 705
1665810 704
1665820 704
1665830 703
1665840 702
1665850 702
1665860 701
1665870 700
1665880 700
1665890 699
1665900 698
1665910 698
1665920 697
1665930 695
1665940 695
1665950 694
1665960 693
1665970 693
1665980 692
1665990 691
1666000 691
1666010 690
1666020 690
1666030 690
1666040 689
1666050 689
1666060 689
1666070 689
1666080 689
1666090 688
1666100 688
1666110 688
1666120 687
1666130 687
1666140 687
1666150 687
1666160 687
1666170 686
1666180 686
1666190 686
1666200 685
1666210 685
1666220 685
1666230 685
1666240 684
1666250 684
1666260 684
1666270 683
1666280 683
1666290 682
1666300 682
1666310 682
1666320 681
1666330 680
1666340 680
1666350 681
1666360 680
1666370 680
1666380 680
1666390 681
1666400 681
1666410 681
1666420 681
1666430 681
1666440 681
1666450 681
1666460 682
1666470 682
1666480 682
1666490 683
1666500 683
1666510 684
1666520 685
1666530 685
1666540 686
1666550 687
1666560 687
1666570 688
1666580 688
1666590 688
1666600 689
1666610 689
1666620 689
1666630 690
1666640 690
1666650 690
1666660 690
1666670 689
1666680 689
1666690 689
1666700 689
1666710 689
1666720 689
1666730 689
1666740 688
1666750 688
1666760 688
1666770 687
1666780 687
1666790 687
1666800 686
1666810 686
1666820 686
1666830 686
1666840 686
1666850 687
1666860 687
1666870 687
1666880 687
1666890 687
1666900 687
1666910 687
1666920 687
1666930 687
1666940 687
1666950 687
1666960 687
1666970 687
1666980 687
1666990 687
1667000 687
1667010 687
1667020 686
1667030 686
1667040 686
1667050 686
1667060 686
1667070 686
1667080 686
1667090 686
1667100 686
1667110 686
1667120 686
1667130 686
1667140 687
1667150 687
1667160 687
1667170 687
1667180 687
1667190 688
1667200 688
1667210 688
1667220 688
1667230 689
1667240 689
1667250 689
1667260 689
1667270 689
1667280 690
1667290 690
1667300 690
1667310 690
1667320 690
1667330 691
1667340 691
1667350 691
1667360 692
1667370 692
1667380 692
1667390 692
1667400 692
1667410 693
1667420 693
1667430 693
1667440 693
1667450 693
1667460 693
1667470 693
1667480 693
1667490 693
1667500 693
1667510 693
1667520 693
1667530 693
1667540 692
1667550 692
1667560 692
1667570 692
1667580 692
1667590 692
1667600 692
1667610 692
1667620 692
1667630 691
1667640 691
1667650 691
1667660 690
1667670 690
1667680 690
1667690 690
1667700 689
1667710 689
1667720 689
1667730 689
1667740 689
1667750 689
1667760 689
1667770 689
1667780 689
1667790 689
1667800 689
1667810 688
1667820 688
1667830 688
1667840 688
1667850 687
1667860 687
1667870 687
1667880 687
1667890 686
1667900 686
1667910 686
1667920 685
1667930 685
1667940 685
1667950 685
1667960 685
1667970 685
1667980 685
1667990 685
1668000 684
1668010 684
1668020 684
1668030 683
1668040 683
1668050 683
1668060 684
1668070 683
1668080 683
1668090 683
1668100 683
1668110 683
1668120 682
1668130 682
1668140 682
1668150 681
1668160 681
1668170 681
1668180 681
1668190 680
1668200 681
1668210 681
1668220 680
1668230 680
1668240 680
1668250 679
1668260 679
1668270 679
1668280 678
1668290 677
1668300 677
1668310 677
1668320 676
1668330 676
1668340 676
1668350 675
1668360 675
1668370 675
1668380 675
1668390 675
1668400 674
1668410 673
1668420 673
1668430 670
1668440 669
1668450 669
1668460 667
1668470 667
1668480 666
1668490 666
1668500 666
1668510 666
1668520 666
1668530 666
1668540 667
1668550 667
1668560 668
1668570 669
1668580 669
1668590 670
1668600 670
1668610 670
1668620 671
1668630 672
1668640 672
1668650 672
1668660 673
1668670 673
1668680 674
1668690 675
1668700 675
1668710 676
1668720 676
1668730 676
1668740 677
1668750 678
1668760 678
1668770 679
1668780 679
1668790 679
1668800 679
1668810 679
1668820 679
1668830 679
1668840 679
1668850 678
1668860 678
1668870 677
1668880 676
1668890 676
1668900 675
1668910 675
1668920 675
1668930 673
1668940 670
1668950 670
1668960 666
1668970 663
1668980 663
1668990 661
1669000 659
1669010 659
1669020 657
1669030 656
1669040 656
1669050 654
1669060 653
1669070 653
1669080 650
1669090 646
1669100 643
1669110 643
1669120 643
1669130 642
1669140 642
1669150 643
1669160 646
1669170 646
1669180 652
1669190 656
1669200 656
1669210 656
1669220 659
1669230 659
1669240 664
1669250 670
1669260 670
1669270 676
1669280 681
1669290 681
1669300 685
1669310 688
1669320 688
1669330 692
1669340 694
1669350 694
1669360 697
1669370 700
1669380 703
1669390 703
1669400 706
1669410 709
1669420 709
1669430 712
1669440 715
1669450 715
1669460 717
1669470 719
1669480 719
1669490 722
1669500 724
1669510 724
1669520 726
1669530 729
1669540 729
1669550 731
1669560 733
1669570 733
1669580 735
1669590 736
1669600 736
1669610 737
1669620 739
1669630 739
1669640 741
1669650 742
1669660 742
1669670 742
1669680 742
1669690 742
1669700 742
1669710 741
1669720 740
1669730 740
1669740 739
1669750 738
1669760 738
1669770 737
1669780 736
1669790 736
1669800 735
1669810 734
1669820 734
1669830 733
1669840 731
1669850 731
1669860 730
1669870 728
1669880 728
1669890 727
1669900 726
1669910 726
1669920 725
1669930 723
1669940 723
1669950 721
1669960 719
1669970 717
1669980 717
1669990 715
1670000 713
1670010 713
1670020 712
1670030 709
1670040 709
1670050 707
1670060 704
1670070 704
1670080 702
1670090 700
1670100 700
1670110 698
1670120 697
1670130 697
1670140 694
1670150 691
1670160 691
1670170 688
1670180 686
1670190 686
1670200 684
1670210 683
1670220 683
1670230 682
1670240 680
1670250 680
1670260 680
1670270 679
1670280 679
1670290 679
1670300 679
1670310 676
1670320 676
1670330 670
1670340 672
1670350 672
1670360 671
1670370 670
1670380 670
1670390 671
1670400 673
1670410 673
1670420 675
1670430 677
1670440 677
1670450 677
1670460 676
1670470 676
1670480 675
1670490 674
1670500 674
1670510 673
1670520 672
1670530 672
1670540 671
1670550 670
1670560 670
1670570 671
1670580 672
1670590 675
1670600 675
1670610 677
1670620 678
1670630 678
1670640 678
1670650 678
1670660 678
1670670 678
1670680 678
1670690 678
1670700 678
1670710 677
1670720 677
1670730 676
1670740 675
1670750 675
1670760 675
1670770 674
1670780 674
1670790 673
1670800 673
1670810 673
1670820 672
1670830 672
1670840 672
1670850 671
1670860 671
1670870 671
1670880 671
1670890 671
1670900 671
1670910 671
1670920 671
1670930 671
1670940 671
1670950 672
1670960 673
1670970 673
1670980 674
1670990 674
1671000 674
1671010 675
1671020 675
1671030 675
1671040 675
1671050 675
1671060 675
1671070 675
1671080 675
1671090 675
1671100 675
1671110 675
1671120 675
1671130 675
1671140 675
1671150 675
1671160 675
1671170 675
1671180 674
1671190 674
1671200 674
1671210 672
1671220 672
1671230 671
1671240 671
1671250 671
1671260 671
1671270 672
1671280 672
1671290 672
1671300 671
1671310 671
1671320 670
1671330 670
1671340 670
1671350 669
1671360 668
1671370 668
1671380 668
1671390 667
1671400 667
1671410 666
1671420 665
1671430 665
1671440 664
1671450 663
1671460 663
1671470 662
1671480 661
1671490 660
1671500 660
1671510 659
1671520 658
1671530 658
1671540 656
1671550 655
1671560 655
1671570 654
1671580 653
1671590 653
1671600 652
1671610 652
1671620 652
1671630 651
1671640 650
1671650 650
1671660 649
1671670 648
1671680 648
1671690 647
1671700 647
1671710 647
1671720 646
1671730 646
1671740 646
1671750 645
1671760 644
1671770 643
1671780 643
1671790 643
1671800 642
1671810 642
1671820 641
1671830 640
1671840 640
1671850 640
1671860 640
1671870 640
1671880 639
1671890 639
1671900 639
1671910 638
1671920 637
1671930 637
1671940 636
1671950 635
1671960 635
1671970 635
1671980 634
1671990 634
1672000 633
1672010 632
1672020 632
1672030 631
1672040 631
1672050 631
1672060 630
1672070 629
1672080 629
1672090 629
1672100 628
1672110 628
1672120 628
1672130 628
1672140 627
1672150 627
1672160 626
1672170 625
1672180 625
1672190 624
1672200 625
1672210 625
1672220 625
1672230 625
1672240 625
1672250 625
1672260 625
1672270 625
1672280 625
1672290 624
1672300 624
1672310 624
1672320 624
1672330 624
1672340 624
1672350 623
1672360 623
1672370 623
1672380 622
1672390 621
1672400 621
1672410 619
1672420 619
1672430 619
1672440 620
1672450 621
1672460 621
1672470 621
1672480 621
1672490 621
1672500 621
1672510 621
1672520 621
1672530 621
1672540 620
1672550 620
1672560 620
1672570 620
1672580 620
1672590 619
1672600 619
1672610 619
1672620 619
1672630 618
1672640 618
1672650 618
1672660 617
1672670 615
1672680 615
1672690 617
1672700 617
1672710 617
1672720 617
1672730 616
1672740 616
1672750 617
1672760 618
1672770 618
1672780 620
1672790 622
1672800 622
1672810 620
1672820 617
1672830 617
1672840 615
1672850 615
1672860 615
1672870 614
1672880 615
1672890 615
1672900 621
1672910 624
1672920 624
1672930 631
1672940 634
1672950 634
1672960 633
1672970 632
1672980 631
1672990 631
1673000 631
1673010 629
1673020 629
1673030 629
1673040 629
1673050 629
1673060 630
1673070 629
1673080 629
1673090 625
1673100 621
1673110 621
1673120 621
1673130 624
1673140 624
1673150 632
1673160 641
1673170 641
1673180 650
1673190 650
1673200 650
1673210 648
1673220 642
1673230 642
1673240 613
1673250 609
1673260 609
1673270 609
1673280 608
1673290 607
1673300 607
1673310 607
1673320 607
1673330 607
1673340 606
1673350 606
1673360 606
1673370 606
1673380 606
1673390 606
1673400 606
1673410 606
1673420 606
1673430 606
1673440 605
1673450 605
1673460 605
1673470 604
1673480 604
1673490 607
1673500 607
1673510 607
1673520 612
1673530 618
1673540 618
1673550 626
1673560 634
1673570 636
1673580 636
1673590 639
1673600 643
1673610 643
1673620 647
1673630 659
1673640 659
1673650 657
1673660 660
1673670 660
1673680 662
1673690 667
1673700 667
1673710 672
1673720 679
1673730 679
1673740 688
1673750 700
1673760 700
1673770 710
1673780 716
1673790 716
1673800 723
1673810 728
1673820 728
1673830 733
1673840 737
1673850 741
1673860 741
1673870 745
1673880 748
1673890 748
1673900 749
1673910 749
1673920 749
1673930 748
1673940 746
1673950 746
1673960 742
1673970 739
1673980 739
1673990 740
1674000 740
1674010 740
1674020 741
1674030 743
1674040 743
1674050 744
1674060 746
1674070 746
1674080 748
1674090 750
1674100 750
1674110 750
1674120 751
1674130 751
1674140 752
1674150 753
1674160 755
1674170 755
1674180 756
1674190 757
1674200 757
1674210 758
1674220 760
1674230 760
1674240 761
1674250 763
1674260 763
1674270 764
1674280 765
1674290 765
1674300 765
1674310 765
1674320 765
1674330 765
1674340 765
1674350 765
1674360 764
1674370 763
1674380 763
1674390 762
1674400 760
1674410 760
1674420 757
1674430 754
1674440 754
1674450 752
1674460 747
1674470 742
1674480 742
1674490 737
1674500 732
1674510 732
1674520 728
1674530 723
1674540 723
1674550 720
1674560 718
1674570 718
1674580 719
1674590 719
1674600 719
1674610 720
1674620 719
1674630 719
1674640 719
1674650 717
1674660 717
1674670 715
1674680 715
1674690 715
1674700 714
1674710 713
1674720 713
1674730 711
1674740 710
1674750 708
1674760 708
1674770 706
1674780 703
1674790 703
1674800 702
1674810 702
1674820 702
1674830 699
1674840 697
1674850 697
1674860 696
1674870 695
1674880 695
1674890 694
1674900 692
1674910 692
1674920 690
1674930 689
1674940 689
1674950 688
1674960 687
1674970 687
1674980 686
1674990 681
1675000 681
1675010 673
1675020 661
1675030 661
1675040 660
1675050 660
1675060 672
1675070 672
1675080 681
1675090 688
1675100 688
1675110 686
1675120 673
1675130 673
1675140 668
1675150 665
1675160 665
1675170 664
1675180 664
1675190 664
1675200 664
1675210 664
1675220 664
1675230 666
1675240 666
1675250 666
1675260 666
1675270 666
1675280 666
1675290 666
1675300 667
1675310 667
1675320 671
1675330 674
1675340 677
1675350 677
1675360 678
1675370 682
1675380 682
1675390 688
1675400 692
1675410 692
1675420 695
1675430 697
1675440 697
1675450 698
1675460 700
1675470 700
1675480 702
1675490 704
1675500 704
1675510 706
1675520 709
1675530 709
1675540 711
1675550 711
1675560 711
1675570 715
1675580 716
1675590 716
1675600 718
1675610 719
1675620 719
1675630 721
1675640 723
1675650 725
1675660 725
1675670 727
1675680 729
1675690 729
1675700 731
1675710 732
1675720 732
1675730 734
1675740 736
1675750 736
1675760 737
1675770 739
1675780 739
1675790 740
1675800 742
1675810 742
1675820 743
1675830 744
1675840 744
1675850 746
1675860 747
1675870 747
1675880 749
1675890 753
1675900 753
1675910 752
1675920 750
1675930 750
1675940 751
1675950 752
1675960 752
1675970 752
1675980 753
1675990 756
1676000 756
1676010 760
1676020 759
1676030 759
1676040 755
1676050 741
1676060 741
1676070 729
1676080 722
1676090 722
1676100 716
1676110 710
1676120 710
1676130 704
1676140 699
1676150 699
1676160 694
1676170 686
1676180 686
1676190 679
1676200 675
1676210 675
1676220 680
1676230 687
1676240 696
1676250 696
1676260 707
1676270 720
1676280 720
1676290 728
1676300 732
1676310 732
1676320 736
1676330 742
1676340 742
1676350 751
1676360 759
1676370 759
1676380 766
1676390 767
1676400 767
1676410 766
1676420 767
1676430 767
1676440 759
1676450 760
1676460 760
1676470 764
1676480 764
1676490 764
1676500 764
1676510 766
1676520 766
1676530 767
1676540 771
1676550 773
1676560 773
1676570 776
1676580 778
1676590 778
1676600 779
1676610 781
1676620 781
1676630 783
1676640 785
1676650 785
1676660 785
1676670 787
1676680 787
1676690 788
1676700 791
1676710 791
1676720 792
1676730 793
1676740 793
1676750 794
1676760 795
1676770 795
1676780 797
1676790 799
1676800 799
1676810 799
1676820 800
1676830 800
1676840 801
1676850 803
1676860 806
1676870 806
1676880 808
1676890 810
1676900 810
1676910 811
1676920 812
1676930 812
1676940 813
1676950 813
1676960 813
1676970 814
1676980 815
1676990 815
1677000 816
1677010 817
1677020 817
1677030 818
1677040 819
1677050 819
1677060 820
1677070 822
1677080 822
1677090 823
1677100 823
1677110 823
1677120 824
1677130 825
1677140 826
1677150 826
1677160 826
1677170 827
1677180 827
1677190 827
1677200 828
1677210 828
1677220 828
1677230 829
1677240 829
1677250 829
1677260 829
1677270 829
1677280 829
1677290 829
1677300 829
1677310 829
1677320 830
1677330 830
1677340 830
1677350 831
1677360 831
1677370 831
1677380 832
1677390 832
1677400 833
1677410 833
1677420 833
1677430 835
1677440 837
1677450 839
1677460 839
1677470 840
1677480 842
1677490 842
1677500 843
1677510 844
1677520 844
1677530 846
1677540 848
1677550 848
1677560 850
1677570 852
1677580 852
1677590 854
1677600 855
1677610 855
1677620 857
1677630 859
1677640 859
1677650 860
1677660 861
1677670 861
1677680 863
1677690 865
1677700 865
1677710 867
1677720 869
1677730 871
1677740 871
1677750 872
1677760 874
1677770 874
1677780 876
1677790 877
1677800 877
1677810 879
1677820 881
1677830 881
1677840 883
1677850 885
1677860 885
1677870 885
1677880 888
1677890 888
1677900 889
1677910 891
1677920 891
1677930 892
1677940 895
1677950 895
1677960 897
1677970 900
1677980 900
1677990 901
1678000 902
1678010 902
1678020 903
1678030 904
1678040 906
1678050 906
1678060 908
1678070 910
1678080 910
1678090 912
1678100 913
1678110 913
1678120 914
1678130 916
1678140 916
1678150 917
1678160 917
1678170 917
1678180 919
1678190 922
1678200 922
1678210 924
1678220 927
1678230 927
1678240 930
1678250 932
1678260 932
1678270 935
1678280 937
1678290 937
1678300 940
1678310 943
1678320 943
1678330 944
1678340 947
1678350 948
1678360 948
1678370 950
1678380 951
1678390 951
1678400 952
1678410 953
1678420 953
1678430 954
1678440 956
1678450 956
1678460 958
1678470 960
1678480 960
1678490 962
1678500 964
1678510 964
1678520 966
1678530 968
1678540 968
1678550 970
1678560 973
1678570 973
1678580 976
1678590 979
1678600 979
1678610 981
1678620 982
1678630 983
1678640 983
1678650 983
1678660 982
1678670 982
1678680 980
1678690 980
1678700 980
1678710 979
1678720 978
1678730 978
1678740 977
1678750 976
1678760 976
1678770 975
1678780 973
1678790 973
1678800 971
1678810 970
1678820 970
1678830 968
1678840 967
1678850 967
1678860 965
1678870 963
1678880 963
1678890 959
1678900 956
1678910 956
1678920 952
1678930 949
1678940 946
1678950 946
1678960 943
1678970 941
1678980 941
1678990 939
1679000 938
1679010 938
1679020 936
1679030 933
1679040 933
1679050 931
1679060 929
1679070 929
1679080 926
1679090 924
1679100 924
1679110 922
1679120 920
1679130 920
1679140 918
1679150 915
1679160 915
1679170 913
1679180 911
1679190 911
1679200 909
1679210 908
1679220 905
1679230 905
1679240 903
1679250 901
1679260 901
1679270 899
1679280 897
1679290 897
1679300 896
1679310 895
1679320 895
1679330 894
1679340 892
1679350 892
1679360 890
1679370 889
1679380 889
1679390 888
1679400 886
1679410 886
1679420 884
1679430 881
1679440 881
1679450 879
1679460 878
1679470 878
1679480 876
1679490 873
1679500 873
1679510 871
1679520 868
1679530 865
1679540 865
1679550 860
1679560 855
1679570 855
1679580 850
1679590 846
1679600 846
1679610 842
1679620 838
1679630 838
1679640 836
1679650 833
1679660 833
1679670 830
1679680 828
1679690 828
1679700 824
1679710 821
1679720 821
1679730 817
1679740 811
1679750 811
1679760 808
1679770 804
1679780 804
1679790 801
1679800 797
1679810 797
1679820 790
1679830 784
1679840 778
1679850 778
1679860 775
1679870 771
1679880 771
1679890 769
1679900 768
1679910 768
1679920 762
1679930 762
1679940 762
1679950 759
1679960 757
1679970 757
1679980 756
1679990 757
