1660000 874
1660010 874
1660020 869
1660030 866
1660040 866
1660050 864
1660060 862
1660070 862
1660080 859
1660090 856
1660100 854
1660110 854
1660120 852
1660130 853
1660140 853
1660150 853
1660160 853
1660170 853
1660180 850
1660190 849
1660200 849
1660210 849
1660220 848
1660230 848
1660240 846
1660250 842
1660260 842
1660270 835
1660280 828
1660290 828
1660300 820
1660310 813
1660320 813
1660330 807
1660340 802
1660350 802
1660360 800
1660370 800
1660380 800
1660390 800
1660400 797
1660410 795
1660420 795
1660430 793
1660440 791
1660450 791
1660460 791
1660470 791
1660480 791
1660490 790
1660500 788
1660510 788
1660520 784
1660530 781
1660540 781
1660550 779
1660560 779
1660570 779
1660580 777
1660590 774
1660600 774
1660610 769
1660620 764
1660630 764
1660640 764
1660650 763
1660660 763
1660670 762
1660680 759
1660690 758
1660700 758
1660710 758
1660720 759
1660730 759
1660740 760
1660750 759
1660760 759
1660770 758
1660780 756
1660790 756
1660800 753
1660810 750
1660820 750
1660830 748
1660840 747
1660850 747
1660860 747
1660870 746
1660880 746
1660890 747
1660900 747
1660910 747
1660920 747
1660930 746
1660940 746
1660950 748
1660960 749
1660970 749
1660980 751
1660990 752
1661000 754
1661010 754
1661020 755
1661030 755
1661040 755
1661050 755
1661060 754
1661070 754
1661080 753
1661090 752
1661100 752
1661110 751
1661120 750
1661130 750
1661140 749
1661150 748
1661160 748
1661170 746
1661180 745
1661190 745
1661200 744
1661210 743
1661220 743
1661230 742
1661240 740
1661250 740
1661260 738
1661270 738
1661280 737
1661290 737
1661300 735
1661310 733
1661320 733
1661330 732
1661340 730
1661350 730
1661360 728
1661370 727
1661380 727
1661390 726
1661400 724
1661410 724
1661420 723
1661430 721
1661440 721
1661450 720
1661460 720
1661470 720
1661480 717
1661490 716
1661500 716
1661510 715
1661520 714
1661530 714
1661540 713
1661550 713
1661560 713
1661570 712
1661580 711
1661590 710
1661600 710
1661610 708
1661620 706
1661630 706
1661640 703
1661650 702
1661660 702
1661670 703
1661680 706
1661690 706
1661700 707
1661710 708
1661720 708
1661730 708
1661740 709
1661750 709
1661760 709
1661770 709
1661780 709
1661790 709
1661800 710
1661810 710
1661820 710
1661830 710
1661840 710
1661850 710
1661860 710
1661870 710
1661880 710
1661890 710
1661900 711
1661910 711
1661920 711
1661930 711
1661940 711
1661950 711
1661960 711
1661970 711
1661980 711
1661990 711
1662000 711
1662010 711
1662020 711
1662030 711
1662040 711
1662050 711
1662060 711
1662070 711
1662080 710
1662090 710
1662100 710
1662110 708
1662120 708
1662130 701
1662140 697
1662150 697
1662160 695
1662170 693
1662180 692
1662190 692
1662200 689
1662210 687
1662220 687
1662230 687
1662240 687
1662250 687
1662260 686
1662270 686
1662280 686
1662290 686
1662300 687
1662310 687
1662320 686
1662330 686
1662340 686
1662350 686
1662360 686
1662370 686
1662380 686
1662390 686
1662400 686
1662410 686
1662420 686
1662430 686
1662440 686
1662450 687
1662460 687
1662470 689
1662480 692
1662490 695
1662500 695
1662510 700
1662520 703
1662530 703
1662540 706
1662550 709
1662560 709
1662570 708
1662580 708
1662590 708
1662600 708
1662610 708
1662620 708
1662630 708
1662640 708
1662650 708
1662660 708
1662670 708
1662680 708
1662690 708
1662700 708
1662710 708
1662720 707
1662730 707
1662740 707
1662750 707
1662760 707
1662770 707
1662780 707
1662790 706
1662800 706
1662810 706
1662820 706
1662830 706
1662840 706
1662850 705
1662860 705
1662870 705
1662880 704
1662890 703
1662900 703
1662910 702
1662920 701
1662930 701
1662940 700
1662950 700
1662960 700
1662970 699
1662980 699
1662990 699
1663000 699
1663010 699
1663020 699
1663030 698
1663040 698
1663050 698
1663060 698
1663070 699
1663080 699
1663090 699
1663100 699
1663110 699
1663120 699
1663130 698
1663140 698
1663150 698
1663160 697
1663170 695
1663180 695
1663190 696
1663200 695
1663210 695
1663220 694
1663230 694
1663240 694
1663250 693
1663260 693
1663270 693
1663280 692
1663290 692
1663300 692
1663310 692
1663320 692
1663330 692
1663340 691
1663350 691
1663360 691
1663370 691
1663380 691
1663390 691
1663400 691
1663410 691
1663420 691
1663430 691
1663440 691
1663450 691
1663460 691
1663470 691
1663480 692
1663490 692
1663500 692
1663510 692
1663520 692
1663530 692
1663540 692
1663550 692
1663560 693
1663570 693
1663580 693
1663590 693
1663600 694
1663610 694
1663620 694
1663630 694
1663640 694
1663650 695
1663660 695
1663670 695
1663680 695
1663690 695
1663700 696
1663710 696
1663720 696
1663730 696
1663740 696
1663750 697
1663760 697
1663770 697
1663780 698
1663790 698
1663800 698
1663810 699
1663820 699
1663830 699
1663840 699
1663850 700
1663860 700
1663870 700
1663880 701
1663890 701
1663900 701
1663910 701
1663920 701
1663930 701
1663940 702
1663950 702
1663960 702
1663970 702
1663980 703
1663990 703
1664000 703
1664010 703
1664020 703
1664030 703
1664040 703
1664050 703
1664060 704
1664070 704
1664080 704
1664090 704
1664100 704
1664110 704
1664120 704
1664130 704
1664140 704
1664150 704
1664160 704
1664170 704
1664180 704
1664190 704
1664200 704
1664210 704
1664220 704
1664230 704
1664240 703
1664250 703
1664260 703
1664270 703
1664280 703
1664290 703
1664300 703
1664310 702
1664320 702
1664330 702
1664340 702
1664350 702
1664360 702
1664370 702
1664380 701
1664390 701
1664400 701
1664410 701
1664420 701
1664430 700
1664440 700
1664450 700
1664460 701
1664470 701
1664480 701
1664490 702
1664500 702
1664510 702
1664520 702
1664530 702
1664540 702
1664550 702
1664560 702
1664570 702
1664580 702
1664590 702
1664600 702
1664610 702
1664620 702
1664630 702
1664640 702
1664650 702
1664660 702
1664670 702
1664680 702
1664690 702
1664700 702
1664710 702
1664720 701
1664730 701
1664740 701
1664750 700
1664760 700
1664770 700
1664780 700
1664790 700
1664800 699
1664810 699
1664820 699
1664830 698
1664840 698
1664850 698
1664860 698
1664870 697
1664880 697
1664890 697
1664900 697
1664910 696
1664920 696
1664930 696
1664940 696
1664950 696
1664960 696
1664970 696
1664980 696
1664990 696
1665000 696
1665010 696
1665020 696
1665030 697
1665040 697
1665050 697
1665060 697
1665070 697
1665080 698
1665090 699
1665100 699
1665110 700
1665120 701
1665130 701
1665140 701
1665150 702
1665160 702
1665170 703
1665180 703
1665190 704
1665200 704
1665210 704
1665220 704
1665230 704
1665240 704
1665250 704
1665260 704
1665270 703
1665280 703
1665290 703
1665300 703
1665310 702
1665320 702
1665330 701
1665340 701
1665350 701
1665360 701
1665370 701
1665380 701
1665390 700
1665400 700
1665410 700
1665420 699
1665430 699
1665440 699
1665450 698
1665460 697
1665470 697
1665480 698
1665490 698
1665500 697
1665510 697
1665520 697
1665530 697
1665540 697
1665550 696
1665560 696
1665570 696
1665580 695
1665590 695
1665600 695
1665610 694
1665620 694
1665630 694
1665640 693
1665650 693
1665660 693
1665670 692
1665680 691
1665690 691
1665700 691
1665710 691
1665720 691
1665730 691
1665740 691
1665750 691
1665760 691
1665770 690
1665780 690
1665790 690
1665800 690
1665810 690
1665820 690
1665830 690
1665840 689
1665850 689
1665860 689
1665870 689
1665880 689
1665890 688
1665900 688
1665910 688
1665920 687
1665930 686
1665940 686
1665950 686
1665960 686
1665970 686
1665980 685
1665990 685
1666000 685
1666010 684
1666020 684
1666030 684
1666040 685
1666050 684
1666060 684
1666070 684
1666080 683
1666090 683
1666100 683
1666110 683
1666120 682
1666130 682
1666140 682
1666150 682
1666160 682
1666170 682
1666180 682
1666190 682
1666200 681
1666210 681
1666220 681
1666230 681
1666240 681
1666250 681
1666260 681
1666270 681
1666280 681
1666290 681
1666300 681
1666310 681
1666320 681
1666330 680
1666340 680
1666350 680
1666360 680
1666370 680
1666380 679
1666390 679
1666400 678
1666410 678
1666420 678
1666430 677
1666440 677
1666450 676
1666460 676
1666470 676
1666480 675
1666490 674
1666500 674
1666510 674
1666520 673
1666530 673
1666540 673
1666550 672
1666560 672
1666570 672
1666580 672
1666590 672
1666600 671
1666610 670
1666620 670
1666630 670
1666640 669
1666650 669
1666660 669
1666670 668
1666680 667
1666690 667
1666700 667
1666710 669
1666720 669
1666730 671
1666740 673
1666750 673
1666760 675
1666770 676
1666780 676
1666790 677
1666800 677
1666810 677
1666820 678
1666830 678
1666840 678
1666850 679
1666860 679
1666870 679
1666880 680
1666890 680
1666900 680
1666910 680
1666920 680
1666930 680
1666940 680
1666950 680
1666960 680
1666970 680
1666980 680
1666990 680
1667000 680
1667010 680
1667020 680
1667030 680
1667040 680
1667050 680
1667060 680
1667070 680
1667080 679
1667090 679
1667100 679
1667110 678
1667120 678
1667130 678
1667140 678
1667150 678
1667160 678
1667170 677
1667180 677
1667190 677
1667200 677
1667210 677
1667220 677
1667230 676
1667240 676
1667250 676
1667260 676
1667270 676
1667280 675
1667290 675
1667300 675
1667310 675
1667320 674
1667330 674
1667340 674
1667350 673
1667360 673
1667370 673
1667380 672
1667390 672
1667400 672
1667410 671
1667420 671
1667430 671
1667440 670
1667450 670
1667460 670
1667470 669
1667480 669
1667490 669
1667500 668
1667510 668
1667520 668
1667530 667
1667540 667
1667550 667
1667560 666
1667570 665
1667580 665
1667590 665
1667600 665
1667610 664
1667620 664
1667630 664
1667640 664
1667650 664
1667660 663
1667670 663
1667680 663
1667690 662
1667700 662
1667710 662
1667720 661
1667730 660
1667740 660
1667750 660
1667760 660
1667770 660
1667780 659
1667790 659
1667800 659
1667810 658
1667820 658
1667830 658
1667840 658
1667850 657
1667860 657
1667870 657
1667880 657
1667890 656
1667900 656
1667910 656
1667920 656
1667930 656
1667940 656
1667950 655
1667960 655
1667970 655
1667980 655
1667990 655
1668000 655
1668010 654
1668020 654
1668030 654
1668040 654
1668050 654
1668060 654
1668070 654
1668080 654
1668090 654
1668100 653
1668110 653
1668120 652
1668130 653
1668140 653
1668150 653
1668160 653
1668170 653
1668180 653
1668190 653
1668200 653
1668210 653
1668220 653
1668230 652
1668240 652
1668250 653
1668260 652
1668270 652
1668280 652
1668290 652
1668300 652
1668310 652
1668320 652
1668330 652
1668340 652
1668350 652
1668360 652
1668370 651
1668380 651
1668390 651
1668400 652
1668410 651
1668420 651
1668430 651
1668440 652
1668450 652
1668460 652
1668470 652
1668480 652
1668490 652
1668500 652
1668510 652
1668520 652
1668530 652
1668540 653
1668550 653
1668560 653
1668570 653
1668580 653
1668590 653
1668600 653
1668610 653
1668620 654
1668630 654
1668640 654
1668650 655
1668660 655
1668670 655
1668680 655
1668690 655
1668700 655
1668710 656
1668720 656
1668730 656
1668740 657
1668750 657
1668760 657
1668770 657
1668780 657
1668790 657
1668800 657
1668810 657
1668820 657
1668830 657
1668840 657
1668850 656
1668860 656
1668870 656
1668880 655
1668890 655
1668900 654
1668910 654
1668920 654
1668930 654
1668940 655
1668950 655
1668960 655
1668970 655
1668980 655
1668990 655
1669000 655
1669010 655
1669020 655
1669030 655
1669040 655
1669050 654
1669060 654
1669070 654
1669080 654
1669090 653
1669100 653
1669110 653
1669120 653
1669130 653
1669140 653
1669150 653
1669160 653
1669170 653
1669180 651
1669190 650
1669200 650
1669210 653
1669220 653
1669230 653
1669240 653
1669250 653
1669260 653
1669270 653
1669280 653
1669290 653
1669300 654
1669310 655
1669320 655
1669330 655
1669340 656
1669350 656
1669360 656
1669370 659
1669380 659
1669390 659
1669400 659
1669410 660
1669420 660
1669430 660
1669440 662
1669450 662
1669460 662
1669470 663
1669480 663
1669490 664
1669500 664
1669510 664
1669520 665
1669530 665
1669540 665
1669550 665
1669560 666
1669570 666
1669580 667
1669590 669
1669600 669
1669610 670
1669620 672
1669630 672
1669640 672
1669650 673
1669660 673
1669670 674
1669680 675
1669690 676
1669700 676
1669710 676
1669720 677
1669730 677
1669740 678
1669750 679
1669760 679
1669770 679
1669780 679
1669790 679
1669800 680
1669810 679
1669820 679
1669830 680
1669840 679
1669850 679
1669860 679
1669870 679
1669880 679
1669890 679
1669900 679
1669910 679
1669920 678
1669930 678
1669940 678
1669950 679
1669960 681
1669970 683
1669980 683
1669990 685
1670000 686
1670010 686
1670020 687
1670030 689
1670040 689
1670050 690
1670060 691
1670070 691
1670080 693
1670090 694
1670100 694
1670110 696
1670120 697
1670130 697
1670140 698
1670150 700
1670160 700
1670170 701
1670180 702
1670190 702
1670200 703
1670210 704
1670220 704
1670230 704
1670240 705
1670250 705
1670260 706
1670270 706
1670280 707
1670290 707
1670300 708
1670310 708
1670320 708
1670330 708
1670340 708
1670350 708
1670360 708
1670370 708
1670380 708
1670390 708
1670400 708
1670410 708
1670420 707
1670430 707
1670440 707
1670450 706
1670460 704
1670470 704
1670480 703
1670490 703
1670500 703
1670510 701
1670520 698
1670530 698
1670540 697
1670550 696
1670560 696
1670570 695
1670580 694
1670590 693
1670600 693
1670610 693
1670620 692
1670630 692
1670640 692
1670650 691
1670660 691
1670670 690
1670680 690
1670690 690
1670700 691
1670710 691
1670720 691
1670730 691
1670740 692
1670750 692
1670760 693
1670770 694
1670780 694
1670790 693
1670800 695
1670810 695
1670820 697
1670830 697
1670840 697
1670850 697
1670860 696
1670870 694
1670880 694
1670890 693
1670900 693
1670910 693
1670920 692
1670930 691
1670940 691
1670950 690
1670960 691
1670970 691
1670980 691
1670990 692
1671000 692
1671010 691
1671020 690
1671030 690
1671040 691
1671050 691
1671060 691
1671070 692
1671080 692
1671090 692
1671100 691
1671110 693
1671120 693
1671130 693
1671140 691
1671150 691
1671160 691
1671170 691
1671180 692
1671190 692
1671200 692
1671210 692
1671220 692
1671230 693
1671240 694
1671250 694
1671260 694
1671270 695
1671280 695
1671290 695
1671300 695
1671310 695
1671320 696
1671330 696
1671340 696
1671350 695
1671360 695
1671370 695
1671380 694
1671390 694
1671400 694
1671410 693
1671420 693
1671430 693
1671440 692
1671450 693
1671460 693
1671470 693
1671480 693
1671490 694
1671500 694
1671510 694
1671520 695
1671530 695
1671540 696
1671550 696
1671560 696
1671570 697
1671580 698
1671590 698
1671600 699
1671610 699
1671620 699
1671630 700
1671640 701
1671650 701
1671660 701
1671670 701
1671680 701
1671690 701
1671700 702
1671710 702
1671720 702
1671730 703
1671740 703
1671750 704
1671760 706
1671770 707
1671780 707
1671790 708
1671800 709
1671810 709
1671820 710
1671830 710
1671840 710
1671850 711
1671860 712
1671870 712
1671880 713
1671890 714
1671900 714
1671910 715
1671920 717
1671930 717
1671940 719
1671950 721
1671960 721
1671970 723
1671980 724
1671990 724
1672000 724
1672010 727
1672020 727
1672030 730
1672040 733
1672050 733
1672060 734
1672070 735
1672080 737
1672090 737
1672100 737
1672110 737
1672120 737
1672130 736
1672140 734
1672150 734
1672160 731
1672170 730
1672180 730
1672190 731
1672200 731
1672210 731
1672220 732
1672230 733
1672240 733
1672250 734
1672260 735
1672270 735
1672280 736
1672290 737
1672300 737
1672310 737
1672320 736
1672330 736
1672340 735
1672350 736
1672360 736
1672370 735
1672380 735
1672390 734
1672400 734
1672410 731
1672420 730
1672430 730
1672440 731
1672450 733
1672460 733
1672470 735
1672480 736
1672490 736
1672500 736
1672510 735
1672520 735
1672530 734
1672540 734
1672550 734
1672560 734
1672570 734
1672580 734
1672590 735
1672600 737
1672610 737
1672620 737
1672630 738
1672640 738
1672650 738
1672660 737
1672670 737
1672680 737
1672690 734
1672700 733
1672710 733
1672720 732
1672730 732
1672740 732
1672750 729
1672760 726
1672770 726
1672780 721
1672790 720
1672800 720
1672810 721
1672820 713
1672830 713
1672840 704
1672850 696
1672860 696
1672870 689
1672880 675
1672890 675
1672900 660
1672910 651
1672920 651
1672930 641
1672940 633
1672950 633
1672960 627
1672970 621
1672980 615
1672990 615
1673000 612
1673010 613
1673020 613
1673030 613
1673040 613
1673050 613
1673060 613
1673070 613
1673080 613
1673090 613
1673100 613
1673110 613
1673120 613
1673130 613
1673140 613
1673150 613
1673160 611
1673170 611
1673180 611
1673190 611
1673200 611
1673210 611
1673220 610
1673230 610
1673240 614
1673250 612
1673260 612
1673270 614
1673280 614
1673290 617
1673300 617
1673310 620
1673320 625
1673330 625
1673340 632
1673350 638
1673360 638
1673370 646
1673380 651
1673390 651
1673400 661
1673410 670
1673420 670
1673430 674
1673440 679
1673450 679
1673460 685
1673470 692
1673480 692
1673490 698
1673500 706
1673510 706
1673520 713
1673530 719
1673540 719
1673550 726
1673560 732
1673570 739
1673580 739
1673590 744
1673600 748
1673610 748
1673620 754
1673630 759
1673640 759
1673650 766
1673660 765
1673670 765
1673680 769
1673690 775
1673700 775
1673710 784
1673720 797
1673730 797
1673740 801
1673750 805
1673760 805
1673770 807
1673780 810
1673790 810
1673800 812
1673810 814
1673820 814
1673830 814
1673840 813
1673850 813
1673860 813
1673870 813
1673880 812
1673890 812
1673900 811
1673910 812
1673920 812
1673930 813
1673940 814
1673950 814
1673960 815
1673970 817
1673980 817
1673990 818
1674000 819
1674010 819
1674020 820
1674030 821
1674040 821
1674050 821
1674060 819
1674070 819
1674080 816
1674090 815
1674100 815
1674110 821
1674120 820
1674130 820
1674140 820
1674150 818
1674160 818
1674170 814
1674180 809
1674190 802
1674200 802
1674210 798
1674220 794
1674230 794
1674240 799
1674250 805
1674260 805
1674270 812
1674280 818
1674290 818
1674300 823
1674310 824
1674320 824
1674330 830
1674340 838
1674350 838
1674360 844
1674370 850
1674380 850
1674390 854
1674400 859
1674410 859
1674420 863
1674430 867
1674440 867
1674450 869
1674460 870
1674470 874
1674480 874
1674490 877
1674500 879
1674510 879
1674520 883
1674530 887
1674540 887
1674550 891
1674560 894
1674570 894
1674580 898
1674590 900
1674600 900
1674610 902
1674620 906
1674630 906
1674640 909
1674650 912
1674660 912
1674670 915
1674680 919
1674690 919
1674700 921
1674710 924
1674720 924
1674730 927
1674740 930
1674750 930
1674760 932
1674770 934
1674780 935
1674790 935
1674800 936
1674810 936
1674820 936
1674830 937
1674840 932
1674850 932
1674860 930
1674870 926
1674880 926
1674890 917
1674900 890
1674910 890
1674920 884
1674930 877
1674940 877
1674950 870
1674960 865
1674970 865
1674980 859
1674990 852
1675000 852
1675010 845
1675020 839
1675030 839
1675040 833
1675050 827
1675060 827
1675070 821
1675080 815
1675090 809
1675100 809
1675110 803
1675120 798
1675130 798
1675140 793
1675150 791
1675160 791
1675170 790
1675180 786
1675190 786
1675200 779
1675210 779
1675220 779
1675230 769
1675240 764
1675250 764
1675260 758
1675270 754
1675280 754
1675290 752
1675300 750
1675310 750
1675320 743
1675330 745
1675340 745
1675350 749
1675360 756
1675370 762
1675380 762
1675390 769
1675400 777
1675410 777
1675420 785
1675430 793
1675440 793
1675450 801
1675460 807
1675470 807
1675480 813
1675490 818
1675500 818
1675510 824
1675520 830
1675530 830
1675540 834
1675550 838
1675560 838
1675570 841
1675580 845
1675590 845
1675600 848
1675610 852
1675620 852
1675630 855
1675640 858
1675650 858
1675660 860
1675670 863
1675680 866
1675690 866
1675700 868
1675710 871
1675720 871
1675730 873
1675740 875
1675750 875
1675760 876
1675770 877
1675780 877
1675790 871
1675800 866
1675810 866
1675820 861
1675830 855
1675840 855
1675850 852
1675860 845
1675870 845
1675880 839
1675890 835
1675900 835
1675910 830
1675920 826
1675930 826
1675940 823
1675950 819
1675960 819
1675970 815
1675980 812
1675990 808
1676000 808
1676010 805
1676020 801
1676030 801
1676040 797
1676050 793
1676060 793
1676070 789
1676080 785
1676090 785
1676100 779
1676110 774
1676120 774
1676130 769
1676140 764
1676150 764
1676160 760
1676170 756
1676180 756
1676190 753
1676200 751
1676210 751
1676220 747
1676230 743
1676240 743
1676250 740
1676260 734
1676270 736
1676280 736
1676290 737
1676300 743
1676310 743
1676320 749
1676330 755
1676340 755
1676350 760
1676360 766
1676370 766
1676380 768
1676390 769
1676400 769
1676410 770
1676420 770
1676430 770
1676440 770
1676450 770
1676460 770
1676470 770
1676480 770
1676490 770
1676500 769
1676510 769
1676520 769
1676530 769
1676540 769
1676550 769
1676560 771
1676570 772
1676580 771
1676590 771
1676600 770
1676610 770
1676620 770
1676630 771
1676640 772
1676650 772
1676660 772
1676670 773
1676680 773
1676690 774
1676700 775
1676710 775
1676720 776
1676730 778
1676740 778
1676750 780
1676760 784
1676770 784
1676780 787
1676790 789
1676800 789
1676810 791
1676820 794
1676830 794
1676840 796
1676850 797
1676860 797
1676870 793
1676880 790
1676890 789
1676900 789
1676910 789
1676920 782
1676930 782
1676940 770
1676950 759
1676960 759
1676970 755
1676980 751
1676990 751
1677000 747
1677010 743
1677020 743
1677030 742
1677040 741
1677050 741
1677060 738
1677070 734
1677080 734
1677090 732
1677100 728
1677110 728
1677120 725
1677130 723
1677140 723
1677150 721
1677160 720
1677170 718
1677180 718
1677190 718
1677200 720
1677210 720
1677220 724
1677230 727
1677240 727
1677250 730
1677260 732
1677270 732
1677280 736
1677290 739
1677300 739
1677310 742
1677320 744
1677330 744
1677340 745
1677350 747
1677360 747
1677370 750
1677380 751
1677390 751
1677400 751
1677410 752
1677420 752
1677430 751
1677440 752
1677450 752
1677460 753
1677470 755
1677480 756
1677490 756
1677500 758
1677510 761
1677520 761
1677530 764
1677540 766
1677550 766
1677560 768
1677570 770
1677580 770
1677590 771
1677600 773
1677610 773
1677620 775
1677630 777
1677640 777
1677650 778
1677660 779
1677670 779
1677680 779
1677690 780
1677700 780
1677710 781
1677720 782
1677730 782
1677740 782
1677750 782
1677760 782
1677770 783
1677780 784
1677790 784
1677800 784
1677810 785
1677820 785
1677830 785
1677840 786
1677850 788
1677860 788
1677870 789
1677880 792
1677890 792
1677900 792
1677910 794
1677920 794
1677930 794
1677940 795
1677950 795
1677960 798
1677970 800
1677980 800
1677990 801
1678000 802
1678010 802
1678020 804
1678030 806
1678040 806
1678050 806
1678060 807
1678070 808
1678080 808
1678090 809
1678100 810
1678110 810
1678120 811
1678130 811
1678140 811
1678150 813
1678160 814
1678170 814
1678180 814
1678190 815
1678200 815
1678210 816
1678220 817
1678230 817
1678240 819
1678250 820
1678260 820
1678270 822
1678280 825
1678290 825
1678300 827
1678310 829
1678320 829
1678330 832
1678340 834
1678350 834
1678360 836
1678370 838
1678380 840
1678390 840
1678400 841
1678410 842
1678420 842
1678430 844
1678440 846
1678450 846
1678460 848
1678470 850
1678480 850
1678490 851
1678500 852
1678510 852
1678520 853
1678530 854
1678540 854
1678550 856
1678560 857
1678570 857
1678580 859
1678590 860
1678600 860
1678610 862
1678620 864
1678630 864
1678640 868
1678650 871
1678660 871
1678670 872
1678680 874
1678690 876
1678700 876
1678710 879
1678720 881
1678730 881
1678740 883
1678750 886
1678760 886
1678770 888
1678780 889
1678790 889
1678800 891
1678810 893
1678820 893
1678830 895
1678840 896
1678850 896
1678860 898
1678870 900
1678880 900
1678890 901
1678900 903
1678910 903
1678920 904
1678930 906
1678940 906
1678950 907
1678960 909
1678970 910
1678980 910
1678990 912
1679000 915
1679010 915
1679020 916
1679030 919
1679040 919
1679050 922
1679060 925
1679070 925
1679080 928
1679090 931
1679100 931
1679110 934
1679120 937
1679130 937
1679140 942
1679150 943
1679160 943
1679170 947
1679180 949
1679190 949
1679200 951
1679210 952
1679220 952
1679230 953
1679240 954
1679250 954
1679260 956
1679270 958
1679280 959
1679290 959
1679300 961
1679310 963
1679320 963
1679330 965
1679340 967
1679350 967
1679360 969
1679370 971
1679380 971
1679390 972
1679400 973
1679410 973
1679420 973
1679430 974
1679440 974
1679450 974
1679460 974
1679470 974
1679480 973
1679490 971
1679500 971
1679510 969
1679520 967
1679530 967
1679540 964
1679550 961
1679560 961
1679570 958
1679580 955
1679590 952
1679600 952
1679610 949
1679620 946
1679630 946
1679640 944
1679650 941
1679660 941
1679670 936
1679680 932
1679690 932
1679700 929
1679710 926
1679720 926
1679730 924
1679740 922
1679750 922
1679760 920
1679770 918
1679780 918
1679790 916
1679800 914
1679810 914
1679820 911
1679830 909
1679840 909
1679850 906
1679860 904
1679870 902
1679880 902
1679890 900
1679900 898
1679910 898
1679920 896
1679930 891
1679940 891
1679950 888
1679960 886
1679970 886
1679980 883
1679990 880
