1660000 1077
1660010 1072
1660020 1072
1660030 1068
1660040 1063
1660050 1063
1660060 1059
1660070 1054
1660080 1054
1660090 1047
1660100 1040
1660110 1040
1660120 1034
1660130 1027
1660140 1027
1660150 1019
1660160 1012
1660170 1012
1660180 1006
1660190 1000
1660200 1000
1660210 993
1660220 987
1660230 987
1660240 980
1660250 974
1660260 967
1660270 967
1660280 960
1660290 953
1660300 953
1660310 945
1660320 939
1660330 939
1660340 935
1660350 933
1660360 933
1660370 929
1660380 923
1660390 923
1660400 918
1660410 911
1660420 911
1660430 905
1660440 899
1660450 899
1660460 894
1660470 889
1660480 889
1660490 885
1660500 881
1660510 881
1660520 878
1660530 873
1660540 873
1660550 869
1660560 865
1660570 862
1660580 862
1660590 858
1660600 854
1660610 854
1660620 850
1660630 847
1660640 847
1660650 843
1660660 840
1660670 840
1660680 836
1660690 834
1660700 834
1660710 830
1660720 827
1660730 827
1660740 824
1660750 822
1660760 822
1660770 819
1660780 816
1660790 816
1660800 812
1660810 810
1660820 810
1660830 807
1660840 805
1660850 805
1660860 803
1660870 801
1660880 799
1660890 799
1660900 797
1660910 794
1660920 794
1660930 791
1660940 788
1660950 788
1660960 785
1660970 782
1660980 782
1660990 779
1661000 777
1661010 777
1661020 774
1661030 771
1661040 771
1661050 768
1661060 765
1661070 765
1661080 763
1661090 762
1661100 762
1661110 762
1661120 760
1661130 760
1661140 759
1661150 757
1661160 757
1661170 756
1661180 755
1661190 755
1661200 755
1661210 754
1661220 753
1661230 753
1661240 753
1661250 752
1661260 752
1661270 752
1661280 751
1661290 751
1661300 751
1661310 750
1661320 750
1661330 750
1661340 750
1661350 750
1661360 750
1661370 749
1661380 749
1661390 749
1661400 750
1661410 750
1661420 750
1661430 749
1661440 749
1661450 750
1661460 751
1661470 751
1661480 752
1661490 753
1661500 753
1661510 753
1661520 753
1661530 756
1661540 756
1661550 759
1661560 762
1661570 762
1661580 764
1661590 764
1661600 764
1661610 764
1661620 763
1661630 763
1661640 763
1661650 763
1661660 763
1661670 764
1661680 764
1661690 764
1661700 765
1661710 765
1661720 765
1661730 767
1661740 768
1661750 768
1661760 770
1661770 771
1661780 772
1661790 772
1661800 772
1661810 773
1661820 773
1661830 773
1661840 772
1661850 772
1661860 771
1661870 771
1661880 771
1661890 770
1661900 770
1661910 770
1661920 769
1661930 769
1661940 769
1661950 769
1661960 768
1661970 768
1661980 767
1661990 766
1662000 766
1662010 765
1662020 763
1662030 763
1662040 761
1662050 757
1662060 757
1662070 751
1662080 744
1662090 741
1662100 741
1662110 740
1662120 738
1662130 738
1662140 736
1662150 734
1662160 734
1662170 733
1662180 733
1662190 733
1662200 731
1662210 731
1662220 731
1662230 730
1662240 730
1662250 730
1662260 730
1662270 729
1662280 729
1662290 730
1662300 731
1662310 731
1662320 731
1662330 732
1662340 732
1662350 733
1662360 734
1662370 734
1662380 734
1662390 735
1662400 736
1662410 736
1662420 738
1662430 739
1662440 739
1662450 740
1662460 740
1662470 740
1662480 740
1662490 741
1662500 741
1662510 743
1662520 747
1662530 747
1662540 749
1662550 751
1662560 751
1662570 753
1662580 754
1662590 754
1662600 756
1662610 757
1662620 757
1662630 760
1662640 763
1662650 763
1662660 765
1662670 767
1662680 767
1662690 768
1662700 769
1662710 769
1662720 769
1662730 769
1662740 769
1662750 769
1662760 769
1662770 769
1662780 769
1662790 769
1662800 769
1662810 769
1662820 769
1662830 769
1662840 769
1662850 769
1662860 769
1662870 769
1662880 769
1662890 769
1662900 769
1662910 769
1662920 769
1662930 769
1662940 769
1662950 769
1662960 769
1662970 769
1662980 769
1662990 769
1663000 769
1663010 768
1663020 769
1663030 769
1663040 768
1663050 768
1663060 768
1663070 768
1663080 767
1663090 767
1663100 767
1663110 767
1663120 767
1663130 766
1663140 766
1663150 766
1663160 766
1663170 765
1663180 765
1663190 765
1663200 764
1663210 764
1663220 763
1663230 763
1663240 763
1663250 762
1663260 762
1663270 762
1663280 761
1663290 761
1663300 760
1663310 760
1663320 759
1663330 759
1663340 759
1663350 758
1663360 757
1663370 757
1663380 756
1663390 756
1663400 756
1663410 755
1663420 754
1663430 754
1663440 753
1663450 752
1663460 752
1663470 750
1663480 747
1663490 747
1663500 746
1663510 748
1663520 748
1663530 749
1663540 751
1663550 751
1663560 752
1663570 753
1663580 753
1663590 754
1663600 755
1663610 757
1663620 757
1663630 757
1663640 758
1663650 758
1663660 759
1663670 760
1663680 760
1663690 762
1663700 762
1663710 762
1663720 765
1663730 766
1663740 766
1663750 767
1663760 768
1663770 768
1663780 770
1663790 771
1663800 771
1663810 772
1663820 773
1663830 773
1663840 774
1663850 775
1663860 775
1663870 775
1663880 776
1663890 776
1663900 776
1663910 777
1663920 777
1663930 777
1663940 778
1663950 778
1663960 778
1663970 778
1663980 778
1663990 778
1664000 778
1664010 778
1664020 778
1664030 778
1664040 779
1664050 779
1664060 778
1664070 777
1664080 777
1664090 775
1664100 774
1664110 774
1664120 772
1664130 771
1664140 771
1664150 769
1664160 767
1664170 767
1664180 765
1664190 763
1664200 763
1664210 761
1664220 760
1664230 757
1664240 757
1664250 754
1664260 752
1664270 752
1664280 750
1664290 746
1664300 746
1664310 743
1664320 740
1664330 740
1664340 737
1664350 735
1664360 735
1664370 733
1664380 732
1664390 732
1664400 731
1664410 730
1664420 730
1664430 729
1664440 728
1664450 728
1664460 727
1664470 726
1664480 726
1664490 725
1664500 724
1664510 723
1664520 723
1664530 722
1664540 721
1664550 721
1664560 721
1664570 720
1664580 720
1664590 719
1664600 717
1664610 717
1664620 715
1664630 713
1664640 713
1664650 712
1664660 710
1664670 710
1664680 710
1664690 710
1664700 710
1664710 710
1664720 710
1664730 710
1664740 710
1664750 710
1664760 710
1664770 711
1664780 712
1664790 712
1664800 713
1664810 714
1664820 715
1664830 715
1664840 715
1664850 715
1664860 715
1664870 715
1664880 713
1664890 713
1664900 708
1664910 707
1664920 707
1664930 708
1664940 709
1664950 709
1664960 710
1664970 710
1664980 710
1664990 711
1665000 712
1665010 712
1665020 712
1665030 713
1665040 713
1665050 713
1665060 714
1665070 714
1665080 715
1665090 715
1665100 715
1665110 716
1665120 716
1665130 716
1665140 716
1665150 715
1665160 716
1665170 716
1665180 716
1665190 717
1665200 717
1665210 717
1665220 718
1665230 718
1665240 718
1665250 718
1665260 718
1665270 718
1665280 719
1665290 719
1665300 720
1665310 720
1665320 720
1665330 720
1665340 720
1665350 720
1665360 721
1665370 721
1665380 721
1665390 722
1665400 723
1665410 723
1665420 724
1665430 725
1665440 726
1665450 726
1665460 727
1665470 728
1665480 728
1665490 729
1665500 730
1665510 730
1665520 731
1665530 733
1665540 733
1665550 734
1665560 734
1665570 734
1665580 734
1665590 734
1665600 734
1665610 733
1665620 731
1665630 731
1665640 728
1665650 725
1665660 725
1665670 722
1665680 720
1665690 720
1665700 718
1665710 717
1665720 717
1665730 717
1665740 717
1665750 717
1665760 717
1665770 717
1665780 717
1665790 717
1665800 718
1665810 718
1665820 718
1665830 718
1665840 718
1665850 718
1665860 718
1665870 719
1665880 719
1665890 719
1665900 719
1665910 719
1665920 720
1665930 721
1665940 721
1665950 721
1665960 722
1665970 722
1665980 722
1665990 723
1666000 723
1666010 724
1666020 725
1666030 726
1666040 726
1666050 727
1666060 728
1666070 728
1666080 729
1666090 729
1666100 729
1666110 729
1666120 730
1666130 730
1666140 731
1666150 733
1666160 733
1666170 734
1666180 734
1666190 734
1666200 733
1666210 732
1666220 732
1666230 732
1666240 730
1666250 730
1666260 729
1666270 728
1666280 728
1666290 728
1666300 727
1666310 727
1666320 727
1666330 726
1666340 725
1666350 725
1666360 724
1666370 723
1666380 723
1666390 723
1666400 722
1666410 722
1666420 721
1666430 721
1666440 721
1666450 720
1666460 719
1666470 719
1666480 719
1666490 718
1666500 718
1666510 717
1666520 716
1666530 716
1666540 715
1666550 714
1666560 714
1666570 713
1666580 712
1666590 712
1666600 711
1666610 710
1666620 710
1666630 709
1666640 708
1666650 707
1666660 707
1666670 706
1666680 705
1666690 705
1666700 704
1666710 703
1666720 703
1666730 703
1666740 702
1666750 702
1666760 702
1666770 701
1666780 701
1666790 701
1666800 700
1666810 700
1666820 700
1666830 699
1666840 699
1666850 699
1666860 698
1666870 698
1666880 698
1666890 696
1666900 696
1666910 695
1666920 694
1666930 694
1666940 693
1666950 692
1666960 691
1666970 691
1666980 689
1666990 688
1667000 688
1667010 688
1667020 687
1667030 687
1667040 687
1667050 686
1667060 686
1667070 687
1667080 687
1667090 687
1667100 688
1667110 689
1667120 689
1667130 690
1667140 691
1667150 691
1667160 691
1667170 691
1667180 691
1667190 692
1667200 693
1667210 693
1667220 693
1667230 694
1667240 695
1667250 695
1667260 695
1667270 695
1667280 695
1667290 695
1667300 695
1667310 695
1667320 696
1667330 697
1667340 697
1667350 697
1667360 698
1667370 698
1667380 698
1667390 698
1667400 698
1667410 698
1667420 698
1667430 698
1667440 698
1667450 698
1667460 698
1667470 697
1667480 696
1667490 696
1667500 695
1667510 694
1667520 694
1667530 694
1667540 694
1667550 693
1667560 693
1667570 694
1667580 694
1667590 694
1667600 694
1667610 697
1667620 697
1667630 698
1667640 699
1667650 699
1667660 700
1667670 701
1667680 701
1667690 701
1667700 701
1667710 701
1667720 701
1667730 701
1667740 701
1667750 700
1667760 699
1667770 699
1667780 699
1667790 698
1667800 698
1667810 698
1667820 698
1667830 698
1667840 699
1667850 699
1667860 700
1667870 700
1667880 699
1667890 701
1667900 701
1667910 701
1667920 702
1667930 702
1667940 703
1667950 704
1667960 704
1667970 705
1667980 706
1667990 706
1668000 706
1668010 706
1668020 706
1668030 706
1668040 705
1668050 705
1668060 705
1668070 704
1668080 704
1668090 705
1668100 705
1668110 705
1668120 705
1668130 705
1668140 705
1668150 706
1668160 707
1668170 708
1668180 708
1668190 710
1668200 710
1668210 710
1668220 710
1668230 710
1668240 710
1668250 708
1668260 708
1668270 708
1668280 708
1668290 707
1668300 707
1668310 706
1668320 705
1668330 705
1668340 704
1668350 703
1668360 703
1668370 702
1668380 701
1668390 701
1668400 699
1668410 698
1668420 698
1668430 698
1668440 697
1668450 697
1668460 698
1668470 698
1668480 698
1668490 698
1668500 697
1668510 697
1668520 697
1668530 697
1668540 696
1668550 696
1668560 696
1668570 696
1668580 696
1668590 696
1668600 697
1668610 697
1668620 698
1668630 698
1668640 698
1668650 698
1668660 700
1668670 700
1668680 701
1668690 702
1668700 702
1668710 702
1668720 704
1668730 704
1668740 705
1668750 706
1668760 707
1668770 707
1668780 708
1668790 710
1668800 710
1668810 711
1668820 712
1668830 712
1668840 712
1668850 712
1668860 712
1668870 712
1668880 712
1668890 712
1668900 711
1668910 711
1668920 711
1668930 708
1668940 706
1668950 706
1668960 706
1668970 704
1668980 704
1668990 703
1669000 701
1669010 701
1669020 700
1669030 699
1669040 699
1669050 697
1669060 697
1669070 698
1669080 698
1669090 698
1669100 699
1669110 699
1669120 700
1669130 701
1669140 701
1669150 701
1669160 702
1669170 702
1669180 702
1669190 701
1669200 701
1669210 701
1669220 701
1669230 701
1669240 700
1669250 700
1669260 700
1669270 699
1669280 699
1669290 699
1669300 698
1669310 698
1669320 698
1669330 698
1669340 697
1669350 697
1669360 697
1669370 696
1669380 696
1669390 696
1669400 695
1669410 693
1669420 693
1669430 692
1669440 691
1669450 691
1669460 690
1669470 689
1669480 689
1669490 688
1669500 687
1669510 687
1669520 687
1669530 686
1669540 686
1669550 686
1669560 685
1669570 685
1669580 684
1669590 683
1669600 683
1669610 682
1669620 681
1669630 681
1669640 680
1669650 680
1669660 680
1669670 680
1669680 680
1669690 679
1669700 679
1669710 680
1669720 680
1669730 680
1669740 681
1669750 681
1669760 681
1669770 682
1669780 683
1669790 683
1669800 684
1669810 685
1669820 685
1669830 686
1669840 686
1669850 686
1669860 687
1669870 688
1669880 688
1669890 689
1669900 689
1669910 689
1669920 690
1669930 690
1669940 690
1669950 691
1669960 691
1669970 691
1669980 692
1669990 693
1670000 694
1670010 694
1670020 695
1670030 696
1670040 696
1670050 697
1670060 698
1670070 698
1670080 698
1670090 699
1670100 699
1670110 699
1670120 700
1670130 700
1670140 700
1670150 701
1670160 701
1670170 702
1670180 703
1670190 703
1670200 704
1670210 705
1670220 705
1670230 706
1670240 707
1670250 707
1670260 707
1670270 707
1670280 706
1670290 706
1670300 706
1670310 705
1670320 705
1670330 704
1670340 703
1670350 703
1670360 702
1670370 700
1670380 700
1670390 696
1670400 693
1670410 693
1670420 688
1670430 684
1670440 684
1670450 680
1670460 676
1670470 676
1670480 672
1670490 672
1670500 672
1670510 674
1670520 671
1670530 671
1670540 669
1670550 670
1670560 670
1670570 667
1670580 667
1670590 665
1670600 665
1670610 663
1670620 661
1670630 661
1670640 660
1670650 658
1670660 658
1670670 656
1670680 652
1670690 652
1670700 650
1670710 649
1670720 649
1670730 646
1670740 646
1670750 646
1670760 646
1670770 645
1670780 645
1670790 645
1670800 644
1670810 644
1670820 644
1670830 643
1670840 643
1670850 642
1670860 642
1670870 642
1670880 641
1670890 641
1670900 641
1670910 641
1670920 640
1670930 640
1670940 640
1670950 640
1670960 640
1670970 640
1670980 640
1670990 640
1671000 640
1671010 640
1671020 640
1671030 640
1671040 640
1671050 640
1671060 640
1671070 639
1671080 639
1671090 639
1671100 639
1671110 639
1671120 639
1671130 639
1671140 638
1671150 638
1671160 638
1671170 638
1671180 638
1671190 638
1671200 638
1671210 638
1671220 638
1671230 637
1671240 637
1671250 637
1671260 637
1671270 637
1671280 637
1671290 637
1671300 636
1671310 636
1671320 636
1671330 636
1671340 636
1671350 636
1671360 635
1671370 635
1671380 635
1671390 634
1671400 634
1671410 635
1671420 637
1671430 637
1671440 639
1671450 638
1671460 638
1671470 634
1671480 634
1671490 635
1671500 635
1671510 638
1671520 636
1671530 636
1671540 634
1671550 634
1671560 634
1671570 634
1671580 634
1671590 634
1671600 634
1671610 634
1671620 634
1671630 634
1671640 634
1671650 634
1671660 634
1671670 634
1671680 634
1671690 633
1671700 633
1671710 633
1671720 634
1671730 634
1671740 634
1671750 634
1671760 634
1671770 634
1671780 634
1671790 634
1671800 634
1671810 634
1671820 634
1671830 633
1671840 633
1671850 633
1671860 634
1671870 634
1671880 634
1671890 634
1671900 634
1671910 633
1671920 632
1671930 632
1671940 632
1671950 632
1671960 632
1671970 632
1671980 632
1671990 632
1672000 632
1672010 632
1672020 632
1672030 632
1672040 632
1672050 632
1672060 632
1672070 630
1672080 630
1672090 631
1672100 631
1672110 631
1672120 631
1672130 631
1672140 631
1672150 631
1672160 631
1672170 631
1672180 631
1672190 631
1672200 631
1672210 631
1672220 630
1672230 630
1672240 630
1672250 630
1672260 630
1672270 630
1672280 629
1672290 629
1672300 629
1672310 629
1672320 630
1672330 630
1672340 630
1672350 629
1672360 629
1672370 629
1672380 630
1672390 630
1672400 629
1672410 629
1672420 629
1672430 629
1672440 630
1672450 629
1672460 629
1672470 629
1672480 631
1672490 631
1672500 633
1672510 638
1672520 638
1672530 642
1672540 645
1672550 645
1672560 648
1672570 651
1672580 651
1672590 654
1672600 656
1672610 656
1672620 660
1672630 663
1672640 663
1672650 667
1672660 672
1672670 672
1672680 677
1672690 680
1672700 680
1672710 681
1672720 687
1672730 692
1672740 692
1672750 677
1672760 678
1672770 678
1672780 670
1672790 661
1672800 661
1672810 657
1672820 652
1672830 652
1672840 647
1672850 643
1672860 643
1672870 633
1672880 633
1672890 633
1672900 632
1672910 632
1672920 632
1672930 632
1672940 631
1672950 631
1672960 632
1672970 632
1672980 632
1672990 631
1673000 631
1673010 632
1673020 632
1673030 636
1673040 639
1673050 639
1673060 643
1673070 648
1673080 648
1673090 651
1673100 657
1673110 657
1673120 662
1673130 666
1673140 666
1673150 671
1673160 676
1673170 676
1673180 681
1673190 686
1673200 686
1673210 692
1673220 697
1673230 697
1673240 702
1673250 707
1673260 707
1673270 713
1673280 718
1673290 718
1673300 723
1673310 728
1673320 734
1673330 734
1673340 741
1673350 753
1673360 753
1673370 759
1673380 765
1673390 765
1673400 770
1673410 775
1673420 775
1673430 780
1673440 786
1673450 786
1673460 792
1673470 798
1673480 798
1673490 805
1673500 809
1673510 809
1673520 813
1673530 820
1673540 820
1673550 825
1673560 832
1673570 832
1673580 839
1673590 842
1673600 842
1673610 843
1673620 845
1673630 847
1673640 847
1673650 850
1673660 853
1673670 853
1673680 855
1673690 858
1673700 858
1673710 861
1673720 864
1673730 864
1673740 866
1673750 871
1673760 871
1673770 875
1673780 880
1673790 880
1673800 884
1673810 889
1673820 889
1673830 894
1673840 892
1673850 892
1673860 888
1673870 885
1673880 885
1673890 882
1673900 880
1673910 880
1673920 877
1673930 876
1673940 874
1673950 874
1673960 872
1673970 871
1673980 871
1673990 870
1674000 870
1674010 870
1674020 866
1674030 866
1674040 866
1674050 864
1674060 862
1674070 862
1674080 860
1674090 864
1674100 864
1674110 869
1674120 876
1674130 876
1674140 881
1674150 886
1674160 886
1674170 891
1674180 895
1674190 895
1674200 899
1674210 903
1674220 903
1674230 907
1674240 911
1674250 913
1674260 913
1674270 914
1674280 915
1674290 915
1674300 916
1674310 916
1674320 916
1674330 918
1674340 918
1674350 918
1674360 919
1674370 920
1674380 920
1674390 921
1674400 922
1674410 922
1674420 923
1674430 925
1674440 925
1674450 926
1674460 928
1674470 928
1674480 931
1674490 933
1674500 933
1674510 936
1674520 940
1674530 944
1674540 944
1674550 947
1674560 951
1674570 951
1674580 954
1674590 958
1674600 958
1674610 961
1674620 964
1674630 964
1674640 966
1674650 969
1674660 969
1674670 971
1674680 974
1674690 974
1674700 976
1674710 979
1674720 979
1674730 980
1674740 982
1674750 982
1674760 983
1674770 985
1674780 985
1674790 986
1674800 987
1674810 987
1674820 988
1674830 989
1674840 989
1674850 989
1674860 990
1674870 989
1674880 989
1674890 989
1674900 989
1674910 989
1674920 990
1674930 990
1674940 990
1674950 990
1674960 990
1674970 990
1674980 990
1674990 989
1675000 989
1675010 988
1675020 987
1675030 987
1675040 987
1675050 987
1675060 987
1675070 986
1675080 986
1675090 986
1675100 985
1675110 984
1675120 984
1675130 983
1675140 983
1675150 982
1675160 982
1675170 983
1675180 983
1675190 983
1675200 982
1675210 982
1675220 982
1675230 982
1675240 981
1675250 981
1675260 980
1675270 979
1675280 979
1675290 978
1675300 977
1675310 977
1675320 976
1675330 975
1675340 975
1675350 976
1675360 976
1675370 976
1675380 976
1675390 975
1675400 975
1675410 974
1675420 973
1675430 973
1675440 973
1675450 971
1675460 969
1675470 969
1675480 967
1675490 966
1675500 966
1675510 964
1675520 962
1675530 962
1675540 960
1675550 956
1675560 956
1675570 953
1675580 949
1675590 949
1675600 946
1675610 943
1675620 943
1675630 939
1675640 936
1675650 936
1675660 932
1675670 927
1675680 927
1675690 922
1675700 915
1675710 915
1675720 912
1675730 911
1675740 910
1675750 910
1675760 909
1675770 908
1675780 908
1675790 907
1675800 907
1675810 907
1675820 906
1675830 905
1675840 905
1675850 905
1675860 904
1675870 904
1675880 903
1675890 903
1675900 903
1675910 903
1675920 902
1675930 902
1675940 902
1675950 902
1675960 902
1675970 901
1675980 901
1675990 901
1676000 900
1676010 900
1676020 900
1676030 900
1676040 899
1676050 899
1676060 899
1676070 900
1676080 900
1676090 900
1676100 900
1676110 900
1676120 900
1676130 901
1676140 900
1676150 900
1676160 900
1676170 901
1676180 901
1676190 901
1676200 901
1676210 901
1676220 901
1676230 902
1676240 902
1676250 903
1676260 904
1676270 904
1676280 905
1676290 904
1676300 904
1676310 905
1676320 905
1676330 905
1676340 905
1676350 907
1676360 908
1676370 908
1676380 909
1676390 910
1676400 910
1676410 910
1676420 912
1676430 912
1676440 914
1676450 915
1676460 915
1676470 916
1676480 918
1676490 918
1676500 921
1676510 925
1676520 925
1676530 929
1676540 931
1676550 931
1676560 934
1676570 937
1676580 937
1676590 940
1676600 943
1676610 943
1676620 945
1676630 947
1676640 947
1676650 948
1676660 950
1676670 951
1676680 951
1676690 952
1676700 953
1676710 953
1676720 954
1676730 955
1676740 955
1676750 956
1676760 957
1676770 957
1676780 958
1676790 959
1676800 959
1676810 962
1676820 966
1676830 966
1676840 967
1676850 961
1676860 961
1676870 957
1676880 953
1676890 953
1676900 951
1676910 950
1676920 950
1676930 951
1676940 954
1676950 954
1676960 956
1676970 950
1676980 945
1676990 945
1677000 940
1677010 935
1677020 935
1677030 930
1677040 925
1677050 925
1677060 921
1677070 917
1677080 917
1677090 913
1677100 909
1677110 909
1677120 904
1677130 901
1677140 901
1677150 898
1677160 895
1677170 895
1677180 895
1677190 894
1677200 894
1677210 893
1677220 891
1677230 891
1677240 888
1677250 886
1677260 885
1677270 885
1677280 884
1677290 879
1677300 879
1677310 877
1677320 880
1677330 880
1677340 881
1677350 881
1677360 881
1677370 884
1677380 887
1677390 887
1677400 892
1677410 896
1677420 896
1677430 898
1677440 900
1677450 900
1677460 904
1677470 907
1677480 907
1677490 911
1677500 915
1677510 915
1677520 920
1677530 923
1677540 923
1677550 928
1677560 933
1677570 937
1677580 937
1677590 940
1677600 943
1677610 943
1677620 947
1677630 950
1677640 950
1677650 953
1677660 956
1677670 956
1677680 960
1677690 963
1677700 963
1677710 967
1677720 972
1677730 972
1677740 977
1677750 981
1677760 981
1677770 985
1677780 988
1677790 988
1677800 991
1677810 995
1677820 995
1677830 999
1677840 1003
1677850 1003
1677860 1006
1677870 1010
1677880 1013
1677890 1013
1677900 1016
1677910 1020
1677920 1020
1677930 1024
1677940 1028
1677950 1028
1677960 1031
1677970 1035
1677980 1035
1677990 1038
1678000 1042
1678010 1042
1678020 1045
1678030 1048
1678040 1048
1678050 1050
1678060 1052
1678070 1052
1678080 1054
1678090 1056
1678100 1056
1678110 1057
1678120 1058
1678130 1058
1678140 1059
1678150 1059
1678160 1059
1678170 1060
1678180 1060
1678190 1060
1678200 1060
1678210 1059
1678220 1058
1678230 1058
1678240 1057
1678250 1057
1678260 1057
1678270 1056
1678280 1056
1678290 1056
1678300 1055
1678310 1054
1678320 1054
1678330 1051
1678340 1050
1678350 1050
1678360 1048
1678370 1046
1678380 1046
1678390 1043
1678400 1041
1678410 1041
1678420 1041
1678430 1038
1678440 1038
1678450 1035
1678460 1031
1678470 1026
1678480 1026
1678490 1021
1678500 1017
1678510 1017
1678520 1012
1678530 1009
1678540 1009
1678550 1006
1678560 1004
1678570 1004
1678580 1002
1678590 1001
1678600 1001
1678610 1000
1678620 1000
1678630 1000
1678640 1001
1678650 1001
1678660 1001
1678670 1002
1678680 1005
1678690 1005
1678700 1008
1678710 1013
1678720 1013
1678730 1016
1678740 1020
1678750 1020
1678760 1023
1678770 1028
1678780 1034
1678790 1034
1678800 1038
1678810 1041
1678820 1041
1678830 1044
1678840 1048
1678850 1048
1678860 1053
1678870 1059
1678880 1059
1678890 1065
1678900 1070
1678910 1070
1678920 1074
1678930 1077
1678940 1077
1678950 1079
1678960 1083
1678970 1083
1678980 1087
1678990 1090
1679000 1090
1679010 1094
1679020 1095
1679030 1095
1679040 1094
1679050 1096
1679060 1096
1679070 1096
1679080 1095
1679090 1092
1679100 1092
1679110 1087
1679120 1083
1679130 1083
1679140 1079
1679150 1075
1679160 1075
1679170 1071
1679180 1066
1679190 1066
1679200 1062
1679210 1059
1679220 1059
1679230 1055
1679240 1051
1679250 1051
1679260 1047
1679270 1043
1679280 1043
1679290 1040
1679300 1037
1679310 1037
1679320 1034
1679330 1033
1679340 1033
1679350 1032
1679360 1030
1679370 1030
1679380 1028
1679390 1027
1679400 1027
1679410 1027
1679420 1027
1679430 1027
1679440 1027
1679450 1028
1679460 1029
1679470 1029
1679480 1030
1679490 1030
1679500 1030
1679510 1031
1679520 1032
1679530 1032
1679540 1034
1679550 1037
1679560 1037
1679570 1041
1679580 1045
1679590 1045
1679600 1048
1679610 1052
1679620 1052
1679630 1056
1679640 1059
1679650 1059
1679660 1062
1679670 1066
1679680 1066
1679690 1069
1679700 1071
1679710 1074
1679720 1074
1679730 1076
1679740 1078
1679750 1078
1679760 1077
1679770 1076
1679780 1076
1679790 1076
1679800 1076
1679810 1076
1679820 1076
1679830 1075
1679840 1075
1679850 1075
1679860 1075
1679870 1075
1679880 1076
1679890 1077
1679900 1077
1679910 1078
1679920 1078
1679930 1078
1679940 1078
1679950 1081
1679960 1081
1679970 1084
1679980 1085
1679990 1083
