1660000 1544
1660010 1537
1660020 1537
1660030 1531
1660040 1526
1660050 1526
1660060 1521
1660070 1515
1660080 1515
1660090 1510
1660100 1505
1660110 1500
1660120 1500
1660130 1494
1660140 1488
1660150 1488
1660160 1483
1660170 1479
1660180 1479
1660190 1474
1660200 1470
1660210 1470
1660220 1466
1660230 1461
1660240 1461
1660250 1456
1660260 1452
1660270 1452
1660280 1447
1660290 1443
1660300 1443
1660310 1438
1660320 1435
1660330 1435
1660340 1430
1660350 1425
1660360 1425
1660370 1418
1660380 1405
1660390 1405
1660400 1397
1660410 1386
1660420 1380
1660430 1380
1660440 1375
1660450 1367
1660460 1367
1660470 1360
1660480 1355
1660490 1355
1660500 1349
1660510 1347
1660520 1347
1660530 1346
1660540 1350
1660550 1350
1660560 1352
1660570 1341
1660580 1341
1660590 1331
1660600 1325
1660610 1325
1660620 1322
1660630 1317
1660640 1317
1660650 1309
1660660 1301
1660670 1301
1660680 1291
1660690 1282
1660700 1282
1660710 1273
1660720 1265
1660730 1257
1660740 1257
1660750 1250
1660760 1244
1660770 1244
1660780 1240
1660790 1241
1660800 1241
1660810 1241
1660820 1231
1660830 1231
1660840 1210
1660850 1207
1660860 1207
1660870 1198
1660880 1189
1660890 1189
1660900 1179
1660910 1171
1660920 1171
1660930 1164
1660940 1156
1660950 1156
1660960 1148
1660970 1135
1660980 1135
1660990 1110
1661000 1105
1661010 1105
1661020 1099
1661030 1081
1661040 1071
1661050 1071
1661060 1063
1661070 1053
1661080 1053
1661090 1048
1661100 1039
1661110 1039
1661120 1032
1661130 1019
1661140 1019
1661150 1006
1661160 1003
1661170 1003
1661180 1005
1661190 1009
1661200 1009
1661210 1012
1661220 1014
1661230 1014
1661240 1016
1661250 1019
1661260 1019
1661270 1021
1661280 1025
1661290 1025
1661300 1029
1661310 1031
1661320 1031
1661330 1035
1661340 1039
1661350 1041
1661360 1041
1661370 1044
1661380 1046
1661390 1046
1661400 1049
1661410 1051
1661420 1051
1661430 1051
1661440 1056
1661450 1056
1661460 1061
1661470 1066
1661480 1066
1661490 1073
1661500 1080
1661510 1080
1661520 1087
1661530 1091
1661540 1091
1661550 1086
1661560 1081
1661570 1081
1661580 1076
1661590 1070
1661600 1070
1661610 1066
1661620 1059
1661630 1059
1661640 1055
1661650 1052
1661660 1050
1661670 1050
1661680 1047
1661690 1043
1661700 1043
1661710 1039
1661720 1033
1661730 1033
1661740 1025
1661750 1019
1661760 1019
1661770 1014
1661780 1014
1661790 1014
1661800 1015
1661810 1016
1661820 1016
1661830 1015
1661840 1015
1661850 1015
1661860 1015
1661870 1010
1661880 1010
1661890 1011
1661900 1014
1661910 1014
1661920 1014
1661930 1013
1661940 1013
1661950 1010
1661960 1003
1661970 998
1661980 998
1661990 996
1662000 996
1662010 996
1662020 996
1662030 996
1662040 996
1662050 996
1662060 996
1662070 996
1662080 996
1662090 996
1662100 996
1662110 995
1662120 994
1662130 994
1662140 993
1662150 993
1662160 993
1662170 991
1662180 990
1662190 990
1662200 989
1662210 987
1662220 987
1662230 984
1662240 980
1662250 980
1662260 976
1662270 973
1662280 968
1662290 968
1662300 964
1662310 961
1662320 961
1662330 958
1662340 954
1662350 954
1662360 950
1662370 945
1662380 945
1662390 944
1662400 945
1662410 945
1662420 946
1662430 947
1662440 947
1662450 948
1662460 949
1662470 949
1662480 950
1662490 951
1662500 951
1662510 952
1662520 952
1662530 952
1662540 951
1662550 950
1662560 950
1662570 949
1662580 948
1662590 946
1662600 946
1662610 944
1662620 943
1662630 943
1662640 942
1662650 940
1662660 940
1662670 937
1662680 934
1662690 934
1662700 931
1662710 927
1662720 927
1662730 925
1662740 923
1662750 923
1662760 920
1662770 917
1662780 917
1662790 914
1662800 913
1662810 913
1662820 912
1662830 911
1662840 911
1662850 910
1662860 909
1662870 909
1662880 908
1662890 906
1662900 905
1662910 905
1662920 903
1662930 901
1662940 901
1662950 899
1662960 897
1662970 897
1662980 896
1662990 895
1663000 895
1663010 895
1663020 895
1663030 895
1663040 893
1663050 889
1663060 889
1663070 885
1663080 879
1663090 879
1663100 874
1663110 871
1663120 871
1663130 869
1663140 868
1663150 868
1663160 867
1663170 866
1663180 866
1663190 864
1663200 864
1663210 864
1663220 864
1663230 868
1663240 873
1663250 873
1663260 878
1663270 882
1663280 882
1663290 885
1663300 887
1663310 887
1663320 889
1663330 891
1663340 891
1663350 893
1663360 895
1663370 895
1663380 897
1663390 899
1663400 899
1663410 900
1663420 902
1663430 902
1663440 904
1663450 904
1663460 904
1663470 906
1663480 907
1663490 907
1663500 908
1663510 909
1663520 909
1663530 909
1663540 909
1663550 908
1663560 908
1663570 908
1663580 908
1663590 908
1663600 907
1663610 907
1663620 907
1663630 906
1663640 904
1663650 904
1663660 903
1663670 902
1663680 902
1663690 898
1663700 897
1663710 897
1663720 895
1663730 894
1663740 894
1663750 892
1663760 890
1663770 890
1663780 888
1663790 885
1663800 885
1663810 882
1663820 879
1663830 876
1663840 876
1663850 873
1663860 872
1663870 872
1663880 869
1663890 867
1663900 867
1663910 865
1663920 864
1663930 864
1663940 861
1663950 859
1663960 859
1663970 855
1663980 851
1663990 851
1664000 852
1664010 852
1664020 852
1664030 851
1664040 850
1664050 850
1664060 848
1664070 846
1664080 846
1664090 844
1664100 842
1664110 842
1664120 840
1664130 838
1664140 837
1664150 837
1664160 836
1664170 836
1664180 836
1664190 836
1664200 836
1664210 836
1664220 836
1664230 835
1664240 835
1664250 834
1664260 833
1664270 833
1664280 831
1664290 830
1664300 830
1664310 829
1664320 828
1664330 828
1664340 827
1664350 826
1664360 826
1664370 825
1664380 823
1664390 823
1664400 822
1664410 821
1664420 821
1664430 820
1664440 819
1664450 818
1664460 818
1664470 817
1664480 816
1664490 816
1664500 816
1664510 815
1664520 815
1664530 813
1664540 812
1664550 812
1664560 811
1664570 810
1664580 810
1664590 809
1664600 808
1664610 808
1664620 806
1664630 804
1664640 804
1664650 803
1664660 803
1664670 803
1664680 802
1664690 799
1664700 799
1664710 796
1664720 794
1664730 794
1664740 792
1664750 790
1664760 789
1664770 789
1664780 787
1664790 786
1664800 786
1664810 785
1664820 784
1664830 784
1664840 783
1664850 782
1664860 782
1664870 781
1664880 780
1664890 780
1664900 779
1664910 778
1664920 778
1664930 777
1664940 776
1664950 776
1664960 775
1664970 775
1664980 775
1664990 773
1665000 772
1665010 772
1665020 772
1665030 771
1665040 771
1665050 770
1665060 769
1665070 768
1665080 768
1665090 767
1665100 766
1665110 766
1665120 766
1665130 765
1665140 765
1665150 764
1665160 763
1665170 763
1665180 762
1665190 761
1665200 761
1665210 759
1665220 758
1665230 758
1665240 757
1665250 756
1665260 756
1665270 755
1665280 754
1665290 754
1665300 753
1665310 752
1665320 752
1665330 751
1665340 750
1665350 748
1665360 748
1665370 747
1665380 746
1665390 746
1665400 746
1665410 749
1665420 749
1665430 749
1665440 749
1665450 749
1665460 750
1665470 750
1665480 750
1665490 750
1665500 751
1665510 751
1665520 751
1665530 752
1665540 752
1665550 752
1665560 752
1665570 752
1665580 752
1665590 752
1665600 752
1665610 753
1665620 753
1665630 753
1665640 754
1665650 755
1665660 755
1665670 755
1665680 756
1665690 757
1665700 757
1665710 757
1665720 758
1665730 758
1665740 759
1665750 760
1665760 760
1665770 761
1665780 763
1665790 763
1665800 764
1665810 765
1665820 765
1665830 766
1665840 767
1665850 767
1665860 768
1665870 769
1665880 769
1665890 769
1665900 770
1665910 770
1665920 771
1665930 772
1665940 772
1665950 773
1665960 775
1665970 777
1665980 777
1665990 780
1666000 782
1666010 782
1666020 783
1666030 785
1666040 785
1666050 786
1666060 787
1666070 787
1666080 788
1666090 789
1666100 789
1666110 789
1666120 790
1666130 790
1666140 790
1666150 790
1666160 790
1666170 790
1666180 790
1666190 790
1666200 790
1666210 789
1666220 789
1666230 789
1666240 788
1666250 788
1666260 787
1666270 786
1666280 786
1666290 786
1666300 785
1666310 783
1666320 783
1666330 782
1666340 781
1666350 781
1666360 780
1666370 779
1666380 779
1666390 778
1666400 777
1666410 777
1666420 776
1666430 774
1666440 774
1666450 773
1666460 771
1666470 771
1666480 770
1666490 768
1666500 768
1666510 766
1666520 764
1666530 764
1666540 762
1666550 760
1666560 760
1666570 756
1666580 753
1666590 749
1666600 749
1666610 748
1666620 747
1666630 747
1666640 746
1666650 746
1666660 746
1666670 745
1666680 743
1666690 743
1666700 742
1666710 740
1666720 740
1666730 739
1666740 737
1666750 737
1666760 737
1666770 737
1666780 737
1666790 736
1666800 736
1666810 736
1666820 735
1666830 734
1666840 734
1666850 730
1666860 728
1666870 728
1666880 727
1666890 725
1666900 724
1666910 724
1666920 722
1666930 720
1666940 720
1666950 719
1666960 719
1666970 719
1666980 718
1666990 717
1667000 717
1667010 716
1667020 715
1667030 715
1667040 715
1667050 716
1667060 716
1667070 716
1667080 714
1667090 714
1667100 713
1667110 713
1667120 713
1667130 713
1667140 713
1667150 713
1667160 713
1667170 713
1667180 713
1667190 712
1667200 712
1667210 711
1667220 711
1667230 711
1667240 711
1667250 711
1667260 711
1667270 711
1667280 711
1667290 710
1667300 710
1667310 710
1667320 710
1667330 710
1667340 710
1667350 710
1667360 709
1667370 709
1667380 709
1667390 709
1667400 709
1667410 709
1667420 708
1667430 708
1667440 708
1667450 708
1667460 708
1667470 707
1667480 707
1667490 707
1667500 707
1667510 707
1667520 706
1667530 706
1667540 706
1667550 706
1667560 706
1667570 705
1667580 705
1667590 705
1667600 705
1667610 705
1667620 705
1667630 705
1667640 704
1667650 704
1667660 703
1667670 703
1667680 703
1667690 703
1667700 703
1667710 703
1667720 702
1667730 702
1667740 702
1667750 701
1667760 701
1667770 701
1667780 700
1667790 699
1667800 699
1667810 699
1667820 699
1667830 698
1667840 698
1667850 698
1667860 697
1667870 697
1667880 697
1667890 697
1667900 697
1667910 697
1667920 697
1667930 697
1667940 696
1667950 696
1667960 696
1667970 696
1667980 692
1667990 692
1668000 690
1668010 689
1668020 689
1668030 689
1668040 687
1668050 687
1668060 687
1668070 692
1668080 692
1668090 693
1668100 693
1668110 693
1668120 693
1668130 693
1668140 693
1668150 693
1668160 693
1668170 693
1668180 693
1668190 693
1668200 692
1668210 692
1668220 693
1668230 693
1668240 693
1668250 693
1668260 693
1668270 693
1668280 693
1668290 693
1668300 693
1668310 693
1668320 694
1668330 694
1668340 694
1668350 694
1668360 694
1668370 694
1668380 693
1668390 693
1668400 693
1668410 693
1668420 693
1668430 693
1668440 693
1668450 693
1668460 693
1668470 693
1668480 692
1668490 692
1668500 692
1668510 692
1668520 692
1668530 692
1668540 692
1668550 692
1668560 691
1668570 691
1668580 691
1668590 691
1668600 691
1668610 691
1668620 691
1668630 690
1668640 690
1668650 690
1668660 690
1668670 690
1668680 689
1668690 689
1668700 689
1668710 689
1668720 689
1668730 689
1668740 688
1668750 688
1668760 688
1668770 688
1668780 687
1668790 687
1668800 687
1668810 687
1668820 687
1668830 687
1668840 686
1668850 686
1668860 686
1668870 686
1668880 686
1668890 686
1668900 686
1668910 686
1668920 686
1668930 685
1668940 685
1668950 685
1668960 685
1668970 684
1668980 684
1668990 684
1669000 684
1669010 684
1669020 684
1669030 683
1669040 683
1669050 683
1669060 683
1669070 683
1669080 683
1669090 682
1669100 682
1669110 682
1669120 682
1669130 682
1669140 682
1669150 681
1669160 681
1669170 681
1669180 681
1669190 681
1669200 681
1669210 680
1669220 680
1669230 680
1669240 680
1669250 680
1669260 680
1669270 679
1669280 679
1669290 679
1669300 679
1669310 679
1669320 679
1669330 679
1669340 678
1669350 678
1669360 678
1669370 677
1669380 678
1669390 678
1669400 678
1669410 678
1669420 678
1669430 678
1669440 677
1669450 677
1669460 678
1669470 678
1669480 678
1669490 677
1669500 676
1669510 676
1669520 676
1669530 676
1669540 676
1669550 676
1669560 675
1669570 675
1669580 675
1669590 675
1669600 675
1669610 675
1669620 675
1669630 675
1669640 674
1669650 674
1669660 674
1669670 674
1669680 674
1669690 674
1669700 674
1669710 673
1669720 673
1669730 673
1669740 673
1669750 672
1669760 672
1669770 673
1669780 672
1669790 672
1669800 672
1669810 671
1669820 671
1669830 671
1669840 673
1669850 673
1669860 676
1669870 676
1669880 676
1669890 671
1669900 668
1669910 668
1669920 669
1669930 669
1669940 669
1669950 669
1669960 668
1669970 668
1669980 668
1669990 668
1670000 669
1670010 669
1670020 669
1670030 667
1670040 667
1670050 667
1670060 667
1670070 667
1670080 666
1670090 666
1670100 666
1670110 665
1670120 665
1670130 665
1670140 666
1670150 665
1670160 665
1670170 664
1670180 664
1670190 664
1670200 664
1670210 663
1670220 663
1670230 663
1670240 663
1670250 663
1670260 663
1670270 662
1670280 662
1670290 662
1670300 662
1670310 662
1670320 662
1670330 662
1670340 662
1670350 662
1670360 661
1670370 661
1670380 661
1670390 661
1670400 660
1670410 660
1670420 660
1670430 659
1670440 659
1670450 659
1670460 660
1670470 660
1670480 659
1670490 659
1670500 659
1670510 659
1670520 659
1670530 659
1670540 659
1670550 658
1670560 658
1670570 659
1670580 658
1670590 658
1670600 658
1670610 658
1670620 658
1670630 658
1670640 658
1670650 658
1670660 658
1670670 658
1670680 658
1670690 658
1670700 658
1670710 658
1670720 658
1670730 657
1670740 657
1670750 657
1670760 656
1670770 655
1670780 655
1670790 655
1670800 655
1670810 655
1670820 656
1670830 656
1670840 656
1670850 656
1670860 657
1670870 657
1670880 657
1670890 662
1670900 668
1670910 668
1670920 675
1670930 682
1670940 682
1670950 687
1670960 691
1670970 691
1670980 694
1670990 694
1671000 694
1671010 695
1671020 695
1671030 695
1671040 695
1671050 695
1671060 695
1671070 696
1671080 696
1671090 696
1671100 696
1671110 696
1671120 696
1671130 697
1671140 697
1671150 697
1671160 697
1671170 697
1671180 697
1671190 697
1671200 697
1671210 696
1671220 696
1671230 696
1671240 696
1671250 696
1671260 697
1671270 697
1671280 697
1671290 698
1671300 698
1671310 698
1671320 699
1671330 700
1671340 700
1671350 700
1671360 701
1671370 701
1671380 701
1671390 701
1671400 701
1671410 701
1671420 701
1671430 701
1671440 701
1671450 702
1671460 702
1671470 702
1671480 702
1671490 702
1671500 702
1671510 702
1671520 702
1671530 702
1671540 702
1671550 702
1671560 702
1671570 701
1671580 701
1671590 701
1671600 701
1671610 701
1671620 701
1671630 701
1671640 702
1671650 702
1671660 702
1671670 701
1671680 701
1671690 701
1671700 701
1671710 701
1671720 702
1671730 702
1671740 702
1671750 702
1671760 702
1671770 702
1671780 702
1671790 702
1671800 702
1671810 702
1671820 703
1671830 703
1671840 703
1671850 703
1671860 704
1671870 704
1671880 704
1671890 705
1671900 705
1671910 705
1671920 705
1671930 705
1671940 705
1671950 706
1671960 706
1671970 706
1671980 706
1671990 706
1672000 707
1672010 706
1672020 706
1672030 706
1672040 706
1672050 706
1672060 705
1672070 705
1672080 705
1672090 704
1672100 702
1672110 702
1672120 698
1672130 695
1672140 694
1672150 694
1672160 691
1672170 688
1672180 688
1672190 686
1672200 683
1672210 683
1672220 681
1672230 680
1672240 680
1672250 678
1672260 677
1672270 677
1672280 675
1672290 674
1672300 674
1672310 673
1672320 673
1672330 673
1672340 673
1672350 673
1672360 673
1672370 673
1672380 672
1672390 672
1672400 674
1672410 674
1672420 674
1672430 674
1672440 675
1672450 676
1672460 676
1672470 676
1672480 678
1672490 678
1672500 678
1672510 679
1672520 679
1672530 680
1672540 681
1672550 681
1672560 682
1672570 683
1672580 683
1672590 684
1672600 685
1672610 685
1672620 686
1672630 687
1672640 687
1672650 688
1672660 689
1672670 689
1672680 690
1672690 691
1672700 691
1672710 692
1672720 693
1672730 693
1672740 694
1672750 695
1672760 696
1672770 696
1672780 697
1672790 698
1672800 698
1672810 698
1672820 700
1672830 700
1672840 701
1672850 703
1672860 703
1672870 704
1672880 706
1672890 706
1672900 707
1672910 709
1672920 709
1672930 710
1672940 712
1672950 712
1672960 713
1672970 715
1672980 715
1672990 717
1673000 718
1673010 718
1673020 720
1673030 722
1673040 722
1673050 723
1673060 725
1673070 726
1673080 726
1673090 727
1673100 729
1673110 729
1673120 730
1673130 731
1673140 731
1673150 732
1673160 733
1673170 733
1673180 734
1673190 735
1673200 735
1673210 736
1673220 736
1673230 736
1673240 735
1673250 733
1673260 733
1673270 731
1673280 726
1673290 726
1673300 722
1673310 720
1673320 720
1673330 717
1673340 714
1673350 714
1673360 714
1673370 714
1673380 714
1673390 714
1673400 714
1673410 716
1673420 716
1673430 715
1673440 715
1673450 715
1673460 714
1673470 714
1673480 714
1673490 713
1673500 714
1673510 714
1673520 715
1673530 715
1673540 715
1673550 715
1673560 715
1673570 715
1673580 715
1673590 716
1673600 716
1673610 716
1673620 717
1673630 717
1673640 717
1673650 717
1673660 717
1673670 717
1673680 717
1673690 716
1673700 716
1673710 716
1673720 715
1673730 715
1673740 714
1673750 714
1673760 714
1673770 714
1673780 714
1673790 714
1673800 714
1673810 714
1673820 714
1673830 714
1673840 714
1673850 714
1673860 713
1673870 710
1673880 710
1673890 706
1673900 704
1673910 704
1673920 703
1673930 702
1673940 702
1673950 701
1673960 700
1673970 700
1673980 699
1673990 698
1674000 697
1674010 697
1674020 697
1674030 696
1674040 696
1674050 695
1674060 694
1674070 694
1674080 696
1674090 696
1674100 696
1674110 697
1674120 699
1674130 699
1674140 700
1674150 700
1674160 700
1674170 700
1674180 699
1674190 699
1674200 699
1674210 699
1674220 699
1674230 699
1674240 698
1674250 698
1674260 698
1674270 699
1674280 699
1674290 699
1674300 699
1674310 699
1674320 699
1674330 698
1674340 696
1674350 696
1674360 695
1674370 694
1674380 694
1674390 693
1674400 693
1674410 693
1674420 693
1674430 692
1674440 692
1674450 692
1674460 692
1674470 692
1674480 692
1674490 692
1674500 692
1674510 692
1674520 692
1674530 692
1674540 692
1674550 692
1674560 692
1674570 692
1674580 692
1674590 692
1674600 692
1674610 693
1674620 693
1674630 693
1674640 693
1674650 693
1674660 693
1674670 693
1674680 693
1674690 693
1674700 694
1674710 694
1674720 694
1674730 694
1674740 694
1674750 694
1674760 694
1674770 695
1674780 695
1674790 696
1674800 697
1674810 697
1674820 697
1674830 698
1674840 698
1674850 698
1674860 698
1674870 698
1674880 698
1674890 697
1674900 697
1674910 696
1674920 696
1674930 696
1674940 696
1674950 696
1674960 696
1674970 696
1674980 695
1674990 696
1675000 696
1675010 697
1675020 697
1675030 697
1675040 699
1675050 701
1675060 701
1675070 702
1675080 704
1675090 704
1675100 705
1675110 707
1675120 707
1675130 709
1675140 712
1675150 712
1675160 715
1675170 718
1675180 718
1675190 720
1675200 721
1675210 721
1675220 721
1675230 718
1675240 715
1675250 715
1675260 713
1675270 712
1675280 712
1675290 711
1675300 711
1675310 711
1675320 711
1675330 710
1675340 710
1675350 710
1675360 710
1675370 710
1675380 709
1675390 709
1675400 709
1675410 708
1675420 707
1675430 707
1675440 706
1675450 705
1675460 705
1675470 705
1675480 704
1675490 704
1675500 704
1675510 703
1675520 703
1675530 703
1675540 703
1675550 703
1675560 703
1675570 703
1675580 703
1675590 703
1675600 703
1675610 703
1675620 703
1675630 704
1675640 704
1675650 704
1675660 704
1675670 704
1675680 704
1675690 705
1675700 705
1675710 705
1675720 705
1675730 706
1675740 706
1675750 706
1675760 706
1675770 706
1675780 706
1675790 707
1675800 707
1675810 707
1675820 708
1675830 708
1675840 708
1675850 708
1675860 708
1675870 708
1675880 708
1675890 709
1675900 709
1675910 709
1675920 709
1675930 709
1675940 709
1675950 710
1675960 710
1675970 710
1675980 710
1675990 710
1676000 710
1676010 711
1676020 711
1676030 711
1676040 711
1676050 711
1676060 711
1676070 712
1676080 712
1676090 712
1676100 712
1676110 712
1676120 712
1676130 712
1676140 712
1676150 712
1676160 713
1676170 714
1676180 714
1676190 714
1676200 714
1676210 714
1676220 715
1676230 717
1676240 717
1676250 719
1676260 720
1676270 720
1676280 721
1676290 722
1676300 722
1676310 723
1676320 724
1676330 724
1676340 726
1676350 727
1676360 727
1676370 728
1676380 729
1676390 729
1676400 730
1676410 731
1676420 731
1676430 732
1676440 734
1676450 736
1676460 736
1676470 737
1676480 738
1676490 738
1676500 739
1676510 740
1676520 740
1676530 741
1676540 741
1676550 741
1676560 742
1676570 743
1676580 743
1676590 744
1676600 744
1676610 744
1676620 744
1676630 745
1676640 745
1676650 745
1676660 746
1676670 746
1676680 747
1676690 748
1676700 748
1676710 749
1676720 749
1676730 749
1676740 750
1676750 752
1676760 753
1676770 753
1676780 754
1676790 755
1676800 755
1676810 756
1676820 758
1676830 758
1676840 759
1676850 761
1676860 761
1676870 762
1676880 763
1676890 763
1676900 765
1676910 766
1676920 766
1676930 768
1676940 769
1676950 769
1676960 770
1676970 771
1676980 771
1676990 773
1677000 774
1677010 774
1677020 775
1677030 776
1677040 776
1677050 777
1677060 778
1677070 780
1677080 780
1677090 781
1677100 783
1677110 783
1677120 785
1677130 786
1677140 786
1677150 787
1677160 789
1677170 789
1677180 791
1677190 792
1677200 792
1677210 795
1677220 797
1677230 797
1677240 798
1677250 801
1677260 801
1677270 803
1677280 806
1677290 806
1677300 809
1677310 812
1677320 812
1677330 815
1677340 818
1677350 818
1677360 820
1677370 823
1677380 824
1677390 824
1677400 826
1677410 827
1677420 827
1677430 828
1677440 830
1677450 830
1677460 831
1677470 831
1677480 831
1677490 831
1677500 831
1677510 831
1677520 831
1677530 830
1677540 830
1677550 830
1677560 830
1677570 830
1677580 830
1677590 831
1677600 831
1677610 832
1677620 832
1677630 832
1677640 833
1677650 836
1677660 836
1677670 838
1677680 841
1677690 846
1677700 846
1677710 849
1677720 851
1677730 851
1677740 852
1677750 853
1677760 853
1677770 855
1677780 856
1677790 856
1677800 858
1677810 858
1677820 858
1677830 861
1677840 863
1677850 863
1677860 864
1677870 866
1677880 866
1677890 867
1677900 868
1677910 868
1677920 870
1677930 871
1677940 871
1677950 871
1677960 872
1677970 872
1677980 873
1677990 874
1678000 875
1678010 875
1678020 876
1678030 876
1678040 876
1678050 876
1678060 875
1678070 875
1678080 874
1678090 872
1678100 872
1678110 868
1678120 864
1678130 864
1678140 858
1678150 852
1678160 852
1678170 843
1678180 838
1678190 838
1678200 833
1678210 836
1678220 836
1678230 841
1678240 844
1678250 844
1678260 850
1678270 855
1678280 855
1678290 860
1678300 867
1678310 875
1678320 875
1678330 882
1678340 888
1678350 888
1678360 893
1678370 897
1678380 897
1678390 901
1678400 905
1678410 905
1678420 909
1678430 911
1678440 911
1678450 912
1678460 911
1678470 911
1678480 908
1678490 904
1678500 904
1678510 900
1678520 897
1678530 897
1678540 894
1678550 890
1678560 890
1678570 887
1678580 885
1678590 885
1678600 881
1678610 878
1678620 876
1678630 876
1678640 873
1678650 872
1678660 872
1678670 869
1678680 864
1678690 864
1678700 859
1678710 859
1678720 859
1678730 860
1678740 861
1678750 861
1678760 863
1678770 868
1678780 868
1678790 872
1678800 877
1678810 877
1678820 883
1678830 889
1678840 889
1678850 896
1678860 903
1678870 903
1678880 909
1678890 916
1678900 916
1678910 922
1678920 927
1678930 933
1678940 933
1678950 937
1678960 941
1678970 941
1678980 945
1678990 949
1679000 949
1679010 952
1679020 954
1679030 954
1679040 956
1679050 957
1679060 957
1679070 957
1679080 958
1679090 958
1679100 956
1679110 953
1679120 953
1679130 951
1679140 949
1679150 949
1679160 949
1679170 949
1679180 949
1679190 950
1679200 952
1679210 952
1679220 956
1679230 958
1679240 958
1679250 958
1679260 958
1679270 960
1679280 960
1679290 964
1679300 968
1679310 968
1679320 971
1679330 975
1679340 975
1679350 978
1679360 980
1679370 980
1679380 983
1679390 985
1679400 985
1679410 984
1679420 985
1679430 985
1679440 987
1679450 990
1679460 990
1679470 995
1679480 998
1679490 998
1679500 998
1679510 1000
1679520 1000
1679530 1001
1679540 1005
1679550 1007
1679560 1007
1679570 1009
1679580 1010
1679590 1010
1679600 1011
1679610 1010
1679620 1010
1679630 1010
1679640 1010
1679650 1010
1679660 1007
1679670 1005
1679680 1005
1679690 1003
1679700 1001
1679710 1001
1679720 1000
1679730 1001
1679740 1001
1679750 1001
1679760 1004
1679770 1004
1679780 1008
1679790 1011
1679800 1011
1679810 1013
1679820 1012
1679830 1012
1679840 1011
1679850 1009
1679860 1005
1679870 1005
1679880 1001
1679890 997
1679900 997
1679910 993
1679920 989
1679930 989
1679940 986
1679950 984
1679960 984
1679970 983
1679980 985
1679990 985
