1660000 2004
1660010 2004
1660020 2004
1660030 2006
1660040 2010
1660050 2010
1660060 2005
1660070 2000
1660080 2000
1660090 1993
1660100 1986
1660110 1986
1660120 1974
1660130 1959
1660140 1959
1660150 1943
1660160 1929
1660170 1929
1660180 1914
1660190 1890
1660200 1890
1660210 1867
1660220 1854
1660230 1854
1660240 1843
1660250 1833
1660260 1833
1660270 1807
1660280 1795
1660290 1795
1660300 1790
1660310 1784
1660320 1778
1660330 1778
1660340 1773
1660350 1770
1660360 1770
1660370 1766
1660380 1765
1660390 1765
1660400 1766
1660410 1770
1660420 1770
1660430 1775
1660440 1781
1660450 1781
1660460 1786
1660470 1791
1660480 1791
1660490 1796
1660500 1802
1660510 1802
1660520 1806
1660530 1812
1660540 1812
1660550 1817
1660560 1821
1660570 1821
1660580 1825
1660590 1829
1660600 1829
1660610 1835
1660620 1843
1660630 1843
1660640 1849
1660650 1854
1660660 1857
1660670 1857
1660680 1862
1660690 1871
1660700 1871
1660710 1878
1660720 1885
1660730 1885
1660740 1895
1660750 1900
1660760 1900
1660770 1926
1660780 1941
1660790 1941
1660800 1969
1660810 2037
1660820 2037
1660830 2030
1660840 2022
1660850 2022
1660860 2022
1660870 2020
1660880 2020
1660890 2028
1660900 2032
1660910 2032
1660920 2020
1660930 2011
1660940 2011
1660950 2003
1660960 1991
1660970 1977
1660980 1977
1660990 1963
1661000 1945
1661010 1945
1661020 1933
1661030 1922
1661040 1922
1661050 1911
1661060 1904
1661070 1904
1661080 1892
1661090 1882
1661100 1882
1661110 1876
1661120 1870
1661130 1870
1661140 1865
1661150 1859
1661160 1859
1661170 1854
1661180 1849
1661190 1849
1661200 1844
1661210 1839
1661220 1839
1661230 1831
1661240 1810
1661250 1810
1661260 1798
1661270 1792
1661280 1792
1661290 1788
1661300 1784
1661310 1780
1661320 1780
1661330 1777
1661340 1782
1661350 1782
1661360 1789
1661370 1787
1661380 1787
1661390 1790
1661400 1778
1661410 1778
1661420 1773
1661430 1764
1661440 1764
1661450 1759
1661460 1755
1661470 1755
1661480 1749
1661490 1745
1661500 1745
1661510 1744
1661520 1742
1661530 1742
1661540 1741
1661550 1738
1661560 1738
1661570 1736
1661580 1734
1661590 1734
1661600 1734
1661610 1734
1661620 1734
1661630 1733
1661640 1732
1661650 1732
1661660 1732
1661670 1731
1661680 1730
1661690 1730
1661700 1727
1661710 1725
1661720 1725
1661730 1724
1661740 1723
1661750 1723
1661760 1722
1661770 1721
1661780 1721
1661790 1719
1661800 1717
1661810 1717
1661820 1715
1661830 1715
1661840 1715
1661850 1719
1661860 1723
1661870 1723
1661880 1727
1661890 1729
1661900 1729
1661910 1739
1661920 1749
1661930 1749
1661940 1767
1661950 1773
1661960 1773
1661970 1793
1661980 1803
1661990 1833
1662000 1833
1662010 1866
1662020 1865
1662030 1865
1662040 1862
1662050 1857
1662060 1857
1662070 1855
1662080 1851
1662090 1851
1662100 1817
1662110 1803
1662120 1803
1662130 1791
1662140 1780
1662150 1780
1662160 1769
1662170 1745
1662180 1745
1662190 1733
1662200 1724
1662210 1724
1662220 1713
1662230 1704
1662240 1704
1662250 1693
1662260 1684
1662270 1684
1662280 1673
1662290 1663
1662300 1663
1662310 1653
1662320 1639
1662330 1625
1662340 1625
1662350 1616
1662360 1607
1662370 1607
1662380 1603
1662390 1599
1662400 1599
1662410 1594
1662420 1589
1662430 1589
1662440 1582
1662450 1575
1662460 1575
1662470 1569
1662480 1563
1662490 1563
1662500 1557
1662510 1550
1662520 1550
1662530 1544
1662540 1537
1662550 1537
1662560 1531
1662570 1525
1662580 1525
1662590 1520
1662600 1515
1662610 1515
1662620 1510
1662630 1505
1662640 1500
1662650 1500
1662660 1495
1662670 1491
1662680 1491
1662690 1487
1662700 1483
1662710 1483
1662720 1479
1662730 1475
1662740 1475
1662750 1472
1662760 1469
1662770 1469
1662780 1468
1662790 1464
1662800 1464
1662810 1462
1662820 1459
1662830 1459
1662840 1456
1662850 1454
1662860 1454
1662870 1455
1662880 1453
1662890 1453
1662900 1451
1662910 1450
1662920 1450
1662930 1450
1662940 1447
1662950 1447
1662960 1449
1662970 1447
1662980 1449
1662990 1449
1663000 1454
1663010 1459
1663020 1459
1663030 1464
1663040 1470
1663050 1470
1663060 1476
1663070 1480
1663080 1480
1663090 1481
1663100 1482
1663110 1482
1663120 1482
1663130 1483
1663140 1483
1663150 1481
1663160 1479
1663170 1479
1663180 1477
1663190 1479
1663200 1479
1663210 1479
1663220 1479
1663230 1479
1663240 1477
1663250 1481
1663260 1481
1663270 1484
1663280 1482
1663290 1482
1663300 1481
1663310 1487
1663320 1492
1663330 1492
1663340 1497
1663350 1504
1663360 1504
1663370 1510
1663380 1516
1663390 1516
1663400 1523
1663410 1526
1663420 1526
1663430 1529
1663440 1529
1663450 1529
1663460 1531
1663470 1534
1663480 1534
1663490 1535
1663500 1539
1663510 1539
1663520 1537
1663530 1538
1663540 1538
1663550 1536
1663560 1532
1663570 1532
1663580 1528
1663590 1525
1663600 1525
1663610 1525
1663620 1525
1663630 1525
1663640 1525
1663650 1525
1663660 1525
1663670 1525
1663680 1523
1663690 1522
1663700 1522
1663710 1520
1663720 1516
1663730 1516
1663740 1512
1663750 1508
1663760 1508
1663770 1506
1663780 1504
1663790 1504
1663800 1502
1663810 1500
1663820 1500
1663830 1498
1663840 1492
1663850 1492
1663860 1492
1663870 1498
1663880 1498
1663890 1499
1663900 1499
1663910 1499
1663920 1498
1663930 1493
1663940 1493
1663950 1493
1663960 1490
1663970 1490
1663980 1491
1663990 1489
1664000 1488
1664010 1488
1664020 1488
1664030 1487
1664040 1487
1664050 1485
1664060 1487
1664070 1487
1664080 1487
1664090 1486
1664100 1486
1664110 1485
1664120 1483
1664130 1483
1664140 1481
1664150 1477
1664160 1477
1664170 1475
1664180 1472
1664190 1472
1664200 1469
1664210 1465
1664220 1465
1664230 1457
1664240 1463
1664250 1463
1664260 1465
1664270 1465
1664280 1465
1664290 1467
1664300 1467
1664310 1466
1664320 1466
1664330 1466
1664340 1471
1664350 1471
1664360 1474
1664370 1478
1664380 1478
1664390 1481
1664400 1485
1664410 1485
1664420 1484
1664430 1486
1664440 1486
1664450 1493
1664460 1496
1664470 1496
1664480 1503
1664490 1510
1664500 1510
1664510 1520
1664520 1529
1664530 1529
1664540 1540
1664550 1548
1664560 1548
1664570 1550
1664580 1555
1664590 1555
1664600 1559
1664610 1567
1664620 1567
1664630 1578
1664640 1588
1664650 1608
1664660 1608
1664670 1620
1664680 1633
1664690 1633
1664700 1645
1664710 1642
1664720 1642
1664730 1643
1664740 1646
1664750 1646
1664760 1663
1664770 1662
1664780 1662
1664790 1662
1664800 1655
1664810 1655
1664820 1649
1664830 1640
1664840 1640
1664850 1636
1664860 1633
1664870 1633
1664880 1629
1664890 1624
1664900 1624
1664910 1620
1664920 1615
1664930 1615
1664940 1612
1664950 1608
1664960 1608
1664970 1604
1664980 1600
1664990 1597
1665000 1597
1665010 1593
1665020 1589
1665030 1589
1665040 1585
1665050 1580
1665060 1580
1665070 1583
1665080 1585
1665090 1585
1665100 1588
1665110 1591
1665120 1591
1665130 1593
1665140 1597
1665150 1597
1665160 1600
1665170 1603
1665180 1603
1665190 1605
1665200 1608
1665210 1608
1665220 1612
1665230 1617
1665240 1617
1665250 1622
1665260 1628
1665270 1628
1665280 1634
1665290 1639
1665300 1639
1665310 1644
1665320 1649
1665330 1655
1665340 1655
1665350 1660
1665360 1664
1665370 1664
1665380 1670
1665390 1675
1665400 1675
1665410 1678
1665420 1685
1665430 1685
1665440 1691
1665450 1696
1665460 1696
1665470 1703
1665480 1709
1665490 1709
1665500 1715
1665510 1721
1665520 1721
1665530 1727
1665540 1735
1665550 1735
1665560 1742
1665570 1746
1665580 1746
1665590 1751
1665600 1756
1665610 1756
1665620 1770
1665630 1778
1665640 1778
1665650 1787
1665660 1794
1665670 1799
1665680 1799
1665690 1805
1665700 1813
1665710 1813
1665720 1820
1665730 1827
1665740 1827
1665750 1835
1665760 1841
1665770 1841
1665780 1849
1665790 1857
1665800 1857
1665810 1863
1665820 1870
1665830 1870
1665840 1877
1665850 1883
1665860 1883
1665870 1890
1665880 1895
1665890 1895
1665900 1902
1665910 1889
1665920 1889
1665930 1880
1665940 1873
1665950 1873
1665960 1865
1665970 1859
1665980 1850
1665990 1850
1666000 1843
1666010 1833
1666020 1833
1666030 1826
1666040 1820
1666050 1820
1666060 1809
1666070 1801
1666080 1801
1666090 1794
1666100 1789
1666110 1789
1666120 1784
1666130 1772
1666140 1772
1666150 1761
1666160 1755
1666170 1755
1666180 1753
1666190 1746
1666200 1746
1666210 1738
1666220 1726
1666230 1726
1666240 1715
1666250 1702
1666260 1702
1666270 1686
1666280 1676
1666290 1676
1666300 1667
1666310 1659
1666320 1654
1666330 1654
1666340 1653
1666350 1642
1666360 1642
1666370 1635
1666380 1629
1666390 1629
1666400 1622
1666410 1620
1666420 1620
1666430 1622
1666440 1628
1666450 1628
1666460 1623
1666470 1614
1666480 1614
1666490 1604
1666500 1595
1666510 1595
1666520 1582
1666530 1573
1666540 1573
1666550 1564
1666560 1558
1666570 1558
1666580 1550
1666590 1541
1666600 1541
1666610 1533
1666620 1525
1666630 1525
1666640 1521
1666650 1518
1666660 1514
1666670 1514
1666680 1507
1666690 1500
1666700 1500
1666710 1495
1666720 1489
1666730 1489
1666740 1484
1666750 1477
1666760 1477
1666770 1472
1666780 1466
1666790 1466
1666800 1460
1666810 1456
1666820 1456
1666830 1451
1666840 1445
1666850 1445
1666860 1442
1666870 1441
1666880 1441
1666890 1441
1666900 1441
1666910 1441
1666920 1441
1666930 1440
1666940 1440
1666950 1440
1666960 1441
1666970 1441
1666980 1442
1666990 1442
1667000 1446
1667010 1446
1667020 1448
1667030 1453
1667040 1453
1667050 1456
1667060 1450
1667070 1450
1667080 1450
1667090 1449
1667100 1449
1667110 1448
1667120 1448
1667130 1448
1667140 1449
1667150 1447
1667160 1447
1667170 1433
1667180 1427
1667190 1427
1667200 1420
1667210 1414
1667220 1414
1667230 1412
1667240 1409
1667250 1409
1667260 1401
1667270 1398
1667280 1398
1667290 1390
1667300 1380
1667310 1380
1667320 1374
1667330 1370
1667340 1367
1667350 1367
1667360 1370
1667370 1375
1667380 1375
1667390 1377
1667400 1367
1667410 1367
1667420 1356
1667430 1324
1667440 1324
1667450 1301
1667460 1293
1667470 1293
1667480 1286
1667490 1278
1667500 1278
1667510 1270
1667520 1263
1667530 1263
1667540 1256
1667550 1249
1667560 1249
1667570 1242
1667580 1235
1667590 1235
1667600 1228
1667610 1221
1667620 1221
1667630 1215
1667640 1209
1667650 1209
1667660 1201
1667670 1194
1667680 1187
1667690 1187
1667700 1179
1667710 1168
1667720 1168
1667730 1154
1667740 1144
1667750 1144
1667760 1141
1667770 1138
1667780 1138
1667790 1134
1667800 1130
1667810 1130
1667820 1126
1667830 1123
1667840 1123
1667850 1123
1667860 1123
1667870 1123
1667880 1122
1667890 1122
1667900 1122
1667910 1125
1667920 1127
1667930 1127
1667940 1130
1667950 1130
1667960 1130
1667970 1131
1667980 1132
1667990 1131
1668000 1131
1668010 1128
1668020 1122
1668030 1122
1668040 1121
1668050 1118
1668060 1118
1668070 1111
1668080 1104
1668090 1104
1668100 1098
1668110 1093
1668120 1093
1668130 1088
1668140 1082
1668150 1082
1668160 1078
1668170 1076
1668180 1076
1668190 1074
1668200 1073
1668210 1073
1668220 1071
1668230 1067
1668240 1067
1668250 1062
1668260 1057
1668270 1057
1668280 1051
1668290 1045
1668300 1045
1668310 1039
1668320 1033
1668330 1029
1668340 1029
1668350 1024
1668360 1019
1668370 1019
1668380 1013
1668390 1007
1668400 1007
1668410 1003
1668420 996
1668430 996
1668440 991
1668450 986
1668460 986
1668470 981
1668480 975
1668490 975
1668500 968
1668510 963
1668520 963
1668530 958
1668540 953
1668550 953
1668560 948
1668570 943
1668580 943
1668590 938
1668600 933
1668610 933
1668620 928
1668630 923
1668640 923
1668650 917
1668660 912
1668670 907
1668680 907
1668690 903
1668700 898
1668710 898
1668720 892
1668730 888
1668740 888
1668750 886
1668760 882
1668770 882
1668780 878
1668790 874
1668800 874
1668810 871
1668820 867
1668830 867
1668840 863
1668850 860
1668860 860
1668870 856
1668880 851
1668890 851
1668900 846
1668910 843
1668920 843
1668930 842
1668940 842
1668950 842
1668960 842
1668970 843
1668980 843
1668990 843
1669000 843
1669010 843
1669020 843
1669030 843
1669040 844
1669050 844
1669060 844
1669070 845
1669080 845
1669090 845
1669100 847
1669110 847
1669120 851
1669130 851
1669140 851
1669150 854
1669160 857
1669170 857
1669180 860
1669190 863
1669200 863
1669210 865
1669220 866
1669230 866
1669240 867
1669250 874
1669260 874
1669270 874
1669280 877
1669290 877
1669300 879
1669310 881
1669320 881
1669330 888
1669340 892
1669350 894
1669360 894
1669370 893
1669380 900
1669390 900
1669400 904
1669410 907
1669420 907
1669430 911
1669440 917
1669450 917
1669460 923
1669470 927
1669480 927
1669490 934
1669500 940
1669510 940
1669520 944
1669530 949
1669540 949
1669550 955
1669560 962
1669570 962
1669580 968
1669590 973
1669600 973
1669610 977
1669620 980
1669630 980
1669640 983
1669650 987
1669660 990
1669670 990
1669680 994
1669690 998
1669700 998
1669710 1000
1669720 1006
1669730 1006
1669740 1009
1669750 1012
1669760 1012
1669770 1017
1669780 1020
1669790 1020
1669800 1024
1669810 1029
1669820 1029
1669830 1035
1669840 1040
1669850 1040
1669860 1045
1669870 1050
1669880 1050
1669890 1056
1669900 1062
1669910 1062
1669920 1067
1669930 1073
1669940 1073
1669950 1078
1669960 1083
1669970 1083
1669980 1088
1669990 1092
1670000 1095
1670010 1095
1670020 1099
1670030 1103
1670040 1103
1670050 1108
1670060 1114
1670070 1114
1670080 1119
1670090 1123
1670100 1123
1670110 1127
1670120 1131
1670130 1131
1670140 1135
1670150 1139
1670160 1139
1670170 1142
1670180 1145
1670190 1145
1670200 1148
1670210 1150
1670220 1150
1670230 1151
1670240 1151
1670250 1151
1670260 1149
1670270 1146
1670280 1146
1670290 1144
1670300 1142
1670310 1142
1670320 1140
1670330 1136
1670340 1131
1670350 1131
1670360 1128
1670370 1124
1670380 1124
1670390 1122
1670400 1119
1670410 1119
1670420 1117
1670430 1115
1670440 1115
1670450 1113
1670460 1112
1670470 1112
1670480 1111
1670490 1109
1670500 1109
1670510 1107
1670520 1104
1670530 1104
1670540 1103
1670550 1102
1670560 1102
1670570 1100
1670580 1094
1670590 1094
1670600 1092
1670610 1089
1670620 1089
1670630 1087
1670640 1085
1670650 1085
1670660 1087
1670670 1089
1670680 1092
1670690 1092
1670700 1098
1670710 1102
1670720 1102
1670730 1105
1670740 1108
1670750 1108
1670760 1110
1670770 1113
1670780 1113
1670790 1117
1670800 1122
1670810 1122
1670820 1127
1670830 1131
1670840 1131
1670850 1134
1670860 1137
1670870 1137
1670880 1140
1670890 1143
1670900 1143
1670910 1145
1670920 1147
1670930 1147
1670940 1152
1670950 1151
1670960 1151
1670970 1157
1670980 1161
1670990 1161
1671000 1164
1671010 1167
1671020 1169
1671030 1169
1671040 1172
1671050 1175
1671060 1175
1671070 1180
1671080 1183
1671090 1183
1671100 1188
1671110 1192
1671120 1192
1671130 1196
1671140 1201
1671150 1201
1671160 1206
1671170 1210
1671180 1210
1671190 1215
1671200 1221
1671210 1221
1671220 1226
1671230 1232
1671240 1232
1671250 1240
1671260 1240
1671270 1240
1671280 1247
1671290 1254
1671300 1254
1671310 1260
1671320 1266
1671330 1272
1671340 1272
1671350 1278
1671360 1284
1671370 1284
1671380 1289
1671390 1294
1671400 1294
1671410 1300
1671420 1305
1671430 1305
1671440 1310
1671450 1316
1671460 1316
1671470 1321
1671480 1327
1671490 1327
1671500 1332
1671510 1337
1671520 1337
1671530 1343
1671540 1348
1671550 1348
1671560 1353
1671570 1359
1671580 1359
1671590 1364
1671600 1369
1671610 1369
1671620 1375
1671630 1380
1671640 1380
1671650 1385
1671660 1389
1671670 1394
1671680 1394
1671690 1399
1671700 1405
1671710 1405
1671720 1409
1671730 1413
1671740 1413
1671750 1416
1671760 1420
1671770 1420
1671780 1422
1671790 1424
1671800 1424
1671810 1425
1671820 1425
1671830 1425
1671840 1423
1671850 1421
1671860 1421
1671870 1419
1671880 1414
1671890 1414
1671900 1408
1671910 1402
1671920 1402
1671930 1395
1671940 1389
1671950 1389
1671960 1383
1671970 1377
1671980 1377
1671990 1372
1672000 1368
1672010 1364
1672020 1364
1672030 1359
1672040 1354
1672050 1354
1672060 1350
1672070 1346
1672080 1346
1672090 1344
1672100 1341
1672110 1341
1672120 1338
1672130 1336
1672140 1336
1672150 1333
1672160 1330
1672170 1330
1672180 1326
1672190 1322
1672200 1322
1672210 1317
1672220 1312
1672230 1312
1672240 1307
1672250 1303
1672260 1303
1672270 1297
1672280 1292
1672290 1292
1672300 1288
1672310 1283
1672320 1283
1672330 1278
1672340 1273
1672350 1268
1672360 1268
1672370 1263
1672380 1259
1672390 1259
1672400 1254
1672410 1249
1672420 1249
1672430 1244
1672440 1240
1672450 1240
1672460 1235
1672470 1231
1672480 1231
1672490 1227
1672500 1223
1672510 1223
1672520 1220
1672530 1216
1672540 1216
1672550 1212
1672560 1208
1672570 1208
1672580 1205
1672590 1202
1672600 1202
1672610 1199
1672620 1194
1672630 1194
1672640 1191
1672650 1185
1672660 1185
1672670 1185
1672680 1179
1672690 1172
1672700 1172
1672710 1166
1672720 1160
1672730 1160
1672740 1152
1672750 1146
1672760 1146
1672770 1140
1672780 1134
1672790 1134
1672800 1128
1672810 1121
1672820 1121
1672830 1114
1672840 1109
1672850 1109
1672860 1102
1672870 1097
1672880 1097
1672890 1091
1672900 1085
1672910 1085
1672920 1080
1672930 1074
1672940 1074
1672950 1068
1672960 1062
1672970 1062
1672980 1056
1672990 1049
1673000 1043
1673010 1043
1673020 1036
1673030 1030
1673040 1030
1673050 1024
1673060 1019
1673070 1019
1673080 1014
1673090 1010
1673100 1010
1673110 1007
1673120 1000
1673130 1000
1673140 994
1673150 988
1673160 988
1673170 982
1673180 976
1673190 976
1673200 969
1673210 962
1673220 962
1673230 956
1673240 948
1673250 948
1673260 945
1673270 940
1673280 940
1673290 937
1673300 935
1673310 935
1673320 931
1673330 924
1673340 923
1673350 923
1673360 924
1673370 928
1673380 928
1673390 931
1673400 938
1673410 938
1673420 944
1673430 950
1673440 950
1673450 955
1673460 959
1673470 959
1673480 963
1673490 967
1673500 967
1673510 970
1673520 971
1673530 971
1673540 973
1673550 976
1673560 976
1673570 978
1673580 981
1673590 981
1673600 985
1673610 988
1673620 988
1673630 991
1673640 995
1673650 995
1673660 1000
1673670 1004
1673680 1009
1673690 1009
1673700 1015
1673710 1019
1673720 1019
1673730 1024
1673740 1029
1673750 1029
1673760 1034
1673770 1039
1673780 1039
1673790 1043
1673800 1048
1673810 1048
1673820 1052
1673830 1057
1673840 1057
1673850 1064
1673860 1073
1673870 1073
1673880 1077
1673890 1084
1673900 1084
1673910 1090
1673920 1096
1673930 1096
1673940 1099
1673950 1103
1673960 1103
1673970 1103
1673980 1106
1673990 1106
1674000 1110
1674010 1114
1674020 1117
1674030 1117
1674040 1123
1674050 1130
1674060 1130
1674070 1134
1674080 1136
1674090 1136
1674100 1138
1674110 1140
1674120 1140
1674130 1143
1674140 1146
1674150 1146
1674160 1148
1674170 1150
1674180 1150
1674190 1152
1674200 1155
1674210 1155
1674220 1157
1674230 1160
1674240 1160
1674250 1162
1674260 1163
1674270 1163
1674280 1164
1674290 1167
1674300 1167
1674310 1173
1674320 1180
1674330 1180
1674340 1183
1674350 1190
1674360 1196
1674370 1196
1674380 1201
1674390 1206
1674400 1206
1674410 1211
1674420 1216
1674430 1216
1674440 1222
1674450 1227
1674460 1227
1674470 1232
1674480 1237
1674490 1237
1674500 1241
1674510 1246
1674520 1246
1674530 1250
1674540 1255
1674550 1255
1674560 1259
1674570 1263
1674580 1263
1674590 1266
1674600 1269
1674610 1269
1674620 1273
1674630 1276
1674640 1276
1674650 1279
1674660 1283
1674670 1283
1674680 1283
1674690 1288
1674700 1291
1674710 1291
1674720 1294
1674730 1298
1674740 1298
1674750 1300
1674760 1305
1674770 1305
1674780 1308
1674790 1312
1674800 1312
1674810 1315
1674820 1319
1674830 1319
1674840 1323
1674850 1326
1674860 1326
1674870 1328
1674880 1331
1674890 1331
1674900 1334
1674910 1336
1674920 1336
1674930 1338
1674940 1340
1674950 1340
1674960 1345
1674970 1348
1674980 1348
1674990 1351
1675000 1355
1675010 1360
1675020 1360
1675030 1362
1675040 1365
1675050 1365
1675060 1367
1675070 1369
1675080 1369
1675090 1372
1675100 1375
1675110 1375
1675120 1377
1675130 1379
1675140 1379
1675150 1381
1675160 1383
1675170 1383
1675180 1388
1675190 1387
1675200 1387
1675210 1382
1675220 1377
1675230 1377
1675240 1371
1675250 1366
1675260 1366
1675270 1363
1675280 1358
1675290 1358
1675300 1352
1675310 1347
1675320 1347
1675330 1339
1675340 1333
1675350 1326
1675360 1326
1675370 1320
1675380 1313
1675390 1313
1675400 1306
1675410 1302
1675420 1302
1675430 1294
1675440 1288
1675450 1288
1675460 1282
1675470 1275
1675480 1275
1675490 1268
1675500 1263
1675510 1263
1675520 1257
1675530 1251
1675540 1251
1675550 1245
1675560 1238
1675570 1238
1675580 1232
1675590 1227
1675600 1227
1675610 1221
1675620 1215
1675630 1215
1675640 1210
1675650 1204
1675660 1204
1675670 1198
1675680 1192
1675690 1187
1675700 1187
1675710 1181
1675720 1176
1675730 1176
1675740 1171
1675750 1164
1675760 1164
1675770 1159
1675780 1152
1675790 1152
1675800 1148
1675810 1144
1675820 1144
1675830 1140
1675840 1135
1675850 1135
1675860 1131
1675870 1127
1675880 1127
1675890 1124
1675900 1120
1675910 1120
1675920 1118
1675930 1115
1675940 1115
1675950 1113
1675960 1109
1675970 1109
1675980 1103
1675990 1097
1676000 1097
1676010 1090
1676020 1083
1676030 1075
1676040 1075
1676050 1068
1676060 1064
1676070 1064
1676080 1064
1676090 1065
1676100 1065
1676110 1063
1676120 1062
1676130 1062
1676140 1059
1676150 1056
1676160 1056
1676170 1053
1676180 1051
1676190 1051
1676200 1050
1676210 1050
1676220 1050
1676230 1048
1676240 1046
1676250 1046
1676260 1043
1676270 1040
1676280 1040
1676290 1038
1676300 1037
1676310 1037
1676320 1033
1676330 1030
1676340 1032
1676350 1032
1676360 1030
1676370 1027
1676380 1027
1676390 1029
1676400 1030
1676410 1030
1676420 1029
1676430 1024
1676440 1024
1676450 1021
1676460 1019
1676470 1019
1676480 1018
1676490 1016
1676500 1016
1676510 1013
1676520 1011
1676530 1011
1676540 1011
1676550 1010
1676560 1010
1676570 1011
1676580 1010
1676590 1010
1676600 1010
1676610 1010
1676620 1010
1676630 1011
1676640 1012
1676650 1012
1676660 1015
1676670 1015
1676680 1018
1676690 1018
1676700 1020
1676710 1022
1676720 1022
1676730 1023
1676740 1025
1676750 1025
1676760 1026
1676770 1027
1676780 1027
1676790 1027
1676800 1026
1676810 1026
1676820 1024
1676830 1022
1676840 1022
1676850 1021
1676860 1020
1676870 1020
1676880 1018
1676890 1016
1676900 1016
1676910 1015
1676920 1014
1676930 1014
1676940 1013
1676950 1012
1676960 1012
1676970 1012
1676980 1012
1676990 1012
1677000 1011
1677010 1009
1677020 1008
1677030 1008
1677040 1005
1677050 1005
1677060 1005
1677070 1005
1677080 1005
1677090 1005
1677100 1005
1677110 1004
1677120 1004
1677130 1003
1677140 1002
1677150 1002
1677160 1001
1677170 999
1677180 999
1677190 998
1677200 996
1677210 996
1677220 994
1677230 993
1677240 993
1677250 991
1677260 989
1677270 989
1677280 988
1677290 986
1677300 986
1677310 985
1677320 983
1677330 983
1677340 983
1677350 985
1677360 987
1677370 987
1677380 990
1677390 992
1677400 992
1677410 992
1677420 991
1677430 991
1677440 989
1677450 987
1677460 987
1677470 983
1677480 979
1677490 979
1677500 976
1677510 971
1677520 971
1677530 968
1677540 965
1677550 965
1677560 961
1677570 959
1677580 959
1677590 957
1677600 955
1677610 955
1677620 953
1677630 952
1677640 952
1677650 951
1677660 950
1677670 950
1677680 947
1677690 945
1677700 942
1677710 942
1677720 939
1677730 935
1677740 935
1677750 932
1677760 930
1677770 930
1677780 931
1677790 931
1677800 931
1677810 934
1677820 935
1677830 935
1677840 935
1677850 936
1677860 936
1677870 935
1677880 934
1677890 934
1677900 931
1677910 927
1677920 927
1677930 921
1677940 916
1677950 916
1677960 912
1677970 908
1677980 908
1677990 904
1678000 900
1678010 900
1678020 896
1678030 892
1678040 887
1678050 887
1678060 882
1678070 877
1678080 877
1678090 875
1678100 870
1678110 870
1678120 865
1678130 862
1678140 862
1678150 860
1678160 857
1678170 857
1678180 855
1678190 852
1678200 852
1678210 851
1678220 849
1678230 849
1678240 848
1678250 846
1678260 846
1678270 844
1678280 843
1678290 843
1678300 840
1678310 838
1678320 838
1678330 836
1678340 834
1678350 832
1678360 832
1678370 830
1678380 828
1678390 828
1678400 827
1678410 825
1678420 825
1678430 824
1678440 822
1678450 822
1678460 820
1678470 818
1678480 818
1678490 816
1678500 814
1678510 814
1678520 812
1678530 811
1678540 811
1678550 810
1678560 808
1678570 808
1678580 806
1678590 804
1678600 804
1678610 801
1678620 800
1678630 800
1678640 800
1678650 797
1678660 797
1678670 793
1678680 790
1678690 788
1678700 788
1678710 785
1678720 780
1678730 780
1678740 777
1678750 775
1678760 775
1678770 773
1678780 770
1678790 770
1678800 768
1678810 766
1678820 766
1678830 763
1678840 761
1678850 761
1678860 759
1678870 757
1678880 757
1678890 755
1678900 753
1678910 753
1678920 750
1678930 749
1678940 749
1678950 749
1678960 748
1678970 748
1678980 747
1678990 747
1679000 747
1679010 746
1679020 745
1679030 744
1679040 744
1679050 743
1679060 742
1679070 742
1679080 741
1679090 740
1679100 740
1679110 739
1679120 738
1679130 738
1679140 738
1679150 737
1679160 737
1679170 736
1679180 736
1679190 736
1679200 735
1679210 735
1679220 735
1679230 734
1679240 733
1679250 733
1679260 733
1679270 736
1679280 736
1679290 738
1679300 740
1679310 740
1679320 741
1679330 743
1679340 743
1679350 745
1679360 747
1679370 752
1679380 752
1679390 754
1679400 758
1679410 758
1679420 762
1679430 765
1679440 765
1679450 767
1679460 768
1679470 768
1679480 769
1679490 769
1679500 769
1679510 770
1679520 771
1679530 771
1679540 771
1679550 772
1679560 772
1679570 773
1679580 774
1679590 774
1679600 776
1679610 777
1679620 777
1679630 779
1679640 781
1679650 781
1679660 784
1679670 786
1679680 786
1679690 788
1679700 791
1679710 793
1679720 793
1679730 795
1679740 797
1679750 797
1679760 798
1679770 800
1679780 800
1679790 802
1679800 803
1679810 803
1679820 806
1679830 808
1679840 808
1679850 809
1679860 811
1679870 811
1679880 813
1679890 815
1679900 815
1679910 818
1679920 819
1679930 819
1679940 822
1679950 824
1679960 824
1679970 825
1679980 827
1679990 827
