1660000 1675
1660010 1671
1660020 1671
1660030 1666
1660040 1660
1660050 1660
1660060 1656
1660070 1655
1660080 1655
1660090 1657
1660100 1659
1660110 1659
1660120 1663
1660130 1669
1660140 1669
1660150 1672
1660160 1673
1660170 1673
1660180 1681
1660190 1688
1660200 1688
1660210 1692
1660220 1694
1660230 1694
1660240 1696
1660250 1700
1660260 1705
1660270 1705
1660280 1714
1660290 1719
1660300 1719
1660310 1724
1660320 1733
1660330 1733
1660340 1742
1660350 1753
1660360 1753
1660370 1760
1660380 1765
1660390 1765
1660400 1774
1660410 1781
1660420 1781
1660430 1785
1660440 1785
1660450 1785
1660460 1790
1660470 1795
1660480 1795
1660490 1798
1660500 1800
1660510 1800
1660520 1801
1660530 1802
1660540 1802
1660550 1802
1660560 1800
1660570 1800
1660580 1807
1660590 1814
1660600 1820
1660610 1820
1660620 1827
1660630 1832
1660640 1832
1660650 1832
1660660 1841
1660670 1841
1660680 1837
1660690 1846
1660700 1846
1660710 1853
1660720 1855
1660730 1855
1660740 1853
1660750 1856
1660760 1856
1660770 1862
1660780 1868
1660790 1868
1660800 1875
1660810 1882
1660820 1882
1660830 1888
1660840 1895
1660850 1895
1660860 1898
1660870 1900
1660880 1900
1660890 1905
1660900 1912
1660910 1912
1660920 1921
1660930 1929
1660940 1932
1660950 1932
1660960 1930
1660970 1930
1660980 1930
1660990 1933
1661000 1939
1661010 1939
1661020 1944
1661030 1947
1661040 1947
1661050 1950
1661060 1954
1661070 1954
1661080 1962
1661090 1971
1661100 1971
1661110 1975
1661120 1975
1661130 1975
1661140 1980
1661150 1982
1661160 1982
1661170 1985
1661180 1990
1661190 1990
1661200 1998
1661210 2002
1661220 2002
1661230 2006
1661240 2013
1661250 2013
1661260 2023
1661270 2024
1661280 2027
1661290 2027
1661300 2029
1661310 2034
1661320 2034
1661330 2039
1661340 2044
1661350 2044
1661360 2051
1661370 2057
1661380 2057
1661390 2063
1661400 2070
1661410 2070
1661420 2078
1661430 2086
1661440 2086
1661450 2095
1661460 2108
1661470 2108
1661480 2126
1661490 2125
1661500 2125
1661510 2127
1661520 2125
1661530 2125
1661540 2124
1661550 2126
1661560 2126
1661570 2128
1661580 2129
1661590 2129
1661600 2130
1661610 2131
1661620 2133
1661630 2133
1661640 2135
1661650 2135
1661660 2135
1661670 2137
1661680 2137
1661690 2137
1661700 2137
1661710 2137
1661720 2137
1661730 2137
1661740 2137
1661750 2137
1661760 2137
1661770 2135
1661780 2135
1661790 2133
1661800 2131
1661810 2131
1661820 2128
1661830 2123
1661840 2123
1661850 2118
1661860 2119
1661870 2119
1661880 2118
1661890 2116
1661900 2116
1661910 2114
1661920 2113
1661930 2110
1661940 2110
1661950 2109
1661960 2106
1661970 2106
1661980 2105
1661990 2103
1662000 2103
1662010 2099
1662020 2095
1662030 2095
1662040 2083
1662050 2079
1662060 2079
1662070 2070
1662080 2060
1662090 2060
1662100 2055
1662110 2049
1662120 2049
1662130 2039
1662140 2031
1662150 2031
1662160 2020
1662170 2006
1662180 2006
1662190 1993
1662200 1982
1662210 1982
1662220 1974
1662230 1967
1662240 1967
1662250 1960
1662260 1951
1662270 1942
1662280 1942
1662290 1934
1662300 1923
1662310 1923
1662320 1911
1662330 1897
1662340 1897
1662350 1890
1662360 1886
1662370 1886
1662380 1883
1662390 1877
1662400 1877
1662410 1873
1662420 1876
1662430 1876
1662440 1872
1662450 1878
1662460 1878
1662470 1880
1662480 1862
1662490 1862
1662500 1849
1662510 1831
1662520 1831
1662530 1817
1662540 1821
1662550 1821
1662560 1831
1662570 1848
1662580 1848
1662590 1875
1662600 1802
1662610 1792
1662620 1792
1662630 1797
1662640 1805
1662650 1805
1662660 1792
1662670 1785
1662680 1785
1662690 1777
1662700 1769
1662710 1769
1662720 1776
1662730 1784
1662740 1784
1662750 1773
1662760 1760
1662770 1760
1662780 1749
1662790 1741
1662800 1741
1662810 1728
1662820 1721
1662830 1721
1662840 1706
1662850 1695
1662860 1695
1662870 1685
1662880 1680
1662890 1680
1662900 1679
1662910 1656
1662920 1656
1662930 1628
1662940 1625
1662950 1621
1662960 1621
1662970 1618
1662980 1616
1662990 1616
1663000 1613
1663010 1610
1663020 1610
1663030 1606
1663040 1603
1663050 1603
1663060 1599
1663070 1596
1663080 1596
1663090 1593
1663100 1591
1663110 1591
1663120 1590
1663130 1588
1663140 1588
1663150 1585
1663160 1581
1663170 1581
1663180 1580
1663190 1577
1663200 1577
1663210 1575
1663220 1573
1663230 1573
1663240 1570
1663250 1566
1663260 1566
1663270 1563
1663280 1561
1663290 1559
1663300 1559
1663310 1555
1663320 1552
1663330 1552
1663340 1550
1663350 1548
1663360 1548
1663370 1546
1663380 1548
1663390 1548
1663400 1553
1663410 1556
1663420 1556
1663430 1558
1663440 1557
1663450 1557
1663460 1559
1663470 1557
1663480 1557
1663490 1552
1663500 1554
1663510 1554
1663520 1558
1663530 1561
1663540 1561
1663550 1564
1663560 1566
1663570 1566
1663580 1569
1663590 1571
1663600 1571
1663610 1573
1663620 1575
1663630 1577
1663640 1577
1663650 1583
1663660 1590
1663670 1590
1663680 1596
1663690 1603
1663700 1603
1663710 1609
1663720 1617
1663730 1617
1663740 1625
1663750 1632
1663760 1632
1663770 1640
1663780 1647
1663790 1647
1663800 1657
1663810 1666
1663820 1666
1663830 1678
1663840 1688
1663850 1688
1663860 1695
1663870 1701
1663880 1701
1663890 1708
1663900 1713
1663910 1713
1663920 1719
1663930 1725
1663940 1725
1663950 1731
1663960 1736
1663970 1742
1663980 1742
1663990 1746
1664000 1752
1664010 1752
1664020 1758
1664030 1763
1664040 1763
1664050 1769
1664060 1774
1664070 1774
1664080 1778
1664090 1779
1664100 1779
1664110 1779
1664120 1772
1664130 1772
1664140 1763
1664150 1762
1664160 1762
1664170 1760
1664180 1761
1664190 1761
1664200 1760
1664210 1757
1664220 1757
1664230 1756
1664240 1755
1664250 1755
1664260 1757
1664270 1758
1664280 1760
1664290 1760
1664300 1761
1664310 1763
1664320 1763
1664330 1766
1664340 1769
1664350 1769
1664360 1773
1664370 1778
1664380 1778
1664390 1784
1664400 1790
1664410 1790
1664420 1794
1664430 1795
1664440 1795
1664450 1797
1664460 1798
1664470 1798
1664480 1800
1664490 1798
1664500 1798
1664510 1797
1664520 1801
1664530 1801
1664540 1807
1664550 1809
1664560 1809
1664570 1811
1664580 1819
1664590 1819
1664600 1822
1664610 1824
1664620 1828
1664630 1828
1664640 1832
1664650 1838
1664660 1838
1664670 1844
1664680 1849
1664690 1849
1664700 1855
1664710 1862
1664720 1862
1664730 1870
1664740 1876
1664750 1876
1664760 1876
1664770 1880
1664780 1880
1664790 1886
1664800 1892
1664810 1892
1664820 1897
1664830 1895
1664840 1895
1664850 1894
1664860 1892
1664870 1892
1664880 1890
1664890 1888
1664900 1888
1664910 1886
1664920 1885
1664930 1885
1664940 1883
1664950 1882
1664960 1881
1664970 1881
1664980 1880
1664990 1880
1665000 1880
1665010 1880
1665020 1880
1665030 1880
1665040 1879
1665050 1879
1665060 1879
1665070 1880
1665080 1881
1665090 1881
1665100 1883
1665110 1886
1665120 1886
1665130 1888
1665140 1891
1665150 1891
1665160 1893
1665170 1895
1665180 1895
1665190 1897
1665200 1897
1665210 1897
1665220 1898
1665230 1893
1665240 1893
1665250 1882
1665260 1873
1665270 1873
1665280 1863
1665290 1854
1665300 1845
1665310 1845
1665320 1837
1665330 1830
1665340 1830
1665350 1820
1665360 1808
1665370 1808
1665380 1796
1665390 1788
1665400 1788
1665410 1781
1665420 1774
1665430 1774
1665440 1767
1665450 1760
1665460 1760
1665470 1753
1665480 1746
1665490 1746
1665500 1739
1665510 1732
1665520 1732
1665530 1725
1665540 1718
1665550 1718
1665560 1711
1665570 1707
1665580 1707
1665590 1701
1665600 1695
1665610 1695
1665620 1689
1665630 1686
1665640 1682
1665650 1682
1665660 1679
1665670 1678
1665680 1678
1665690 1678
1665700 1677
1665710 1677
1665720 1677
1665730 1678
1665740 1678
1665750 1680
1665760 1682
1665770 1682
1665780 1685
1665790 1690
1665800 1690
1665810 1697
1665820 1702
1665830 1702
1665840 1703
1665850 1702
1665860 1702
1665870 1698
1665880 1700
1665890 1700
1665900 1703
1665910 1716
1665920 1716
1665930 1732
1665940 1714
1665950 1714
1665960 1692
1665970 1682
1665980 1678
1665990 1678
1666000 1677
1666010 1679
1666020 1679
1666030 1644
1666040 1612
1666050 1612
1666060 1606
1666070 1600
1666080 1600
1666090 1596
1666100 1593
1666110 1593
1666120 1594
1666130 1586
1666140 1586
1666150 1582
1666160 1580
1666170 1580
1666180 1579
1666190 1582
1666200 1582
1666210 1580
1666220 1580
1666230 1580
1666240 1584
1666250 1581
1666260 1581
1666270 1572
1666280 1562
1666290 1562
1666300 1549
1666310 1539
1666320 1531
1666330 1531
1666340 1522
1666350 1515
1666360 1515
1666370 1509
1666380 1501
1666390 1501
1666400 1494
1666410 1487
1666420 1487
1666430 1479
1666440 1472
1666450 1472
1666460 1468
1666470 1459
1666480 1459
1666490 1451
1666500 1443
1666510 1443
1666520 1436
1666530 1430
1666540 1430
1666550 1424
1666560 1416
1666570 1416
1666580 1410
1666590 1404
1666600 1404
1666610 1398
1666620 1392
1666630 1392
1666640 1386
1666650 1381
1666660 1375
1666670 1375
1666680 1370
1666690 1364
1666700 1364
1666710 1359
1666720 1353
1666730 1353
1666740 1346
1666750 1341
1666760 1341
1666770 1335
1666780 1328
1666790 1328
1666800 1324
1666810 1315
1666820 1315
1666830 1309
1666840 1304
1666850 1304
1666860 1299
1666870 1294
1666880 1294
1666890 1289
1666900 1282
1666910 1282
1666920 1278
1666930 1274
1666940 1274
1666950 1270
1666960 1265
1666970 1262
1666980 1262
1666990 1262
1667000 1258
1667010 1258
1667020 1254
1667030 1252
1667040 1252
1667050 1249
1667060 1246
1667070 1246
1667080 1242
1667090 1237
1667100 1237
1667110 1233
1667120 1229
1667130 1229
1667140 1224
1667150 1219
1667160 1219
1667170 1214
1667180 1211
1667190 1211
1667200 1209
1667210 1206
1667220 1206
1667230 1203
1667240 1202
1667250 1202
1667260 1199
1667270 1196
1667280 1196
1667290 1192
1667300 1189
1667310 1185
1667320 1185
1667330 1180
1667340 1175
1667350 1175
1667360 1170
1667370 1166
1667380 1166
1667390 1162
1667400 1159
1667410 1159
1667420 1152
1667430 1147
1667440 1147
1667450 1141
1667460 1135
1667470 1135
1667480 1128
1667490 1123
1667500 1123
1667510 1118
1667520 1111
1667530 1111
1667540 1107
1667550 1106
1667560 1106
1667570 1105
1667580 1101
1667590 1101
1667600 1094
1667610 1083
1667620 1083
1667630 1079
1667640 1069
1667650 1060
1667660 1060
1667670 1052
1667680 1044
1667690 1044
1667700 1036
1667710 1028
1667720 1028
1667730 1023
1667740 1026
1667750 1026
1667760 1028
1667770 1026
1667780 1026
1667790 1023
1667800 1021
1667810 1021
1667820 1021
1667830 1023
1667840 1023
1667850 1026
1667860 1030
1667870 1030
1667880 1033
1667890 1038
1667900 1038
1667910 1041
1667920 1041
1667930 1041
1667940 1039
1667950 1036
1667960 1036
1667970 1034
1667980 1031
1667990 1030
1668000 1030
1668010 1028
1668020 1026
1668030 1026
1668040 1023
1668050 1020
1668060 1020
1668070 1016
1668080 1011
1668090 1011
1668100 1006
1668110 1002
1668120 1002
1668130 998
1668140 993
1668150 993
1668160 987
1668170 981
1668180 981
1668190 976
1668200 970
1668210 970
1668220 966
1668230 961
1668240 961
1668250 956
1668260 951
1668270 951
1668280 947
1668290 941
1668300 941
1668310 935
1668320 929
1668330 924
1668340 924
1668350 919
1668360 915
1668370 915
1668380 911
1668390 907
1668400 907
1668410 903
1668420 899
1668430 899
1668440 896
1668450 893
1668460 893
1668470 890
1668480 887
1668490 887
1668500 884
1668510 882
1668520 882
1668530 881
1668540 881
1668550 881
1668560 880
1668570 879
1668580 879
1668590 878
1668600 875
1668610 875
1668620 874
1668630 874
1668640 874
1668650 873
1668660 873
1668670 871
1668680 871
1668690 869
1668700 866
1668710 866
1668720 865
1668730 865
1668740 865
1668750 864
1668760 869
1668770 869
1668780 874
1668790 875
1668800 875
1668810 877
1668820 878
1668830 878
1668840 879
1668850 879
1668860 879
1668870 880
1668880 881
1668890 881
1668900 883
1668910 888
1668920 888
1668930 892
1668940 897
1668950 897
1668960 902
1668970 906
1668980 906
1668990 910
1669000 911
1669010 911
1669020 911
1669030 915
1669040 921
1669050 921
1669060 925
1669070 927
1669080 927
1669090 929
1669100 931
1669110 931
1669120 932
1669130 934
1669140 934
1669150 935
1669160 936
1669170 936
1669180 937
1669190 938
1669200 938
1669210 939
1669220 941
1669230 941
1669240 943
1669250 945
1669260 945
1669270 946
1669280 947
1669290 947
1669300 952
1669310 955
1669320 958
1669330 958
1669340 963
1669350 963
1669360 963
1669370 964
1669380 963
1669390 963
1669400 958
1669410 956
1669420 956
1669430 953
1669440 950
1669450 950
1669460 950
1669470 949
1669480 949
1669490 951
1669500 953
1669510 953
1669520 957
1669530 960
1669540 960
1669550 963
1669560 965
1669570 965
1669580 968
1669590 971
1669600 971
1669610 969
1669620 971
1669630 971
1669640 974
1669650 978
1669660 980
1669670 980
1669680 982
1669690 983
1669700 983
1669710 985
1669720 985
1669730 985
1669740 988
1669750 988
1669760 988
1669770 988
1669780 989
1669790 989
1669800 993
1669810 997
1669820 997
1669830 1001
1669840 1004
1669850 1004
1669860 1006
1669870 1009
1669880 1009
1669890 1012
1669900 1015
1669910 1015
1669920 1017
1669930 1019
1669940 1019
1669950 1021
1669960 1024
1669970 1024
1669980 1026
1669990 1027
1670000 1030
1670010 1030
1670020 1031
1670030 1032
1670040 1032
1670050 1034
1670060 1037
1670070 1037
1670080 1040
1670090 1043
1670100 1043
1670110 1046
1670120 1049
1670130 1049
1670140 1051
1670150 1054
1670160 1054
1670170 1057
1670180 1058
1670190 1058
1670200 1061
1670210 1064
1670220 1064
1670230 1068
1670240 1074
1670250 1074
1670260 1079
1670270 1084
1670280 1084
1670290 1091
1670300 1097
1670310 1097
1670320 1104
1670330 1111
1670340 1118
1670350 1118
1670360 1121
1670370 1124
1670380 1124
1670390 1129
1670400 1134
1670410 1134
1670420 1136
1670430 1137
1670440 1137
1670450 1138
1670460 1143
1670470 1143
1670480 1147
1670490 1151
1670500 1151
1670510 1156
1670520 1161
1670530 1161
1670540 1166
1670550 1171
1670560 1171
1670570 1176
1670580 1182
1670590 1182
1670600 1188
1670610 1191
1670620 1191
1670630 1196
1670640 1201
1670650 1201
1670660 1206
1670670 1210
1670680 1216
1670690 1216
1670700 1220
1670710 1224
1670720 1224
1670730 1229
1670740 1233
1670750 1233
1670760 1238
1670770 1242
1670780 1242
1670790 1246
1670800 1250
1670810 1250
1670820 1255
1670830 1259
1670840 1259
1670850 1261
1670860 1265
1670870 1265
1670880 1266
1670890 1270
1670900 1270
1670910 1273
1670920 1275
1670930 1275
1670940 1278
1670950 1281
1670960 1281
1670970 1283
1670980 1286
1670990 1286
1671000 1289
1671010 1292
1671020 1295
1671030 1295
1671040 1299
1671050 1302
1671060 1302
1671070 1306
1671080 1309
1671090 1309
1671100 1312
1671110 1314
1671120 1314
1671130 1317
1671140 1321
1671150 1321
1671160 1323
1671170 1325
1671180 1325
1671190 1326
1671200 1330
1671210 1330
1671220 1336
1671230 1340
1671240 1340
1671250 1343
1671260 1348
1671270 1348
1671280 1353
1671290 1356
1671300 1356
1671310 1360
1671320 1364
1671330 1364
1671340 1368
1671350 1372
1671360 1376
1671370 1376
1671380 1379
1671390 1384
1671400 1384
1671410 1388
1671420 1393
1671430 1393
1671440 1396
1671450 1400
1671460 1400
1671470 1404
1671480 1408
1671490 1408
1671500 1412
1671510 1416
1671520 1416
1671530 1421
1671540 1425
1671550 1425
1671560 1429
1671570 1433
1671580 1433
1671590 1436
1671600 1439
1671610 1439
1671620 1441
1671630 1443
1671640 1443
1671650 1444
1671660 1444
1671670 1444
1671680 1444
1671690 1444
1671700 1442
1671710 1442
1671720 1440
1671730 1439
1671740 1439
1671750 1436
1671760 1433
1671770 1433
1671780 1428
1671790 1422
1671800 1422
1671810 1416
1671820 1410
1671830 1410
1671840 1409
1671850 1404
1671860 1404
1671870 1400
1671880 1396
1671890 1396
1671900 1392
1671910 1388
1671920 1388
1671930 1385
1671940 1382
1671950 1382
1671960 1379
1671970 1375
1671980 1375
1671990 1371
1672000 1367
1672010 1363
1672020 1363
1672030 1359
1672040 1354
1672050 1354
1672060 1349
1672070 1345
1672080 1345
1672090 1341
1672100 1337
1672110 1337
1672120 1334
1672130 1330
1672140 1330
1672150 1327
1672160 1324
1672170 1324
1672180 1322
1672190 1320
1672200 1320
1672210 1317
1672220 1314
1672230 1314
1672240 1311
1672250 1309
1672260 1309
1672270 1307
1672280 1306
1672290 1306
1672300 1304
1672310 1303
1672320 1303
1672330 1301
1672340 1300
1672350 1299
1672360 1299
1672370 1297
1672380 1295
1672390 1295
1672400 1293
1672410 1291
1672420 1291
1672430 1289
1672440 1286
1672450 1286
1672460 1284
1672470 1282
1672480 1282
1672490 1279
1672500 1277
1672510 1277
1672520 1275
1672530 1273
1672540 1273
1672550 1271
1672560 1269
1672570 1269
1672580 1266
1672590 1263
1672600 1263
1672610 1260
1672620 1254
1672630 1254
1672640 1253
1672650 1247
1672660 1247
1672670 1241
1672680 1236
1672690 1230
1672700 1230
1672710 1224
1672720 1217
1672730 1217
1672740 1210
1672750 1203
1672760 1203
1672770 1197
1672780 1191
1672790 1191
1672800 1184
1672810 1177
1672820 1177
1672830 1171
1672840 1164
1672850 1164
1672860 1158
1672870 1151
1672880 1151
1672890 1145
1672900 1137
1672910 1137
1672920 1135
1672930 1127
1672940 1127
1672950 1120
1672960 1114
1672970 1114
1672980 1108
1672990 1103
1673000 1103
1673010 1097
1673020 1092
1673030 1087
1673040 1087
1673050 1082
1673060 1077
1673070 1077
1673080 1072
1673090 1065
1673100 1065
1673110 1058
1673120 1053
1673130 1053
1673140 1047
1673150 1042
1673160 1042
1673170 1036
1673180 1031
1673190 1031
1673200 1027
1673210 1021
1673220 1021
1673230 1015
1673240 1013
1673250 1013
1673260 1008
1673270 1002
1673280 1002
1673290 996
1673300 990
1673310 990
1673320 983
1673330 982
1673340 982
1673350 974
1673360 969
1673370 965
1673380 965
1673390 961
1673400 958
1673410 958
1673420 954
1673430 949
1673440 949
1673450 952
1673460 958
1673470 958
1673480 960
1673490 960
1673500 960
1673510 960
1673520 961
1673530 961
1673540 965
1673550 968
1673560 968
1673570 974
1673580 980
1673590 980
1673600 986
1673610 993
1673620 993
1673630 1000
1673640 1008
1673650 1008
1673660 1015
1673670 1021
1673680 1021
1673690 1027
1673700 1032
1673710 1037
1673720 1037
1673730 1041
1673740 1046
1673750 1046
1673760 1048
1673770 1048
1673780 1048
1673790 1047
1673800 1046
1673810 1046
1673820 1046
1673830 1046
1673840 1046
1673850 1045
1673860 1045
1673870 1045
1673880 1047
1673890 1050
1673900 1050
1673910 1052
1673920 1053
1673930 1053
1673940 1054
1673950 1056
1673960 1056
1673970 1063
1673980 1069
1673990 1069
1674000 1075
1674010 1080
1674020 1080
1674030 1085
1674040 1091
1674050 1095
1674060 1095
1674070 1100
1674080 1106
1674090 1106
1674100 1109
1674110 1113
1674120 1113
1674130 1116
1674140 1120
1674150 1120
1674160 1123
1674170 1126
1674180 1126
1674190 1129
1674200 1131
1674210 1131
1674220 1133
1674230 1135
1674240 1135
1674250 1136
1674260 1136
1674270 1136
1674280 1138
1674290 1140
1674300 1140
1674310 1142
1674320 1144
1674330 1144
1674340 1147
1674350 1148
1674360 1150
1674370 1150
1674380 1151
1674390 1153
1674400 1153
1674410 1155
1674420 1155
1674430 1155
1674440 1155
1674450 1157
1674460 1157
1674470 1161
1674480 1165
1674490 1165
1674500 1169
1674510 1175
1674520 1175
1674530 1180
1674540 1184
1674550 1184
1674560 1188
1674570 1192
1674580 1192
1674590 1194
1674600 1197
1674610 1197
1674620 1201
1674630 1204
1674640 1204
1674650 1208
1674660 1212
1674670 1212
1674680 1215
1674690 1219
1674700 1223
1674710 1223
1674720 1227
1674730 1233
1674740 1233
1674750 1239
1674760 1245
1674770 1245
1674780 1250
1674790 1257
1674800 1257
1674810 1265
1674820 1266
1674830 1266
1674840 1270
1674850 1277
1674860 1277
1674870 1282
1674880 1288
1674890 1288
1674900 1293
1674910 1299
1674920 1299
1674930 1305
1674940 1312
1674950 1312
1674960 1316
1674970 1322
1674980 1322
1674990 1327
1675000 1332
1675010 1332
1675020 1337
1675030 1341
1675040 1344
1675050 1344
1675060 1345
1675070 1345
1675080 1345
1675090 1349
1675100 1354
1675110 1354
1675120 1356
1675130 1358
1675140 1358
1675150 1361
1675160 1363
1675170 1363
1675180 1363
1675190 1364
1675200 1364
1675210 1365
1675220 1364
1675230 1364
1675240 1361
1675250 1357
1675260 1357
1675270 1354
1675280 1349
1675290 1349
1675300 1345
1675310 1340
1675320 1340
1675330 1335
1675340 1329
1675350 1329
1675360 1322
1675370 1318
1675380 1312
1675390 1312
1675400 1307
1675410 1301
1675420 1301
1675430 1295
1675440 1290
1675450 1290
1675460 1284
1675470 1280
1675480 1280
1675490 1276
1675500 1272
1675510 1272
1675520 1269
1675530 1264
1675540 1264
1675550 1259
1675560 1255
1675570 1255
1675580 1250
1675590 1243
1675600 1243
1675610 1239
1675620 1234
1675630 1234
1675640 1229
1675650 1223
1675660 1223
1675670 1218
1675680 1212
1675690 1212
1675700 1206
1675710 1203
1675720 1199
1675730 1199
1675740 1194
1675750 1189
1675760 1189
1675770 1186
1675780 1181
1675790 1181
1675800 1177
1675810 1173
1675820 1173
1675830 1169
1675840 1164
1675850 1164
1675860 1158
1675870 1155
1675880 1155
1675890 1151
1675900 1146
1675910 1146
1675920 1140
1675930 1135
1675940 1135
1675950 1138
1675960 1138
1675970 1138
1675980 1137
1675990 1136
1676000 1136
1676010 1135
1676020 1132
1676030 1132
1676040 1129
1676050 1126
1676060 1126
1676070 1126
1676080 1125
1676090 1125
1676100 1125
1676110 1125
1676120 1126
1676130 1126
1676140 1127
1676150 1126
1676160 1126
1676170 1123
1676180 1121
1676190 1121
1676200 1120
1676210 1116
1676220 1116
1676230 1113
1676240 1110
1676250 1110
1676260 1106
1676270 1102
1676280 1102
1676290 1100
1676300 1095
1676310 1095
1676320 1090
1676330 1084
1676340 1084
1676350 1079
1676360 1074
1676370 1074
1676380 1071
1676390 1068
1676400 1064
1676410 1064
1676420 1061
1676430 1058
1676440 1058
1676450 1054
1676460 1052
1676470 1052
1676480 1050
1676490 1048
1676500 1048
1676510 1045
1676520 1042
1676530 1042
1676540 1039
1676550 1035
1676560 1035
1676570 1032
1676580 1029
1676590 1029
1676600 1026
1676610 1023
1676620 1023
1676630 1020
1676640 1017
1676650 1017
1676660 1013
1676670 1011
1676680 1011
1676690 1007
1676700 1004
1676710 1004
1676720 1001
1676730 998
1676740 993
1676750 993
1676760 988
1676770 983
1676780 983
1676790 980
1676800 979
1676810 979
1676820 976
1676830 974
1676840 974
1676850 971
1676860 968
1676870 968
1676880 965
1676890 966
1676900 966
1676910 967
1676920 967
1676930 967
1676940 965
1676950 964
1676960 964
1676970 963
1676980 963
1676990 963
1677000 964
1677010 963
1677020 963
1677030 964
1677040 965
1677050 966
1677060 966
1677070 968
1677080 969
1677090 969
1677100 970
1677110 970
1677120 970
1677130 970
1677140 969
1677150 969
1677160 967
1677170 964
1677180 964
1677190 962
1677200 960
1677210 960
1677220 958
1677230 955
1677240 955
1677250 952
1677260 949
1677270 949
1677280 946
1677290 945
1677300 945
1677310 943
1677320 941
1677330 941
1677340 940
1677350 939
1677360 939
1677370 940
1677380 940
1677390 942
1677400 942
1677410 944
1677420 946
1677430 946
1677440 947
1677450 949
1677460 949
1677470 952
1677480 954
1677490 954
1677500 956
1677510 957
1677520 957
1677530 957
1677540 954
1677550 954
1677560 949
1677570 943
1677580 943
1677590 937
1677600 931
1677610 931
1677620 925
1677630 921
1677640 921
1677650 916
1677660 913
1677670 913
1677680 909
1677690 905
1677700 905
1677710 900
1677720 895
1677730 891
1677740 891
1677750 886
1677760 881
1677770 881
1677780 876
1677790 871
1677800 871
1677810 867
1677820 865
1677830 865
1677840 862
1677850 859
1677860 859
1677870 857
1677880 856
1677890 856
1677900 854
1677910 852
1677920 852
1677930 850
1677940 848
1677950 848
1677960 847
1677970 845
1677980 845
1677990 843
1678000 841
1678010 841
1678020 839
1678030 838
1678040 838
1678050 837
1678060 835
1678070 833
1678080 833
1678090 831
1678100 829
1678110 829
1678120 827
1678130 824
1678140 824
1678150 822
1678160 820
1678170 820
1678180 817
1678190 815
1678200 815
1678210 811
1678220 808
1678230 808
1678240 806
1678250 803
1678260 803
1678270 802
1678280 799
1678290 799
1678300 797
1678310 795
1678320 795
1678330 793
1678340 790
1678350 790
1678360 788
1678370 785
1678380 785
1678390 783
1678400 780
1678410 777
1678420 777
1678430 774
1678440 771
1678450 771
1678460 769
1678470 765
1678480 765
1678490 761
1678500 758
1678510 758
1678520 754
1678530 753
1678540 753
1678550 752
1678560 751
1678570 751
1678580 751
1678590 750
1678600 750
1678610 750
1678620 749
1678630 749
1678640 748
1678650 748
1678660 748
1678670 748
1678680 748
1678690 748
1678700 748
1678710 746
1678720 746
1678730 746
1678740 745
1678750 744
1678760 744
1678770 742
1678780 742
1678790 742
1678800 741
1678810 741
1678820 741
1678830 742
1678840 739
1678850 739
1678860 742
1678870 750
1678880 750
1678890 756
1678900 763
1678910 763
1678920 767
1678930 768
1678940 768
1678950 770
1678960 772
1678970 772
1678980 773
1678990 775
1679000 775
1679010 776
1679020 778
1679030 778
1679040 780
1679050 783
1679060 783
1679070 785
1679080 787
1679090 788
1679100 788
1679110 790
1679120 791
1679130 791
1679140 792
1679150 793
1679160 793
1679170 794
1679180 796
1679190 796
1679200 797
1679210 798
1679220 798
1679230 800
1679240 801
1679250 801
1679260 802
1679270 803
1679280 803
1679290 804
1679300 806
1679310 806
1679320 807
1679330 809
1679340 809
1679350 810
1679360 812
1679370 812
1679380 813
1679390 815
1679400 817
1679410 817
1679420 819
1679430 821
1679440 821
1679450 823
1679460 825
1679470 825
1679480 828
1679490 831
1679500 831
1679510 835
1679520 839
1679530 839
1679540 843
1679550 848
1679560 848
1679570 852
1679580 857
1679590 857
1679600 862
1679610 866
1679620 866
1679630 871
1679640 875
1679650 875
1679660 879
1679670 883
1679680 883
1679690 887
1679700 891
1679710 891
1679720 896
1679730 900
1679740 905
1679750 905
1679760 909
1679770 914
1679780 914
1679790 919
1679800 923
1679810 923
1679820 928
1679830 932
1679840 932
1679850 937
1679860 942
1679870 942
1679880 948
1679890 953
1679900 953
1679910 957
1679920 962
1679930 962
1679940 966
1679950 971
1679960 971
1679970 975
1679980 979
1679990 979
