1660000 1349
1660010 1354
1660020 1354
1660030 1359
1660040 1363
1660050 1363
1660060 1369
1660070 1376
1660080 1376
1660090 1384
1660100 1394
1660110 1394
1660120 1402
1660130 1407
1660140 1407
1660150 1412
1660160 1419
1660170 1419
1660180 1424
1660190 1431
1660200 1437
1660210 1437
1660220 1440
1660230 1445
1660240 1445
1660250 1452
1660260 1462
1660270 1462
1660280 1470
1660290 1480
1660300 1480
1660310 1487
1660320 1496
1660330 1496
1660340 1510
1660350 1521
1660360 1521
1660370 1521
1660380 1520
1660390 1520
1660400 1520
1660410 1521
1660420 1521
1660430 1524
1660440 1527
1660450 1527
1660460 1535
1660470 1536
1660480 1536
1660490 1537
1660500 1541
1660510 1541
1660520 1545
1660530 1551
1660540 1554
1660550 1554
1660560 1558
1660570 1562
1660580 1562
1660590 1567
1660600 1576
1660610 1576
1660620 1577
1660630 1581
1660640 1581
1660650 1585
1660660 1589
1660670 1589
1660680 1590
1660690 1588
1660700 1588
1660710 1588
1660720 1587
1660730 1587
1660740 1587
1660750 1590
1660760 1590
1660770 1591
1660780 1595
1660790 1595
1660800 1602
1660810 1608
1660820 1608
1660830 1615
1660840 1622
1660850 1622
1660860 1627
1660870 1632
1660880 1639
1660890 1639
1660900 1645
1660910 1652
1660920 1652
1660930 1668
1660940 1678
1660950 1678
1660960 1673
1660970 1665
1660980 1665
1660990 1658
1661000 1652
1661010 1652
1661020 1646
1661030 1642
1661040 1642
1661050 1641
1661060 1642
1661070 1642
1661080 1643
1661090 1643
1661100 1643
1661110 1647
1661120 1650
1661130 1650
1661140 1653
1661150 1658
1661160 1658
1661170 1662
1661180 1667
1661190 1667
1661200 1671
1661210 1675
1661220 1680
1661230 1680
1661240 1684
1661250 1687
1661260 1687
1661270 1690
1661280 1693
1661290 1693
1661300 1696
1661310 1703
1661320 1703
1661330 1708
1661340 1713
1661350 1713
1661360 1719
1661370 1723
1661380 1723
1661390 1727
1661400 1732
1661410 1732
1661420 1739
1661430 1746
1661440 1746
1661450 1753
1661460 1760
1661470 1760
1661480 1767
1661490 1772
1661500 1772
1661510 1779
1661520 1785
1661530 1785
1661540 1794
1661550 1802
1661560 1810
1661570 1810
1661580 1819
1661590 1838
1661600 1838
1661610 1881
1661620 1891
1661630 1891
1661640 1900
1661650 1913
1661660 1913
1661670 1920
1661680 1936
1661690 1936
1661700 1951
1661710 1961
1661720 1961
1661730 1972
1661740 1979
1661750 1979
1661760 1984
1661770 1991
1661780 1991
1661790 1998
1661800 2008
1661810 2008
1661820 2017
1661830 2025
1661840 2025
1661850 2034
1661860 2047
1661870 2047
1661880 2051
1661890 2047
1661900 2044
1661910 2044
1661920 2042
1661930 2042
1661940 2042
1661950 2043
1661960 2047
1661970 2047
1661980 2052
1661990 2058
1662000 2058
1662010 2067
1662020 2076
1662030 2076
1662040 2081
1662050 2082
1662060 2082
1662070 2077
1662080 2081
1662090 2081
1662100 2079
1662110 2074
1662120 2074
1662130 2071
1662140 2069
1662150 2069
1662160 2071
1662170 2073
1662180 2073
1662190 2079
1662200 2085
1662210 2085
1662220 2090
1662230 2095
1662240 2100
1662250 2100
1662260 2105
1662270 2109
1662280 2109
1662290 2113
1662300 2117
1662310 2117
1662320 2118
1662330 2110
1662340 2110
1662350 2104
1662360 2094
1662370 2094
1662380 2089
1662390 2081
1662400 2081
1662410 2077
1662420 2065
1662430 2065
1662440 2050
1662450 2044
1662460 2044
1662470 2039
1662480 2049
1662490 2049
1662500 2041
1662510 2032
1662520 2032
1662530 2019
1662540 2011
1662550 2011
1662560 2008
1662570 2009
1662580 1999
1662590 1999
1662600 1988
1662610 1978
1662620 1978
1662630 1960
1662640 1940
1662650 1940
1662660 1925
1662670 1913
1662680 1913
1662690 1904
1662700 1899
1662710 1899
1662720 1899
1662730 1902
1662740 1902
1662750 1897
1662760 1876
1662770 1876
1662780 1859
1662790 1853
1662800 1853
1662810 1846
1662820 1844
1662830 1844
1662840 1848
1662850 1850
1662860 1850
1662870 1834
1662880 1819
1662890 1819
1662900 1812
1662910 1804
1662920 1793
1662930 1793
1662940 1782
1662950 1773
1662960 1773
1662970 1765
1662980 1759
1662990 1759
1663000 1751
1663010 1743
1663020 1743
1663030 1735
1663040 1727
1663050 1727
1663060 1720
1663070 1714
1663080 1714
1663090 1708
1663100 1702
1663110 1702
1663120 1696
1663130 1691
1663140 1691
1663150 1685
1663160 1680
1663170 1680
1663180 1675
1663190 1670
1663200 1670
1663210 1666
1663220 1662
1663230 1662
1663240 1659
1663250 1659
1663260 1659
1663270 1659
1663280 1656
1663290 1652
1663300 1652
1663310 1654
1663320 1655
1663330 1655
1663340 1660
1663350 1664
1663360 1664
1663370 1664
1663380 1662
1663390 1662
1663400 1659
1663410 1661
1663420 1661
1663430 1661
1663440 1660
1663450 1660
1663460 1658
1663470 1654
1663480 1654
1663490 1650
1663500 1646
1663510 1646
1663520 1643
1663530 1643
1663540 1643
1663550 1645
1663560 1649
1663570 1649
1663580 1652
1663590 1657
1663600 1662
1663610 1662
1663620 1668
1663630 1671
1663640 1671
1663650 1674
1663660 1677
1663670 1677
1663680 1682
1663690 1687
1663700 1687
1663710 1693
1663720 1699
1663730 1699
1663740 1705
1663750 1711
1663760 1711
1663770 1716
1663780 1722
1663790 1722
1663800 1729
1663810 1736
1663820 1736
1663830 1743
1663840 1750
1663850 1750
1663860 1757
1663870 1765
1663880 1765
1663890 1774
1663900 1783
1663910 1783
1663920 1793
1663930 1803
1663940 1812
1663950 1812
1663960 1826
1663970 1831
1663980 1831
1663990 1839
1664000 1846
1664010 1846
1664020 1853
1664030 1858
1664040 1858
1664050 1864
1664060 1869
1664070 1869
1664080 1875
1664090 1880
1664100 1880
1664110 1886
1664120 1892
1664130 1892
1664140 1897
1664150 1904
1664160 1904
1664170 1910
1664180 1917
1664190 1917
1664200 1925
1664210 1928
1664220 1928
1664230 1927
1664240 1926
1664250 1924
1664260 1924
1664270 1923
1664280 1921
1664290 1921
1664300 1919
1664310 1917
1664320 1917
1664330 1916
1664340 1915
1664350 1915
1664360 1915
1664370 1914
1664380 1914
1664390 1913
1664400 1912
1664410 1912
1664420 1912
1664430 1910
1664440 1910
1664450 1907
1664460 1903
1664470 1903
1664480 1898
1664490 1894
1664500 1894
1664510 1895
1664520 1895
1664530 1895
1664540 1896
1664550 1896
1664560 1896
1664570 1896
1664580 1897
1664590 1898
1664600 1898
1664610 1898
1664620 1899
1664630 1899
1664640 1900
1664650 1901
1664660 1901
1664670 1902
1664680 1898
1664690 1898
1664700 1889
1664710 1880
1664720 1880
1664730 1870
1664740 1862
1664750 1862
1664760 1855
1664770 1849
1664780 1849
1664790 1840
1664800 1831
1664810 1831
1664820 1823
1664830 1815
1664840 1815
1664850 1808
1664860 1800
1664870 1800
1664880 1794
1664890 1787
1664900 1787
1664910 1780
1664920 1774
1664930 1768
1664940 1768
1664950 1763
1664960 1759
1664970 1759
1664980 1756
1664990 1752
1665000 1752
1665010 1749
1665020 1747
1665030 1747
1665040 1744
1665050 1741
1665060 1741
1665070 1737
1665080 1733
1665090 1733
1665100 1728
1665110 1725
1665120 1725
1665130 1728
1665140 1730
1665150 1730
1665160 1729
1665170 1729
1665180 1729
1665190 1729
1665200 1728
1665210 1728
1665220 1727
1665230 1727
1665240 1727
1665250 1724
1665260 1723
1665270 1723
1665280 1723
1665290 1724
1665300 1726
1665310 1726
1665320 1728
1665330 1730
1665340 1730
1665350 1734
1665360 1736
1665370 1736
1665380 1737
1665390 1739
1665400 1739
1665410 1741
1665420 1739
1665430 1739
1665440 1735
1665450 1731
1665460 1731
1665470 1725
1665480 1717
1665490 1717
1665500 1709
1665510 1701
1665520 1701
1665530 1694
1665540 1687
1665550 1687
1665560 1682
1665570 1676
1665580 1676
1665590 1669
1665600 1661
1665610 1654
1665620 1654
1665630 1647
1665640 1640
1665650 1640
1665660 1631
1665670 1624
1665680 1624
1665690 1619
1665700 1612
1665710 1612
1665720 1607
1665730 1603
1665740 1603
1665750 1597
1665760 1591
1665770 1591
1665780 1585
1665790 1581
1665800 1581
1665810 1579
1665820 1576
1665830 1576
1665840 1571
1665850 1568
1665860 1568
1665870 1564
1665880 1558
1665890 1558
1665900 1553
1665910 1547
1665920 1547
1665930 1541
1665940 1536
1665950 1530
1665960 1530
1665970 1525
1665980 1520
1665990 1520
1666000 1515
1666010 1511
1666020 1511
1666030 1506
1666040 1501
1666050 1501
1666060 1497
1666070 1492
1666080 1492
1666090 1485
1666100 1479
1666110 1479
1666120 1473
1666130 1466
1666140 1466
1666150 1458
1666160 1451
1666170 1451
1666180 1444
1666190 1436
1666200 1436
1666210 1429
1666220 1424
1666230 1424
1666240 1418
1666250 1411
1666260 1411
1666270 1405
1666280 1398
1666290 1392
1666300 1392
1666310 1387
1666320 1380
1666330 1380
1666340 1375
1666350 1368
1666360 1368
1666370 1361
1666380 1355
1666390 1355
1666400 1348
1666410 1339
1666420 1339
1666430 1333
1666440 1328
1666450 1328
1666460 1319
1666470 1308
1666480 1308
1666490 1300
1666500 1292
1666510 1292
1666520 1285
1666530 1279
1666540 1279
1666550 1275
1666560 1270
1666570 1270
1666580 1266
1666590 1263
1666600 1263
1666610 1261
1666620 1257
1666630 1253
1666640 1253
1666650 1247
1666660 1242
1666670 1242
1666680 1237
1666690 1230
1666700 1230
1666710 1223
1666720 1216
1666730 1216
1666740 1209
1666750 1202
1666760 1202
1666770 1194
1666780 1187
1666790 1187
1666800 1179
1666810 1172
1666820 1172
1666830 1164
1666840 1158
1666850 1158
1666860 1156
1666870 1157
1666880 1157
1666890 1156
1666900 1154
1666910 1154
1666920 1151
1666930 1150
1666940 1150
1666950 1147
1666960 1144
1666970 1142
1666980 1142
1666990 1139
1667000 1136
1667010 1136
1667020 1135
1667030 1132
1667040 1132
1667050 1129
1667060 1125
1667070 1125
1667080 1123
1667090 1122
1667100 1122
1667110 1120
1667120 1118
1667130 1118
1667140 1115
1667150 1113
1667160 1113
1667170 1111
1667180 1110
1667190 1110
1667200 1110
1667210 1110
1667220 1110
1667230 1110
1667240 1113
1667250 1113
1667260 1117
1667270 1122
1667280 1122
1667290 1124
1667300 1125
1667310 1126
1667320 1126
1667330 1127
1667340 1128
1667350 1128
1667360 1129
1667370 1129
1667380 1129
1667390 1126
1667400 1123
1667410 1123
1667420 1121
1667430 1117
1667440 1117
1667450 1113
1667460 1108
1667470 1108
1667480 1104
1667490 1099
1667500 1099
1667510 1093
1667520 1089
1667530 1089
1667540 1084
1667550 1079
1667560 1079
1667570 1074
1667580 1070
1667590 1070
1667600 1067
1667610 1062
1667620 1062
1667630 1058
1667640 1054
1667650 1048
1667660 1048
1667670 1045
1667680 1039
1667690 1039
1667700 1033
1667710 1027
1667720 1027
1667730 1022
1667740 1016
1667750 1016
1667760 1010
1667770 1005
1667780 1005
1667790 999
1667800 992
1667810 992
1667820 987
1667830 984
1667840 984
1667850 978
1667860 973
1667870 973
1667880 968
1667890 963
1667900 963
1667910 958
1667920 953
1667930 953
1667940 950
1667950 949
1667960 949
1667970 947
1667980 945
1667990 943
1668000 943
1668010 941
1668020 939
1668030 939
1668040 938
1668050 939
1668060 939
1668070 933
1668080 933
1668090 933
1668100 933
1668110 931
1668120 931
1668130 930
1668140 929
1668150 929
1668160 928
1668170 926
1668180 926
1668190 926
1668200 925
1668210 925
1668220 923
1668230 922
1668240 922
1668250 921
1668260 921
1668270 921
1668280 920
1668290 918
1668300 918
1668310 917
1668320 916
1668330 914
1668340 914
1668350 913
1668360 912
1668370 912
1668380 911
1668390 910
1668400 910
1668410 910
1668420 906
1668430 906
1668440 900
1668450 894
1668460 894
1668470 893
1668480 894
1668490 894
1668500 894
1668510 895
1668520 895
1668530 895
1668540 896
1668550 896
1668560 900
1668570 903
1668580 903
1668590 906
1668600 909
1668610 909
1668620 911
1668630 913
1668640 913
1668650 915
1668660 918
1668670 920
1668680 920
1668690 922
1668700 925
1668710 925
1668720 928
1668730 932
1668740 932
1668750 936
1668760 940
1668770 940
1668780 944
1668790 945
1668800 945
1668810 948
1668820 950
1668830 950
1668840 953
1668850 956
1668860 956
1668870 963
1668880 969
1668890 969
1668900 975
1668910 980
1668920 980
1668930 986
1668940 995
1668950 995
1668960 999
1668970 1003
1668980 1007
1668990 1007
1669000 1010
1669010 1013
1669020 1013
1669030 1017
1669040 1017
1669050 1017
1669060 1020
1669070 1021
1669080 1021
1669090 1023
1669100 1027
1669110 1027
1669120 1029
1669130 1030
1669140 1030
1669150 1033
1669160 1036
1669170 1036
1669180 1040
1669190 1043
1669200 1043
1669210 1047
1669220 1052
1669230 1052
1669240 1056
1669250 1060
1669260 1060
1669270 1064
1669280 1067
1669290 1067
1669300 1069
1669310 1070
1669320 1071
1669330 1071
1669340 1072
1669350 1071
1669360 1071
1669370 1070
1669380 1068
1669390 1068
1669400 1066
1669410 1066
1669420 1066
1669430 1065
1669440 1065
1669450 1065
1669460 1065
1669470 1064
1669480 1064
1669490 1063
1669500 1063
1669510 1063
1669520 1063
1669530 1063
1669540 1063
1669550 1066
1669560 1068
1669570 1068
1669580 1071
1669590 1073
1669600 1073
1669610 1075
1669620 1077
1669630 1077
1669640 1078
1669650 1079
1669660 1080
1669670 1080
1669680 1080
1669690 1081
1669700 1081
1669710 1082
1669720 1083
1669730 1083
1669740 1083
1669750 1080
1669760 1080
1669770 1079
1669780 1077
1669790 1077
1669800 1077
1669810 1079
1669820 1079
1669830 1082
1669840 1086
1669850 1086
1669860 1092
1669870 1100
1669880 1100
1669890 1104
1669900 1106
1669910 1106
1669920 1114
1669930 1119
1669940 1119
1669950 1123
1669960 1128
1669970 1128
1669980 1133
1669990 1139
1670000 1142
1670010 1142
1670020 1146
1670030 1147
1670040 1147
1670050 1150
1670060 1153
1670070 1153
1670080 1156
1670090 1160
1670100 1160
1670110 1163
1670120 1167
1670130 1167
1670140 1172
1670150 1178
1670160 1178
1670170 1183
1670180 1186
1670190 1186
1670200 1188
1670210 1191
1670220 1191
1670230 1194
1670240 1195
1670250 1195
1670260 1197
1670270 1199
1670280 1199
1670290 1201
1670300 1202
1670310 1202
1670320 1204
1670330 1206
1670340 1209
1670350 1209
1670360 1211
1670370 1214
1670380 1214
1670390 1216
1670400 1220
1670410 1220
1670420 1221
1670430 1224
1670440 1224
1670450 1227
1670460 1229
1670470 1229
1670480 1230
1670490 1232
1670500 1232
1670510 1234
1670520 1237
1670530 1237
1670540 1239
1670550 1242
1670560 1242
1670570 1249
1670580 1254
1670590 1254
1670600 1258
1670610 1264
1670620 1264
1670630 1268
1670640 1273
1670650 1273
1670660 1278
1670670 1282
1670680 1287
1670690 1287
1670700 1291
1670710 1295
1670720 1295
1670730 1298
1670740 1301
1670750 1301
1670760 1304
1670770 1306
1670780 1306
1670790 1310
1670800 1312
1670810 1312
1670820 1315
1670830 1318
1670840 1318
1670850 1322
1670860 1325
1670870 1325
1670880 1326
1670890 1329
1670900 1329
1670910 1333
1670920 1334
1670930 1334
1670940 1336
1670950 1339
1670960 1339
1670970 1343
1670980 1345
1670990 1345
1671000 1349
1671010 1352
1671020 1356
1671030 1356
1671040 1360
1671050 1364
1671060 1364
1671070 1367
1671080 1369
1671090 1369
1671100 1372
1671110 1373
1671120 1373
1671130 1374
1671140 1374
1671150 1374
1671160 1374
1671170 1375
1671180 1375
1671190 1377
1671200 1380
1671210 1380
1671220 1382
1671230 1384
1671240 1384
1671250 1387
1671260 1390
1671270 1390
1671280 1394
1671290 1397
1671300 1397
1671310 1401
1671320 1404
1671330 1404
1671340 1407
1671350 1411
1671360 1416
1671370 1416
1671380 1422
1671390 1427
1671400 1427
1671410 1433
1671420 1439
1671430 1439
1671440 1443
1671450 1450
1671460 1450
1671470 1457
1671480 1463
1671490 1463
1671500 1468
1671510 1474
1671520 1474
1671530 1478
1671540 1483
1671550 1483
1671560 1488
1671570 1493
1671580 1493
1671590 1496
1671600 1501
1671610 1501
1671620 1504
1671630 1509
1671640 1509
1671650 1512
1671660 1518
1671670 1518
1671680 1522
1671690 1525
1671700 1528
1671710 1528
1671720 1530
1671730 1532
1671740 1532
1671750 1535
1671760 1539
1671770 1539
1671780 1542
1671790 1544
1671800 1544
1671810 1544
1671820 1542
1671830 1542
1671840 1542
1671850 1542
1671860 1542
1671870 1540
1671880 1538
1671890 1538
1671900 1536
1671910 1533
1671920 1533
1671930 1530
1671940 1523
1671950 1523
1671960 1518
1671970 1513
1671980 1513
1671990 1506
1672000 1501
1672010 1501
1672020 1491
1672030 1481
1672040 1471
1672050 1471
1672060 1463
1672070 1454
1672080 1454
1672090 1449
1672100 1441
1672110 1441
1672120 1434
1672130 1428
1672140 1428
1672150 1422
1672160 1416
1672170 1416
1672180 1411
1672190 1404
1672200 1404
1672210 1399
1672220 1391
1672230 1391
1672240 1390
1672250 1383
1672260 1383
1672270 1378
1672280 1373
1672290 1373
1672300 1368
1672310 1363
1672320 1363
1672330 1358
1672340 1353
1672350 1353
1672360 1348
1672370 1343
1672380 1338
1672390 1338
1672400 1333
1672410 1327
1672420 1327
1672430 1324
1672440 1320
1672450 1320
1672460 1316
1672470 1312
1672480 1312
1672490 1309
1672500 1305
1672510 1305
1672520 1302
1672530 1299
1672540 1299
1672550 1296
1672560 1292
1672570 1292
1672580 1288
1672590 1284
1672600 1284
1672610 1281
1672620 1278
1672630 1278
1672640 1274
1672650 1270
1672660 1270
1672670 1268
1672680 1264
1672690 1264
1672700 1262
1672710 1259
1672720 1255
1672730 1255
1672740 1252
1672750 1249
1672760 1249
1672770 1246
1672780 1243
1672790 1243
1672800 1238
1672810 1236
1672820 1236
1672830 1231
1672840 1227
1672850 1227
1672860 1222
1672870 1217
1672880 1217
1672890 1213
1672900 1208
1672910 1208
1672920 1204
1672930 1200
1672940 1200
1672950 1196
1672960 1192
1672970 1192
1672980 1187
1672990 1181
1673000 1181
1673010 1175
1673020 1170
1673030 1170
1673040 1165
1673050 1160
1673060 1155
1673070 1155
1673080 1150
1673090 1146
1673100 1146
1673110 1142
1673120 1139
1673130 1139
1673140 1136
1673150 1132
1673160 1132
1673170 1127
1673180 1123
1673190 1123
1673200 1119
1673210 1114
1673220 1114
1673230 1108
1673240 1102
1673250 1102
1673260 1097
1673270 1090
1673280 1090
1673290 1083
1673300 1076
1673310 1076
1673320 1070
1673330 1063
1673340 1063
1673350 1057
1673360 1049
1673370 1049
1673380 1041
1673390 1034
1673400 1027
1673410 1027
1673420 1021
1673430 1016
1673440 1016
1673450 1009
1673460 1006
1673470 1006
1673480 999
1673490 994
1673500 994
1673510 989
1673520 979
1673530 979
1673540 978
1673550 978
1673560 978
1673570 978
1673580 978
1673590 978
1673600 979
1673610 980
1673620 980
1673630 985
1673640 991
1673650 991
1673660 998
1673670 1006
1673680 1006
1673690 1011
1673700 1017
1673710 1021
1673720 1021
1673730 1024
1673740 1028
1673750 1028
1673760 1031
1673770 1034
1673780 1034
1673790 1036
1673800 1041
1673810 1041
1673820 1046
1673830 1051
1673840 1051
1673850 1052
1673860 1056
1673870 1056
1673880 1060
1673890 1064
1673900 1064
1673910 1067
1673920 1070
1673930 1070
1673940 1073
1673950 1076
1673960 1076
1673970 1079
1673980 1082
1673990 1082
1674000 1085
1674010 1088
1674020 1088
1674030 1091
1674040 1093
1674050 1095
1674060 1095
1674070 1098
1674080 1102
1674090 1102
1674100 1103
1674110 1105
1674120 1105
1674130 1108
1674140 1111
1674150 1111
1674160 1113
1674170 1115
1674180 1115
1674190 1116
1674200 1117
1674210 1117
1674220 1119
1674230 1120
1674240 1120
1674250 1121
1674260 1122
1674270 1122
1674280 1124
1674290 1126
1674300 1126
1674310 1130
1674320 1136
1674330 1136
1674340 1140
1674350 1146
1674360 1146
1674370 1153
1674380 1158
1674390 1162
1674400 1162
1674410 1164
1674420 1168
1674430 1168
1674440 1174
1674450 1179
1674460 1179
1674470 1185
1674480 1191
1674490 1191
1674500 1194
1674510 1200
1674520 1200
1674530 1206
1674540 1212
1674550 1212
1674560 1218
1674570 1225
1674580 1225
1674590 1232
1674600 1238
1674610 1238
1674620 1245
1674630 1250
1674640 1250
1674650 1255
1674660 1261
1674670 1261
1674680 1266
1674690 1272
1674700 1272
1674710 1278
1674720 1283
1674730 1289
1674740 1289
1674750 1294
1674760 1301
1674770 1301
1674780 1308
1674790 1315
1674800 1315
1674810 1322
1674820 1329
1674830 1329
1674840 1335
1674850 1341
1674860 1341
1674870 1347
1674880 1349
1674890 1349
1674900 1347
1674910 1347
1674920 1347
1674930 1352
1674940 1360
1674950 1360
1674960 1360
1674970 1356
1674980 1356
1674990 1350
1675000 1343
1675010 1343
1675020 1335
1675030 1328
1675040 1328
1675050 1321
1675060 1314
1675070 1306
1675080 1306
1675090 1298
1675100 1291
1675110 1291
1675120 1283
1675130 1275
1675140 1275
1675150 1268
1675160 1261
1675170 1261
1675180 1255
1675190 1249
1675200 1249
1675210 1244
1675220 1239
1675230 1239
1675240 1232
1675250 1226
1675260 1226
1675270 1220
1675280 1214
1675290 1214
1675300 1210
1675310 1203
1675320 1203
1675330 1197
1675340 1190
1675350 1190
1675360 1183
1675370 1176
1675380 1176
1675390 1169
1675400 1163
1675410 1156
1675420 1156
1675430 1150
1675440 1144
1675450 1144
1675460 1138
1675470 1134
1675480 1134
1675490 1127
1675500 1127
1675510 1127
1675520 1127
1675530 1128
1675540 1128
1675550 1130
1675560 1131
1675570 1131
1675580 1133
1675590 1134
1675600 1134
1675610 1137
1675620 1140
1675630 1140
1675640 1144
1675650 1147
1675660 1147
1675670 1147
1675680 1154
1675690 1154
1675700 1159
1675710 1163
1675720 1163
1675730 1168
1675740 1172
1675750 1175
1675760 1175
1675770 1178
1675780 1179
1675790 1179
1675800 1180
1675810 1182
1675820 1182
1675830 1184
1675840 1186
1675850 1186
1675860 1186
1675870 1187
1675880 1187
1675890 1187
1675900 1188
1675910 1188
1675920 1189
1675930 1191
1675940 1191
1675950 1193
1675960 1196
1675970 1196
1675980 1199
1675990 1202
1676000 1202
1676010 1206
1676020 1206
1676030 1206
1676040 1210
1676050 1212
1676060 1212
1676070 1214
1676080 1214
1676090 1214
1676100 1214
1676110 1211
1676120 1209
1676130 1209
1676140 1208
1676150 1207
1676160 1207
1676170 1206
1676180 1204
1676190 1204
1676200 1202
1676210 1200
1676220 1200
1676230 1198
1676240 1195
1676250 1195
1676260 1193
1676270 1195
1676280 1195
1676290 1195
1676300 1195
1676310 1195
1676320 1195
1676330 1198
1676340 1198
1676350 1199
1676360 1200
1676370 1200
1676380 1202
1676390 1203
1676400 1203
1676410 1203
1676420 1203
1676430 1202
1676440 1202
1676450 1203
1676460 1204
1676470 1204
1676480 1205
1676490 1206
1676500 1206
1676510 1205
1676520 1202
1676530 1202
1676540 1197
1676550 1192
1676560 1192
1676570 1187
1676580 1180
1676590 1180
1676600 1174
1676610 1169
1676620 1169
1676630 1163
1676640 1158
1676650 1158
1676660 1153
1676670 1147
1676680 1147
1676690 1142
1676700 1136
1676710 1136
1676720 1130
1676730 1124
1676740 1124
1676750 1118
1676760 1112
1676770 1106
1676780 1106
1676790 1100
1676800 1094
1676810 1094
1676820 1088
1676830 1083
1676840 1083
1676850 1076
1676860 1071
1676870 1071
1676880 1065
1676890 1059
1676900 1059
1676910 1054
1676920 1048
1676930 1048
1676940 1042
1676950 1035
1676960 1035
1676970 1030
1676980 1023
1676990 1023
1677000 1016
1677010 1009
1677020 1009
1677030 1003
1677040 996
1677050 996
1677060 989
1677070 982
1677080 982
1677090 975
1677100 969
1677110 963
1677120 963
1677130 957
1677140 952
1677150 952
1677160 947
1677170 943
1677180 943
1677190 937
1677200 931
1677210 931
1677220 926
1677230 921
1677240 921
1677250 916
1677260 912
1677270 912
1677280 909
1677290 907
1677300 907
1677310 903
1677320 899
1677330 899
1677340 896
1677350 892
1677360 892
1677370 889
1677380 886
1677390 886
1677400 882
1677410 878
1677420 878
1677430 875
1677440 870
1677450 867
1677460 867
1677470 863
1677480 860
1677490 860
1677500 857
1677510 853
1677520 853
1677530 850
1677540 846
1677550 846
1677560 841
1677570 837
1677580 837
1677590 833
1677600 829
1677610 829
1677620 826
1677630 822
1677640 822
1677650 819
1677660 815
1677670 815
1677680 812
1677690 809
1677700 809
1677710 806
1677720 804
1677730 804
1677740 801
1677750 799
1677760 799
1677770 797
1677780 795
1677790 794
1677800 794
1677810 792
1677820 789
1677830 789
1677840 787
1677850 785
1677860 785
1677870 782
1677880 779
1677890 779
1677900 777
1677910 775
1677920 775
1677930 774
1677940 772
1677950 772
1677960 770
1677970 768
1677980 768
1677990 767
1678000 765
1678010 765
1678020 764
1678030 763
1678040 763
1678050 759
1678060 759
1678070 759
1678080 758
1678090 757
1678100 757
1678110 757
1678120 756
1678130 756
1678140 756
1678150 755
1678160 752
1678170 752
1678180 750
1678190 747
1678200 747
1678210 744
1678220 742
1678230 742
1678240 742
1678250 742
1678260 742
1678270 742
1678280 742
1678290 742
1678300 742
1678310 744
1678320 744
1678330 746
1678340 747
1678350 747
1678360 748
1678370 747
1678380 747
1678390 747
1678400 745
1678410 745
1678420 744
1678430 742
1678440 741
1678450 741
1678460 741
1678470 741
1678480 741
1678490 741
1678500 741
1678510 741
1678520 741
1678530 741
1678540 741
1678550 740
1678560 741
1678570 741
1678580 742
1678590 742
1678600 742
1678610 742
1678620 741
1678630 741
1678640 741
1678650 747
1678660 747
1678670 756
1678680 763
1678690 763
1678700 769
1678710 772
1678720 772
1678730 775
1678740 777
1678750 777
1678760 777
1678770 775
1678780 773
1678790 773
1678800 769
1678810 766
1678820 766
1678830 765
1678840 765
1678850 765
1678860 766
1678870 766
1678880 766
1678890 767
1678900 767
1678910 767
1678920 768
1678930 768
1678940 768
1678950 769
1678960 769
1678970 769
1678980 770
1678990 771
1679000 771
1679010 772
1679020 773
1679030 773
1679040 774
1679050 774
1679060 774
1679070 775
1679080 776
1679090 776
1679100 777
1679110 778
1679120 779
1679130 779
1679140 780
1679150 782
1679160 782
1679170 784
1679180 787
1679190 787
1679200 791
1679210 796
1679220 796
1679230 801
1679240 806
1679250 806
1679260 812
1679270 817
1679280 817
1679290 823
1679300 828
1679310 828
1679320 833
1679330 839
1679340 839
1679350 844
1679360 849
1679370 849
1679380 854
1679390 859
1679400 859
1679410 864
1679420 870
1679430 870
1679440 875
1679450 879
1679460 882
1679470 882
1679480 884
1679490 885
1679500 885
1679510 886
1679520 886
1679530 886
1679540 886
1679550 887
1679560 887
1679570 887
1679580 884
1679590 884
1679600 882
1679610 879
1679620 879
1679630 876
1679640 873
1679650 873
1679660 870
1679670 867
1679680 867
1679690 864
1679700 861
1679710 861
1679720 859
1679730 859
1679740 859
1679750 859
1679760 860
1679770 860
1679780 861
1679790 863
1679800 865
1679810 865
1679820 867
1679830 870
1679840 870
1679850 873
1679860 875
1679870 875
1679880 878
1679890 880
1679900 880
1679910 881
1679920 883
1679930 883
1679940 885
1679950 888
1679960 888
1679970 891
1679980 892
1679990 892
