1660000 1146
1660010 1149
1660020 1149
1660030 1153
1660040 1155
1660050 1158
1660060 1158
1660070 1161
1660080 1164
1660090 1164
1660100 1166
1660110 1168
1660120 1168
1660130 1174
1660140 1179
1660150 1179
1660160 1186
1660170 1194
1660180 1194
1660190 1201
1660200 1203
1660210 1203
1660220 1206
1660230 1209
1660240 1209
1660250 1212
1660260 1216
1660270 1216
1660280 1219
1660290 1222
1660300 1222
1660310 1225
1660320 1229
1660330 1229
1660340 1232
1660350 1237
1660360 1237
1660370 1240
1660380 1245
1660390 1249
1660400 1249
1660410 1255
1660420 1261
1660430 1261
1660440 1266
1660450 1271
1660460 1271
1660470 1278
1660480 1283
1660490 1283
1660500 1288
1660510 1294
1660520 1294
1660530 1300
1660540 1304
1660550 1304
1660560 1306
1660570 1307
1660580 1307
1660590 1307
1660600 1307
1660610 1307
1660620 1307
1660630 1305
1660640 1305
1660650 1303
1660660 1301
1660670 1301
1660680 1297
1660690 1290
1660700 1290
1660710 1285
1660720 1281
1660730 1279
1660740 1279
1660750 1276
1660760 1280
1660770 1280
1660780 1285
1660790 1285
1660800 1285
1660810 1282
1660820 1277
1660830 1277
1660840 1282
1660850 1288
1660860 1288
1660870 1287
1660880 1286
1660890 1286
1660900 1288
1660910 1295
1660920 1295
1660930 1304
1660940 1311
1660950 1311
1660960 1316
1660970 1322
1660980 1322
1660990 1328
1661000 1332
1661010 1332
1661020 1334
1661030 1333
1661040 1333
1661050 1335
1661060 1339
1661070 1342
1661080 1342
1661090 1338
1661100 1338
1661110 1338
1661120 1340
1661130 1342
1661140 1342
1661150 1346
1661160 1352
1661170 1352
1661180 1360
1661190 1366
1661200 1366
1661210 1370
1661220 1377
1661230 1377
1661240 1385
1661250 1394
1661260 1394
1661270 1399
1661280 1403
1661290 1403
1661300 1408
1661310 1412
1661320 1412
1661330 1414
1661340 1418
1661350 1418
1661360 1423
1661370 1429
1661380 1429
1661390 1433
1661400 1437
1661410 1443
1661420 1443
1661430 1448
1661440 1455
1661450 1455
1661460 1464
1661470 1476
1661480 1476
1661490 1487
1661500 1495
1661510 1495
1661520 1501
1661530 1507
1661540 1507
1661550 1512
1661560 1518
1661570 1518
1661580 1524
1661590 1529
1661600 1529
1661610 1536
1661620 1541
1661630 1541
1661640 1549
1661650 1556
1661660 1556
1661670 1562
1661680 1569
1661690 1569
1661700 1577
1661710 1584
1661720 1584
1661730 1588
1661740 1592
1661750 1594
1661760 1594
1661770 1597
1661780 1602
1661790 1602
1661800 1607
1661810 1612
1661820 1612
1661830 1618
1661840 1622
1661850 1622
1661860 1628
1661870 1634
1661880 1634
1661890 1641
1661900 1647
1661910 1647
1661920 1652
1661930 1663
1661940 1663
1661950 1667
1661960 1671
1661970 1671
1661980 1674
1661990 1677
1662000 1677
1662010 1681
1662020 1684
1662030 1684
1662040 1686
1662050 1688
1662060 1688
1662070 1691
1662080 1692
1662090 1694
1662100 1694
1662110 1696
1662120 1701
1662130 1701
1662140 1701
1662150 1702
1662160 1702
1662170 1705
1662180 1711
1662190 1711
1662200 1716
1662210 1720
1662220 1720
1662230 1724
1662240 1724
1662250 1724
1662260 1723
1662270 1724
1662280 1724
1662290 1727
1662300 1730
1662310 1730
1662320 1734
1662330 1740
1662340 1740
1662350 1746
1662360 1753
1662370 1753
1662380 1759
1662390 1767
1662400 1767
1662410 1773
1662420 1775
1662430 1780
1662440 1780
1662450 1785
1662460 1790
1662470 1790
1662480 1794
1662490 1796
1662500 1796
1662510 1797
1662520 1795
1662530 1795
1662540 1794
1662550 1792
1662560 1792
1662570 1791
1662580 1789
1662590 1789
1662600 1787
1662610 1786
1662620 1786
1662630 1784
1662640 1783
1662650 1783
1662660 1782
1662670 1781
1662680 1781
1662690 1781
1662700 1781
1662710 1781
1662720 1781
1662730 1782
1662740 1782
1662750 1768
1662760 1757
1662770 1757
1662780 1744
1662790 1731
1662800 1716
1662810 1716
1662820 1703
1662830 1691
1662840 1691
1662850 1685
1662860 1677
1662870 1677
1662880 1672
1662890 1664
1662900 1664
1662910 1654
1662920 1645
1662930 1645
1662940 1637
1662950 1629
1662960 1629
1662970 1621
1662980 1613
1662990 1613
1663000 1604
1663010 1595
1663020 1595
1663030 1584
1663040 1576
1663050 1576
1663060 1570
1663070 1563
1663080 1563
1663090 1557
1663100 1551
1663110 1551
1663120 1544
1663130 1538
1663140 1531
1663150 1531
1663160 1525
1663170 1517
1663180 1517
1663190 1511
1663200 1504
1663210 1504
1663220 1498
1663230 1490
1663240 1490
1663250 1484
1663260 1479
1663270 1479
1663280 1472
1663290 1468
1663300 1468
1663310 1462
1663320 1460
1663330 1460
1663340 1454
1663350 1449
1663360 1449
1663370 1443
1663380 1441
1663390 1441
1663400 1438
1663410 1433
1663420 1433
1663430 1431
1663440 1430
1663450 1430
1663460 1427
1663470 1424
1663480 1420
1663490 1420
1663500 1414
1663510 1407
1663520 1407
1663530 1401
1663540 1395
1663550 1395
1663560 1390
1663570 1386
1663580 1386
1663590 1382
1663600 1378
1663610 1378
1663620 1375
1663630 1372
1663640 1372
1663650 1370
1663660 1368
1663670 1368
1663680 1366
1663690 1363
1663700 1363
1663710 1360
1663720 1356
1663730 1356
1663740 1353
1663750 1351
1663760 1351
1663770 1350
1663780 1348
1663790 1348
1663800 1346
1663810 1343
1663820 1341
1663830 1341
1663840 1341
1663850 1339
1663860 1339
1663870 1337
1663880 1336
1663890 1336
1663900 1336
1663910 1337
1663920 1337
1663930 1337
1663940 1337
1663950 1337
1663960 1334
1663970 1333
1663980 1333
1663990 1331
1664000 1331
1664010 1331
1664020 1330
1664030 1329
1664040 1329
1664050 1328
1664060 1326
1664070 1326
1664080 1325
1664090 1323
1664100 1323
1664110 1320
1664120 1317
1664130 1317
1664140 1313
1664150 1309
1664160 1306
1664170 1306
1664180 1307
1664190 1308
1664200 1308
1664210 1307
1664220 1304
1664230 1304
1664240 1300
1664250 1295
1664260 1295
1664270 1292
1664280 1287
1664290 1287
1664300 1284
1664310 1281
1664320 1281
1664330 1278
1664340 1277
1664350 1277
1664360 1274
1664370 1271
1664380 1271
1664390 1268
1664400 1265
1664410 1265
1664420 1262
1664430 1259
1664440 1259
1664450 1257
1664460 1255
1664470 1255
1664480 1252
1664490 1250
1664500 1248
1664510 1248
1664520 1245
1664530 1242
1664540 1242
1664550 1240
1664560 1237
1664570 1237
1664580 1235
1664590 1231
1664600 1231
1664610 1227
1664620 1224
1664630 1224
1664640 1222
1664650 1220
1664660 1220
1664670 1217
1664680 1216
1664690 1216
1664700 1214
1664710 1214
1664720 1214
1664730 1212
1664740 1209
1664750 1209
1664760 1208
1664770 1206
1664780 1206
1664790 1204
1664800 1201
1664810 1201
1664820 1199
1664830 1197
1664840 1196
1664850 1196
1664860 1194
1664870 1193
1664880 1193
1664890 1192
1664900 1193
1664910 1193
1664920 1194
1664930 1192
1664940 1192
1664950 1187
1664960 1185
1664970 1185
1664980 1184
1664990 1183
1665000 1183
1665010 1182
1665020 1179
1665030 1179
1665040 1174
1665050 1173
1665060 1173
1665070 1171
1665080 1170
1665090 1170
1665100 1169
1665110 1167
1665120 1167
1665130 1162
1665140 1162
1665150 1162
1665160 1161
1665170 1159
1665180 1163
1665190 1163
1665200 1166
1665210 1166
1665220 1166
1665230 1164
1665240 1162
1665250 1162
1665260 1159
1665270 1156
1665280 1156
1665290 1153
1665300 1152
1665310 1152
1665320 1151
1665330 1151
1665340 1151
1665350 1151
1665360 1150
1665370 1150
1665380 1149
1665390 1149
1665400 1149
1665410 1152
1665420 1151
1665430 1151
1665440 1149
1665450 1146
1665460 1146
1665470 1145
1665480 1145
1665490 1145
1665500 1144
1665510 1142
1665520 1142
1665530 1138
1665540 1136
1665550 1136
1665560 1136
1665570 1136
1665580 1136
1665590 1136
1665600 1137
1665610 1140
1665620 1140
1665630 1143
1665640 1144
1665650 1144
1665660 1144
1665670 1142
1665680 1142
1665690 1140
1665700 1137
1665710 1137
1665720 1136
1665730 1134
1665740 1134
1665750 1132
1665760 1129
1665770 1129
1665780 1129
1665790 1127
1665800 1127
1665810 1127
1665820 1125
1665830 1125
1665840 1123
1665850 1123
1665860 1123
1665870 1122
1665880 1119
1665890 1115
1665900 1115
1665910 1112
1665920 1112
1665930 1112
1665940 1112
1665950 1111
1665960 1111
1665970 1111
1665980 1109
1665990 1109
1666000 1108
1666010 1105
1666020 1105
1666030 1103
1666040 1103
1666050 1103
1666060 1103
1666070 1104
1666080 1104
1666090 1105
1666100 1102
1666110 1102
1666120 1100
1666130 1098
1666140 1098
1666150 1097
1666160 1095
1666170 1095
1666180 1096
1666190 1094
1666200 1094
1666210 1091
1666220 1089
1666230 1086
1666240 1086
1666250 1084
1666260 1082
1666270 1082
1666280 1080
1666290 1078
1666300 1078
1666310 1078
1666320 1077
1666330 1077
1666340 1077
1666350 1078
1666360 1078
1666370 1077
1666380 1074
1666390 1074
1666400 1073
1666410 1073
1666420 1073
1666430 1074
1666440 1074
1666450 1074
1666460 1072
1666470 1067
1666480 1067
1666490 1062
1666500 1060
1666510 1060
1666520 1060
1666530 1060
1666540 1060
1666550 1060
1666560 1061
1666570 1068
1666580 1068
1666590 1070
1666600 1070
1666610 1070
1666620 1070
1666630 1070
1666640 1070
1666650 1069
1666660 1068
1666670 1068
1666680 1069
1666690 1069
1666700 1069
1666710 1068
1666720 1060
1666730 1060
1666740 1059
1666750 1057
1666760 1057
1666770 1057
1666780 1059
1666790 1059
1666800 1060
1666810 1062
1666820 1062
1666830 1065
1666840 1066
1666850 1066
1666860 1066
1666870 1068
1666880 1068
1666890 1066
1666900 1068
1666910 1072
1666920 1072
1666930 1072
1666940 1072
1666950 1072
1666960 1073
1666970 1075
1666980 1075
1666990 1077
1667000 1079
1667010 1079
1667020 1082
1667030 1085
1667040 1085
1667050 1088
1667060 1088
1667070 1088
1667080 1090
1667090 1091
1667100 1091
1667110 1091
1667120 1092
1667130 1092
1667140 1091
1667150 1091
1667160 1091
1667170 1090
1667180 1090
1667190 1090
1667200 1090
1667210 1090
1667220 1090
1667230 1089
1667240 1088
1667250 1086
1667260 1086
1667270 1087
1667280 1088
1667290 1088
1667300 1086
1667310 1088
1667320 1088
1667330 1089
1667340 1093
1667350 1093
1667360 1095
1667370 1097
1667380 1097
1667390 1099
1667400 1105
1667410 1105
1667420 1111
1667430 1116
1667440 1116
1667450 1122
1667460 1128
1667470 1128
1667480 1134
1667490 1140
1667500 1140
1667510 1147
1667520 1154
1667530 1154
1667540 1161
1667550 1167
1667560 1167
1667570 1172
1667580 1178
1667590 1184
1667600 1184
1667610 1190
1667620 1193
1667630 1193
1667640 1194
1667650 1195
1667660 1195
1667670 1197
1667680 1198
1667690 1198
1667700 1198
1667710 1197
1667720 1197
1667730 1196
1667740 1193
1667750 1193
1667760 1191
1667770 1189
1667780 1189
1667790 1188
1667800 1187
1667810 1187
1667820 1185
1667830 1185
1667840 1185
1667850 1183
1667860 1183
1667870 1183
1667880 1182
1667890 1182
1667900 1182
1667910 1183
1667920 1185
1667930 1185
1667940 1188
1667950 1190
1667960 1193
1667970 1193
1667980 1196
1667990 1199
1668000 1199
1668010 1201
1668020 1203
1668030 1203
1668040 1207
1668050 1212
1668060 1212
1668070 1218
1668080 1222
1668090 1222
1668100 1230
1668110 1235
1668120 1235
1668130 1240
1668140 1244
1668150 1244
1668160 1248
1668170 1252
1668180 1252
1668190 1255
1668200 1258
1668210 1258
1668220 1263
1668230 1267
1668240 1267
1668250 1273
1668260 1278
1668270 1278
1668280 1283
1668290 1289
1668300 1294
1668310 1294
1668320 1299
1668330 1304
1668340 1304
1668350 1308
1668360 1308
1668370 1308
1668380 1307
1668390 1307
1668400 1307
1668410 1309
1668420 1312
1668430 1312
1668440 1316
1668450 1319
1668460 1319
1668470 1324
1668480 1326
1668490 1326
1668500 1326
1668510 1325
1668520 1325
1668530 1323
1668540 1327
1668550 1327
1668560 1330
1668570 1332
1668580 1332
1668590 1333
1668600 1333
1668610 1333
1668620 1333
1668630 1333
1668640 1334
1668650 1334
1668660 1336
1668670 1337
1668680 1337
1668690 1337
1668700 1337
1668710 1337
1668720 1337
1668730 1340
1668740 1340
1668750 1345
1668760 1349
1668770 1349
1668780 1354
1668790 1361
1668800 1361
1668810 1369
1668820 1377
1668830 1377
1668840 1386
1668850 1396
1668860 1396
1668870 1401
1668880 1410
1668890 1410
1668900 1417
1668910 1425
1668920 1425
1668930 1432
1668940 1439
1668950 1439
1668960 1445
1668970 1451
1668980 1456
1668990 1456
1669000 1461
1669010 1466
1669020 1466
1669030 1471
1669040 1476
1669050 1476
1669060 1480
1669070 1485
1669080 1485
1669090 1489
1669100 1493
1669110 1493
1669120 1497
1669130 1500
1669140 1500
1669150 1502
1669160 1503
1669170 1503
1669180 1506
1669190 1508
1669200 1508
1669210 1510
1669220 1512
1669230 1512
1669240 1515
1669250 1519
1669260 1519
1669270 1522
1669280 1526
1669290 1526
1669300 1530
1669310 1535
1669320 1538
1669330 1538
1669340 1543
1669350 1548
1669360 1548
1669370 1554
1669380 1560
1669390 1560
1669400 1567
1669410 1569
1669420 1569
1669430 1576
1669440 1582
1669450 1582
1669460 1587
1669470 1594
1669480 1594
1669490 1597
1669500 1601
1669510 1601
1669520 1606
1669530 1610
1669540 1610
1669550 1613
1669560 1615
1669570 1615
1669580 1619
1669590 1623
1669600 1623
1669610 1628
1669620 1632
1669630 1632
1669640 1637
1669650 1640
1669660 1641
1669670 1641
1669680 1639
1669690 1638
1669700 1638
1669710 1637
1669720 1636
1669730 1636
1669740 1635
1669750 1632
1669760 1632
1669770 1629
1669780 1626
1669790 1626
1669800 1622
1669810 1619
1669820 1619
1669830 1615
1669840 1611
1669850 1611
1669860 1607
1669870 1599
1669880 1599
1669890 1593
1669900 1586
1669910 1586
1669920 1581
1669930 1576
1669940 1576
1669950 1570
1669960 1566
1669970 1566
1669980 1562
1669990 1557
1670000 1553
1670010 1553
1670020 1549
1670030 1545
1670040 1545
1670050 1541
1670060 1537
1670070 1537
1670080 1534
1670090 1530
1670100 1530
1670110 1526
1670120 1522
1670130 1522
1670140 1518
1670150 1514
1670160 1514
1670170 1509
1670180 1504
1670190 1504
1670200 1499
1670210 1494
1670220 1494
1670230 1490
1670240 1484
1670250 1484
1670260 1478
1670270 1472
1670280 1472
1670290 1465
1670300 1457
1670310 1457
1670320 1450
1670330 1441
1670340 1433
1670350 1433
1670360 1425
1670370 1424
1670380 1424
1670390 1421
1670400 1418
1670410 1418
1670420 1420
1670430 1422
1670440 1422
1670450 1425
1670460 1427
1670470 1427
1670480 1430
1670490 1432
1670500 1432
1670510 1435
1670520 1437
1670530 1437
1670540 1439
1670550 1440
1670560 1440
1670570 1439
1670580 1437
1670590 1437
1670600 1434
1670610 1431
1670620 1431
1670630 1427
1670640 1422
1670650 1422
1670660 1416
1670670 1411
1670680 1411
1670690 1404
1670700 1397
1670710 1390
1670720 1390
1670730 1383
1670740 1379
1670750 1379
1670760 1377
1670770 1377
1670780 1377
1670790 1376
1670800 1375
1670810 1375
1670820 1374
1670830 1372
1670840 1372
1670850 1372
1670860 1371
1670870 1371
1670880 1371
1670890 1370
1670900 1370
1670910 1369
1670920 1368
1670930 1368
1670940 1367
1670950 1364
1670960 1364
1670970 1361
1670980 1358
1670990 1358
1671000 1355
1671010 1349
1671020 1349
1671030 1343
1671040 1339
1671050 1331
1671060 1331
1671070 1325
1671080 1318
1671090 1318
1671100 1311
1671110 1302
1671120 1302
1671130 1294
1671140 1289
1671150 1289
1671160 1288
1671170 1289
1671180 1289
1671190 1289
1671200 1285
1671210 1285
1671220 1282
1671230 1284
1671240 1284
1671250 1285
1671260 1280
1671270 1280
1671280 1277
1671290 1273
1671300 1273
1671310 1267
1671320 1260
1671330 1260
1671340 1252
1671350 1243
1671360 1243
1671370 1236
1671380 1237
1671390 1237
1671400 1237
1671410 1237
1671420 1235
1671430 1235
1671440 1231
1671450 1226
1671460 1226
1671470 1220
1671480 1213
1671490 1213
1671500 1207
1671510 1200
1671520 1200
1671530 1193
1671540 1187
1671550 1187
1671560 1180
1671570 1174
1671580 1174
1671590 1171
1671600 1167
1671610 1167
1671620 1163
1671630 1164
1671640 1164
1671650 1163
1671660 1161
1671670 1161
1671680 1159
1671690 1159
1671700 1159
1671710 1158
1671720 1157
1671730 1157
1671740 1157
1671750 1156
1671760 1153
1671770 1153
1671780 1149
1671790 1144
1671800 1144
1671810 1139
1671820 1134
1671830 1134
1671840 1129
1671850 1124
1671860 1124
1671870 1119
1671880 1115
1671890 1115
1671900 1115
1671910 1114
1671920 1114
1671930 1116
1671940 1118
1671950 1118
1671960 1121
1671970 1126
1671980 1126
1671990 1130
1672000 1135
1672010 1135
1672020 1139
1672030 1143
1672040 1143
1672050 1150
1672060 1157
1672070 1164
1672080 1164
1672090 1170
1672100 1175
1672110 1175
1672120 1179
1672130 1180
1672140 1180
1672150 1181
1672160 1181
1672170 1181
1672180 1183
1672190 1187
1672200 1187
1672210 1191
1672220 1194
1672230 1194
1672240 1196
1672250 1198
1672260 1198
1672270 1202
1672280 1207
1672290 1207
1672300 1214
1672310 1214
1672320 1214
1672330 1218
1672340 1223
1672350 1223
1672360 1228
1672370 1229
1672380 1229
1672390 1224
1672400 1220
1672410 1219
1672420 1219
1672430 1221
1672440 1224
1672450 1224
1672460 1229
1672470 1234
1672480 1234
1672490 1239
1672500 1243
1672510 1243
1672520 1247
1672530 1250
1672540 1250
1672550 1253
1672560 1252
1672570 1252
1672580 1251
1672590 1250
1672600 1250
1672610 1248
1672620 1246
1672630 1246
1672640 1244
1672650 1241
1672660 1241
1672670 1238
1672680 1233
1672690 1233
1672700 1227
1672710 1221
1672720 1221
1672730 1216
1672740 1210
1672750 1205
1672760 1205
1672770 1200
1672780 1194
1672790 1194
1672800 1188
1672810 1183
1672820 1183
1672830 1176
1672840 1170
1672850 1170
1672860 1164
1672870 1156
1672880 1156
1672890 1149
1672900 1147
1672910 1147
1672920 1142
1672930 1135
1672940 1135
1672950 1128
1672960 1124
1672970 1124
1672980 1121
1672990 1118
1673000 1118
1673010 1115
1673020 1112
1673030 1112
1673040 1108
1673050 1105
1673060 1105
1673070 1103
1673080 1104
1673090 1104
1673100 1103
1673110 1103
1673120 1104
1673130 1104
1673140 1106
1673150 1107
1673160 1107
1673170 1115
1673180 1122
1673190 1122
1673200 1129
1673210 1134
1673220 1134
1673230 1141
1673240 1148
1673250 1148
1673260 1154
1673270 1158
1673280 1158
1673290 1163
1673300 1166
1673310 1166
1673320 1168
1673330 1171
1673340 1171
1673350 1173
1673360 1175
1673370 1175
1673380 1177
1673390 1180
1673400 1180
1673410 1183
1673420 1187
1673430 1187
1673440 1191
1673450 1196
1673460 1200
1673470 1200
1673480 1205
1673490 1211
1673500 1211
1673510 1214
1673520 1218
1673530 1218
1673540 1222
1673550 1227
1673560 1227
1673570 1231
1673580 1235
1673590 1235
1673600 1239
1673610 1244
1673620 1244
1673630 1248
1673640 1253
1673650 1253
1673660 1258
1673670 1263
1673680 1263
1673690 1268
1673700 1273
1673710 1273
1673720 1277
1673730 1283
1673740 1283
1673750 1287
1673760 1292
1673770 1292
1673780 1297
1673790 1301
1673800 1306
1673810 1306
1673820 1311
1673830 1316
1673840 1316
1673850 1321
1673860 1326
1673870 1326
1673880 1331
1673890 1334
1673900 1334
1673910 1338
1673920 1341
1673930 1341
1673940 1344
1673950 1346
1673960 1346
1673970 1348
1673980 1350
1673990 1350
1674000 1353
1674010 1356
1674020 1356
1674030 1358
1674040 1360
1674050 1360
1674060 1359
1674070 1358
1674080 1358
1674090 1356
1674100 1350
1674110 1350
1674120 1344
1674130 1338
1674140 1331
1674150 1331
1674160 1324
1674170 1319
1674180 1319
1674190 1312
1674200 1306
1674210 1306
1674220 1300
1674230 1295
1674240 1295
1674250 1289
1674260 1283
1674270 1283
1674280 1278
1674290 1272
1674300 1272
1674310 1266
1674320 1262
1674330 1262
1674340 1258
1674350 1255
1674360 1255
1674370 1252
1674380 1247
1674390 1247
1674400 1241
1674410 1236
1674420 1236
1674430 1235
1674440 1230
1674450 1230
1674460 1229
1674470 1226
1674480 1223
1674490 1223
1674500 1220
1674510 1216
1674520 1216
1674530 1212
1674540 1211
1674550 1211
1674560 1209
1674570 1205
1674580 1205
1674590 1202
1674600 1198
1674610 1198
1674620 1196
1674630 1194
1674640 1194
1674650 1191
1674660 1189
1674670 1189
1674680 1186
1674690 1184
1674700 1184
1674710 1182
1674720 1181
1674730 1181
1674740 1180
1674750 1179
1674760 1179
1674770 1178
1674780 1178
1674790 1178
1674800 1177
1674810 1176
1674820 1175
1674830 1175
1674840 1174
1674850 1170
1674860 1170
1674870 1167
1674880 1162
1674890 1162
1674900 1158
1674910 1152
1674920 1152
1674930 1148
1674940 1145
1674950 1145
1674960 1141
1674970 1137
1674980 1137
1674990 1134
1675000 1130
1675010 1130
1675020 1126
1675030 1121
1675040 1121
1675050 1116
1675060 1112
1675070 1112
1675080 1107
1675090 1106
1675100 1106
1675110 1102
1675120 1100
1675130 1100
1675140 1098
1675150 1094
1675160 1092
1675170 1092
1675180 1089
1675190 1085
1675200 1085
1675210 1082
1675220 1082
1675230 1082
1675240 1079
1675250 1076
1675260 1076
1675270 1070
1675280 1067
1675290 1067
1675300 1066
1675310 1065
1675320 1065
1675330 1063
1675340 1061
1675350 1061
1675360 1060
1675370 1059
1675380 1059
1675390 1056
1675400 1053
1675410 1053
1675420 1050
1675430 1049
1675440 1049
1675450 1047
1675460 1041
1675470 1041
1675480 1037
1675490 1034
1675500 1032
1675510 1032
1675520 1031
1675530 1030
1675540 1030
1675550 1028
1675560 1025
1675570 1025
1675580 1022
1675590 1026
1675600 1026
1675610 1024
1675620 1022
1675630 1022
1675640 1020
1675650 1018
1675660 1018
1675670 1016
1675680 1014
1675690 1014
1675700 1012
1675710 1011
1675720 1011
1675730 1009
1675740 1008
1675750 1008
1675760 1006
1675770 1004
1675780 1004
1675790 1003
1675800 1001
1675810 1001
1675820 999
1675830 998
1675840 998
1675850 997
1675860 995
1675870 993
1675880 993
1675890 992
1675900 990
1675910 990
1675920 988
1675930 986
1675940 986
1675950 985
1675960 983
1675970 983
1675980 982
1675990 980
1676000 980
1676010 978
1676020 976
1676030 976
1676040 975
1676050 973
1676060 973
1676070 971
1676080 969
1676090 969
1676100 967
1676110 966
1676120 966
1676130 965
1676140 963
1676150 963
1676160 961
1676170 960
1676180 960
1676190 959
1676200 957
1676210 956
1676220 956
1676230 955
1676240 953
1676250 953
1676260 952
1676270 950
1676280 950
1676290 948
1676300 947
1676310 947
1676320 945
1676330 944
1676340 944
1676350 943
1676360 941
1676370 941
1676380 938
1676390 938
1676400 938
1676410 937
1676420 935
1676430 935
1676440 934
1676450 933
1676460 933
1676470 932
1676480 930
1676490 930
1676500 928
1676510 927
1676520 927
1676530 924
1676540 924
1676550 923
1676560 923
1676570 921
1676580 921
1676590 921
1676600 918
1676610 917
1676620 917
1676630 915
1676640 916
1676650 916
1676660 914
1676670 912
1676680 912
1676690 913
1676700 911
1676710 911
1676720 910
1676730 911
1676740 911
1676750 911
1676760 910
1676770 910
1676780 909
1676790 908
1676800 908
1676810 907
1676820 904
1676830 904
1676840 903
1676850 898
1676860 898
1676870 895
1676880 889
1676890 883
1676900 883
1676910 878
1676920 874
1676930 874
1676940 871
1676950 868
1676960 868
1676970 867
1676980 864
1676990 864
1677000 861
1677010 857
1677020 857
1677030 856
1677040 852
1677050 852
1677060 850
1677070 846
1677080 846
1677090 845
1677100 844
1677110 844
1677120 841
1677130 837
1677140 837
1677150 833
1677160 830
1677170 830
1677180 828
1677190 825
1677200 825
1677210 823
1677220 820
1677230 818
1677240 818
1677250 815
1677260 813
1677270 813
1677280 811
1677290 809
1677300 809
1677310 806
1677320 803
1677330 803
1677340 800
1677350 797
1677360 797
1677370 794
1677380 792
1677390 792
1677400 790
1677410 788
1677420 788
1677430 786
1677440 785
1677450 785
1677460 784
1677470 783
1677480 783
1677490 781
1677500 778
1677510 778
1677520 777
1677530 775
1677540 775
1677550 773
1677560 771
1677570 769
1677580 769
1677590 768
1677600 766
1677610 766
1677620 765
1677630 764
1677640 764
1677650 763
1677660 761
1677670 761
1677680 760
1677690 759
1677700 759
1677710 758
1677720 757
1677730 757
1677740 756
1677750 755
1677760 755
1677770 755
1677780 754
1677790 754
1677800 753
1677810 752
1677820 752
1677830 752
1677840 751
1677850 751
1677860 751
1677870 750
1677880 750
1677890 749
1677900 748
1677910 748
1677920 748
1677930 748
1677940 747
1677950 747
1677960 747
1677970 746
1677980 746
1677990 746
1678000 746
1678010 746
1678020 746
1678030 746
1678040 746
1678050 746
1678060 745
1678070 745
1678080 745
1678090 745
1678100 745
1678110 745
1678120 745
1678130 745
1678140 744
1678150 745
1678160 745
1678170 744
1678180 744
1678190 744
1678200 744
1678210 743
1678220 743
1678230 743
1678240 743
1678250 743
1678260 743
1678270 743
1678280 743
1678290 743
1678300 742
1678310 743
1678320 743
1678330 743
1678340 743
1678350 743
1678360 743
1678370 743
1678380 743
1678390 743
1678400 743
1678410 743
1678420 743
1678430 743
1678440 743
1678450 743
1678460 743
1678470 743
1678480 745
1678490 744
1678500 744
1678510 744
1678520 743
1678530 743
1678540 743
1678550 743
1678560 743
1678570 744
1678580 744
1678590 744
1678600 745
1678610 746
1678620 752
1678630 752
1678640 760
1678650 762
1678660 762
1678670 765
1678680 771
1678690 771
1678700 769
1678710 773
1678720 773
1678730 778
1678740 784
1678750 784
1678760 787
1678770 789
1678780 789
1678790 793
1678800 796
1678810 796
1678820 795
1678830 796
1678840 796
1678850 796
1678860 797
1678870 797
1678880 798
1678890 799
1678900 799
1678910 802
1678920 806
1678930 806
1678940 810
1678950 813
1678960 816
1678970 816
1678980 821
1678990 825
1679000 825
1679010 830
1679020 835
1679030 835
1679040 839
1679050 843
1679060 843
1679070 847
1679080 851
1679090 851
1679100 856
1679110 861
1679120 861
1679130 867
1679140 872
1679150 872
1679160 875
1679170 878
1679180 878
1679190 882
1679200 885
1679210 885
1679220 888
1679230 890
1679240 890
1679250 894
1679260 895
1679270 895
1679280 899
1679290 905
1679300 909
1679310 909
1679320 913
1679330 916
1679340 916
1679350 920
1679360 925
1679370 925
1679380 932
1679390 936
1679400 936
1679410 941
1679420 946
1679430 946
1679440 951
1679450 955
1679460 955
1679470 959
1679480 962
1679490 962
1679500 966
1679510 972
1679520 972
1679530 977
1679540 983
1679550 983
1679560 987
1679570 992
1679580 992
1679590 997
1679600 1000
1679610 1000
1679620 1006
1679630 1010
1679640 1014
1679650 1014
1679660 1019
1679670 1023
1679680 1023
1679690 1028
1679700 1032
1679710 1032
1679720 1036
1679730 1040
1679740 1040
1679750 1044
1679760 1048
1679770 1048
1679780 1052
1679790 1056
1679800 1056
1679810 1060
1679820 1063
1679830 1063
1679840 1063
1679850 1063
1679860 1063
1679870 1061
1679880 1059
1679890 1059
1679900 1058
1679910 1058
1679920 1058
1679930 1058
1679940 1057
1679950 1057
1679960 1057
1679970 1057
1679980 1063
1679990 1063
