1660000 1128
1660010 1128
1660020 1132
1660030 1132
1660040 1139
1660050 1139
1660060 1139
1660070 1138
1660080 1137
1660090 1137
1660100 1138
1660110 1136
1660120 1136
1660130 1136
1660140 1136
1660150 1135
1660160 1135
1660170 1135
1660180 1134
1660190 1134
1660200 1134
1660210 1134
1660220 1134
1660230 1131
1660240 1126
1660250 1126
1660260 1119
1660270 1112
1660280 1112
1660290 1107
1660300 1104
1660310 1104
1660320 1104
1660330 1104
1660340 1104
1660350 1106
1660360 1100
1660370 1100
1660380 1094
1660390 1090
1660400 1090
1660410 1090
1660420 1090
1660430 1090
1660440 1090
1660450 1090
1660460 1090
1660470 1089
1660480 1083
1660490 1078
1660500 1078
1660510 1073
1660520 1066
1660530 1066
1660540 1063
1660550 1057
1660560 1057
1660570 1054
1660580 1050
1660590 1050
1660600 1046
1660610 1044
1660620 1044
1660630 1043
1660640 1042
1660650 1042
1660660 1040
1660670 1040
1660680 1040
1660690 1038
1660700 1036
1660710 1036
1660720 1034
1660730 1032
1660740 1032
1660750 1032
1660760 1033
1660770 1033
1660780 1034
1660790 1033
1660800 1033
1660810 1034
1660820 1035
1660830 1034
1660840 1034
1660850 1034
1660860 1032
1660870 1032
1660880 1032
1660890 1033
1660900 1033
1660910 1033
1660920 1033
1660930 1033
1660940 1034
1660950 1034
1660960 1034
1660970 1034
1660980 1034
1660990 1034
1661000 1034
1661010 1034
1661020 1034
1661030 1035
1661040 1035
1661050 1035
1661060 1035
1661070 1035
1661080 1035
1661090 1035
1661100 1035
1661110 1035
1661120 1034
1661130 1034
1661140 1034
1661150 1034
1661160 1034
1661170 1034
1661180 1035
1661190 1035
1661200 1035
1661210 1035
1661220 1035
1661230 1034
1661240 1034
1661250 1034
1661260 1034
1661270 1034
1661280 1035
1661290 1029
1661300 1029
1661310 1023
1661320 1017
1661330 1017
1661340 1014
1661350 1012
1661360 1012
1661370 1009
1661380 1008
1661390 1008
1661400 1007
1661410 1005
1661420 1005
1661430 1005
1661440 1004
1661450 1004
1661460 1003
1661470 1002
1661480 1002
1661490 1001
1661500 1000
1661510 1000
1661520 1000
1661530 1000
1661540 1000
1661550 1000
1661560 1001
1661570 998
1661580 998
1661590 994
1661600 990
1661610 990
1661620 984
1661630 984
1661640 984
1661650 982
1661660 982
1661670 982
1661680 982
1661690 982
1661700 982
1661710 982
1661720 982
1661730 982
1661740 983
1661750 980
1661760 980
1661770 976
1661780 971
1661790 971
1661800 970
1661810 969
1661820 969
1661830 969
1661840 970
1661850 970
1661860 970
1661870 970
1661880 970
1661890 969
1661900 969
1661910 969
1661920 969
1661930 969
1661940 969
1661950 969
1661960 971
1661970 974
1661980 974
1661990 975
1662000 975
1662010 975
1662020 975
1662030 971
1662040 971
1662050 977
1662060 984
1662070 984
1662080 992
1662090 997
1662100 997
1662110 1002
1662120 1006
1662130 1006
1662140 1011
1662150 1014
1662160 1014
1662170 1020
1662180 1025
1662190 1025
1662200 1030
1662210 1035
1662220 1035
1662230 1041
1662240 1046
1662250 1053
1662260 1053
1662270 1060
1662280 1062
1662290 1062
1662300 1063
1662310 1061
1662320 1061
1662330 1060
1662340 1056
1662350 1056
1662360 1054
1662370 1050
1662380 1050
1662390 1048
1662400 1047
1662410 1047
1662420 1047
1662430 1051
1662440 1051
1662450 1053
1662460 1056
1662470 1056
1662480 1060
1662490 1065
1662500 1065
1662510 1072
1662520 1079
1662530 1079
1662540 1087
1662550 1095
1662560 1095
1662570 1102
1662580 1108
1662590 1108
1662600 1117
1662610 1125
1662620 1133
1662630 1133
1662640 1149
1662650 1159
1662660 1159
1662670 1164
1662680 1167
1662690 1167
1662700 1171
1662710 1176
1662720 1176
1662730 1180
1662740 1184
1662750 1184
1662760 1188
1662770 1190
1662780 1190
1662790 1192
1662800 1193
1662810 1193
1662820 1192
1662830 1191
1662840 1191
1662850 1194
1662860 1198
1662870 1198
1662880 1200
1662890 1203
1662900 1203
1662910 1205
1662920 1209
1662930 1209
1662940 1211
1662950 1214
1662960 1216
1662970 1216
1662980 1217
1662990 1217
1663000 1217
1663010 1212
1663020 1210
1663030 1210
1663040 1210
1663050 1212
1663060 1212
1663070 1218
1663080 1227
1663090 1227
1663100 1232
1663110 1243
1663120 1243
1663130 1253
1663140 1261
1663150 1261
1663160 1268
1663170 1273
1663180 1273
1663190 1278
1663200 1283
1663210 1283
1663220 1289
1663230 1296
1663240 1296
1663250 1301
1663260 1308
1663270 1308
1663280 1314
1663290 1320
1663300 1325
1663310 1325
1663320 1330
1663330 1335
1663340 1335
1663350 1340
1663360 1345
1663370 1345
1663380 1349
1663390 1351
1663400 1351
1663410 1354
1663420 1356
1663430 1356
1663440 1357
1663450 1358
1663460 1358
1663470 1358
1663480 1357
1663490 1357
1663500 1355
1663510 1353
1663520 1353
1663530 1349
1663540 1347
1663550 1347
1663560 1343
1663570 1339
1663580 1339
1663590 1336
1663600 1335
1663610 1335
1663620 1336
1663630 1335
1663640 1335
1663650 1333
1663660 1329
1663670 1329
1663680 1329
1663690 1328
1663700 1335
1663710 1335
1663720 1344
1663730 1351
1663740 1351
1663750 1361
1663760 1368
1663770 1368
1663780 1369
1663790 1368
1663800 1368
1663810 1369
1663820 1373
1663830 1373
1663840 1375
1663850 1378
1663860 1378
1663870 1387
1663880 1397
1663890 1397
1663900 1405
1663910 1414
1663920 1414
1663930 1422
1663940 1428
1663950 1428
1663960 1433
1663970 1437
1663980 1437
1663990 1440
1664000 1442
1664010 1444
1664020 1444
1664030 1445
1664040 1446
1664050 1446
1664060 1447
1664070 1449
1664080 1449
1664090 1457
1664100 1466
1664110 1466
1664120 1476
1664130 1488
1664140 1488
1664150 1498
1664160 1506
1664170 1506
1664180 1512
1664190 1519
1664200 1519
1664210 1525
1664220 1532
1664230 1532
1664240 1540
1664250 1548
1664260 1548
1664270 1556
1664280 1562
1664290 1562
1664300 1569
1664310 1575
1664320 1575
1664330 1579
1664340 1584
1664350 1584
1664360 1590
1664370 1598
1664380 1605
1664390 1605
1664400 1611
1664410 1617
1664420 1617
1664430 1623
1664440 1629
1664450 1629
1664460 1635
1664470 1642
1664480 1642
1664490 1649
1664500 1655
1664510 1655
1664520 1661
1664530 1667
1664540 1667
1664550 1674
1664560 1681
1664570 1681
1664580 1688
1664590 1697
1664600 1697
1664610 1702
1664620 1707
1664630 1707
1664640 1714
1664650 1720
1664660 1720
1664670 1727
1664680 1733
1664690 1733
1664700 1740
1664710 1747
1664720 1753
1664730 1753
1664740 1759
1664750 1765
1664760 1765
1664770 1772
1664780 1778
1664790 1778
1664800 1785
1664810 1791
1664820 1791
1664830 1797
1664840 1803
1664850 1803
1664860 1808
1664870 1813
1664880 1813
1664890 1819
1664900 1823
1664910 1823
1664920 1828
1664930 1831
1664940 1831
1664950 1835
1664960 1837
1664970 1837
1664980 1837
1664990 1835
1665000 1835
1665010 1834
1665020 1833
1665030 1833
1665040 1831
1665050 1829
1665060 1829
1665070 1827
1665080 1824
1665090 1822
1665100 1822
1665110 1820
1665120 1817
1665130 1817
1665140 1814
1665150 1812
1665160 1812
1665170 1808
1665180 1805
1665190 1805
1665200 1802
1665210 1799
1665220 1799
1665230 1796
1665240 1793
1665250 1793
1665260 1789
1665270 1785
1665280 1785
1665290 1783
1665300 1781
1665310 1781
1665320 1782
1665330 1781
1665340 1781
1665350 1781
1665360 1783
1665370 1783
1665380 1788
1665390 1792
1665400 1792
1665410 1796
1665420 1800
1665430 1803
1665440 1803
1665450 1807
1665460 1811
1665470 1811
1665480 1816
1665490 1820
1665500 1820
1665510 1823
1665520 1827
1665530 1827
1665540 1831
1665550 1834
1665560 1834
1665570 1838
1665580 1842
1665590 1842
1665600 1846
1665610 1850
1665620 1850
1665630 1853
1665640 1855
1665650 1855
1665660 1857
1665670 1859
1665680 1859
1665690 1854
1665700 1845
1665710 1845
1665720 1835
1665730 1827
1665740 1827
1665750 1822
1665760 1815
1665770 1809
1665780 1809
1665790 1803
1665800 1799
1665810 1799
1665820 1797
1665830 1789
1665840 1789
1665850 1783
1665860 1780
1665870 1780
1665880 1778
1665890 1783
1665900 1783
1665910 1777
1665920 1772
1665930 1772
1665940 1769
1665950 1766
1665960 1766
1665970 1760
1665980 1753
1665990 1753
1666000 1751
1666010 1755
1666020 1755
1666030 1758
1666040 1751
1666050 1751
1666060 1749
1666070 1756
1666080 1756
1666090 1752
1666100 1755
1666110 1755
1666120 1763
1666130 1762
1666140 1755
1666150 1755
1666160 1746
1666170 1739
1666180 1739
1666190 1733
1666200 1728
1666210 1728
1666220 1724
1666230 1716
1666240 1716
1666250 1712
1666260 1715
1666270 1715
1666280 1715
1666290 1710
1666300 1710
1666310 1705
1666320 1699
1666330 1699
1666340 1694
1666350 1688
1666360 1688
1666370 1685
1666380 1678
1666390 1678
1666400 1673
1666410 1667
1666420 1667
1666430 1662
1666440 1656
1666450 1656
1666460 1652
1666470 1648
1666480 1643
1666490 1643
1666500 1637
1666510 1633
1666520 1633
1666530 1629
1666540 1625
1666550 1625
1666560 1621
1666570 1616
1666580 1616
1666590 1611
1666600 1607
1666610 1607
1666620 1603
1666630 1600
1666640 1600
1666650 1596
1666660 1592
1666670 1592
1666680 1589
1666690 1586
1666700 1586
1666710 1584
1666720 1582
1666730 1582
1666740 1579
1666750 1577
1666760 1577
1666770 1574
1666780 1571
1666790 1571
1666800 1568
1666810 1565
1666820 1565
1666830 1562
1666840 1559
1666850 1557
1666860 1557
1666870 1555
1666880 1553
1666890 1553
1666900 1551
1666910 1549
1666920 1549
1666930 1545
1666940 1540
1666950 1540
1666960 1535
1666970 1532
1666980 1532
1666990 1526
1667000 1522
1667010 1522
1667020 1516
1667030 1509
1667040 1509
1667050 1501
1667060 1499
1667070 1499
1667080 1495
1667090 1487
1667100 1487
1667110 1482
1667120 1477
1667130 1477
1667140 1472
1667150 1474
1667160 1474
1667170 1480
1667180 1479
1667190 1479
1667200 1479
1667210 1478
1667220 1484
1667230 1484
1667240 1486
1667250 1488
1667260 1488
1667270 1486
1667280 1482
1667290 1482
1667300 1488
1667310 1492
1667320 1492
1667330 1496
1667340 1500
1667350 1500
1667360 1502
1667370 1503
1667380 1503
1667390 1505
1667400 1507
1667410 1507
1667420 1508
1667430 1509
1667440 1509
1667450 1510
1667460 1510
1667470 1510
1667480 1510
1667490 1509
1667500 1509
1667510 1508
1667520 1508
1667530 1508
1667540 1505
1667550 1501
1667560 1493
1667570 1493
1667580 1498
1667590 1495
1667600 1495
1667610 1499
1667620 1505
1667630 1505
1667640 1511
1667650 1516
1667660 1516
1667670 1522
1667680 1528
1667690 1528
1667700 1533
1667710 1541
1667720 1541
1667730 1547
1667740 1553
1667750 1553
1667760 1559
1667770 1566
1667780 1566
1667790 1572
1667800 1579
1667810 1579
1667820 1585
1667830 1590
1667840 1590
1667850 1594
1667860 1599
1667870 1599
1667880 1603
1667890 1607
1667900 1611
1667910 1611
1667920 1615
1667930 1621
1667940 1621
1667950 1623
1667960 1628
1667970 1628
1667980 1635
1667990 1644
1668000 1644
1668010 1655
1668020 1661
1668030 1661
1668040 1669
1668050 1676
1668060 1676
1668070 1690
1668080 1695
1668090 1695
1668100 1698
1668110 1710
1668120 1710
1668130 1735
1668140 1715
1668150 1715
1668160 1721
1668170 1732
1668180 1732
1668190 1730
1668200 1732
1668210 1732
1668220 1734
1668230 1736
1668240 1739
1668250 1739
1668260 1742
1668270 1743
1668280 1743
1668290 1745
1668300 1746
1668310 1746
1668320 1752
1668330 1759
1668340 1759
1668350 1766
1668360 1770
1668370 1770
1668380 1772
1668390 1772
1668400 1772
1668410 1774
1668420 1775
1668430 1775
1668440 1776
1668450 1777
1668460 1777
1668470 1779
1668480 1779
1668490 1779
1668500 1781
1668510 1784
1668520 1784
1668530 1784
1668540 1786
1668550 1786
1668560 1788
1668570 1790
1668580 1790
1668590 1792
1668600 1793
1668610 1795
1668620 1795
1668630 1797
1668640 1798
1668650 1798
1668660 1801
1668670 1803
1668680 1803
1668690 1806
1668700 1808
1668710 1808
1668720 1810
1668730 1813
1668740 1813
1668750 1816
1668760 1819
1668770 1819
1668780 1822
1668790 1825
1668800 1825
1668810 1828
1668820 1832
1668830 1832
1668840 1835
1668850 1839
1668860 1839
1668870 1843
1668880 1847
1668890 1847
1668900 1852
1668910 1857
1668920 1857
1668930 1860
1668940 1865
1668950 1869
1668960 1869
1668970 1873
1668980 1877
1668990 1877
1669000 1882
1669010 1886
1669020 1886
1669030 1890
1669040 1895
1669050 1895
1669060 1899
1669070 1903
1669080 1903
1669090 1907
1669100 1912
1669110 1912
1669120 1915
1669130 1919
1669140 1919
1669150 1922
1669160 1925
1669170 1925
1669180 1928
1669190 1931
1669200 1931
1669210 1933
1669220 1934
1669230 1934
1669240 1938
1669250 1941
1669260 1941
1669270 1944
1669280 1946
1669290 1946
1669300 1947
1669310 1948
1669320 1948
1669330 1948
1669340 1947
1669350 1946
1669360 1946
1669370 1946
1669380 1946
1669390 1946
1669400 1947
1669410 1947
1669420 1947
1669430 1948
1669440 1950
1669450 1950
1669460 1954
1669470 1957
1669480 1957
1669490 1961
1669500 1964
1669510 1964
1669520 1967
1669530 1970
1669540 1970
1669550 1972
1669560 1972
1669570 1972
1669580 1972
1669590 1972
1669600 1972
1669610 1972
1669620 1971
1669630 1971
1669640 1969
1669650 1969
1669660 1969
1669670 1969
1669680 1971
1669690 1974
1669700 1974
1669710 1977
1669720 1979
1669730 1979
1669740 1980
1669750 1985
1669760 1985
1669770 1992
1669780 1998
1669790 1998
1669800 1981
1669810 1972
1669820 1972
1669830 1967
1669840 1962
1669850 1962
1669860 1955
1669870 1949
1669880 1949
1669890 1944
1669900 1940
1669910 1940
1669920 1935
1669930 1929
1669940 1929
1669950 1923
1669960 1918
1669970 1918
1669980 1914
1669990 1913
1670000 1913
1670010 1912
1670020 1911
1670030 1911
1670040 1911
1670050 1913
1670060 1917
1670070 1917
1670080 1922
1670090 1937
1670100 1937
1670110 1941
1670120 1953
1670130 1953
1670140 1963
1670150 1970
1670160 1970
1670170 1960
1670180 1959
1670190 1959
1670200 1961
1670210 1962
1670220 1962
1670230 1998
1670240 2024
1670250 2024
1670260 2024
1670270 2024
1670280 2024
1670290 2032
1670300 2026
1670310 2026
1670320 2019
1670330 2012
1670340 2012
1670350 2005
1670360 1999
1670370 1995
1670380 1995
1670390 1990
1670400 1984
1670410 1984
1670420 1982
1670430 1973
1670440 1973
1670450 1984
1670460 1994
1670470 1994
1670480 2009
1670490 2052
1670500 2052
1670510 2057
1670520 2055
1670530 2055
1670540 2062
1670550 2064
1670560 2064
1670570 2056
1670580 2044
1670590 2044
1670600 2005
1670610 1941
1670620 1941
1670630 1928
1670640 1917
1670650 1917
1670660 1905
1670670 1898
1670680 1898
1670690 1897
1670700 1888
1670710 1880
1670720 1880
1670730 1873
1670740 1865
1670750 1865
1670760 1857
1670770 1851
1670780 1851
1670790 1851
1670800 1846
1670810 1846
1670820 1843
1670830 1839
1670840 1839
1670850 1835
1670860 1831
1670870 1831
1670880 1828
1670890 1825
1670900 1825
1670910 1809
1670920 1799
1670930 1799
1670940 1800
1670950 1816
1670960 1816
1670970 1828
1670980 1834
1670990 1834
1671000 1845
1671010 1843
1671020 1843
1671030 1846
1671040 1839
1671050 1839
1671060 1828
1671070 1815
1671080 1808
1671090 1808
1671100 1815
1671110 1825
1671120 1825
1671130 1831
1671140 1834
1671150 1834
1671160 1834
1671170 1834
1671180 1834
1671190 1835
1671200 1837
1671210 1837
1671220 1835
1671230 1838
1671240 1838
1671250 1851
1671260 1885
1671270 1885
1671280 1911
1671290 1898
1671300 1898
1671310 1894
1671320 1894
1671330 1894
1671340 1917
1671350 1931
1671360 1931
1671370 1930
1671380 1934
1671390 1934
1671400 1934
1671410 1944
1671420 1945
1671430 1945
1671440 1944
1671450 1941
1671460 1941
1671470 1944
1671480 1943
1671490 1943
1671500 1945
1671510 1947
1671520 1947
1671530 1954
1671540 1960
1671550 1960
1671560 1966
1671570 1974
1671580 1974
1671590 1981
1671600 1983
1671610 1983
1671620 1983
1671630 1983
1671640 1983
1671650 1982
1671660 1981
1671670 1981
1671680 1981
1671690 1981
1671700 1981
1671710 1981
1671720 1981
1671730 1981
1671740 1980
1671750 1980
1671760 1980
1671770 1979
1671780 1977
1671790 1975
1671800 1975
1671810 1973
1671820 1971
1671830 1971
1671840 1968
1671850 1965
1671860 1965
1671870 1962
1671880 1958
1671890 1958
1671900 1954
1671910 1951
1671920 1951
1671930 1949
1671940 1946
1671950 1946
1671960 1944
1671970 1940
1671980 1940
1671990 1937
1672000 1934
1672010 1934
1672020 1931
1672030 1927
1672040 1927
1672050 1923
1672060 1919
1672070 1919
1672080 1914
1672090 1910
1672100 1910
1672110 1905
1672120 1900
1672130 1895
1672140 1895
1672150 1891
1672160 1887
1672170 1887
1672180 1882
1672190 1877
1672200 1877
1672210 1872
1672220 1869
1672230 1869
1672240 1865
1672250 1861
1672260 1861
1672270 1856
1672280 1851
1672290 1851
1672300 1845
1672310 1838
1672320 1838
1672330 1831
1672340 1825
1672350 1825
1672360 1818
1672370 1811
1672380 1811
1672390 1805
1672400 1800
1672410 1800
1672420 1803
1672430 1806
1672440 1806
1672450 1810
1672460 1814
1672470 1814
1672480 1819
1672490 1824
1672500 1828
1672510 1828
1672520 1830
1672530 1832
1672540 1832
1672550 1833
1672560 1835
1672570 1835
1672580 1836
1672590 1837
1672600 1837
1672610 1840
1672620 1841
1672630 1841
1672640 1843
1672650 1844
1672660 1844
1672670 1845
1672680 1847
1672690 1847
1672700 1849
1672710 1850
1672720 1850
1672730 1852
1672740 1853
1672750 1853
1672760 1854
1672770 1855
1672780 1855
1672790 1856
1672800 1857
1672810 1857
1672820 1857
1672830 1860
1672840 1855
1672850 1855
1672860 1848
1672870 1846
1672880 1846
1672890 1841
1672900 1843
1672910 1843
1672920 1844
1672930 1845
1672940 1845
1672950 1846
1672960 1847
1672970 1847
1672980 1849
1672990 1850
1673000 1850
1673010 1851
1673020 1852
1673030 1852
1673040 1854
1673050 1856
1673060 1856
1673070 1857
1673080 1859
1673090 1859
1673100 1861
1673110 1863
1673120 1863
1673130 1864
1673140 1865
1673150 1865
1673160 1864
1673170 1856
1673180 1844
1673190 1844
1673200 1836
1673210 1827
1673220 1827
1673230 1823
1673240 1819
1673250 1819
1673260 1804
1673270 1791
1673280 1791
1673290 1781
1673300 1777
1673310 1777
1673320 1770
1673330 1767
1673340 1767
1673350 1766
1673360 1758
1673370 1758
1673380 1752
1673390 1750
1673400 1750
1673410 1755
1673420 1763
1673430 1763
1673440 1766
1673450 1757
1673460 1757
1673470 1751
1673480 1748
1673490 1748
1673500 1746
1673510 1754
1673520 1754
1673530 1758
1673540 1766
1673550 1772
1673560 1772
1673570 1770
1673580 1749
1673590 1749
1673600 1743
1673610 1743
1673620 1743
1673630 1743
1673640 1752
1673650 1752
1673660 1742
1673670 1749
1673680 1749
1673690 1740
1673700 1730
1673710 1730
1673720 1734
1673730 1740
1673740 1740
1673750 1738
1673760 1741
1673770 1741
1673780 1747
1673790 1747
1673800 1747
1673810 1750
1673820 1745
1673830 1745
1673840 1747
1673850 1735
1673860 1735
1673870 1717
1673880 1706
1673890 1695
1673900 1695
1673910 1691
1673920 1685
1673930 1685
1673940 1688
1673950 1697
1673960 1697
1673970 1708
1673980 1698
1673990 1698
1674000 1683
1674010 1691
1674020 1691
1674030 1667
1674040 1658
1674050 1658
1674060 1621
1674070 1612
1674080 1612
1674090 1609
1674100 1633
1674110 1633
1674120 1643
1674130 1638
1674140 1638
1674150 1636
1674160 1618
1674170 1618
1674180 1602
1674190 1588
1674200 1588
1674210 1575
1674220 1564
1674230 1564
1674240 1571
1674250 1564
1674260 1545
1674270 1545
1674280 1557
1674290 1566
1674300 1566
1674310 1569
1674320 1567
1674330 1567
1674340 1578
1674350 1579
1674360 1579
1674370 1575
1674380 1559
1674390 1559
1674400 1529
1674410 1514
1674420 1514
1674430 1534
1674440 1550
1674450 1550
1674460 1556
1674470 1561
1674480 1561
1674490 1567
1674500 1572
1674510 1572
1674520 1580
1674530 1584
1674540 1584
1674550 1600
1674560 1605
1674570 1605
1674580 1597
1674590 1588
1674600 1581
1674610 1581
1674620 1571
1674630 1564
1674640 1564
1674650 1555
1674660 1547
1674670 1547
1674680 1541
1674690 1533
1674700 1533
1674710 1528
1674720 1523
1674730 1523
1674740 1520
1674750 1517
1674760 1517
1674770 1513
1674780 1523
1674790 1523
1674800 1513
1674810 1504
1674820 1504
1674830 1499
1674840 1497
1674850 1497
1674860 1488
1674870 1490
1674880 1490
1674890 1489
1674900 1490
1674910 1490
1674920 1498
1674930 1502
1674940 1512
1674950 1512
1674960 1519
1674970 1504
1674980 1504
1674990 1491
1675000 1479
1675010 1479
1675020 1468
1675030 1461
1675040 1461
1675050 1456
1675060 1457
1675070 1457
1675080 1452
1675090 1444
1675100 1444
1675110 1439
1675120 1433
1675130 1433
1675140 1423
1675150 1407
1675160 1407
1675170 1400
1675180 1395
1675190 1395
1675200 1390
1675210 1388
1675220 1388
1675230 1386
1675240 1384
1675250 1384
1675260 1382
1675270 1378
1675280 1378
1675290 1374
1675300 1371
1675310 1368
1675320 1368
1675330 1361
1675340 1359
1675350 1359
1675360 1358
1675370 1360
1675380 1360
1675390 1360
1675400 1360
1675410 1360
1675420 1362
1675430 1362
1675440 1362
1675450 1361
1675460 1362
1675470 1362
1675480 1355
1675490 1348
1675500 1348
1675510 1340
1675520 1334
1675530 1334
1675540 1326
1675550 1319
1675560 1319
1675570 1311
1675580 1304
1675590 1304
1675600 1296
1675610 1289
1675620 1289
1675630 1281
1675640 1273
1675650 1265
1675660 1265
1675670 1256
1675680 1241
1675690 1241
1675700 1228
1675710 1217
1675720 1217
1675730 1210
1675740 1203
1675750 1203
1675760 1196
1675770 1189
1675780 1189
1675790 1183
1675800 1176
1675810 1176
1675820 1170
1675830 1170
1675840 1170
1675850 1165
1675860 1156
1675870 1156
1675880 1152
1675890 1140
1675900 1140
1675910 1129
1675920 1120
1675930 1120
1675940 1103
1675950 1097
1675960 1097
1675970 1090
1675980 1083
1675990 1083
1676000 1075
1676010 1067
1676020 1060
1676030 1060
1676040 1052
1676050 1045
1676060 1045
1676070 1039
1676080 1033
1676090 1033
1676100 1027
1676110 1022
1676120 1022
1676130 1016
1676140 1011
1676150 1011
1676160 1005
1676170 999
1676180 999
1676190 993
1676200 989
1676210 989
1676220 986
1676230 984
1676240 984
1676250 981
1676260 979
1676270 979
1676280 978
1676290 974
1676300 974
1676310 971
1676320 967
1676330 967
1676340 965
1676350 963
1676360 960
1676370 960
1676380 956
1676390 953
1676400 953
1676410 951
1676420 955
1676430 955
1676440 955
1676450 952
1676460 952
1676470 948
1676480 944
1676490 944
1676500 939
1676510 939
1676520 939
1676530 940
1676540 940
1676550 940
1676560 938
1676570 918
1676580 918
1676590 912
1676600 906
1676610 906
1676620 898
1676630 891
1676640 891
1676650 880
1676660 866
1676670 866
1676680 859
1676690 843
1676700 843
1676710 828
1676720 817
1676730 810
1676740 810
1676750 802
1676760 796
1676770 796
1676780 789
1676790 783
1676800 783
1676810 778
1676820 773
1676830 773
1676840 770
1676850 767
1676860 767
1676870 765
1676880 763
1676890 763
1676900 760
1676910 758
1676920 758
1676930 753
1676940 752
1676950 752
1676960 751
1676970 750
1676980 750
1676990 750
1677000 750
1677010 750
1677020 750
1677030 750
1677040 750
1677050 750
1677060 751
1677070 751
1677080 751
1677090 751
1677100 751
1677110 751
1677120 751
1677130 752
1677140 752
1677150 752
1677160 752
1677170 752
1677180 752
1677190 753
1677200 753
1677210 753
1677220 753
1677230 753
1677240 753
1677250 754
1677260 754
1677270 754
1677280 754
1677290 754
1677300 754
1677310 755
1677320 755
1677330 755
1677340 755
1677350 755
1677360 755
1677370 755
1677380 755
1677390 756
1677400 756
1677410 756
1677420 756
1677430 757
1677440 757
1677450 757
1677460 757
1677470 758
1677480 758
1677490 758
1677500 758
1677510 758
1677520 759
1677530 759
1677540 759
1677550 759
1677560 759
1677570 759
1677580 760
1677590 760
1677600 760
1677610 760
1677620 761
1677630 761
1677640 761
1677650 762
1677660 762
1677670 762
1677680 763
1677690 763
1677700 763
1677710 763
1677720 763
1677730 764
1677740 764
1677750 764
1677760 764
1677770 764
1677780 765
1677790 765
1677800 765
1677810 766
1677820 766
1677830 766
1677840 766
1677850 766
1677860 766
1677870 767
1677880 767
1677890 767
1677900 767
1677910 767
1677920 768
1677930 768
1677940 768
1677950 768
1677960 769
1677970 769
1677980 769
1677990 769
1678000 769
1678010 770
1678020 770
1678030 770
1678040 770
1678050 771
1678060 771
1678070 771
1678080 772
1678090 772
1678100 772
1678110 773
1678120 773
1678130 773
1678140 774
1678150 774
1678160 774
1678170 774
1678180 775
1678190 775
1678200 775
1678210 775
1678220 775
1678230 776
1678240 776
1678250 776
1678260 777
1678270 777
1678280 777
1678290 778
1678300 778
1678310 778
1678320 778
1678330 779
1678340 779
1678350 779
1678360 780
1678370 780
1678380 780
1678390 781
1678400 781
1678410 781
1678420 781
1678430 781
1678440 781
1678450 781
1678460 781
1678470 781
1678480 781
1678490 782
1678500 782
1678510 784
1678520 784
1678530 784
1678540 785
1678550 786
1678560 786
1678570 786
1678580 793
1678590 793
1678600 797
1678610 798
1678620 798
1678630 800
1678640 802
1678650 802
1678660 806
1678670 810
1678680 810
1678690 811
1678700 816
1678710 816
1678720 817
1678730 817
1678740 817
1678750 819
1678760 820
1678770 820
1678780 823
1678790 826
1678800 826
1678810 829
1678820 832
1678830 837
1678840 837
1678850 842
1678860 847
1678870 847
1678880 850
1678890 855
1678900 855
1678910 860
1678920 865
1678930 865
1678940 871
1678950 876
1678960 876
1678970 882
1678980 888
1678990 888
1679000 895
1679010 900
1679020 900
1679030 907
1679040 912
1679050 912
1679060 918
1679070 924
1679080 924
1679090 931
1679100 937
1679110 937
1679120 943
1679130 949
1679140 949
1679150 955
1679160 960
1679170 960
1679180 964
1679190 967
1679200 968
1679210 968
1679220 968
1679230 968
1679240 968
1679250 966
1679260 966
1679270 966
1679280 965
1679290 964
1679300 964
1679310 964
1679320 963
1679330 963
1679340 963
1679350 969
1679360 969
1679370 975
1679380 982
1679390 982
1679400 983
1679410 983
1679420 983
1679430 981
1679440 985
1679450 985
1679460 989
1679470 995
1679480 995
1679490 999
1679500 1005
1679510 1005
1679520 1010
1679530 1016
1679540 1022
1679550 1022
1679560 1028
1679570 1035
1679580 1035
1679590 1041
1679600 1047
1679610 1047
1679620 1053
1679630 1058
1679640 1058
1679650 1063
1679660 1067
1679670 1067
1679680 1070
1679690 1074
1679700 1074
1679710 1078
1679720 1080
1679730 1080
1679740 1085
1679750 1087
1679760 1087
1679770 1091
1679780 1095
1679790 1095
1679800 1099
1679810 1102
1679820 1102
1679830 1105
1679840 1108
1679850 1108
1679860 1110
1679870 1112
1679880 1113
1679890 1113
1679900 1112
1679910 1112
1679920 1112
1679930 1111
1679940 1111
1679950 1111
1679960 1110
1679970 1108
1679980 1108
1679990 1106
