1660000 1262
1660010 1262
1660020 1261
1660030 1261
1660040 1261
1660050 1260
1660060 1261
1660070 1261
1660080 1261
1660090 1261
1660100 1261
1660110 1261
1660120 1258
1660130 1258
1660140 1256
1660150 1250
1660160 1250
1660170 1248
1660180 1249
1660190 1249
1660200 1253
1660210 1259
1660220 1259
1660230 1262
1660240 1265
1660250 1266
1660260 1266
1660270 1267
1660280 1269
1660290 1269
1660300 1270
1660310 1271
1660320 1271
1660330 1271
1660340 1270
1660350 1270
1660360 1267
1660370 1268
1660380 1268
1660390 1268
1660400 1269
1660410 1269
1660420 1272
1660430 1274
1660440 1274
1660450 1275
1660460 1276
1660470 1276
1660480 1277
1660490 1279
1660500 1279
1660510 1279
1660520 1281
1660530 1281
1660540 1283
1660550 1284
1660560 1284
1660570 1285
1660580 1286
1660590 1289
1660600 1289
1660610 1289
1660620 1289
1660630 1289
1660640 1289
1660650 1289
1660660 1289
1660670 1289
1660680 1290
1660690 1290
1660700 1290
1660710 1291
1660720 1291
1660730 1293
1660740 1294
1660750 1294
1660760 1293
1660770 1295
1660780 1295
1660790 1297
1660800 1299
1660810 1299
1660820 1301
1660830 1303
1660840 1303
1660850 1306
1660860 1308
1660870 1308
1660880 1311
1660890 1313
1660900 1313
1660910 1315
1660920 1317
1660930 1317
1660940 1318
1660950 1319
1660960 1319
1660970 1319
1660980 1319
1660990 1318
1661000 1318
1661010 1316
1661020 1311
1661030 1311
1661040 1306
1661050 1301
1661060 1301
1661070 1296
1661080 1291
1661090 1291
1661100 1285
1661110 1278
1661120 1278
1661130 1273
1661140 1269
1661150 1269
1661160 1265
1661170 1259
1661180 1259
1661190 1254
1661200 1251
1661210 1251
1661220 1248
1661230 1244
1661240 1244
1661250 1237
1661260 1229
1661270 1229
1661280 1224
1661290 1224
1661300 1224
1661310 1228
1661320 1231
1661330 1232
1661340 1232
1661350 1237
1661360 1244
1661370 1244
1661380 1247
1661390 1247
1661400 1247
1661410 1245
1661420 1243
1661430 1243
1661440 1241
1661450 1240
1661460 1240
1661470 1240
1661480 1242
1661490 1242
1661500 1243
1661510 1244
1661520 1244
1661530 1245
1661540 1245
1661550 1245
1661560 1245
1661570 1244
1661580 1244
1661590 1243
1661600 1241
1661610 1241
1661620 1240
1661630 1237
1661640 1237
1661650 1234
1661660 1231
1661670 1231
1661680 1227
1661690 1223
1661700 1219
1661710 1219
1661720 1218
1661730 1211
1661740 1211
1661750 1206
1661760 1201
1661770 1201
1661780 1194
1661790 1187
1661800 1187
1661810 1179
1661820 1171
1661830 1171
1661840 1164
1661850 1157
1661860 1157
1661870 1152
1661880 1148
1661890 1148
1661900 1144
1661910 1135
1661920 1135
1661930 1132
1661940 1125
1661950 1125
1661960 1119
1661970 1114
1661980 1114
1661990 1108
1662000 1106
1662010 1106
1662020 1106
1662030 1109
1662040 1112
1662050 1112
1662060 1114
1662070 1115
1662080 1115
1662090 1121
1662100 1125
1662110 1125
1662120 1123
1662130 1123
1662140 1123
1662150 1121
1662160 1118
1662170 1118
1662180 1116
1662190 1114
1662200 1114
1662210 1114
1662220 1120
1662230 1120
1662240 1126
1662250 1134
1662260 1134
1662270 1142
1662280 1145
1662290 1145
1662300 1145
1662310 1143
1662320 1143
1662330 1138
1662340 1129
1662350 1129
1662360 1124
1662370 1117
1662380 1117
1662390 1110
1662400 1107
1662410 1100
1662420 1100
1662430 1094
1662440 1088
1662450 1088
1662460 1080
1662470 1071
1662480 1071
1662490 1064
1662500 1057
1662510 1057
1662520 1052
1662530 1056
1662540 1056
1662550 1056
1662560 1058
1662570 1058
1662580 1058
1662590 1058
1662600 1058
1662610 1061
1662620 1065
1662630 1065
1662640 1069
1662650 1067
1662660 1067
1662670 1067
1662680 1061
1662690 1061
1662700 1054
1662710 1046
1662720 1046
1662730 1039
1662740 1035
1662750 1035
1662760 1033
1662770 1031
1662780 1032
1662790 1032
1662800 1032
1662810 1033
1662820 1033
1662830 1033
1662840 1034
1662850 1034
1662860 1032
1662870 1032
1662880 1032
1662890 1031
1662900 1032
1662910 1032
1662920 1033
1662930 1031
1662940 1031
1662950 1030
1662960 1030
1662970 1030
1662980 1029
1662990 1030
1663000 1030
1663010 1031
1663020 1034
1663030 1034
1663040 1035
1663050 1033
1663060 1033
1663070 1033
1663080 1033
1663090 1033
1663100 1031
1663110 1032
1663120 1032
1663130 1032
1663140 1032
1663150 1033
1663160 1033
1663170 1030
1663180 1032
1663190 1032
1663200 1032
1663210 1033
1663220 1033
1663230 1032
1663240 1031
1663250 1031
1663260 1032
1663270 1032
1663280 1032
1663290 1033
1663300 1033
1663310 1033
1663320 1032
1663330 1032
1663340 1032
1663350 1030
1663360 1030
1663370 1030
1663380 1029
1663390 1029
1663400 1029
1663410 1030
1663420 1028
1663430 1028
1663440 1028
1663450 1028
1663460 1028
1663470 1028
1663480 1028
1663490 1029
1663500 1029
1663510 1030
1663520 1029
1663530 1029
1663540 1029
1663550 1027
1663560 1027
1663570 1030
1663580 1030
1663590 1030
1663600 1030
1663610 1029
1663620 1029
1663630 1028
1663640 1028
1663650 1028
1663660 1029
1663670 1028
1663680 1028
1663690 1027
1663700 1028
1663710 1028
1663720 1029
1663730 1027
1663740 1027
1663750 1027
1663760 1027
1663770 1027
1663780 1027
1663790 1029
1663800 1029
1663810 1029
1663820 1030
1663830 1030
1663840 1031
1663850 1032
1663860 1032
1663870 1032
1663880 1034
1663890 1035
1663900 1035
1663910 1036
1663920 1038
1663930 1038
1663940 1037
1663950 1037
1663960 1037
1663970 1037
1663980 1038
1663990 1038
1664000 1037
1664010 1036
1664020 1036
1664030 1036
1664040 1036
1664050 1036
1664060 1037
1664070 1035
1664080 1035
1664090 1034
1664100 1034
1664110 1034
1664120 1034
1664130 1033
1664140 1033
1664150 1033
1664160 1031
1664170 1031
1664180 1030
1664190 1029
1664200 1029
1664210 1028
1664220 1028
1664230 1028
1664240 1028
1664250 1028
1664260 1026
1664270 1026
1664280 1028
1664290 1030
1664300 1030
1664310 1031
1664320 1032
1664330 1032
1664340 1034
1664350 1036
1664360 1036
1664370 1039
1664380 1042
1664390 1042
1664400 1043
1664410 1047
1664420 1047
1664430 1049
1664440 1052
1664450 1052
1664460 1055
1664470 1058
1664480 1058
1664490 1060
1664500 1063
1664510 1063
1664520 1064
1664530 1065
1664540 1065
1664550 1068
1664560 1068
1664570 1068
1664580 1070
1664590 1073
1664600 1075
1664610 1075
1664620 1078
1664630 1079
1664640 1079
1664650 1080
1664660 1081
1664670 1081
1664680 1084
1664690 1085
1664700 1085
1664710 1086
1664720 1087
1664730 1087
1664740 1088
1664750 1089
1664760 1089
1664770 1090
1664780 1090
1664790 1090
1664800 1091
1664810 1092
1664820 1092
1664830 1092
1664840 1092
1664850 1092
1664860 1091
1664870 1092
1664880 1092
1664890 1092
1664900 1093
1664910 1093
1664920 1093
1664930 1094
1664940 1096
1664950 1096
1664960 1097
1664970 1099
1664980 1099
1664990 1102
1665000 1105
1665010 1105
1665020 1108
1665030 1112
1665040 1112
1665050 1116
1665060 1118
1665070 1118
1665080 1121
1665090 1123
1665100 1123
1665110 1125
1665120 1126
1665130 1126
1665140 1128
1665150 1129
1665160 1129
1665170 1129
1665180 1128
1665190 1128
1665200 1127
1665210 1126
1665220 1126
1665230 1124
1665240 1123
1665250 1123
1665260 1121
1665270 1120
1665280 1120
1665290 1119
1665300 1120
1665310 1120
1665320 1120
1665330 1121
1665340 1122
1665350 1122
1665360 1122
1665370 1123
1665380 1123
1665390 1123
1665400 1123
1665410 1123
1665420 1124
1665430 1126
1665440 1126
1665450 1129
1665460 1132
1665470 1132
1665480 1132
1665490 1133
1665500 1133
1665510 1133
1665520 1134
1665530 1134
1665540 1135
1665550 1136
1665560 1136
1665570 1137
1665580 1137
1665590 1137
1665600 1139
1665610 1142
1665620 1142
1665630 1145
1665640 1147
1665650 1147
1665660 1147
1665670 1148
1665680 1148
1665690 1148
1665700 1148
1665710 1149
1665720 1149
1665730 1151
1665740 1152
1665750 1152
1665760 1154
1665770 1156
1665780 1156
1665790 1158
1665800 1160
1665810 1160
1665820 1161
1665830 1162
1665840 1162
1665850 1164
1665860 1166
1665870 1166
1665880 1167
1665890 1169
1665900 1169
1665910 1171
1665920 1174
1665930 1174
1665940 1176
1665950 1178
1665960 1178
1665970 1181
1665980 1184
1665990 1184
1666000 1187
1666010 1190
1666020 1190
1666030 1195
1666040 1201
1666050 1207
1666060 1207
1666070 1212
1666080 1216
1666090 1216
1666100 1220
1666110 1224
1666120 1224
1666130 1228
1666140 1233
1666150 1233
1666160 1237
1666170 1242
1666180 1242
1666190 1247
1666200 1252
1666210 1252
1666220 1257
1666230 1262
1666240 1262
1666250 1267
1666260 1272
1666270 1272
1666280 1278
1666290 1284
1666300 1284
1666310 1290
1666320 1295
1666330 1295
1666340 1300
1666350 1303
1666360 1303
1666370 1307
1666380 1309
1666390 1312
1666400 1312
1666410 1316
1666420 1319
1666430 1319
1666440 1320
1666450 1322
1666460 1322
1666470 1326
1666480 1330
1666490 1330
1666500 1333
1666510 1336
1666520 1336
1666530 1340
1666540 1344
1666550 1344
1666560 1346
1666570 1348
1666580 1348
1666590 1351
1666600 1356
1666610 1356
1666620 1359
1666630 1362
1666640 1362
1666650 1365
1666660 1369
1666670 1369
1666680 1373
1666690 1377
1666700 1377
1666710 1382
1666720 1386
1666730 1386
1666740 1391
1666750 1396
1666760 1399
1666770 1399
1666780 1403
1666790 1407
1666800 1407
1666810 1414
1666820 1420
1666830 1420
1666840 1426
1666850 1431
1666860 1431
1666870 1438
1666880 1443
1666890 1443
1666900 1450
1666910 1457
1666920 1457
1666930 1464
1666940 1470
1666950 1470
1666960 1476
1666970 1483
1666980 1483
1666990 1490
1667000 1496
1667010 1496
1667020 1503
1667030 1510
1667040 1510
1667050 1516
1667060 1523
1667070 1523
1667080 1529
1667090 1536
1667100 1536
1667110 1542
1667120 1548
1667130 1555
1667140 1555
1667150 1563
1667160 1571
1667170 1571
1667180 1578
1667190 1585
1667200 1585
1667210 1590
1667220 1597
1667230 1597
1667240 1605
1667250 1613
1667260 1613
1667270 1622
1667280 1631
1667290 1631
1667300 1638
1667310 1646
1667320 1646
1667330 1653
1667340 1661
1667350 1661
1667360 1669
1667370 1676
1667380 1676
1667390 1685
1667400 1696
1667410 1696
1667420 1708
1667430 1713
1667440 1713
1667450 1720
1667460 1728
1667470 1728
1667480 1736
1667490 1743
1667500 1753
1667510 1753
1667520 1765
1667530 1787
1667540 1787
1667550 1796
1667560 1803
1667570 1803
1667580 1812
1667590 1823
1667600 1823
1667610 1830
1667620 1829
1667630 1829
1667640 1827
1667650 1831
1667660 1831
1667670 1834
1667680 1827
1667690 1827
1667700 1821
1667710 1819
1667720 1819
1667730 1823
1667740 1830
1667750 1830
1667760 1836
1667770 1844
1667780 1844
1667790 1851
1667800 1850
1667810 1850
1667820 1831
1667830 1821
1667840 1812
1667850 1812
1667860 1805
1667870 1807
1667880 1807
1667890 1803
1667900 1803
1667910 1803
1667920 1803
1667930 1804
1667940 1804
1667950 1806
1667960 1809
1667970 1809
1667980 1809
1667990 1808
1668000 1808
1668010 1808
1668020 1815
1668030 1815
1668040 1821
1668050 1826
1668060 1826
1668070 1839
1668080 1849
1668090 1849
1668100 1863
1668110 1868
1668120 1868
1668130 1874
1668140 1879
1668150 1879
1668160 1873
1668170 1840
1668180 1840
1668190 1821
1668200 1824
1668210 1827
1668220 1827
1668230 1841
1668240 1844
1668250 1844
1668260 1866
1668270 1892
1668280 1892
1668290 1895
1668300 1900
1668310 1900
1668320 1906
1668330 1911
1668340 1911
1668350 1917
1668360 1908
1668370 1908
1668380 1901
1668390 1901
1668400 1901
1668410 1887
1668420 1861
1668430 1861
1668440 1850
1668450 1831
1668460 1831
1668470 1825
1668480 1819
1668490 1819
1668500 1815
1668510 1813
1668520 1813
1668530 1808
1668540 1808
1668550 1808
1668560 1802
1668570 1803
1668580 1807
1668590 1807
1668600 1801
1668610 1793
1668620 1793
1668630 1793
1668640 1792
1668650 1792
1668660 1789
1668670 1782
1668680 1782
1668690 1778
1668700 1775
1668710 1775
1668720 1775
1668730 1780
1668740 1780
1668750 1777
1668760 1777
1668770 1777
1668780 1777
1668790 1777
1668800 1777
1668810 1776
1668820 1778
1668830 1778
1668840 1779
1668850 1778
1668860 1778
1668870 1776
1668880 1776
1668890 1776
1668900 1777
1668910 1777
1668920 1778
1668930 1778
1668940 1780
1668950 1784
1668960 1784
1668970 1789
1668980 1781
1668990 1781
1669000 1773
1669010 1764
1669020 1764
1669030 1758
1669040 1753
1669050 1753
1669060 1751
1669070 1752
1669080 1752
1669090 1747
1669100 1741
1669110 1741
1669120 1743
1669130 1740
1669140 1740
1669150 1731
1669160 1728
1669170 1728
1669180 1728
1669190 1729
1669200 1729
1669210 1732
1669220 1735
1669230 1735
1669240 1724
1669250 1715
1669260 1715
1669270 1710
1669280 1694
1669290 1687
1669300 1687
1669310 1679
1669320 1672
1669330 1672
1669340 1664
1669350 1657
1669360 1657
1669370 1648
1669380 1639
1669390 1639
1669400 1631
1669410 1623
1669420 1623
1669430 1615
1669440 1604
1669450 1604
1669460 1596
1669470 1587
1669480 1587
1669490 1577
1669500 1562
1669510 1562
1669520 1551
1669530 1541
1669540 1541
1669550 1533
1669560 1527
1669570 1527
1669580 1519
1669590 1512
1669600 1512
1669610 1508
1669620 1504
1669630 1504
1669640 1500
1669650 1494
1669660 1487
1669670 1487
1669680 1480
1669690 1477
1669700 1477
1669710 1467
1669720 1459
1669730 1459
1669740 1455
1669750 1448
1669760 1448
1669770 1444
1669780 1439
1669790 1439
1669800 1432
1669810 1432
1669820 1432
1669830 1437
1669840 1436
1669850 1436
1669860 1440
1669870 1443
1669880 1443
1669890 1442
1669900 1440
1669910 1440
1669920 1437
1669930 1435
1669940 1435
1669950 1432
1669960 1429
1669970 1429
1669980 1426
1669990 1423
1670000 1423
1670010 1421
1670020 1416
1670030 1413
1670040 1413
1670050 1411
1670060 1409
1670070 1409
1670080 1406
1670090 1403
1670100 1403
1670110 1399
1670120 1395
1670130 1395
1670140 1391
1670150 1388
1670160 1388
1670170 1385
1670180 1381
1670190 1381
1670200 1379
1670210 1376
1670220 1376
1670230 1374
1670240 1371
1670250 1371
1670260 1369
1670270 1366
1670280 1366
1670290 1360
1670300 1352
1670310 1352
1670320 1345
1670330 1342
1670340 1342
1670350 1337
1670360 1333
1670370 1331
1670380 1331
1670390 1329
1670400 1323
1670410 1323
1670420 1319
1670430 1320
1670440 1320
1670450 1317
1670460 1315
1670470 1315
1670480 1313
1670490 1310
1670500 1310
1670510 1307
1670520 1305
1670530 1305
1670540 1301
1670550 1297
1670560 1297
1670570 1295
1670580 1292
1670590 1292
1670600 1289
1670610 1287
1670620 1287
1670630 1286
1670640 1282
1670650 1282
1670660 1279
1670670 1279
1670680 1279
1670690 1280
1670700 1281
1670710 1281
1670720 1280
1670730 1277
1670740 1274
1670750 1274
1670760 1271
1670770 1267
1670780 1267
1670790 1262
1670800 1258
1670810 1258
1670820 1254
1670830 1251
1670840 1251
1670850 1246
1670860 1243
1670870 1243
1670880 1238
1670890 1233
1670900 1233
1670910 1232
1670920 1233
1670930 1233
1670940 1231
1670950 1229
1670960 1229
1670970 1226
1670980 1223
1670990 1223
1671000 1219
1671010 1219
1671020 1219
1671030 1217
1671040 1213
1671050 1213
1671060 1209
1671070 1205
1671080 1205
1671090 1199
1671100 1196
1671110 1190
1671120 1190
1671130 1183
1671140 1180
1671150 1180
1671160 1179
1671170 1180
1671180 1180
1671190 1182
1671200 1183
1671210 1183
1671220 1185
1671230 1184
1671240 1184
1671250 1181
1671260 1178
1671270 1178
1671280 1175
1671290 1179
1671300 1179
1671310 1183
1671320 1186
1671330 1186
1671340 1190
1671350 1191
1671360 1191
1671370 1189
1671380 1184
1671390 1184
1671400 1177
1671410 1181
1671420 1181
1671430 1188
1671440 1194
1671450 1194
1671460 1192
1671470 1186
1671480 1184
1671490 1184
1671500 1182
1671510 1180
1671520 1180
1671530 1182
1671540 1200
1671550 1200
1671560 1225
1671570 1240
1671580 1240
1671590 1232
1671600 1225
1671610 1225
1671620 1231
1671630 1237
1671640 1237
1671650 1244
1671660 1247
1671670 1247
1671680 1245
1671690 1235
1671700 1235
1671710 1235
1671720 1229
1671730 1229
1671740 1181
1671750 1154
1671760 1154
1671770 1128
1671780 1118
1671790 1118
1671800 1112
1671810 1108
1671820 1106
1671830 1106
1671840 1104
1671850 1102
1671860 1102
1671870 1101
1671880 1099
1671890 1099
1671900 1097
1671910 1093
1671920 1093
1671930 1091
1671940 1090
1671950 1090
1671960 1087
1671970 1084
1671980 1084
1671990 1082
1672000 1080
1672010 1080
1672020 1078
1672030 1074
1672040 1074
1672050 1070
1672060 1067
1672070 1067
1672080 1065
1672090 1062
1672100 1062
1672110 1058
1672120 1054
1672130 1054
1672140 1049
1672150 1047
1672160 1047
1672170 1045
1672180 1041
1672190 1042
1672200 1042
1672210 1038
1672220 1034
1672230 1034
1672240 1033
1672250 1034
1672260 1034
1672270 1033
1672280 1033
1672290 1033
1672300 1033
1672310 1033
1672320 1033
1672330 1031
1672340 1030
1672350 1030
1672360 1029
1672370 1027
1672380 1027
1672390 1025
1672400 1024
1672410 1024
1672420 1023
1672430 1021
1672440 1021
1672450 1019
1672460 1017
1672470 1017
1672480 1013
1672490 1008
1672500 1008
1672510 1008
1672520 1006
1672530 1006
1672540 1003
1672550 999
1672560 994
1672570 994
1672580 988
1672590 982
1672600 982
1672610 977
1672620 973
1672630 973
1672640 970
1672650 966
1672660 966
1672670 962
1672680 959
1672690 959
1672700 958
1672710 953
1672720 953
1672730 952
1672740 948
1672750 948
1672760 943
1672770 938
1672780 938
1672790 934
1672800 928
1672810 928
1672820 921
1672830 915
1672840 915
1672850 913
1672860 911
1672870 911
1672880 908
1672890 905
1672900 905
1672910 902
1672920 902
1672930 902
1672940 902
1672950 901
1672960 900
1672970 900
1672980 900
1672990 899
1673000 899
1673010 898
1673020 898
1673030 898
1673040 897
1673050 896
1673060 896
1673070 896
1673080 896
1673090 896
1673100 895
1673110 895
1673120 895
1673130 894
1673140 894
1673150 894
1673160 894
1673170 893
1673180 893
1673190 893
1673200 893
1673210 893
1673220 892
1673230 892
1673240 892
1673250 891
1673260 891
1673270 890
1673280 890
1673290 890
1673300 889
1673310 889
1673320 889
1673330 889
1673340 889
1673350 888
1673360 888
1673370 888
1673380 888
1673390 887
1673400 887
1673410 887
1673420 886
1673430 886
1673440 886
1673450 885
1673460 885
1673470 885
1673480 885
1673490 885
1673500 884
1673510 884
1673520 884
1673530 884
1673540 883
1673550 883
1673560 883
1673570 882
1673580 882
1673590 882
1673600 882
1673610 882
1673620 881
1673630 881
1673640 881
1673650 881
1673660 880
1673670 880
1673680 880
1673690 880
1673700 880
1673710 880
1673720 879
1673730 879
1673740 879
1673750 879
1673760 879
1673770 879
1673780 879
1673790 879
1673800 879
1673810 880
1673820 884
1673830 884
1673840 889
1673850 894
1673860 894
1673870 897
1673880 902
1673890 902
1673900 908
1673910 915
1673920 915
1673930 922
1673940 933
1673950 933
1673960 954
1673970 994
1673980 994
1673990 1005
1674000 1014
1674010 1044
1674020 1044
1674030 1048
1674040 1053
1674050 1053
1674060 1059
1674070 1066
1674080 1066
1674090 1074
1674100 1079
1674110 1079
1674120 1084
1674130 1089
1674140 1089
1674150 1095
1674160 1103
1674170 1103
1674180 1110
1674190 1115
1674200 1115
1674210 1120
1674220 1125
1674230 1125
1674240 1132
1674250 1139
1674260 1139
1674270 1154
1674280 1165
1674290 1165
1674300 1173
1674310 1177
1674320 1177
1674330 1183
1674340 1186
1674350 1186
1674360 1193
1674370 1211
1674380 1226
1674390 1226
1674400 1258
1674410 1339
1674420 1339
1674430 1352
1674440 1346
1674450 1346
1674460 1337
1674470 1324
1674480 1324
1674490 1315
1674500 1309
1674510 1309
1674520 1307
1674530 1306
1674540 1306
1674550 1304
1674560 1306
1674570 1306
1674580 1310
1674590 1316
1674600 1316
1674610 1322
1674620 1329
1674630 1329
1674640 1337
1674650 1340
1674660 1340
1674670 1339
1674680 1341
1674690 1341
1674700 1345
1674710 1346
1674720 1343
1674730 1343
1674740 1341
1674750 1339
1674760 1339
1674770 1336
1674780 1341
1674790 1341
1674800 1344
1674810 1348
1674820 1348
1674830 1351
1674840 1357
1674850 1357
1674860 1364
1674870 1373
1674880 1373
1674890 1379
1674900 1385
1674910 1385
1674920 1392
1674930 1398
1674940 1398
1674950 1404
1674960 1411
1674970 1411
1674980 1416
1674990 1421
1675000 1421
1675010 1428
1675020 1434
1675030 1434
1675040 1441
1675050 1450
1675060 1450
1675070 1455
1675080 1460
1675090 1468
1675100 1468
1675110 1474
1675120 1480
1675130 1480
1675140 1487
1675150 1496
1675160 1496
1675170 1503
1675180 1510
1675190 1510
1675200 1515
1675210 1523
1675220 1523
1675230 1530
1675240 1537
1675250 1537
1675260 1544
1675270 1551
1675280 1551
1675290 1557
1675300 1563
1675310 1563
1675320 1566
1675330 1567
1675340 1567
1675350 1567
1675360 1567
1675370 1567
1675380 1566
1675390 1565
1675400 1565
1675410 1565
1675420 1568
1675430 1568
1675440 1571
1675450 1562
1675460 1559
1675470 1559
1675480 1557
1675490 1554
1675500 1554
1675510 1552
1675520 1550
1675530 1550
1675540 1548
1675550 1546
1675560 1546
1675570 1544
1675580 1541
1675590 1541
1675600 1538
1675610 1534
1675620 1534
1675630 1539
1675640 1544
1675650 1544
1675660 1548
1675670 1553
1675680 1553
1675690 1557
1675700 1561
1675710 1561
1675720 1565
1675730 1568
1675740 1568
1675750 1569
1675760 1567
1675770 1567
1675780 1564
1675790 1560
1675800 1560
1675810 1554
1675820 1550
1675830 1549
1675840 1549
1675850 1542
1675860 1531
1675870 1531
1675880 1521
1675890 1514
1675900 1514
1675910 1505
1675920 1501
1675930 1501
1675940 1494
1675950 1490
1675960 1490
1675970 1486
1675980 1483
1675990 1483
1676000 1481
1676010 1469
1676020 1469
1676030 1459
1676040 1449
1676050 1449
1676060 1438
1676070 1430
1676080 1430
1676090 1422
1676100 1416
1676110 1416
1676120 1409
1676130 1405
1676140 1405
1676150 1406
1676160 1402
1676170 1391
1676180 1391
1676190 1381
1676200 1370
1676210 1370
1676220 1368
1676230 1372
1676240 1372
1676250 1381
1676260 1375
1676270 1375
1676280 1384
1676290 1389
1676300 1389
1676310 1391
1676320 1397
1676330 1397
1676340 1404
1676350 1411
1676360 1411
1676370 1411
1676380 1389
1676390 1389
1676400 1371
1676410 1356
1676420 1356
1676430 1353
1676440 1350
1676450 1350
1676460 1345
1676470 1342
1676480 1342
1676490 1339
1676500 1336
1676510 1336
1676520 1332
1676530 1328
1676540 1322
1676550 1322
1676560 1299
1676570 1267
1676580 1267
1676590 1236
1676600 1201
1676610 1201
1676620 1175
1676630 1168
1676640 1168
1676650 1162
1676660 1155
1676670 1155
1676680 1148
1676690 1135
1676700 1135
1676710 1129
1676720 1123
1676730 1123
1676740 1116
1676750 1111
1676760 1111
1676770 1104
1676780 1098
1676790 1098
1676800 1092
1676810 1085
1676820 1085
1676830 1079
1676840 1072
1676850 1072
1676860 1066
1676870 1059
1676880 1059
1676890 1053
1676900 1047
1676910 1041
1676920 1041
1676930 1035
1676940 1030
1676950 1030
1676960 1025
1676970 1020
1676980 1020
1676990 1016
1677000 1013
1677010 1013
1677020 1009
1677030 1006
1677040 1006
1677050 1002
1677060 998
1677070 998
1677080 997
1677090 994
1677100 994
1677110 992
1677120 989
1677130 989
1677140 987
1677150 984
1677160 984
1677170 983
1677180 985
1677190 985
1677200 982
1677210 981
1677220 981
1677230 981
1677240 976
1677250 976
1677260 972
1677270 970
1677280 967
1677290 967
1677300 963
1677310 963
1677320 963
1677330 963
1677340 960
1677350 960
1677360 961
1677370 960
1677380 960
1677390 958
1677400 957
1677410 957
1677420 957
1677430 957
1677440 957
1677450 956
1677460 957
1677470 957
1677480 958
1677490 959
1677500 959
1677510 963
1677520 967
1677530 967
1677540 966
1677550 966
1677560 966
1677570 968
1677580 969
1677590 969
1677600 969
1677610 967
1677620 968
1677630 968
1677640 966
1677650 962
1677660 962
1677670 964
1677680 967
1677690 967
1677700 970
1677710 973
1677720 973
1677730 977
1677740 981
1677750 981
1677760 983
1677770 986
1677780 986
1677790 988
1677800 991
1677810 991
1677820 994
1677830 996
1677840 996
1677850 1000
1677860 1005
1677870 1005
1677880 1010
1677890 1015
1677900 1015
1677910 1022
1677920 1029
1677930 1029
1677940 1036
1677950 1043
1677960 1043
1677970 1049
1677980 1054
1677990 1059
1678000 1059
1678010 1065
1678020 1072
1678030 1072
1678040 1079
1678050 1085
1678060 1085
1678070 1090
1678080 1096
1678090 1096
1678100 1101
1678110 1105
1678120 1105
1678130 1111
1678140 1117
1678150 1117
1678160 1123
1678170 1129
1678180 1129
1678190 1137
1678200 1143
1678210 1143
1678220 1150
1678230 1156
1678240 1156
1678250 1162
1678260 1169
1678270 1169
1678280 1177
1678290 1184
1678300 1184
1678310 1191
1678320 1199
1678330 1199
1678340 1213
1678350 1215
1678360 1223
1678370 1223
1678380 1249
1678390 1265
1678400 1265
1678410 1291
1678420 1311
1678430 1311
1678440 1339
1678450 1374
1678460 1374
1678470 1417
1678480 1415
1678490 1415
1678500 1467
1678510 1470
1678520 1470
1678530 1479
1678540 1480
1678550 1480
1678560 1482
1678570 1488
1678580 1488
1678590 1508
1678600 1502
1678610 1502
1678620 1516
1678630 1520
1678640 1520
1678650 1522
1678660 1525
1678670 1525
1678680 1529
1678690 1544
1678700 1544
1678710 1544
1678720 1544
1678730 1548
1678740 1548
1678750 1557
1678760 1570
1678770 1570
1678780 1573
1678790 1577
1678800 1577
1678810 1582
1678820 1587
1678830 1587
1678840 1586
1678850 1581
1678860 1581
1678870 1576
1678880 1571
1678890 1571
1678900 1565
1678910 1560
1678920 1560
1678930 1556
1678940 1552
1678950 1552
1678960 1547
1678970 1541
1678980 1541
1678990 1536
1679000 1531
1679010 1531
1679020 1528
1679030 1525
1679040 1525
1679050 1524
1679060 1521
1679070 1518
1679080 1518
1679090 1515
1679100 1513
1679110 1513
1679120 1510
1679130 1511
1679140 1511
1679150 1513
1679160 1516
1679170 1516
1679180 1519
1679190 1520
1679200 1520
1679210 1516
1679220 1511
1679230 1511
1679240 1508
1679250 1505
1679260 1505
1679270 1502
1679280 1498
1679290 1498
1679300 1494
1679310 1490
1679320 1490
1679330 1486
1679340 1483
1679350 1483
1679360 1481
1679370 1478
1679380 1478
1679390 1473
1679400 1476
1679410 1476
1679420 1479
1679430 1479
1679440 1480
1679450 1480
1679460 1481
1679470 1477
1679480 1477
1679490 1473
1679500 1471
1679510 1471
1679520 1468
1679530 1466
1679540 1466
1679550 1465
1679560 1462
1679570 1462
1679580 1459
1679590 1460
1679600 1460
1679610 1460
1679620 1456
1679630 1456
1679640 1453
1679650 1448
1679660 1448
1679670 1444
1679680 1442
1679690 1442
1679700 1439
1679710 1436
1679720 1436
1679730 1433
1679740 1429
1679750 1429
1679760 1428
1679770 1429
1679780 1429
1679790 1429
1679800 1430
1679810 1433
1679820 1433
1679830 1436
1679840 1437
1679850 1437
1679860 1431
1679870 1424
1679880 1424
1679890 1417
1679900 1411
1679910 1411
1679920 1403
1679930 1396
1679940 1396
1679950 1394
1679960 1392
1679970 1392
1679980 1395
1679990 1390
