1660000 1482
1660010 1482
1660020 1481
1660030 1479
1660040 1479
1660050 1478
1660060 1477
1660070 1477
1660080 1476
1660090 1475
1660100 1475
1660110 1474
1660120 1473
1660130 1473
1660140 1472
1660150 1473
1660160 1473
1660170 1474
1660180 1474
1660190 1474
1660200 1474
1660210 1474
1660220 1474
1660230 1474
1660240 1475
1660250 1477
1660260 1477
1660270 1477
1660280 1477
1660290 1477
1660300 1478
1660310 1478
1660320 1478
1660330 1481
1660340 1483
1660350 1483
1660360 1483
1660370 1484
1660380 1484
1660390 1484
1660400 1483
1660410 1483
1660420 1483
1660430 1484
1660440 1484
1660450 1485
1660460 1485
1660470 1485
1660480 1486
1660490 1486
1660500 1486
1660510 1488
1660520 1490
1660530 1490
1660540 1492
1660550 1493
1660560 1494
1660570 1494
1660580 1495
1660590 1497
1660600 1497
1660610 1500
1660620 1502
1660630 1502
1660640 1504
1660650 1507
1660660 1507
1660670 1511
1660680 1514
1660690 1514
1660700 1517
1660710 1520
1660720 1520
1660730 1523
1660740 1527
1660750 1527
1660760 1530
1660770 1533
1660780 1533
1660790 1536
1660800 1538
1660810 1538
1660820 1540
1660830 1543
1660840 1543
1660850 1544
1660860 1546
1660870 1546
1660880 1546
1660890 1545
1660900 1545
1660910 1543
1660920 1543
1660930 1540
1660940 1540
1660950 1525
1660960 1517
1660970 1517
1660980 1507
1660990 1504
1661000 1504
1661010 1501
1661020 1495
1661030 1495
1661040 1490
1661050 1485
1661060 1485
1661070 1484
1661080 1483
1661090 1483
1661100 1480
1661110 1477
1661120 1477
1661130 1475
1661140 1473
1661150 1473
1661160 1472
1661170 1470
1661180 1470
1661190 1470
1661200 1472
1661210 1472
1661220 1475
1661230 1476
1661240 1476
1661250 1475
1661260 1472
1661270 1472
1661280 1472
1661290 1476
1661300 1473
1661310 1473
1661320 1468
1661330 1463
1661340 1463
1661350 1459
1661360 1456
1661370 1456
1661380 1453
1661390 1447
1661400 1447
1661410 1436
1661420 1428
1661430 1428
1661440 1421
1661450 1415
1661460 1415
1661470 1408
1661480 1402
1661490 1402
1661500 1396
1661510 1391
1661520 1391
1661530 1388
1661540 1385
1661550 1385
1661560 1383
1661570 1377
1661580 1377
1661590 1372
1661600 1368
1661610 1368
1661620 1364
1661630 1358
1661640 1352
1661650 1352
1661660 1348
1661670 1347
1661680 1347
1661690 1346
1661700 1344
1661710 1344
1661720 1341
1661730 1340
1661740 1340
1661750 1335
1661760 1336
1661770 1336
1661780 1338
1661790 1343
1661800 1343
1661810 1349
1661820 1348
1661830 1348
1661840 1345
1661850 1346
1661860 1346
1661870 1349
1661880 1348
1661890 1348
1661900 1347
1661910 1345
1661920 1345
1661930 1342
1661940 1338
1661950 1338
1661960 1334
1661970 1332
1661980 1332
1661990 1332
1662000 1336
1662010 1340
1662020 1340
1662030 1343
1662040 1346
1662050 1346
1662060 1351
1662070 1356
1662080 1356
1662090 1360
1662100 1360
1662110 1360
1662120 1361
1662130 1361
1662140 1361
1662150 1360
1662160 1356
1662170 1356
1662180 1353
1662190 1349
1662200 1349
1662210 1348
1662220 1346
1662230 1346
1662240 1342
1662250 1341
1662260 1341
1662270 1339
1662280 1335
1662290 1335
1662300 1333
1662310 1333
1662320 1333
1662330 1332
1662340 1330
1662350 1330
1662360 1327
1662370 1324
1662380 1320
1662390 1320
1662400 1316
1662410 1312
1662420 1312
1662430 1308
1662440 1304
1662450 1304
1662460 1300
1662470 1296
1662480 1296
1662490 1292
1662500 1289
1662510 1289
1662520 1286
1662530 1283
1662540 1283
1662550 1279
1662560 1275
1662570 1275
1662580 1273
1662590 1272
1662600 1272
1662610 1270
1662620 1268
1662630 1268
1662640 1267
1662650 1266
1662660 1266
1662670 1264
1662680 1262
1662690 1262
1662700 1260
1662710 1259
1662720 1259
1662730 1257
1662740 1254
1662750 1252
1662760 1252
1662770 1249
1662780 1244
1662790 1244
1662800 1239
1662810 1235
1662820 1235
1662830 1231
1662840 1227
1662850 1227
1662860 1224
1662870 1221
1662880 1221
1662890 1219
1662900 1219
1662910 1219
1662920 1218
1662930 1218
1662940 1218
1662950 1217
1662960 1215
1662970 1215
1662980 1209
1662990 1197
1663000 1197
1663010 1202
1663020 1204
1663030 1204
1663040 1210
1663050 1215
1663060 1215
1663070 1214
1663080 1213
1663090 1213
1663100 1212
1663110 1210
1663120 1210
1663130 1210
1663140 1209
1663150 1205
1663160 1205
1663170 1203
1663180 1200
1663190 1200
1663200 1199
1663210 1198
1663220 1198
1663230 1197
1663240 1202
1663250 1202
1663260 1208
1663270 1209
1663280 1209
1663290 1208
1663300 1205
1663310 1205
1663320 1204
1663330 1205
1663340 1205
1663350 1204
1663360 1205
1663370 1205
1663380 1205
1663390 1203
1663400 1203
1663410 1203
1663420 1202
1663430 1202
1663440 1201
1663450 1199
1663460 1197
1663470 1197
1663480 1195
1663490 1193
1663500 1193
1663510 1190
1663520 1189
1663530 1189
1663540 1188
1663550 1178
1663560 1178
1663570 1185
1663580 1188
1663590 1188
1663600 1187
1663610 1187
1663620 1187
1663630 1187
1663640 1185
1663650 1185
1663660 1185
1663670 1187
1663680 1187
1663690 1188
1663700 1189
1663710 1189
1663720 1190
1663730 1192
1663740 1192
1663750 1192
1663760 1193
1663770 1193
1663780 1194
1663790 1194
1663800 1194
1663810 1193
1663820 1192
1663830 1192
1663840 1192
1663850 1191
1663860 1191
1663870 1191
1663880 1191
1663890 1190
1663900 1190
1663910 1188
1663920 1187
1663930 1187
1663940 1187
1663950 1186
1663960 1186
1663970 1187
1663980 1189
1663990 1189
1664000 1189
1664010 1190
1664020 1190
1664030 1183
1664040 1187
1664050 1187
1664060 1187
1664070 1184
1664080 1184
1664090 1182
1664100 1191
1664110 1191
1664120 1200
1664130 1201
1664140 1201
1664150 1201
1664160 1201
1664170 1201
1664180 1202
1664190 1202
1664200 1205
1664210 1205
1664220 1208
1664230 1212
1664240 1212
1664250 1215
1664260 1220
1664270 1220
1664280 1224
1664290 1227
1664300 1227
1664310 1231
1664320 1236
1664330 1236
1664340 1239
1664350 1242
1664360 1242
1664370 1245
1664380 1246
1664390 1246
1664400 1249
1664410 1251
1664420 1251
1664430 1254
1664440 1258
1664450 1258
1664460 1260
1664470 1261
1664480 1261
1664490 1263
1664500 1265
1664510 1265
1664520 1268
1664530 1269
1664540 1269
1664550 1270
1664560 1273
1664570 1275
1664580 1275
1664590 1278
1664600 1279
1664610 1279
1664620 1281
1664630 1282
1664640 1282
1664650 1280
1664660 1277
1664670 1277
1664680 1275
1664690 1276
1664700 1276
1664710 1278
1664720 1279
1664730 1279
1664740 1280
1664750 1281
1664760 1281
1664770 1281
1664780 1277
1664790 1277
1664800 1279
1664810 1279
1664820 1279
1664830 1277
1664840 1274
1664850 1274
1664860 1274
1664870 1275
1664880 1275
1664890 1275
1664900 1275
1664910 1275
1664920 1277
1664930 1281
1664940 1284
1664950 1284
1664960 1286
1664970 1287
1664980 1287
1664990 1289
1665000 1292
1665010 1292
1665020 1294
1665030 1295
1665040 1295
1665050 1294
1665060 1292
1665070 1292
1665080 1289
1665090 1284
1665100 1284
1665110 1278
1665120 1273
1665130 1273
1665140 1269
1665150 1266
1665160 1266
1665170 1261
1665180 1255
1665190 1255
1665200 1253
1665210 1251
1665220 1251
1665230 1247
1665240 1244
1665250 1244
1665260 1240
1665270 1236
1665280 1232
1665290 1232
1665300 1228
1665310 1224
1665320 1224
1665330 1220
1665340 1217
1665350 1217
1665360 1213
1665370 1209
1665380 1209
1665390 1206
1665400 1202
1665410 1202
1665420 1199
1665430 1195
1665440 1195
1665450 1192
1665460 1188
1665470 1188
1665480 1185
1665490 1181
1665500 1181
1665510 1177
1665520 1172
1665530 1172
1665540 1169
1665550 1166
1665560 1166
1665570 1163
1665580 1161
1665590 1161
1665600 1159
1665610 1157
1665620 1157
1665630 1159
1665640 1160
1665650 1161
1665660 1161
1665670 1160
1665680 1161
1665690 1161
1665700 1161
1665710 1162
1665720 1162
1665730 1162
1665740 1163
1665750 1163
1665760 1163
1665770 1165
1665780 1165
1665790 1166
1665800 1167
1665810 1167
1665820 1169
1665830 1171
1665840 1171
1665850 1172
1665860 1173
1665870 1173
1665880 1175
1665890 1176
1665900 1176
1665910 1178
1665920 1180
1665930 1180
1665940 1182
1665950 1184
1665960 1184
1665970 1185
1665980 1188
1665990 1188
1666000 1190
1666010 1191
1666020 1193
1666030 1193
1666040 1195
1666050 1197
1666060 1197
1666070 1198
1666080 1199
1666090 1199
1666100 1201
1666110 1203
1666120 1203
1666130 1205
1666140 1206
1666150 1206
1666160 1209
1666170 1210
1666180 1210
1666190 1213
1666200 1215
1666210 1215
1666220 1218
1666230 1220
1666240 1220
1666250 1222
1666260 1223
1666270 1223
1666280 1228
1666290 1234
1666300 1234
1666310 1239
1666320 1244
1666330 1244
1666340 1251
1666350 1257
1666360 1257
1666370 1263
1666380 1271
1666390 1278
1666400 1278
1666410 1285
1666420 1293
1666430 1293
1666440 1301
1666450 1308
1666460 1308
1666470 1313
1666480 1319
1666490 1319
1666500 1324
1666510 1328
1666520 1328
1666530 1334
1666540 1341
1666550 1341
1666560 1348
1666570 1356
1666580 1356
1666590 1364
1666600 1372
1666610 1372
1666620 1381
1666630 1390
1666640 1390
1666650 1398
1666660 1405
1666670 1405
1666680 1412
1666690 1419
1666700 1419
1666710 1426
1666720 1431
1666730 1431
1666740 1436
1666750 1442
1666760 1448
1666770 1448
1666780 1454
1666790 1459
1666800 1459
1666810 1463
1666820 1468
1666830 1468
1666840 1474
1666850 1481
1666860 1481
1666870 1487
1666880 1492
1666890 1492
1666900 1498
1666910 1504
1666920 1504
1666930 1509
1666940 1514
1666950 1514
1666960 1520
1666970 1526
1666980 1526
1666990 1532
1667000 1538
1667010 1538
1667020 1543
1667030 1548
1667040 1548
1667050 1554
1667060 1560
1667070 1560
1667080 1567
1667090 1573
1667100 1580
1667110 1580
1667120 1588
1667130 1596
1667140 1596
1667150 1604
1667160 1610
1667170 1610
1667180 1617
1667190 1625
1667200 1625
1667210 1632
1667220 1639
1667230 1639
1667240 1647
1667250 1650
1667260 1650
1667270 1655
1667280 1659
1667290 1659
1667300 1663
1667310 1667
1667320 1667
1667330 1670
1667340 1674
1667350 1674
1667360 1675
1667370 1672
1667380 1672
1667390 1667
1667400 1662
1667410 1662
1667420 1658
1667430 1653
1667440 1653
1667450 1649
1667460 1643
1667470 1637
1667480 1637
1667490 1629
1667500 1622
1667510 1622
1667520 1615
1667530 1607
1667540 1607
1667550 1599
1667560 1591
1667570 1591
1667580 1585
1667590 1579
1667600 1579
1667610 1573
1667620 1568
1667630 1568
1667640 1567
1667650 1566
1667660 1566
1667670 1565
1667680 1565
1667690 1565
1667700 1569
1667710 1572
1667720 1572
1667730 1574
1667740 1576
1667750 1576
1667760 1578
1667770 1578
1667780 1578
1667790 1577
1667800 1577
1667810 1577
1667820 1577
1667830 1575
1667840 1576
1667850 1576
1667860 1578
1667870 1575
1667880 1575
1667890 1577
1667900 1577
1667910 1577
1667920 1577
1667930 1574
1667940 1574
1667950 1571
1667960 1569
1667970 1569
1667980 1568
1667990 1567
1668000 1567
1668010 1568
1668020 1567
1668030 1567
1668040 1568
1668050 1567
1668060 1567
1668070 1565
1668080 1563
1668090 1563
1668100 1564
1668110 1563
1668120 1563
1668130 1563
1668140 1561
1668150 1561
1668160 1561
1668170 1561
1668180 1561
1668190 1564
1668200 1564
1668210 1564
1668220 1564
1668230 1567
1668240 1569
1668250 1569
1668260 1572
1668270 1573
1668280 1573
1668290 1574
1668300 1576
1668310 1576
1668320 1581
1668330 1583
1668340 1583
1668350 1587
1668360 1590
1668370 1590
1668380 1592
1668390 1591
1668400 1591
1668410 1595
1668420 1599
1668430 1599
1668440 1601
1668450 1604
1668460 1604
1668470 1605
1668480 1608
1668490 1608
1668500 1610
1668510 1616
1668520 1616
1668530 1616
1668540 1613
1668550 1613
1668560 1615
1668570 1618
1668580 1628
1668590 1628
1668600 1636
1668610 1643
1668620 1643
1668630 1646
1668640 1647
1668650 1647
1668660 1656
1668670 1657
1668680 1657
1668690 1663
1668700 1672
1668710 1672
1668720 1672
1668730 1680
1668740 1680
1668750 1687
1668760 1706
1668770 1706
1668780 1713
1668790 1721
1668800 1721
1668810 1718
1668820 1719
1668830 1719
1668840 1723
1668850 1724
1668860 1724
1668870 1725
1668880 1733
1668890 1733
1668900 1733
1668910 1741
1668920 1748
1668930 1748
1668940 1752
1668950 1757
1668960 1757
1668970 1761
1668980 1769
1668990 1769
1669000 1783
1669010 1796
1669020 1796
1669030 1816
1669040 1833
1669050 1833
1669060 1834
1669070 1835
1669080 1835
1669090 1836
1669100 1837
1669110 1837
1669120 1837
1669130 1837
1669140 1837
1669150 1837
1669160 1838
1669170 1838
1669180 1839
1669190 1838
1669200 1838
1669210 1831
1669220 1823
1669230 1823
1669240 1817
1669250 1812
1669260 1812
1669270 1806
1669280 1802
1669290 1798
1669300 1798
1669310 1793
1669320 1792
1669330 1792
1669340 1790
1669350 1794
1669360 1794
1669370 1799
1669380 1803
1669390 1803
1669400 1796
1669410 1797
1669420 1797
1669430 1799
1669440 1803
1669450 1803
1669460 1805
1669470 1805
1669480 1805
1669490 1798
1669500 1785
1669510 1785
1669520 1746
1669530 1737
1669540 1737
1669550 1731
1669560 1730
1669570 1730
1669580 1742
1669590 1743
1669600 1743
1669610 1720
1669620 1715
1669630 1715
1669640 1711
1669650 1710
1669660 1706
1669670 1706
1669680 1707
1669690 1704
1669700 1704
1669710 1700
1669720 1689
1669730 1689
1669740 1693
1669750 1696
1669760 1696
1669770 1694
1669780 1688
1669790 1688
1669800 1687
1669810 1687
1669820 1687
1669830 1689
1669840 1687
1669850 1687
1669860 1686
1669870 1684
1669880 1684
1669890 1683
1669900 1683
1669910 1683
1669920 1683
1669930 1684
1669940 1684
1669950 1686
1669960 1687
1669970 1687
1669980 1685
1669990 1684
1670000 1684
1670010 1686
1670020 1681
1670030 1682
1670040 1682
1670050 1678
1670060 1685
1670070 1685
1670080 1689
1670090 1688
1670100 1688
1670110 1674
1670120 1672
1670130 1672
1670140 1675
1670150 1677
1670160 1677
1670170 1663
1670180 1657
1670190 1657
1670200 1654
1670210 1632
1670220 1632
1670230 1618
1670240 1599
1670250 1599
1670260 1585
1670270 1573
1670280 1573
1670290 1561
1670300 1555
1670310 1555
1670320 1550
1670330 1542
1670340 1542
1670350 1531
1670360 1524
1670370 1524
1670380 1516
1670390 1509
1670400 1502
1670410 1502
1670420 1494
1670430 1488
1670440 1488
1670450 1481
1670460 1475
1670470 1475
1670480 1470
1670490 1464
1670500 1464
1670510 1458
1670520 1452
1670530 1452
1670540 1446
1670550 1441
1670560 1441
1670570 1434
1670580 1427
1670590 1427
1670600 1421
1670610 1415
1670620 1415
1670630 1410
1670640 1403
1670650 1403
1670660 1398
1670670 1392
1670680 1392
1670690 1387
1670700 1381
1670710 1381
1670720 1375
1670730 1374
1670740 1369
1670750 1369
1670760 1365
1670770 1360
1670780 1360
1670790 1359
1670800 1356
1670810 1356
1670820 1354
1670830 1353
1670840 1353
1670850 1350
1670860 1347
1670870 1347
1670880 1348
1670890 1347
1670900 1347
1670910 1347
1670920 1346
1670930 1346
1670940 1346
1670950 1345
1670960 1345
1670970 1345
1670980 1347
1670990 1347
1671000 1346
1671010 1347
1671020 1347
1671030 1350
1671040 1352
1671050 1352
1671060 1354
1671070 1359
1671080 1359
1671090 1361
1671100 1362
1671110 1367
1671120 1367
1671130 1371
1671140 1374
1671150 1374
1671160 1378
1671170 1381
1671180 1381
1671190 1384
1671200 1387
1671210 1387
1671220 1389
1671230 1391
1671240 1391
1671250 1393
1671260 1395
1671270 1395
1671280 1397
1671290 1399
1671300 1399
1671310 1401
1671320 1402
1671330 1402
1671340 1404
1671350 1406
1671360 1406
1671370 1409
1671380 1411
1671390 1411
1671400 1412
1671410 1413
1671420 1413
1671430 1415
1671440 1413
1671450 1413
1671460 1412
1671470 1412
1671480 1415
1671490 1415
1671500 1419
1671510 1423
1671520 1423
1671530 1427
1671540 1433
1671550 1433
1671560 1440
1671570 1446
1671580 1446
1671590 1452
1671600 1459
1671610 1459
1671620 1462
1671630 1465
1671640 1465
1671650 1466
1671660 1466
1671670 1466
1671680 1465
1671690 1465
1671700 1465
1671710 1465
1671720 1466
1671730 1466
1671740 1462
1671750 1454
1671760 1454
1671770 1446
1671780 1447
1671790 1447
1671800 1428
1671810 1417
1671820 1417
1671830 1389
1671840 1389
1671850 1383
1671860 1383
1671870 1350
1671880 1323
1671890 1323
1671900 1291
1671910 1288
1671920 1288
1671930 1272
1671940 1268
1671950 1268
1671960 1265
1671970 1263
1671980 1263
1671990 1263
1672000 1265
1672010 1265
1672020 1270
1672030 1274
1672040 1274
1672050 1271
1672060 1267
1672070 1267
1672080 1272
1672090 1270
1672100 1270
1672110 1302
1672120 1256
1672130 1256
1672140 1225
1672150 1217
1672160 1217
1672170 1203
1672180 1196
1672190 1196
1672200 1190
1672210 1183
1672220 1179
1672230 1179
1672240 1168
1672250 1163
1672260 1163
1672270 1158
1672280 1160
1672290 1160
1672300 1159
1672310 1143
1672320 1143
1672330 1122
1672340 1119
1672350 1119
1672360 1116
1672370 1112
1672380 1112
1672390 1108
1672400 1102
1672410 1102
1672420 1095
1672430 1088
1672440 1088
1672450 1082
1672460 1075
1672470 1075
1672480 1067
1672490 1060
1672500 1060
1672510 1055
1672520 1048
1672530 1048
1672540 1042
1672550 1035
1672560 1028
1672570 1028
1672580 1022
1672590 1016
1672600 1016
1672610 1010
1672620 1005
1672630 1005
1672640 1000
1672650 994
1672660 994
1672670 988
1672680 981
1672690 981
1672700 976
1672710 969
1672720 969
1672730 962
1672740 955
1672750 955
1672760 950
1672770 943
1672780 943
1672790 936
1672800 930
1672810 930
1672820 924
1672830 915
1672840 915
1672850 907
1672860 899
1672870 899
1672880 892
1672890 888
1672900 888
1672910 886
1672920 884
1672930 882
1672940 882
1672950 881
1672960 880
1672970 880
1672980 880
1672990 880
1673000 880
1673010 880
1673020 880
1673030 880
1673040 880
1673050 880
1673060 880
1673070 880
1673080 880
1673090 880
1673100 880
1673110 880
1673120 880
1673130 880
1673140 881
1673150 881
1673160 881
1673170 882
1673180 882
1673190 882
1673200 883
1673210 883
1673220 884
1673230 884
1673240 884
1673250 886
1673260 888
1673270 888
1673280 888
1673290 890
1673300 890
1673310 890
1673320 892
1673330 893
1673340 893
1673350 894
1673360 895
1673370 895
1673380 896
1673390 897
1673400 897
1673410 899
1673420 899
1673430 899
1673440 900
1673450 901
1673460 901
1673470 902
1673480 903
1673490 903
1673500 904
1673510 905
1673520 905
1673530 906
1673540 907
1673550 907
1673560 908
1673570 908
1673580 908
1673590 909
1673600 910
1673610 910
1673620 914
1673630 920
1673640 920
1673650 925
1673660 930
1673670 936
1673680 936
1673690 942
1673700 947
1673710 947
1673720 952
1673730 958
1673740 958
1673750 964
1673760 969
1673770 969
1673780 974
1673790 978
1673800 978
1673810 986
1673820 992
1673830 992
1673840 999
1673850 1004
1673860 1004
1673870 1010
1673880 1015
1673890 1015
1673900 1024
1673910 1032
1673920 1032
1673930 1039
1673940 1048
1673950 1048
1673960 1056
1673970 1063
1673980 1063
1673990 1071
1674000 1078
1674010 1078
1674020 1083
1674030 1096
1674040 1107
1674050 1107
1674060 1132
1674070 1150
1674080 1150
1674090 1162
1674100 1196
1674110 1196
1674120 1222
1674130 1232
1674140 1232
1674150 1246
1674160 1266
1674170 1266
1674180 1276
1674190 1300
1674200 1300
1674210 1337
1674220 1365
1674230 1365
1674240 1366
1674250 1369
1674260 1369
1674270 1374
1674280 1375
1674290 1375
1674300 1375
1674310 1376
1674320 1376
1674330 1377
1674340 1380
1674350 1380
1674360 1384
1674370 1389
1674380 1395
1674390 1395
1674400 1401
1674410 1407
1674420 1407
1674430 1411
1674440 1415
1674450 1415
1674460 1420
1674470 1425
1674480 1425
1674490 1427
1674500 1427
1674510 1427
1674520 1427
1674530 1428
1674540 1428
1674550 1429
1674560 1430
1674570 1430
1674580 1429
1674590 1432
1674600 1432
1674610 1434
1674620 1435
1674630 1435
1674640 1437
1674650 1441
1674660 1441
1674670 1445
1674680 1450
1674690 1450
1674700 1453
1674710 1447
1674720 1447
1674730 1443
1674740 1437
1674750 1436
1674760 1436
1674770 1432
1674780 1434
1674790 1434
1674800 1434
1674810 1435
1674820 1435
1674830 1429
1674840 1431
1674850 1431
1674860 1439
1674870 1437
1674880 1437
1674890 1442
1674900 1449
1674910 1449
1674920 1449
1674930 1452
1674940 1452
1674950 1457
1674960 1463
1674970 1463
1674980 1469
1674990 1475
1675000 1475
1675010 1477
1675020 1478
1675030 1478
1675040 1478
1675050 1479
1675060 1479
1675070 1478
1675080 1475
1675090 1475
1675100 1471
1675110 1465
1675120 1459
1675130 1459
1675140 1455
1675150 1453
1675160 1453
1675170 1451
1675180 1448
1675190 1448
1675200 1446
1675210 1441
1675220 1441
1675230 1441
1675240 1437
1675250 1437
1675260 1434
1675270 1431
1675280 1431
1675290 1428
1675300 1424
1675310 1424
1675320 1421
1675330 1417
1675340 1417
1675350 1414
1675360 1412
1675370 1412
1675380 1410
1675390 1409
1675400 1409
1675410 1406
1675420 1405
1675430 1405
1675440 1405
1675450 1404
1675460 1404
1675470 1406
1675480 1410
1675490 1412
1675500 1412
1675510 1414
1675520 1415
1675530 1415
1675540 1416
1675550 1417
1675560 1417
1675570 1418
1675580 1419
1675590 1419
1675600 1420
1675610 1420
1675620 1420
1675630 1420
1675640 1420
1675650 1420
1675660 1419
1675670 1420
1675680 1420
1675690 1423
1675700 1428
1675710 1428
1675720 1432
1675730 1435
1675740 1435
1675750 1439
1675760 1442
1675770 1442
1675780 1446
1675790 1448
1675800 1448
1675810 1449
1675820 1451
1675830 1451
1675840 1452
1675850 1453
1675860 1454
1675870 1454
1675880 1453
1675890 1454
1675900 1454
1675910 1453
1675920 1452
1675930 1452
1675940 1451
1675950 1451
1675960 1451
1675970 1451
1675980 1451
1675990 1451
1676000 1451
1676010 1451
1676020 1451
1676030 1451
1676040 1449
1676050 1449
1676060 1448
1676070 1446
1676080 1446
1676090 1446
1676100 1447
1676110 1447
1676120 1449
1676130 1451
1676140 1451
1676150 1452
1676160 1452
1676170 1452
1676180 1451
1676190 1450
1676200 1448
1676210 1448
1676220 1449
1676230 1454
1676240 1454
1676250 1459
1676260 1464
1676270 1464
1676280 1469
1676290 1474
1676300 1474
1676310 1475
1676320 1385
1676330 1385
1676340 1345
1676350 1323
1676360 1323
1676370 1316
1676380 1303
1676390 1303
1676400 1297
1676410 1287
1676420 1287
1676430 1280
1676440 1271
1676450 1271
1676460 1268
1676470 1249
1676480 1249
1676490 1231
1676500 1213
1676510 1213
1676520 1192
1676530 1192
1676540 1192
1676550 1185
1676560 1178
1676570 1169
1676580 1169
1676590 1160
1676600 1151
1676610 1151
1676620 1140
1676630 1126
1676640 1126
1676650 1118
1676660 1109
1676670 1109
1676680 1095
1676690 1088
1676700 1088
1676710 1080
1676720 1071
1676730 1071
1676740 1064
1676750 1055
1676760 1055
1676770 1046
1676780 1037
1676790 1037
1676800 1028
1676810 983
1676820 983
1676830 966
1676840 956
1676850 956
1676860 949
1676870 942
1676880 942
1676890 935
1676900 930
1676910 930
1676920 928
1676930 927
1676940 926
1676950 926
1676960 927
1676970 926
1676980 926
1676990 925
1677000 924
1677010 924
1677020 922
1677030 922
1677040 922
1677050 921
1677060 920
1677070 920
1677080 918
1677090 917
1677100 917
1677110 916
1677120 917
1677130 917
1677140 913
1677150 913
1677160 913
1677170 913
1677180 914
1677190 914
1677200 913
1677210 914
1677220 914
1677230 914
1677240 914
1677250 914
1677260 914
1677270 915
1677280 915
1677290 914
1677300 914
1677310 917
1677320 917
1677330 921
1677340 925
1677350 925
1677360 929
1677370 932
1677380 932
1677390 936
1677400 941
1677410 941
1677420 946
1677430 951
1677440 951
1677450 955
1677460 960
1677470 960
1677480 964
1677490 968
1677500 968
1677510 972
1677520 977
1677530 977
1677540 983
1677550 990
1677560 990
1677570 996
1677580 1003
1677590 1003
1677600 1009
1677610 1016
1677620 1016
1677630 1023
1677640 1030
1677650 1030
1677660 1037
1677670 1044
1677680 1050
1677690 1050
1677700 1057
1677710 1064
1677720 1064
1677730 1071
1677740 1077
1677750 1077
1677760 1084
1677770 1090
1677780 1090
1677790 1097
1677800 1116
1677810 1116
1677820 1139
1677830 1168
1677840 1168
1677850 1187
1677860 1200
1677870 1200
1677880 1222
1677890 1232
1677900 1232
1677910 1236
1677920 1252
1677930 1252
1677940 1264
1677950 1273
1677960 1273
1677970 1290
1677980 1301
1677990 1301
1678000 1335
1678010 1325
1678020 1332
1678030 1332
1678040 1340
1678050 1371
1678060 1371
1678070 1388
1678080 1399
1678090 1399
1678100 1414
1678110 1400
1678120 1400
1678130 1392
1678140 1407
1678150 1407
1678160 1390
1678170 1368
1678180 1368
1678190 1357
1678200 1355
1678210 1355
1678220 1363
1678230 1374
1678240 1374
1678250 1392
1678260 1410
1678270 1410
1678280 1419
1678290 1430
1678300 1430
1678310 1451
1678320 1461
1678330 1461
1678340 1471
1678350 1481
1678360 1481
1678370 1514
1678380 1490
1678390 1486
1678400 1486
1678410 1488
1678420 1494
1678430 1494
1678440 1499
1678450 1509
1678460 1509
1678470 1523
1678480 1534
1678490 1534
1678500 1545
1678510 1555
1678520 1555
1678530 1571
1678540 1582
1678550 1582
1678560 1593
1678570 1600
1678580 1600
1678590 1611
1678600 1612
1678610 1612
1678620 1611
1678630 1614
1678640 1614
1678650 1620
1678660 1628
1678670 1628
1678680 1647
1678690 1647
1678700 1647
1678710 1649
1678720 1660
1678730 1660
1678740 1670
1678750 1685
1678760 1694
1678770 1694
1678780 1697
1678790 1693
1678800 1693
1678810 1696
1678820 1710
1678830 1710
1678840 1706
1678850 1710
1678860 1710
1678870 1723
1678880 1730
1678890 1730
1678900 1737
1678910 1744
1678920 1744
1678930 1745
1678940 1747
1678950 1747
1678960 1750
1678970 1750
1678980 1750
1678990 1751
1679000 1751
1679010 1751
1679020 1751
1679030 1750
1679040 1750
1679050 1750
1679060 1748
1679070 1748
1679080 1747
1679090 1746
1679100 1746
1679110 1744
1679120 1743
1679130 1742
1679140 1742
1679150 1740
1679160 1738
1679170 1738
1679180 1736
1679190 1734
1679200 1734
1679210 1731
1679220 1728
1679230 1728
1679240 1725
1679250 1722
1679260 1722
1679270 1719
1679280 1716
1679290 1716
1679300 1713
1679310 1709
1679320 1709
1679330 1705
1679340 1702
1679350 1702
1679360 1699
1679370 1696
1679380 1696
1679390 1692
1679400 1688
1679410 1688
1679420 1685
1679430 1682
1679440 1682
1679450 1678
1679460 1674
1679470 1674
1679480 1669
1679490 1664
1679500 1659
1679510 1659
1679520 1654
1679530 1649
1679540 1649
1679550 1644
1679560 1638
1679570 1638
1679580 1633
1679590 1627
1679600 1627
1679610 1622
1679620 1616
1679630 1616
1679640 1612
1679650 1607
1679660 1607
1679670 1602
1679680 1598
1679690 1598
1679700 1593
1679710 1588
1679720 1588
1679730 1581
1679740 1580
1679750 1580
1679760 1577
1679770 1573
1679780 1573
1679790 1569
1679800 1561
1679810 1561
1679820 1556
1679830 1550
1679840 1546
1679850 1546
1679860 1544
1679870 1538
1679880 1538
1679890 1533
1679900 1532
1679910 1532
1679920 1530
1679930 1527
1679940 1527
1679950 1523
1679960 1520
1679970 1520
1679980 1517
1679990 1514
