1660000 1067
1660010 1075
1660020 1075
1660030 1086
1660040 1097
1660050 1097
1660060 1110
1660070 1117
1660080 1117
1660090 1119
1660100 1110
1660110 1107
1660120 1107
1660130 1109
1660140 1116
1660150 1116
1660160 1123
1660170 1133
1660180 1133
1660190 1148
1660200 1155
1660210 1155
1660220 1161
1660230 1165
1660240 1165
1660250 1163
1660260 1161
1660270 1161
1660280 1158
1660290 1165
1660300 1165
1660310 1174
1660320 1182
1660330 1182
1660340 1188
1660350 1193
1660360 1193
1660370 1201
1660380 1207
1660390 1207
1660400 1214
1660410 1220
1660420 1220
1660430 1226
1660440 1231
1660450 1231
1660460 1235
1660470 1237
1660480 1237
1660490 1237
1660500 1235
1660510 1232
1660520 1232
1660530 1230
1660540 1228
1660550 1228
1660560 1230
1660570 1233
1660580 1233
1660590 1236
1660600 1238
1660610 1238
1660620 1239
1660630 1240
1660640 1240
1660650 1240
1660660 1240
1660670 1240
1660680 1241
1660690 1240
1660700 1240
1660710 1240
1660720 1229
1660730 1229
1660740 1221
1660750 1212
1660760 1212
1660770 1204
1660780 1196
1660790 1196
1660800 1188
1660810 1179
1660820 1179
1660830 1171
1660840 1161
1660850 1152
1660860 1152
1660870 1143
1660880 1134
1660890 1134
1660900 1123
1660910 1114
1660920 1114
1660930 1105
1660940 1097
1660950 1097
1660960 1090
1660970 1084
1660980 1084
1660990 1077
1661000 1068
1661010 1068
1661020 1062
1661030 1055
1661040 1055
1661050 1045
1661060 1035
1661070 1035
1661080 1029
1661090 1007
1661100 1007
1661110 995
1661120 980
1661130 980
1661140 957
1661150 943
1661160 943
1661170 934
1661180 928
1661190 928
1661200 924
1661210 930
1661220 930
1661230 938
1661240 947
1661250 957
1661260 957
1661270 963
1661280 960
1661290 960
1661300 958
1661310 956
1661320 956
1661330 952
1661340 944
1661350 944
1661360 936
1661370 929
1661380 929
1661390 919
1661400 908
1661410 908
1661420 893
1661430 867
1661440 867
1661450 855
1661460 847
1661470 847
1661480 840
1661490 837
1661500 837
1661510 835
1661520 839
1661530 839
1661540 846
1661550 853
1661560 853
1661570 859
1661580 864
1661590 864
1661600 871
1661610 877
1661620 886
1661630 886
1661640 893
1661650 901
1661660 901
1661670 910
1661680 926
1661690 926
1661700 938
1661710 952
1661720 952
1661730 971
1661740 1002
1661750 1002
1661760 1032
1661770 1045
1661780 1045
1661790 1057
1661800 1064
1661810 1064
1661820 1073
1661830 1077
1661840 1077
1661850 1084
1661860 1092
1661870 1092
1661880 1100
1661890 1111
1661900 1111
1661910 1116
1661920 1121
1661930 1121
1661940 1127
1661950 1136
1661960 1136
1661970 1142
1661980 1143
1661990 1143
1662000 1146
1662010 1148
1662020 1151
1662030 1151
1662040 1160
1662050 1170
1662060 1170
1662070 1185
1662080 1197
1662090 1197
1662100 1199
1662110 1192
1662120 1192
1662130 1194
1662140 1197
1662150 1197
1662160 1196
1662170 1190
1662180 1190
1662190 1172
1662200 1170
1662210 1170
1662220 1166
1662230 1165
1662240 1165
1662250 1168
1662260 1173
1662270 1173
1662280 1183
1662290 1195
1662300 1195
1662310 1213
1662320 1229
1662330 1229
1662340 1246
1662350 1261
1662360 1261
1662370 1268
1662380 1270
1662390 1276
1662400 1276
1662410 1281
1662420 1285
1662430 1285
1662440 1289
1662450 1297
1662460 1297
1662470 1302
1662480 1307
1662490 1307
1662500 1309
1662510 1309
1662520 1309
1662530 1307
1662540 1302
1662550 1302
1662560 1299
1662570 1295
1662580 1295
1662590 1291
1662600 1286
1662610 1286
1662620 1282
1662630 1282
1662640 1282
1662650 1280
1662660 1280
1662670 1280
1662680 1280
1662690 1278
1662700 1278
1662710 1278
1662720 1281
1662730 1281
1662740 1281
1662750 1282
1662760 1284
1662770 1284
1662780 1285
1662790 1287
1662800 1287
1662810 1287
1662820 1290
1662830 1290
1662840 1290
1662850 1291
1662860 1291
1662870 1292
1662880 1294
1662890 1294
1662900 1297
1662910 1299
1662920 1299
1662930 1301
1662940 1305
1662950 1305
1662960 1309
1662970 1312
1662980 1312
1662990 1315
1663000 1318
1663010 1318
1663020 1334
1663030 1341
1663040 1341
1663050 1346
1663060 1351
1663070 1351
1663080 1360
1663090 1364
1663100 1364
1663110 1363
1663120 1360
1663130 1360
1663140 1358
1663150 1359
1663160 1354
1663170 1354
1663180 1350
1663190 1344
1663200 1344
1663210 1340
1663220 1336
1663230 1336
1663240 1332
1663250 1329
1663260 1329
1663270 1324
1663280 1319
1663290 1319
1663300 1314
1663310 1309
1663320 1309
1663330 1308
1663340 1308
1663350 1308
1663360 1306
1663370 1305
1663380 1305
1663390 1303
1663400 1302
1663410 1302
1663420 1302
1663430 1305
1663440 1305
1663450 1311
1663460 1318
1663470 1318
1663480 1322
1663490 1324
1663500 1324
1663510 1328
1663520 1330
1663530 1331
1663540 1331
1663550 1329
1663560 1330
1663570 1330
1663580 1330
1663590 1331
1663600 1331
1663610 1334
1663620 1338
1663630 1338
1663640 1338
1663650 1341
1663660 1341
1663670 1345
1663680 1347
1663690 1347
1663700 1350
1663710 1354
1663720 1354
1663730 1357
1663740 1359
1663750 1359
1663760 1362
1663770 1363
1663780 1363
1663790 1362
1663800 1361
1663810 1361
1663820 1359
1663830 1357
1663840 1357
1663850 1361
1663860 1363
1663870 1363
1663880 1357
1663890 1359
1663900 1359
1663910 1365
1663920 1370
1663930 1373
1663940 1373
1663950 1375
1663960 1375
1663970 1375
1663980 1373
1663990 1377
1664000 1377
1664010 1380
1664020 1383
1664030 1383
1664040 1382
1664050 1378
1664060 1378
1664070 1372
1664080 1367
1664090 1367
1664100 1364
1664110 1365
1664120 1365
1664130 1356
1664140 1354
1664150 1354
1664160 1360
1664170 1364
1664180 1364
1664190 1366
1664200 1368
1664210 1368
1664220 1370
1664230 1373
1664240 1373
1664250 1376
1664260 1378
1664270 1378
1664280 1382
1664290 1384
1664300 1385
1664310 1385
1664320 1385
1664330 1387
1664340 1387
1664350 1389
1664360 1392
1664370 1392
1664380 1394
1664390 1395
1664400 1395
1664410 1396
1664420 1397
1664430 1397
1664440 1399
1664450 1399
1664460 1399
1664470 1399
1664480 1400
1664490 1400
1664500 1399
1664510 1400
1664520 1400
1664530 1401
1664540 1399
1664550 1399
1664560 1400
1664570 1399
1664580 1399
1664590 1399
1664600 1397
1664610 1397
1664620 1396
1664630 1395
1664640 1395
1664650 1393
1664660 1391
1664670 1388
1664680 1388
1664690 1386
1664700 1383
1664710 1383
1664720 1382
1664730 1381
1664740 1381
1664750 1378
1664760 1378
1664770 1378
1664780 1377
1664790 1376
1664800 1376
1664810 1375
1664820 1373
1664830 1373
1664840 1372
1664850 1369
1664860 1369
1664870 1368
1664880 1366
1664890 1366
1664900 1362
1664910 1359
1664920 1359
1664930 1354
1664940 1349
1664950 1349
1664960 1345
1664970 1341
1664980 1341
1664990 1338
1665000 1337
1665010 1337
1665020 1337
1665030 1337
1665040 1337
1665050 1338
1665060 1337
1665070 1337
1665080 1337
1665090 1338
1665100 1340
1665110 1340
1665120 1341
1665130 1341
1665140 1341
1665150 1340
1665160 1340
1665170 1340
1665180 1339
1665190 1340
1665200 1340
1665210 1343
1665220 1345
1665230 1345
1665240 1346
1665250 1344
1665260 1344
1665270 1342
1665280 1342
1665290 1342
1665300 1344
1665310 1347
1665320 1347
1665330 1349
1665340 1355
1665350 1355
1665360 1360
1665370 1364
1665380 1364
1665390 1368
1665400 1371
1665410 1371
1665420 1375
1665430 1377
1665440 1378
1665450 1378
1665460 1382
1665470 1384
1665480 1384
1665490 1386
1665500 1386
1665510 1386
1665520 1382
1665530 1384
1665540 1384
1665550 1388
1665560 1392
1665570 1392
1665580 1396
1665590 1399
1665600 1399
1665610 1404
1665620 1408
1665630 1408
1665640 1410
1665650 1416
1665660 1416
1665670 1421
1665680 1426
1665690 1426
1665700 1430
1665710 1434
1665720 1434
1665730 1438
1665740 1442
1665750 1442
1665760 1449
1665770 1454
1665780 1454
1665790 1459
1665800 1464
1665810 1464
1665820 1468
1665830 1472
1665840 1476
1665850 1476
1665860 1477
1665870 1474
1665880 1474
1665890 1469
1665900 1467
1665910 1467
1665920 1465
1665930 1463
1665940 1463
1665950 1466
1665960 1469
1665970 1469
1665980 1469
1665990 1470
1666000 1470
1666010 1471
1666020 1473
1666030 1473
1666040 1473
1666050 1472
1666060 1472
1666070 1473
1666080 1475
1666090 1475
1666100 1475
1666110 1475
1666120 1475
1666130 1475
1666140 1477
1666150 1477
1666160 1478
1666170 1480
1666180 1480
1666190 1482
1666200 1482
1666210 1483
1666220 1483
1666230 1485
1666240 1486
1666250 1486
1666260 1487
1666270 1487
1666280 1487
1666290 1487
1666300 1487
1666310 1487
1666320 1484
1666330 1486
1666340 1486
1666350 1490
1666360 1494
1666370 1494
1666380 1498
1666390 1501
1666400 1501
1666410 1503
1666420 1505
1666430 1505
1666440 1508
1666450 1510
1666460 1510
1666470 1511
1666480 1513
1666490 1513
1666500 1514
1666510 1515
1666520 1515
1666530 1515
1666540 1518
1666550 1518
1666560 1518
1666570 1519
1666580 1523
1666590 1523
1666600 1527
1666610 1533
1666620 1533
1666630 1539
1666640 1545
1666650 1545
1666660 1552
1666670 1562
1666680 1562
1666690 1568
1666700 1570
1666710 1570
1666720 1570
1666730 1570
1666740 1570
1666750 1569
1666760 1568
1666770 1568
1666780 1565
1666790 1562
1666800 1562
1666810 1560
1666820 1557
1666830 1557
1666840 1553
1666850 1556
1666860 1556
1666870 1558
1666880 1561
1666890 1561
1666900 1560
1666910 1559
1666920 1559
1666930 1561
1666940 1564
1666950 1564
1666960 1564
1666970 1568
1666980 1572
1666990 1572
1667000 1575
1667010 1576
1667020 1576
1667030 1580
1667040 1582
1667050 1582
1667060 1582
1667070 1582
1667080 1582
1667090 1580
1667100 1579
1667110 1579
1667120 1578
1667130 1579
1667140 1579
1667150 1585
1667160 1587
1667170 1587
1667180 1591
1667190 1593
1667200 1593
1667210 1596
1667220 1599
1667230 1599
1667240 1601
1667250 1599
1667260 1599
1667270 1598
1667280 1598
1667290 1598
1667300 1602
1667310 1603
1667320 1603
1667330 1604
1667340 1603
1667350 1602
1667360 1602
1667370 1600
1667380 1594
1667390 1594
1667400 1593
1667410 1595
1667420 1595
1667430 1590
1667440 1596
1667450 1596
1667460 1594
1667470 1597
1667480 1597
1667490 1600
1667500 1600
1667510 1600
1667520 1601
1667530 1604
1667540 1604
1667550 1606
1667560 1613
1667570 1613
1667580 1615
1667590 1618
1667600 1618
1667610 1617
1667620 1618
1667630 1618
1667640 1620
1667650 1620
1667660 1620
1667670 1621
1667680 1621
1667690 1621
1667700 1618
1667710 1621
1667720 1621
1667730 1627
1667740 1626
1667750 1624
1667760 1624
1667770 1610
1667780 1606
1667790 1606
1667800 1598
1667810 1592
1667820 1592
1667830 1589
1667840 1590
1667850 1590
1667860 1590
1667870 1592
1667880 1592
1667890 1596
1667900 1600
1667910 1600
1667920 1600
1667930 1602
1667940 1602
1667950 1601
1667960 1602
1667970 1602
1667980 1600
1667990 1603
1668000 1603
1668010 1604
1668020 1606
1668030 1606
1668040 1611
1668050 1617
1668060 1617
1668070 1621
1668080 1621
1668090 1621
1668100 1623
1668110 1624
1668120 1623
1668130 1623
1668140 1624
1668150 1623
1668160 1623
1668170 1621
1668180 1619
1668190 1619
1668200 1620
1668210 1622
1668220 1622
1668230 1624
1668240 1625
1668250 1625
1668260 1624
1668270 1625
1668280 1625
1668290 1625
1668300 1626
1668310 1626
1668320 1626
1668330 1627
1668340 1627
1668350 1625
1668360 1621
1668370 1621
1668380 1618
1668390 1616
1668400 1616
1668410 1615
1668420 1611
1668430 1611
1668440 1615
1668450 1614
1668460 1614
1668470 1614
1668480 1615
1668490 1614
1668500 1614
1668510 1612
1668520 1610
1668530 1610
1668540 1609
1668550 1608
1668560 1608
1668570 1607
1668580 1607
1668590 1607
1668600 1608
1668610 1608
1668620 1608
1668630 1611
1668640 1614
1668650 1614
1668660 1616
1668670 1615
1668680 1615
1668690 1611
1668700 1610
1668710 1610
1668720 1608
1668730 1607
1668740 1607
1668750 1605
1668760 1605
1668770 1605
1668780 1606
1668790 1608
1668800 1608
1668810 1607
1668820 1606
1668830 1606
1668840 1605
1668850 1605
1668860 1605
1668870 1605
1668880 1606
1668890 1609
1668900 1609
1668910 1610
1668920 1609
1668930 1609
1668940 1601
1668950 1599
1668960 1599
1668970 1598
1668980 1600
1668990 1600
1669000 1601
1669010 1603
1669020 1603
1669030 1603
1669040 1602
1669050 1602
1669060 1601
1669070 1600
1669080 1600
1669090 1602
1669100 1608
1669110 1608
1669120 1608
1669130 1607
1669140 1607
1669150 1606
1669160 1605
1669170 1605
1669180 1605
1669190 1605
1669200 1605
1669210 1606
1669220 1608
1669230 1608
1669240 1610
1669250 1611
1669260 1612
1669270 1612
1669280 1611
1669290 1611
1669300 1611
1669310 1611
1669320 1611
1669330 1611
1669340 1611
1669350 1611
1669360 1611
1669370 1612
1669380 1611
1669390 1611
1669400 1609
1669410 1607
1669420 1607
1669430 1606
1669440 1603
1669450 1603
1669460 1602
1669470 1601
1669480 1601
1669490 1598
1669500 1594
1669510 1594
1669520 1588
1669530 1584
1669540 1584
1669550 1581
1669560 1577
1669570 1577
1669580 1576
1669590 1575
1669600 1575
1669610 1571
1669620 1565
1669630 1565
1669640 1565
1669650 1562
1669660 1559
1669670 1559
1669680 1555
1669690 1556
1669700 1556
1669710 1557
1669720 1557
1669730 1557
1669740 1556
1669750 1554
1669760 1554
1669770 1554
1669780 1555
1669790 1555
1669800 1557
1669810 1556
1669820 1556
1669830 1555
1669840 1557
1669850 1557
1669860 1562
1669870 1568
1669880 1568
1669890 1579
1669900 1588
1669910 1588
1669920 1595
1669930 1602
1669940 1602
1669950 1602
1669960 1600
1669970 1600
1669980 1597
1669990 1594
1670000 1594
1670010 1593
1670020 1590
1670030 1592
1670040 1592
1670050 1599
1670060 1607
1670070 1607
1670080 1610
1670090 1608
1670100 1608
1670110 1609
1670120 1610
1670130 1610
1670140 1612
1670150 1620
1670160 1620
1670170 1622
1670180 1626
1670190 1626
1670200 1625
1670210 1622
1670220 1622
1670230 1627
1670240 1630
1670250 1630
1670260 1635
1670270 1638
1670280 1638
1670290 1639
1670300 1642
1670310 1642
1670320 1643
1670330 1646
1670340 1646
1670350 1647
1670360 1648
1670370 1648
1670380 1652
1670390 1652
1670400 1652
1670410 1653
1670420 1654
1670430 1651
1670440 1651
1670450 1647
1670460 1647
1670470 1647
1670480 1652
1670490 1653
1670500 1653
1670510 1658
1670520 1662
1670530 1662
1670540 1662
1670550 1656
1670560 1656
1670570 1655
1670580 1661
1670590 1661
1670600 1660
1670610 1660
1670620 1660
1670630 1660
1670640 1663
1670650 1663
1670660 1661
1670670 1659
1670680 1659
1670690 1657
1670700 1656
1670710 1656
1670720 1652
1670730 1655
1670740 1655
1670750 1653
1670760 1653
1670770 1653
1670780 1651
1670790 1650
1670800 1652
1670810 1652
1670820 1653
1670830 1653
1670840 1653
1670850 1651
1670860 1653
1670870 1653
1670880 1654
1670890 1654
1670900 1654
1670910 1659
1670920 1661
1670930 1661
1670940 1661
1670950 1665
1670960 1665
1670970 1665
1670980 1666
1670990 1666
1671000 1664
1671010 1666
1671020 1666
1671030 1663
1671040 1666
1671050 1666
1671060 1666
1671070 1664
1671080 1664
1671090 1660
1671100 1660
1671110 1660
1671120 1663
1671130 1656
1671140 1656
1671150 1655
1671160 1657
1671170 1659
1671180 1659
1671190 1660
1671200 1657
1671210 1657
1671220 1655
1671230 1654
1671240 1654
1671250 1657
1671260 1660
1671270 1660
1671280 1662
1671290 1665
1671300 1665
1671310 1665
1671320 1666
1671330 1666
1671340 1664
1671350 1667
1671360 1667
1671370 1670
1671380 1666
1671390 1666
1671400 1668
1671410 1679
1671420 1679
1671430 1686
1671440 1684
1671450 1684
1671460 1676
1671470 1676
1671480 1676
1671490 1673
1671500 1669
1671510 1669
1671520 1666
1671530 1663
1671540 1663
1671550 1662
1671560 1658
1671570 1656
1671580 1656
1671590 1653
1671600 1658
1671610 1658
1671620 1660
1671630 1655
1671640 1655
1671650 1655
1671660 1656
1671670 1656
1671680 1655
1671690 1648
1671700 1648
1671710 1644
1671720 1642
1671730 1642
1671740 1640
1671750 1638
1671760 1638
1671770 1638
1671780 1634
1671790 1634
1671800 1632
1671810 1632
1671820 1632
1671830 1633
1671840 1630
1671850 1630
1671860 1629
1671870 1627
1671880 1627
1671890 1626
1671900 1627
1671910 1627
1671920 1631
1671930 1632
1671940 1625
1671950 1625
1671960 1625
1671970 1624
1671980 1624
1671990 1621
1672000 1620
1672010 1620
1672020 1622
1672030 1622
1672040 1622
1672050 1622
1672060 1613
1672070 1613
1672080 1612
1672090 1609
1672100 1609
1672110 1608
1672120 1609
1672130 1609
1672140 1611
1672150 1612
1672160 1612
1672170 1612
1672180 1610
1672190 1610
1672200 1616
1672210 1615
1672220 1615
1672230 1618
1672240 1621
1672250 1621
1672260 1624
1672270 1626
1672280 1626
1672290 1629
1672300 1627
1672310 1627
1672320 1627
1672330 1619
1672340 1616
1672350 1616
1672360 1613
1672370 1607
1672380 1607
1672390 1609
1672400 1610
1672410 1610
1672420 1610
1672430 1614
1672440 1614
1672450 1623
1672460 1624
1672470 1624
1672480 1623
1672490 1625
1672500 1625
1672510 1627
1672520 1627
1672530 1627
1672540 1627
1672550 1625
1672560 1625
1672570 1622
1672580 1623
1672590 1623
1672600 1623
1672610 1623
1672620 1623
1672630 1627
1672640 1630
1672650 1630
1672660 1632
1672670 1631
1672680 1631
1672690 1631
1672700 1636
1672710 1637
1672720 1637
1672730 1635
1672740 1627
1672750 1627
1672760 1619
1672770 1613
1672780 1613
1672790 1610
1672800 1607
1672810 1607
1672820 1609
1672830 1607
1672840 1607
1672850 1601
1672860 1600
1672870 1600
1672880 1602
1672890 1600
1672900 1600
1672910 1604
1672920 1609
1672930 1609
1672940 1610
1672950 1611
1672960 1611
1672970 1614
1672980 1618
1672990 1618
1673000 1620
1673010 1622
1673020 1622
1673030 1623
1673040 1625
1673050 1625
1673060 1627
1673070 1631
1673080 1628
1673090 1628
1673100 1632
1673110 1630
1673120 1630
1673130 1635
1673140 1639
1673150 1639
1673160 1636
1673170 1633
1673180 1633
1673190 1630
1673200 1627
1673210 1627
1673220 1622
1673230 1626
1673240 1626
1673250 1627
1673260 1626
1673270 1626
1673280 1627
1673290 1629
1673300 1629
1673310 1630
1673320 1634
1673330 1634
1673340 1633
1673350 1628
1673360 1628
1673370 1626
1673380 1623
1673390 1623
1673400 1619
1673410 1616
1673420 1616
1673430 1610
1673440 1605
1673450 1605
1673460 1595
1673470 1591
1673480 1588
1673490 1588
1673500 1584
1673510 1586
1673520 1586
1673530 1582
1673540 1583
1673550 1583
1673560 1578
1673570 1572
1673580 1572
1673590 1568
1673600 1566
1673610 1566
1673620 1566
1673630 1564
1673640 1564
1673650 1562
1673660 1561
1673670 1561
1673680 1559
1673690 1558
1673700 1558
1673710 1557
1673720 1558
1673730 1558
1673740 1558
1673750 1557
1673760 1557
1673770 1558
1673780 1554
1673790 1554
1673800 1552
1673810 1550
1673820 1550
1673830 1549
1673840 1546
1673850 1544
1673860 1544
1673870 1541
1673880 1542
1673890 1542
1673900 1546
1673910 1551
1673920 1551
1673930 1547
1673940 1543
1673950 1543
1673960 1543
1673970 1542
1673980 1542
1673990 1540
1674000 1540
1674010 1540
1674020 1540
1674030 1543
1674040 1543
1674050 1541
1674060 1536
1674070 1536
1674080 1532
1674090 1529
1674100 1529
1674110 1527
1674120 1526
1674130 1526
1674140 1526
1674150 1527
1674160 1527
1674170 1529
1674180 1532
1674190 1532
1674200 1538
1674210 1537
1674220 1537
1674230 1537
1674240 1537
1674250 1534
1674260 1534
1674270 1531
1674280 1526
1674290 1526
1674300 1521
1674310 1521
1674320 1521
1674330 1520
1674340 1520
1674350 1520
1674360 1524
1674370 1527
1674380 1527
1674390 1526
1674400 1518
1674410 1518
1674420 1512
1674430 1508
1674440 1508
1674450 1506
1674460 1504
1674470 1504
1674480 1502
1674490 1499
1674500 1499
1674510 1502
1674520 1501
1674530 1501
1674540 1498
1674550 1494
1674560 1494
1674570 1490
1674580 1490
1674590 1490
1674600 1493
1674610 1493
1674620 1489
1674630 1489
1674640 1488
1674650 1487
1674660 1487
1674670 1485
1674680 1484
1674690 1484
1674700 1482
1674710 1479
1674720 1479
1674730 1475
1674740 1472
1674750 1472
1674760 1471
1674770 1470
1674780 1470
1674790 1470
1674800 1470
1674810 1470
1674820 1470
1674830 1470
1674840 1470
1674850 1470
1674860 1469
1674870 1469
1674880 1467
1674890 1465
1674900 1465
1674910 1466
1674920 1466
1674930 1466
1674940 1467
1674950 1467
1674960 1467
1674970 1467
1674980 1468
1674990 1468
1675000 1468
1675010 1469
1675020 1470
1675030 1470
1675040 1472
1675050 1471
1675060 1471
1675070 1471
1675080 1472
1675090 1472
1675100 1474
1675110 1472
1675120 1472
1675130 1469
1675140 1464
1675150 1464
1675160 1461
1675170 1460
1675180 1460
1675190 1459
1675200 1463
1675210 1463
1675220 1466
1675230 1468
1675240 1468
1675250 1470
1675260 1472
1675270 1472
1675280 1471
1675290 1471
1675300 1471
1675310 1468
1675320 1467
1675330 1467
1675340 1466
1675350 1469
1675360 1469
1675370 1473
1675380 1475
1675390 1476
1675400 1476
1675410 1479
1675420 1480
1675430 1480
1675440 1480
1675450 1473
1675460 1473
1675470 1465
1675480 1459
1675490 1459
1675500 1454
1675510 1451
1675520 1451
1675530 1452
1675540 1453
1675550 1453
1675560 1452
1675570 1453
1675580 1453
1675590 1452
1675600 1448
1675610 1448
1675620 1444
1675630 1441
1675640 1441
1675650 1440
1675660 1441
1675670 1441
1675680 1441
1675690 1442
1675700 1442
1675710 1442
1675720 1441
1675730 1441
1675740 1440
1675750 1441
1675760 1442
1675770 1442
1675780 1442
1675790 1440
1675800 1440
1675810 1439
1675820 1440
1675830 1440
1675840 1442
1675850 1442
1675860 1442
1675870 1444
1675880 1443
1675890 1443
1675900 1442
1675910 1442
1675920 1442
1675930 1442
1675940 1441
1675950 1441
1675960 1442
1675970 1443
1675980 1443
1675990 1446
1676000 1450
1676010 1450
1676020 1453
1676030 1454
1676040 1454
1676050 1456
1676060 1459
1676070 1459
1676080 1462
1676090 1463
1676100 1463
1676110 1463
1676120 1464
1676130 1464
1676140 1465
1676150 1465
1676160 1463
1676170 1463
1676180 1460
1676190 1458
1676200 1458
1676210 1454
1676220 1453
1676230 1453
1676240 1450
1676250 1447
1676260 1447
1676270 1445
1676280 1440
1676290 1440
1676300 1436
1676310 1430
1676320 1430
1676330 1424
1676340 1418
1676350 1418
1676360 1415
1676370 1414
1676380 1414
1676390 1414
1676400 1414
1676410 1414
1676420 1414
1676430 1414
1676440 1414
1676450 1414
1676460 1414
1676470 1414
1676480 1414
1676490 1415
1676500 1415
1676510 1418
1676520 1419
1676530 1420
1676540 1420
1676550 1420
1676560 1420
1676570 1420
1676580 1420
1676590 1421
1676600 1421
1676610 1421
1676620 1422
1676630 1422
1676640 1421
1676650 1420
1676660 1420
1676670 1419
1676680 1419
1676690 1419
1676700 1420
1676710 1420
1676720 1420
1676730 1421
1676740 1422
1676750 1422
1676760 1422
1676770 1423
1676780 1423
1676790 1424
1676800 1423
1676810 1423
1676820 1426
1676830 1428
1676840 1428
1676850 1429
1676860 1432
1676870 1432
1676880 1435
1676890 1438
1676900 1441
1676910 1441
1676920 1444
1676930 1446
1676940 1446
1676950 1449
1676960 1452
1676970 1452
1676980 1458
1676990 1460
1677000 1460
1677010 1461
1677020 1466
1677030 1466
1677040 1468
1677050 1470
1677060 1470
1677070 1473
1677080 1477
1677090 1477
1677100 1481
1677110 1484
1677120 1484
1677130 1488
1677140 1493
1677150 1493
1677160 1497
1677170 1498
1677180 1498
1677190 1500
1677200 1505
1677210 1505
1677220 1509
1677230 1511
1677240 1511
1677250 1513
1677260 1513
1677270 1513
1677280 1510
1677290 1509
1677300 1510
1677310 1510
1677320 1509
1677330 1506
1677340 1506
1677350 1505
1677360 1503
1677370 1503
1677380 1502
1677390 1500
1677400 1500
1677410 1501
1677420 1504
1677430 1504
1677440 1503
1677450 1506
1677460 1506
1677470 1507
1677480 1507
1677490 1507
1677500 1507
1677510 1506
1677520 1506
1677530 1506
1677540 1508
1677550 1508
1677560 1508
1677570 1511
1677580 1511
1677590 1512
1677600 1512
1677610 1512
1677620 1512
1677630 1513
1677640 1513
1677650 1514
1677660 1516
1677670 1514
1677680 1514
1677690 1512
1677700 1510
1677710 1510
1677720 1508
1677730 1511
1677740 1511
1677750 1510
1677760 1511
1677770 1511
1677780 1517
1677790 1516
1677800 1516
1677810 1516
1677820 1518
1677830 1518
1677840 1523
1677850 1530
1677860 1530
1677870 1534
1677880 1532
1677890 1532
1677900 1536
1677910 1538
1677920 1538
1677930 1536
1677940 1539
1677950 1539
1677960 1542
1677970 1545
1677980 1545
1677990 1549
1678000 1549
1678010 1549
1678020 1551
1678030 1555
1678040 1555
1678050 1556
1678060 1554
1678070 1557
1678080 1557
1678090 1559
1678100 1558
1678110 1558
1678120 1555
1678130 1553
1678140 1553
1678150 1551
1678160 1554
1678170 1554
1678180 1556
1678190 1559
1678200 1559
1678210 1561
1678220 1559
1678230 1559
1678240 1559
1678250 1557
1678260 1557
1678270 1558
1678280 1554
1678290 1554
1678300 1554
1678310 1556
1678320 1556
1678330 1557
1678340 1555
1678350 1555
1678360 1556
1678370 1553
1678380 1553
1678390 1553
1678400 1546
1678410 1546
1678420 1543
1678430 1542
1678440 1537
1678450 1537
1678460 1535
1678470 1529
1678480 1529
1678490 1528
1678500 1525
1678510 1525
1678520 1522
1678530 1521
1678540 1521
1678550 1520
1678560 1520
1678570 1520
1678580 1518
1678590 1518
1678600 1518
1678610 1520
1678620 1522
1678630 1522
1678640 1519
1678650 1524
1678660 1524
1678670 1528
1678680 1526
1678690 1526
1678700 1524
1678710 1524
1678720 1524
1678730 1523
1678740 1524
1678750 1524
1678760 1524
1678770 1522
1678780 1522
1678790 1519
1678800 1517
1678810 1515
1678820 1515
1678830 1513
1678840 1510
1678850 1510
1678860 1509
1678870 1507
1678880 1507
1678890 1508
1678900 1511
1678910 1511
1678920 1514
1678930 1516
1678940 1516
1678950 1518
1678960 1516
1678970 1516
1678980 1513
1678990 1514
1679000 1514
1679010 1506
1679020 1513
1679030 1513
1679040 1515
1679050 1516
1679060 1516
1679070 1514
1679080 1507
1679090 1507
1679100 1497
1679110 1490
1679120 1490
1679130 1491
1679140 1489
1679150 1489
1679160 1489
1679170 1488
1679180 1488
1679190 1491
1679200 1495
1679210 1497
1679220 1504
1679230 1506
1679240 1512
1679250 1512
1679260 1520
1679270 1525
1679280 1525
1679290 1525
1679300 1524
1679310 1524
1679320 1524
1679330 1541
1679340 1541
1679350 1561
1679360 1573
1679370 1573
1679380 1579
1679390 1584
1679400 1584
1679410 1596
1679420 1598
1679430 1598
1679440 1604
1679450 1610
1679460 1610
1679470 1621
1679480 1622
1679490 1622
1679500 1614
1679510 1607
1679520 1607
1679530 1614
1679540 1622
1679550 1622
1679560 1626
1679570 1632
1679580 1632
1679590 1632
1679600 1630
1679610 1629
1679620 1629
1679630 1626
1679640 1624
1679650 1624
1679660 1624
1679670 1620
1679680 1620
1679690 1624
1679700 1614
1679710 1614
1679720 1605
1679730 1599
1679740 1599
1679750 1598
1679760 1593
1679770 1593
1679780 1590
1679790 1586
1679800 1586
1679810 1593
1679820 1588
1679830 1588
1679840 1579
1679850 1577
1679860 1577
1679870 1584
1679880 1583
1679890 1583
1679900 1584
1679910 1587
1679920 1587
1679930 1588
1679940 1587
1679950 1587
1679960 1589
1679970 1592
1679980 1592
1679990 1592
