1660000 949
1660010 949
1660020 947
1660030 945
1660040 945
1660050 943
1660060 940
1660070 940
1660080 936
1660090 934
1660100 934
1660110 932
1660120 930
1660130 930
1660140 928
1660150 927
1660160 926
1660170 926
1660180 925
1660190 925
1660200 925
1660210 925
1660220 925
1660230 925
1660240 925
1660250 924
1660260 924
1660270 923
1660280 922
1660290 922
1660300 922
1660310 922
1660320 922
1660330 922
1660340 923
1660350 923
1660360 924
1660370 924
1660380 924
1660390 924
1660400 924
1660410 924
1660420 924
1660430 923
1660440 923
1660450 922
1660460 923
1660470 923
1660480 924
1660490 923
1660500 923
1660510 923
1660520 922
1660530 922
1660540 922
1660550 921
1660560 922
1660570 922
1660580 923
1660590 924
1660600 924
1660610 923
1660620 923
1660630 923
1660640 922
1660650 922
1660660 922
1660670 922
1660680 921
1660690 921
1660700 921
1660710 920
1660720 920
1660730 920
1660740 919
1660750 919
1660760 916
1660770 910
1660780 910
1660790 917
1660800 918
1660810 918
1660820 918
1660830 918
1660840 918
1660850 918
1660860 917
1660870 917
1660880 912
1660890 906
1660900 906
1660910 914
1660920 918
1660930 918
1660940 920
1660950 921
1660960 921
1660970 921
1660980 922
1660990 922
1661000 922
1661010 922
1661020 922
1661030 922
1661040 922
1661050 922
1661060 922
1661070 921
1661080 919
1661090 919
1661100 916
1661110 914
1661120 914
1661130 914
1661140 913
1661150 913
1661160 913
1661170 912
1661180 912
1661190 910
1661200 912
1661210 912
1661220 913
1661230 914
1661240 914
1661250 914
1661260 915
1661270 915
1661280 916
1661290 916
1661300 916
1661310 916
1661320 915
1661330 915
1661340 912
1661350 908
1661360 908
1661370 904
1661380 899
1661390 897
1661400 897
1661410 897
1661420 899
1661430 899
1661440 902
1661450 904
1661460 904
1661470 906
1661480 909
1661490 909
1661500 912
1661510 915
1661520 915
1661530 918
1661540 920
1661550 920
1661560 924
1661570 928
1661580 928
1661590 931
1661600 933
1661610 933
1661620 935
1661630 935
1661640 935
1661650 931
1661660 926
1661670 926
1661680 921
1661690 915
1661700 915
1661710 910
1661720 904
1661730 904
1661740 900
1661750 896
1661760 896
1661770 893
1661780 892
1661790 892
1661800 892
1661810 892
1661820 889
1661830 889
1661840 885
1661850 878
1661860 878
1661870 872
1661880 867
1661890 867
1661900 862
1661910 857
1661920 857
1661930 850
1661940 844
1661950 844
1661960 838
1661970 832
1661980 832
1661990 827
1662000 822
1662010 822
1662020 818
1662030 815
1662040 815
1662050 811
1662060 810
1662070 810
1662080 810
1662090 810
1662100 810
1662110 811
1662120 811
1662130 811
1662140 811
1662150 812
1662160 812
1662170 813
1662180 813
1662190 813
1662200 814
1662210 814
1662220 814
1662230 814
1662240 814
1662250 811
1662260 811
1662270 812
1662280 814
1662290 814
1662300 814
1662310 813
1662320 813
1662330 813
1662340 813
1662350 813
1662360 813
1662370 813
1662380 813
1662390 813
1662400 813
1662410 813
1662420 813
1662430 813
1662440 813
1662450 810
1662460 810
1662470 810
1662480 814
1662490 816
1662500 816
1662510 819
1662520 821
1662530 821
1662540 823
1662550 826
1662560 826
1662570 828
1662580 830
1662590 830
1662600 833
1662610 836
1662620 838
1662630 838
1662640 841
1662650 841
1662660 841
1662670 843
1662680 845
1662690 845
1662700 846
1662710 853
1662720 853
1662730 860
1662740 867
1662750 867
1662760 874
1662770 881
1662780 881
1662790 887
1662800 894
1662810 894
1662820 901
1662830 907
1662840 907
1662850 914
1662860 922
1662870 922
1662880 929
1662890 937
1662900 937
1662910 955
1662920 964
1662930 964
1662940 973
1662950 981
1662960 981
1662970 997
1662980 1007
1662990 1007
1663000 1007
1663010 1007
1663020 1007
1663030 1009
1663040 1011
1663050 1012
1663060 1012
1663070 1015
1663080 1021
1663090 1021
1663100 1026
1663110 1031
1663120 1031
1663130 1037
1663140 1043
1663150 1043
1663160 1048
1663170 1054
1663180 1054
1663190 1060
1663200 1065
1663210 1065
1663220 1069
1663230 1073
1663240 1073
1663250 1079
1663260 1084
1663270 1084
1663280 1088
1663290 1091
1663300 1091
1663310 1092
1663320 1092
1663330 1092
1663340 1090
1663350 1087
1663360 1087
1663370 1081
1663380 1075
1663390 1075
1663400 1071
1663410 1069
1663420 1069
1663430 1067
1663440 1064
1663450 1060
1663460 1060
1663470 1056
1663480 1052
1663490 1052
1663500 1047
1663510 1043
1663520 1043
1663530 1039
1663540 1035
1663550 1035
1663560 1031
1663570 1028
1663580 1028
1663590 1024
1663600 1019
1663610 1019
1663620 1014
1663630 1008
1663640 1008
1663650 1003
1663660 999
1663670 999
1663680 998
1663690 990
1663700 990
1663710 985
1663720 980
1663730 980
1663740 974
1663750 970
1663760 970
1663770 968
1663780 966
1663790 966
1663800 962
1663810 957
1663820 957
1663830 951
1663840 950
1663850 945
1663860 945
1663870 938
1663880 933
1663890 933
1663900 925
1663910 920
1663920 920
1663930 909
1663940 900
1663950 900
1663960 893
1663970 888
1663980 888
1663990 887
1664000 887
1664010 887
1664020 885
1664030 885
1664040 885
1664050 884
1664060 882
1664070 882
1664080 881
1664090 884
1664100 884
1664110 884
1664120 884
1664130 884
1664140 887
1664150 894
1664160 894
1664170 900
1664180 906
1664190 906
1664200 912
1664210 918
1664220 918
1664230 923
1664240 928
1664250 928
1664260 932
1664270 935
1664280 936
1664290 936
1664300 937
1664310 937
1664320 937
1664330 938
1664340 937
1664350 943
1664360 940
1664370 937
1664380 937
1664390 933
1664400 930
1664410 930
1664420 927
1664430 926
1664440 926
1664450 923
1664460 919
1664470 919
1664480 920
1664490 923
1664500 923
1664510 928
1664520 932
1664530 932
1664540 936
1664550 937
1664560 937
1664570 937
1664580 937
1664590 937
1664600 936
1664610 934
1664620 934
1664630 925
1664640 923
1664650 923
1664660 929
1664670 936
1664680 938
1664690 938
1664700 938
1664710 937
1664720 937
1664730 938
1664740 939
1664750 939
1664760 940
1664770 939
1664780 939
1664790 939
1664800 940
1664810 940
1664820 941
1664830 939
1664840 939
1664850 937
1664860 930
1664870 930
1664880 924
1664890 918
1664900 918
1664910 913
1664920 915
1664930 915
1664940 918
1664950 919
1664960 919
1664970 922
1664980 929
1664990 929
1665000 934
1665010 937
1665020 937
1665030 938
1665040 940
1665050 940
1665060 942
1665070 944
1665080 944
1665090 946
1665100 948
1665110 951
1665120 951
1665130 954
1665140 957
1665150 957
1665160 960
1665170 964
1665180 964
1665190 968
1665200 971
1665210 971
1665220 976
1665230 980
1665240 980
1665250 984
1665260 988
1665270 988
1665280 991
1665290 994
1665300 994
1665310 997
1665320 999
1665330 999
1665340 1000
1665350 1002
1665360 1002
1665370 1004
1665380 1007
1665390 1007
1665400 1010
1665410 1015
1665420 1015
1665430 1018
1665440 1024
1665450 1024
1665460 1030
1665470 1036
1665480 1036
1665490 1042
1665500 1048
1665510 1054
1665520 1054
1665530 1060
1665540 1066
1665550 1066
1665560 1073
1665570 1079
1665580 1079
1665590 1085
1665600 1090
1665610 1090
1665620 1096
1665630 1103
1665640 1103
1665650 1110
1665660 1117
1665670 1117
1665680 1122
1665690 1128
1665700 1128
1665710 1135
1665720 1141
1665730 1141
1665740 1147
1665750 1153
1665760 1153
1665770 1158
1665780 1164
1665790 1164
1665800 1170
1665810 1175
1665820 1175
1665830 1181
1665840 1187
1665850 1187
1665860 1193
1665870 1200
1665880 1200
1665890 1206
1665900 1211
1665910 1211
1665920 1218
1665930 1226
1665940 1232
1665950 1232
1665960 1239
1665970 1246
1665980 1246
1665990 1253
1666000 1259
1666010 1259
1666020 1268
1666030 1275
1666040 1275
1666050 1283
1666060 1292
1666070 1292
1666080 1301
1666090 1314
1666100 1314
1666110 1319
1666120 1325
1666130 1325
1666140 1331
1666150 1335
1666160 1335
1666170 1341
1666180 1345
1666190 1345
1666200 1349
1666210 1352
1666220 1352
1666230 1356
1666240 1361
1666250 1361
1666260 1366
1666270 1371
1666280 1371
1666290 1377
1666300 1386
1666310 1386
1666320 1392
1666330 1399
1666340 1405
1666350 1405
1666360 1409
1666370 1409
1666380 1409
1666390 1412
1666400 1415
1666410 1415
1666420 1419
1666430 1421
1666440 1421
1666450 1414
1666460 1409
1666470 1409
1666480 1400
1666490 1397
1666500 1397
1666510 1395
1666520 1394
1666530 1394
1666540 1393
1666550 1389
1666560 1389
1666570 1383
1666580 1367
1666590 1367
1666600 1352
1666610 1350
1666620 1350
1666630 1348
1666640 1347
1666650 1347
1666660 1349
1666670 1354
1666680 1354
1666690 1352
1666700 1351
1666710 1351
1666720 1352
1666730 1356
1666740 1358
1666750 1358
1666760 1345
1666770 1340
1666780 1340
1666790 1342
1666800 1345
1666810 1345
1666820 1345
1666830 1341
1666840 1341
1666850 1312
1666860 1298
1666870 1298
1666880 1291
1666890 1284
1666900 1284
1666910 1276
1666920 1260
1666930 1260
1666940 1242
1666950 1236
1666960 1236
1666970 1231
1666980 1226
1666990 1226
1667000 1224
1667010 1224
1667020 1224
1667030 1221
1667040 1212
1667050 1212
1667060 1202
1667070 1191
1667080 1191
1667090 1185
1667100 1185
1667110 1185
1667120 1176
1667130 1166
1667140 1166
1667150 1159
1667160 1159
1667170 1158
1667180 1158
1667190 1149
1667200 1145
1667210 1145
1667220 1146
1667230 1146
1667240 1146
1667250 1142
1667260 1137
1667270 1137
1667280 1131
1667290 1124
1667300 1124
1667310 1118
1667320 1111
1667330 1111
1667340 1104
1667350 1097
1667360 1097
1667370 1087
1667380 1078
1667390 1078
1667400 1072
1667410 1064
1667420 1064
1667430 1055
1667440 1046
1667450 1046
1667460 1040
1667470 1038
1667480 1038
1667490 1033
1667500 1026
1667510 1026
1667520 1018
1667530 1010
1667540 1010
1667550 1006
1667560 1006
1667570 1000
1667580 1000
1667590 991
1667600 986
1667610 986
1667620 981
1667630 983
1667640 983
1667650 979
1667660 970
1667670 970
1667680 956
1667690 948
1667700 948
1667710 940
1667720 931
1667730 931
1667740 922
1667750 912
1667760 912
1667770 907
1667780 902
1667790 902
1667800 897
1667810 896
1667820 896
1667830 897
1667840 898
1667850 898
1667860 904
1667870 903
1667880 903
1667890 908
1667900 898
1667910 898
1667920 887
1667930 878
1667940 878
1667950 870
1667960 864
1667970 864
1667980 860
1667990 857
1668000 855
1668010 855
1668020 853
1668030 852
1668040 852
1668050 850
1668060 848
1668070 848
1668080 847
1668090 846
1668100 846
1668110 845
1668120 845
1668130 845
1668140 844
1668150 843
1668160 843
1668170 842
1668180 841
1668190 841
1668200 840
1668210 839
1668220 839
1668230 839
1668240 838
1668250 838
1668260 837
1668270 837
1668280 837
1668290 836
1668300 835
1668310 835
1668320 835
1668330 834
1668340 834
1668350 834
1668360 834
1668370 834
1668380 834
1668390 833
1668400 833
1668410 833
1668420 833
1668430 833
1668440 833
1668450 833
1668460 833
1668470 833
1668480 833
1668490 833
1668500 833
1668510 833
1668520 833
1668530 833
1668540 832
1668550 831
1668560 831
1668570 832
1668580 833
1668590 833
1668600 833
1668610 833
1668620 833
1668630 834
1668640 835
1668650 835
1668660 836
1668670 837
1668680 837
1668690 837
1668700 838
1668710 838
1668720 839
1668730 839
1668740 839
1668750 840
1668760 840
1668770 840
1668780 840
1668790 838
1668800 838
1668810 838
1668820 839
1668830 840
1668840 840
1668850 838
1668860 838
1668870 838
1668880 835
1668890 831
1668900 831
1668910 831
1668920 833
1668930 833
1668940 837
1668950 841
1668960 841
1668970 843
1668980 845
1668990 845
1669000 846
1669010 847
1669020 847
1669030 846
1669040 845
1669050 845
1669060 846
1669070 848
1669080 848
1669090 849
1669100 849
1669110 849
1669120 849
1669130 849
1669140 849
1669150 847
1669160 846
1669170 846
1669180 845
1669190 847
1669200 847
1669210 849
1669220 851
1669230 855
1669240 855
1669250 858
1669260 860
1669270 860
1669280 862
1669290 863
1669300 863
1669310 863
1669320 863
1669330 863
1669340 864
1669350 866
1669360 866
1669370 866
1669380 865
1669390 865
1669400 867
1669410 868
1669420 868
1669430 869
1669440 870
1669450 870
1669460 872
1669470 874
1669480 874
1669490 875
1669500 876
1669510 876
1669520 876
1669530 874
1669540 874
1669550 873
1669560 872
1669570 872
1669580 872
1669590 871
1669600 871
1669610 872
1669620 876
1669630 881
1669640 881
1669650 885
1669660 888
1669670 888
1669680 892
1669690 895
1669700 895
1669710 896
1669720 898
1669730 898
1669740 899
1669750 900
1669760 900
1669770 902
1669780 904
1669790 904
1669800 906
1669810 907
1669820 907
1669830 909
1669840 911
1669850 911
1669860 911
1669870 912
1669880 912
1669890 912
1669900 913
1669910 913
1669920 912
1669930 911
1669940 911
1669950 910
1669960 909
1669970 909
1669980 907
1669990 906
1670000 906
1670010 906
1670020 906
1670030 906
1670040 906
1670050 908
1670060 907
1670070 907
1670080 904
1670090 901
1670100 901
1670110 898
1670120 896
1670130 896
1670140 894
1670150 892
1670160 892
1670170 890
1670180 889
1670190 889
1670200 888
1670210 887
1670220 887
1670230 886
1670240 885
1670250 885
1670260 884
1670270 883
1670280 883
1670290 883
1670300 882
1670310 882
1670320 881
1670330 881
1670340 881
1670350 880
1670360 880
1670370 880
1670380 879
1670390 878
1670400 878
1670410 877
1670420 876
1670430 876
1670440 875
1670450 873
1670460 871
1670470 871
1670480 867
1670490 865
1670500 865
1670510 864
1670520 863
1670530 863
1670540 862
1670550 863
1670560 863
1670570 863
1670580 863
1670590 863
1670600 863
1670610 864
1670620 864
1670630 864
1670640 864
1670650 864
1670660 864
1670670 865
1670680 865
1670690 864
1670700 864
1670710 864
1670720 864
1670730 866
1670740 866
1670750 868
1670760 866
1670770 866
1670780 865
1670790 865
1670800 865
1670810 865
1670820 865
1670830 865
1670840 865
1670850 865
1670860 865
1670870 865
1670880 865
1670890 865
1670900 865
1670910 864
1670920 864
1670930 864
1670940 864
1670950 863
1670960 863
1670970 863
1670980 863
1670990 863
1671000 864
1671010 864
1671020 864
1671030 864
1671040 864
1671050 864
1671060 863
1671070 864
1671080 864
1671090 866
1671100 867
1671110 867
1671120 868
1671130 870
1671140 870
1671150 872
1671160 872
1671170 872
1671180 871
1671190 871
1671200 871
1671210 871
1671220 873
1671230 873
1671240 877
1671250 883
1671260 883
1671270 891
1671280 903
1671290 909
1671300 909
1671310 915
1671320 930
1671330 930
1671340 943
1671350 951
1671360 951
1671370 956
1671380 961
1671390 961
1671400 969
1671410 981
1671420 981
1671430 990
1671440 999
1671450 999
1671460 1006
1671470 1014
1671480 1014
1671490 1022
1671500 1029
1671510 1029
1671520 1035
1671530 1043
1671540 1043
1671550 1049
1671560 1054
1671570 1054
1671580 1060
1671590 1067
1671600 1067
1671610 1073
1671620 1079
1671630 1079
1671640 1085
1671650 1091
1671660 1091
1671670 1098
1671680 1105
1671690 1112
1671700 1112
1671710 1118
1671720 1126
1671730 1126
1671740 1133
1671750 1140
1671760 1140
1671770 1147
1671780 1154
1671790 1154
1671800 1162
1671810 1168
1671820 1168
1671830 1175
1671840 1182
1671850 1182
1671860 1188
1671870 1194
1671880 1194
1671890 1201
1671900 1205
1671910 1205
1671920 1209
1671930 1215
1671940 1215
1671950 1215
1671960 1216
1671970 1216
1671980 1218
1671990 1218
1672000 1218
1672010 1219
1672020 1222
1672030 1222
1672040 1225
1672050 1228
1672060 1228
1672070 1231
1672080 1235
1672090 1235
1672100 1241
1672110 1245
1672120 1248
1672130 1248
1672140 1252
1672150 1252
1672160 1252
1672170 1254
1672180 1254
1672190 1254
1672200 1260
1672210 1260
1672220 1260
1672230 1262
1672240 1266
1672250 1266
1672260 1270
1672270 1275
1672280 1275
1672290 1276
1672300 1278
1672310 1278
1672320 1285
1672330 1292
1672340 1292
1672350 1289
1672360 1291
1672370 1291
1672380 1297
1672390 1298
1672400 1298
1672410 1298
1672420 1300
1672430 1300
1672440 1304
1672450 1307
1672460 1307
1672470 1310
1672480 1314
1672490 1314
1672500 1318
1672510 1322
1672520 1324
1672530 1324
1672540 1330
1672550 1334
1672560 1334
1672570 1338
1672580 1339
1672590 1339
1672600 1351
1672610 1358
1672620 1358
1672630 1364
1672640 1369
1672650 1369
1672660 1372
1672670 1376
1672680 1376
1672690 1380
1672700 1386
1672710 1386
1672720 1392
1672730 1399
1672740 1399
1672750 1405
1672760 1412
1672770 1412
1672780 1418
1672790 1425
1672800 1425
1672810 1431
1672820 1438
1672830 1438
1672840 1444
1672850 1449
1672860 1449
1672870 1455
1672880 1461
1672890 1461
1672900 1467
1672910 1473
1672920 1473
1672930 1479
1672940 1485
1672950 1491
1672960 1491
1672970 1496
1672980 1502
1672990 1502
1673000 1508
1673010 1513
1673020 1513
1673030 1519
1673040 1524
1673050 1524
1673060 1529
1673070 1534
1673080 1534
1673090 1538
1673100 1541
1673110 1541
1673120 1545
1673130 1549
1673140 1549
1673150 1551
1673160 1554
1673170 1554
1673180 1557
1673190 1557
1673200 1557
1673210 1557
1673220 1557
1673230 1557
1673240 1556
1673250 1554
1673260 1554
1673270 1553
1673280 1546
1673290 1546
1673300 1546
1673310 1514
1673320 1514
1673330 1489
1673340 1490
1673350 1491
1673360 1491
1673370 1488
1673380 1468
1673390 1468
1673400 1451
1673410 1441
1673420 1441
1673430 1432
1673440 1427
1673450 1427
1673460 1421
1673470 1374
1673480 1374
1673490 1366
1673500 1351
1673510 1351
1673520 1320
1673530 1290
1673540 1290
1673550 1279
1673560 1269
1673570 1269
1673580 1260
1673590 1228
1673600 1228
1673610 1212
1673620 1202
1673630 1202
1673640 1189
1673650 1178
1673660 1178
1673670 1169
1673680 1158
1673690 1158
1673700 1148
1673710 1131
1673720 1131
1673730 1120
1673740 1113
1673750 1118
1673760 1118
1673770 1100
1673780 1094
1673790 1094
1673800 1081
1673810 1064
1673820 1064
1673830 1054
1673840 1064
1673850 1064
1673860 1053
1673870 1041
1673880 1041
1673890 1028
1673900 1000
1673910 1000
1673920 987
1673930 973
1673940 973
1673950 952
1673960 937
1673970 937
1673980 922
1673990 911
1674000 911
1674010 902
1674020 892
1674030 892
1674040 882
1674050 870
1674060 870
1674070 861
1674080 856
1674090 856
1674100 851
1674110 844
1674120 844
1674130 832
1674140 810
1674150 810
1674160 799
1674170 791
1674180 783
1674190 783
1674200 776
1674210 769
1674220 769
1674230 763
1674240 756
1674250 756
1674260 750
1674270 743
1674280 743
1674290 736
1674300 729
1674310 729
1674320 723
1674330 718
1674340 718
1674350 713
1674360 709
1674370 709
1674380 705
1674390 701
1674400 701
1674410 696
1674420 694
1674430 694
1674440 695
1674450 695
1674460 695
1674470 695
1674480 695
1674490 695
1674500 695
1674510 695
1674520 695
1674530 695
1674540 695
1674550 695
1674560 695
1674570 695
1674580 695
1674590 695
1674600 694
1674610 695
1674620 695
1674630 696
1674640 696
1674650 696
1674660 697
1674670 697
1674680 697
1674690 697
1674700 698
1674710 698
1674720 698
1674730 698
1674740 698
1674750 699
1674760 699
1674770 699
1674780 700
1674790 700
1674800 700
1674810 700
1674820 700
1674830 700
1674840 700
1674850 700
1674860 700
1674870 699
1674880 699
1674890 699
1674900 699
1674910 699
1674920 699
1674930 698
1674940 698
1674950 698
1674960 698
1674970 697
1674980 697
1674990 698
1675000 699
1675010 699
1675020 699
1675030 699
1675040 699
1675050 699
1675060 699
1675070 699
1675080 699
1675090 699
1675100 699
1675110 699
1675120 700
1675130 700
1675140 700
1675150 705
1675160 710
1675170 710
1675180 714
1675190 720
1675200 720
1675210 727
1675220 734
1675230 734
1675240 759
1675250 779
1675260 779
1675270 794
1675280 825
1675290 825
1675300 842
1675310 850
1675320 850
1675330 846
1675340 841
1675350 841
1675360 855
1675370 865
1675380 865
1675390 886
1675400 912
1675410 925
1675420 925
1675430 929
1675440 939
1675450 939
1675460 947
1675470 976
1675480 976
1675490 983
1675500 990
1675510 990
1675520 1005
1675530 1008
1675540 1008
1675550 1014
1675560 1021
1675570 1021
1675580 1029
1675590 1032
1675600 1032
1675610 1038
1675620 1044
1675630 1044
1675640 1050
1675650 1054
1675660 1054
1675670 1055
1675680 1061
1675690 1061
1675700 1069
1675710 1078
1675720 1078
1675730 1085
1675740 1093
1675750 1093
1675760 1214
1675770 1282
1675780 1282
1675790 1313
1675800 1355
1675810 1355
1675820 1341
1675830 1353
1675840 1333
1675850 1333
1675860 1344
1675870 1338
1675880 1338
1675890 1344
1675900 1355
1675910 1355
1675920 1363
1675930 1370
1675940 1370
1675950 1377
1675960 1390
1675970 1390
1675980 1405
1675990 1462
1676000 1462
1676010 1457
1676020 1465
1676030 1465
1676040 1456
1676050 1471
1676060 1471
1676070 1472
1676080 1458
1676090 1458
1676100 1467
1676110 1474
1676120 1474
1676130 1468
1676140 1496
1676150 1496
1676160 1490
1676170 1488
1676180 1488
1676190 1488
1676200 1486
1676210 1486
1676220 1478
1676230 1475
1676240 1471
1676250 1471
1676260 1472
1676270 1472
1676280 1472
1676290 1472
1676300 1472
1676310 1472
1676320 1471
1676330 1474
1676340 1474
1676350 1475
1676360 1480
1676370 1480
1676380 1488
1676390 1502
1676400 1502
1676410 1510
1676420 1514
1676430 1514
1676440 1517
1676450 1525
1676460 1525
1676470 1534
1676480 1538
1676490 1538
1676500 1542
1676510 1544
1676520 1544
1676530 1545
1676540 1546
1676550 1546
1676560 1548
1676570 1549
1676580 1549
1676590 1551
1676600 1551
1676610 1551
1676620 1548
1676630 1550
1676640 1547
1676650 1547
1676660 1542
1676670 1538
1676680 1538
1676690 1537
1676700 1537
1676710 1537
1676720 1534
1676730 1541
1676740 1541
1676750 1538
1676760 1556
1676770 1556
1676780 1564
1676790 1573
1676800 1573
1676810 1579
1676820 1578
1676830 1578
1676840 1579
1676850 1583
1676860 1583
1676870 1589
1676880 1597
1676890 1597
1676900 1600
1676910 1599
1676920 1599
1676930 1602
1676940 1607
1676950 1607
1676960 1611
1676970 1619
1676980 1619
1676990 1625
1677000 1629
1677010 1629
1677020 1630
1677030 1632
1677040 1632
1677050 1634
1677060 1634
1677070 1636
1677080 1636
1677090 1639
1677100 1640
1677110 1640
1677120 1640
1677130 1645
1677140 1645
1677150 1646
1677160 1648
1677170 1648
1677180 1650
1677190 1653
1677200 1653
1677210 1653
1677220 1655
1677230 1655
1677240 1657
1677250 1660
1677260 1660
1677270 1662
1677280 1665
1677290 1665
1677300 1669
1677310 1673
1677320 1673
1677330 1676
1677340 1680
1677350 1680
1677360 1668
1677370 1643
1677380 1643
1677390 1630
1677400 1623
1677410 1623
1677420 1607
1677430 1601
1677440 1601
1677450 1595
1677460 1588
1677470 1583
1677480 1583
1677490 1576
1677500 1572
1677510 1572
1677520 1569
1677530 1568
1677540 1568
1677550 1566
1677560 1566
1677570 1566
1677580 1565
1677590 1567
1677600 1567
1677610 1574
1677620 1580
1677630 1580
1677640 1587
1677650 1594
1677660 1594
1677670 1601
1677680 1608
1677690 1608
1677700 1614
1677710 1621
1677720 1621
1677730 1621
1677740 1618
1677750 1618
1677760 1617
1677770 1615
1677780 1615
1677790 1619
1677800 1625
1677810 1625
1677820 1631
1677830 1637
1677840 1637
1677850 1639
1677860 1643
1677870 1643
1677880 1647
1677890 1651
1677900 1658
1677910 1658
1677920 1665
1677930 1671
1677940 1671
1677950 1678
1677960 1684
1677970 1684
1677980 1693
1677990 1702
1678000 1702
1678010 1716
1678020 1725
1678030 1725
1678040 1726
1678050 1735
1678060 1735
1678070 1740
1678080 1746
1678090 1746
1678100 1754
1678110 1761
1678120 1761
1678130 1767
1678140 1770
1678150 1770
1678160 1752
1678170 1739
1678180 1739
1678190 1718
1678200 1706
1678210 1706
1678220 1695
1678230 1684
1678240 1684
1678250 1672
1678260 1663
1678270 1663
1678280 1653
1678290 1641
1678300 1632
1678310 1632
1678320 1624
1678330 1616
1678340 1616
1678350 1606
1678360 1595
1678370 1595
1678380 1586
1678390 1580
1678400 1580
1678410 1565
1678420 1559
1678430 1559
1678440 1551
1678450 1544
1678460 1544
1678470 1536
1678480 1527
1678490 1527
1678500 1487
1678510 1479
1678520 1479
1678530 1473
1678540 1466
1678550 1466
1678560 1460
1678570 1446
1678580 1446
1678590 1443
1678600 1437
1678610 1437
1678620 1426
1678630 1421
1678640 1421
1678650 1412
1678660 1402
1678670 1402
1678680 1395
1678690 1388
1678700 1380
1678710 1380
1678720 1372
1678730 1365
1678740 1365
1678750 1358
1678760 1346
1678770 1346
1678780 1339
1678790 1333
1678800 1333
1678810 1317
1678820 1309
1678830 1309
1678840 1302
1678850 1295
1678860 1295
1678870 1288
1678880 1280
1678890 1280
1678900 1273
1678910 1264
1678920 1264
1678930 1256
1678940 1249
1678950 1249
1678960 1243
1678970 1238
1678980 1238
1678990 1231
1679000 1225
1679010 1225
1679020 1218
1679030 1212
1679040 1212
1679050 1205
1679060 1198
1679070 1198
1679080 1192
1679090 1186
1679100 1186
1679110 1181
1679120 1175
1679130 1169
1679140 1169
1679150 1163
1679160 1157
1679170 1157
1679180 1151
1679190 1144
1679200 1144
1679210 1137
1679220 1130
1679230 1130
1679240 1124
1679250 1118
1679260 1118
1679270 1111
1679280 1104
1679290 1104
1679300 1100
1679310 1095
1679320 1095
1679330 1089
1679340 1084
1679350 1084
1679360 1081
1679370 1077
1679380 1077
1679390 1072
1679400 1070
1679410 1070
1679420 1062
1679430 1055
1679440 1055
1679450 1048
1679460 1042
1679470 1042
1679480 1036
1679490 1031
1679500 1031
1679510 1025
1679520 1019
1679530 1014
1679540 1014
1679550 1009
1679560 1003
1679570 1003
1679580 997
1679590 989
1679600 989
1679610 981
1679620 973
1679630 973
1679640 966
1679650 959
1679660 959
1679670 953
1679680 948
1679690 948
1679700 943
1679710 938
1679720 938
1679730 935
1679740 931
1679750 931
1679760 926
1679770 923
1679780 923
1679790 919
1679800 915
1679810 915
1679820 911
1679830 908
1679840 908
1679850 904
1679860 900
1679870 900
1679880 897
1679890 893
1679900 893
1679910 890
1679920 886
1679930 886
1679940 883
1679950 879
1679960 875
1679970 875
1679980 872
1679990 868
