1660000 949
1660010 949
1660020 947
1660030 945
1660040 945
1660050 943
1660060 940
1660070 940
1660080 936
1660090 934
1660100 934
1660110 932
1660120 930
1660130 930
1660140 928
1660150 927
1660160 926
1660170 926
1660180 925
1660190 925
1660200 925
1660210 925
1660220 925
1660230 925
1660240 925
1660250 924
1660260 924
1660270 923
1660280 922
1660290 922
1660300 922
1660310 922
1660320 922
1660330 922
1660340 923
1660350 923
1660360 924
1660370 924
1660380 924
1660390 924
1660400 924
1660410 924
1660420 924
1660430 923
1660440 923
1660450 922
1660460 923
1660470 923
1660480 924
1660490 923
1660500 923
1660510 923
1660520 922
1660530 922
1660540 922
1660550 921
1660560 922
1660570 922
1660580 923
1660590 924
1660600 924
1660610 923
1660620 923
1660630 923
1660640 922
1660650 922
1660660 922
1660670 922
1660680 921
1660690 921
1660700 921
1660710 920
1660720 920
1660730 920
1660740 919
1660750 919
1660760 916
1660770 910
1660780 910
1660790 917
1660800 918
1660810 918
1660820 918
1660830 918
1660840 918
1660850 918
1660860 917
1660870 917
1660880 912
1660890 906
1660900 906
1660910 914
1660920 918
1660930 918
1660940 920
1660950 921
1660960 921
1660970 921
1660980 922
1660990 922
1661000 922
1661010 922
1661020 922
1661030 922
1661040 922
1661050 922
1661060 922
1661070 921
1661080 919
1661090 919
1661100 916
1661110 914
1661120 914
1661130 914
1661140 913
1661150 913
1661160 913
1661170 912
1661180 912
1661190 910
1661200 912
1661210 912
1661220 913
1661230 914
1661240 914
1661250 914
1661260 915
1661270 915
1661280 916
1661290 916
1661300 916
1661310 916
1661320 915
1661330 915
1661340 912
1661350 908
1661360 908
1661370 904
1661380 899
1661390 897
1661400 897
1661410 897
1661420 899
1661430 899
1661440 902
1661450 904
1661460 904
1661470 906
1661480 909
1661490 909
1661500 912
1661510 915
1661520 915
1661530 918
1661540 920
1661550 920
1661560 924
1661570 928
1661580 928
1661590 931
1661600 933
1661610 933
1661620 935
1661630 935
1661640 935
1661650 931
1661660 926
1661670 926
1661680 921
1661690 915
1661700 915
1661710 910
1661720 904
1661730 904
1661740 900
1661750 896
1661760 896
1661770 893
1661780 892
1661790 892
1661800 892
1661810 892
1661820 889
1661830 889
1661840 885
1661850 878
1661860 878
1661870 872
1661880 867
1661890 867
1661900 862
1661910 857
1661920 857
1661930 850
1661940 844
1661950 844
1661960 838
1661970 832
1661980 832
1661990 827
1662000 822
1662010 822
1662020 818
1662030 815
1662040 815
1662050 811
1662060 810
1662070 810
1662080 810
1662090 810
1662100 810
1662110 811
1662120 811
1662130 811
1662140 811
1662150 812
1662160 812
1662170 813
1662180 813
1662190 813
1662200 814
1662210 814
1662220 814
1662230 814
1662240 814
1662250 811
1662260 811
1662270 812
1662280 814
1662290 814
1662300 814
1662310 813
1662320 813
1662330 813
1662340 813
1662350 813
1662360 813
1662370 813
1662380 813
1662390 813
1662400 813
1662410 813
1662420 813
1662430 813
1662440 813
1662450 810
1662460 810
1662470 810
1662480 814
1662490 816
1662500 816
1662510 819
1662520 821
1662530 821
1662540 823
1662550 826
1662560 826
1662570 828
1662580 830
1662590 830
1662600 833
1662610 836
1662620 838
1662630 838
1662640 841
1662650 841
1662660 841
1662670 843
1662680 845
1662690 845
1662700 846
1662710 853
1662720 853
1662730 860
1662740 867
1662750 867
1662760 874
1662770 881
1662780 881
1662790 887
1662800 894
1662810 894
1662820 901
1662830 907
1662840 907
1662850 914
1662860 922
1662870 922
1662880 929
1662890 937
1662900 937
1662910 955
1662920 964
1662930 964
1662940 973
1662950 981
1662960 981
1662970 997
1662980 1007
1662990 1007
1663000 1007
1663010 1007
1663020 1007
1663030 1009
1663040 1011
1663050 1012
1663060 1012
1663070 1015
1663080 1021
1663090 1021
1663100 1026
1663110 1031
1663120 1031
1663130 1037
1663140 1043
1663150 1043
1663160 1048
1663170 1054
1663180 1054
1663190 1060
1663200 1065
1663210 1065
1663220 1069
1663230 1073
1663240 1073
1663250 1079
1663260 1084
1663270 1084
1663280 1088
1663290 1091
1663300 1091
1663310 1092
1663320 1092
1663330 1092
1663340 1090
1663350 1087
1663360 1087
1663370 1081
1663380 1075
1663390 1075
1663400 1071
1663410 1069
1663420 1069
1663430 1067
1663440 1064
1663450 1060
1663460 1060
1663470 1056
1663480 1052
1663490 1052
1663500 1047
1663510 1043
1663520 1043
1663530 1039
1663540 1035
1663550 1035
1663560 1031
1663570 1028
1663580 1028
1663590 1024
1663600 1019
1663610 1019
1663620 1014
1663630 1008
1663640 1008
1663650 1003
1663660 999
1663670 999
1663680 998
1663690 990
1663700 990
1663710 985
1663720 980
1663730 980
1663740 974
1663750 970
1663760 970
1663770 968
1663780 966
1663790 966
1663800 962
1663810 957
1663820 957
1663830 951
1663840 950
1663850 945
1663860 945
1663870 938
1663880 933
1663890 933
1663900 925
1663910 920
1663920 920
1663930 909
1663940 900
1663950 900
1663960 893
1663970 888
1663980 888
1663990 887
1664000 887
1664010 887
1664020 885
1664030 885
1664040 885
1664050 884
1664060 882
1664070 882
1664080 881
1664090 884
1664100 884
1664110 884
1664120 884
1664130 884
1664140 887
1664150 894
1664160 894
1664170 900
1664180 906
1664190 906
1664200 912
1664210 918
1664220 918
1664230 923
1664240 928
1664250 928
1664260 932
1664270 935
1664280 936
1664290 936
1664300 937
1664310 937
1664320 937
1664330 938
1664340 937
1664350 937
1664360 935
1664370 932
1664380 932
1664390 929
1664400 927
1664410 927
1664420 924
1664430 921
1664440 921
1664450 920
1664460 916
1664470 916
1664480 917
1664490 921
1664500 921
1664510 927
1664520 931
1664530 931
1664540 933
1664550 933
1664560 933
1664570 933
1664580 933
1664590 933
1664600 931
1664610 928
1664620 928
1664630 921
1664640 921
1664650 921
1664660 928
1664670 933
1664680 935
1664690 935
1664700 934
1664710 933
1664720 933
1664730 935
1664740 935
1664750 935
1664760 935
1664770 934
1664780 934
1664790 935
1664800 937
1664810 937
1664820 937
1664830 937
1664840 937
1664850 933
1664860 926
1664870 926
1664880 919
1664890 914
1664900 914
1664910 912
1664920 916
1664930 916
1664940 917
1664950 918
1664960 918
1664970 923
1664980 930
1664990 930
1665000 934
1665010 936
1665020 936
1665030 938
1665040 941
1665050 941
1665060 943
1665070 945
1665080 945
1665090 948
1665100 950
1665110 952
1665120 952
1665130 956
1665140 959
1665150 959
1665160 962
1665170 966
1665180 966
1665190 969
1665200 973
1665210 973
1665220 976
1665230 981
1665240 981
1665250 985
1665260 988
1665270 988
1665280 991
1665290 993
1665300 993
1665310 995
1665320 997
1665330 997
1665340 999
1665350 1001
1665360 1001
1665370 1004
1665380 1006
1665390 1006
1665400 1010
1665410 1016
1665420 1016
1665430 1021
1665440 1026
1665450 1026
1665460 1031
1665470 1036
1665480 1036
1665490 1042
1665500 1049
1665510 1054
1665520 1054
1665530 1060
1665540 1065
1665550 1065
1665560 1069
1665570 1075
1665580 1075
1665590 1082
1665600 1087
1665610 1087
1665620 1094
1665630 1102
1665640 1102
1665650 1110
1665660 1116
1665670 1116
1665680 1122
1665690 1128
1665700 1128
1665710 1133
1665720 1139
1665730 1139
1665740 1143
1665750 1149
1665760 1149
1665770 1155
1665780 1159
1665790 1159
1665800 1165
1665810 1171
1665820 1171
1665830 1177
1665840 1183
1665850 1183
1665860 1190
1665870 1195
1665880 1195
1665890 1201
1665900 1208
1665910 1208
1665920 1215
1665930 1222
1665940 1230
1665950 1230
1665960 1236
1665970 1244
1665980 1244
1665990 1251
1666000 1258
1666010 1258
1666020 1266
1666030 1273
1666040 1273
1666050 1281
1666060 1288
1666070 1288
1666080 1298
1666090 1329
1666100 1329
1666110 1336
1666120 1337
1666130 1337
1666140 1337
1666150 1338
1666160 1338
1666170 1339
1666180 1340
1666190 1340
1666200 1343
1666210 1346
1666220 1346
1666230 1350
1666240 1355
1666250 1355
1666260 1361
1666270 1366
1666280 1366
1666290 1374
1666300 1383
1666310 1383
1666320 1389
1666330 1395
1666340 1399
1666350 1399
1666360 1403
1666370 1405
1666380 1405
1666390 1407
1666400 1409
1666410 1409
1666420 1414
1666430 1418
1666440 1418
1666450 1410
1666460 1404
1666470 1404
1666480 1398
1666490 1391
1666500 1391
1666510 1388
1666520 1386
1666530 1386
1666540 1383
1666550 1380
1666560 1380
1666570 1364
1666580 1347
1666590 1347
1666600 1341
1666610 1337
1666620 1337
1666630 1336
1666640 1337
1666650 1337
1666660 1335
1666670 1338
1666680 1338
1666690 1336
1666700 1340
1666710 1340
1666720 1343
1666730 1348
1666740 1349
1666750 1349
1666760 1337
1666770 1330
1666780 1330
1666790 1329
1666800 1333
1666810 1333
1666820 1336
1666830 1338
1666840 1338
1666850 1325
1666860 1302
1666870 1302
1666880 1288
1666890 1281
1666900 1281
1666910 1274
1666920 1265
1666930 1265
1666940 1247
1666950 1232
1666960 1232
1666970 1225
1666980 1220
1666990 1220
1667000 1216
1667010 1216
1667020 1216
1667030 1211
1667040 1205
1667050 1205
1667060 1200
1667070 1188
1667080 1188
1667090 1179
1667100 1175
1667110 1175
1667120 1174
1667130 1164
1667140 1164
1667150 1154
1667160 1149
1667170 1148
1667180 1148
1667190 1145
1667200 1138
1667210 1138
1667220 1137
1667230 1138
1667240 1138
1667250 1135
1667260 1133
1667270 1133
1667280 1131
1667290 1126
1667300 1126
1667310 1119
1667320 1113
1667330 1113
1667340 1107
1667350 1101
1667360 1101
1667370 1094
1667380 1088
1667390 1088
1667400 1082
1667410 1077
1667420 1077
1667430 1069
1667440 1054
1667450 1054
1667460 1046
1667470 1042
1667480 1042
1667490 1036
1667500 1029
1667510 1029
1667520 1022
1667530 1013
1667540 1013
1667550 1003
1667560 996
1667570 993
1667580 993
1667590 986
1667600 979
1667610 979
1667620 974
1667630 971
1667640 971
1667650 971
1667660 964
1667670 964
1667680 951
1667690 942
1667700 942
1667710 932
1667720 924
1667730 924
1667740 918
1667750 913
1667760 913
1667770 909
1667780 907
1667790 907
1667800 904
1667810 903
1667820 903
1667830 904
1667840 909
1667850 909
1667860 916
1667870 915
1667880 915
1667890 913
1667900 907
1667910 907
1667920 901
1667930 889
1667940 889
1667950 878
1667960 870
1667970 870
1667980 863
1667990 858
1668000 854
1668010 854
1668020 852
1668030 850
1668040 850
1668050 849
1668060 848
1668070 848
1668080 846
1668090 846
1668100 846
1668110 845
1668120 845
1668130 845
1668140 844
1668150 842
1668160 842
1668170 841
1668180 840
1668190 840
1668200 840
1668210 839
1668220 839
1668230 838
1668240 838
1668250 838
1668260 837
1668270 837
1668280 837
1668290 836
1668300 836
1668310 836
1668320 835
1668330 834
1668340 834
1668350 834
1668360 833
1668370 833
1668380 833
1668390 833
1668400 833
1668410 833
1668420 833
1668430 833
1668440 833
1668450 833
1668460 833
1668470 833
1668480 832
1668490 833
1668500 833
1668510 832
1668520 832
1668530 832
1668540 831
1668550 832
1668560 832
1668570 833
1668580 833
1668590 833
1668600 833
1668610 834
1668620 834
1668630 834
1668640 835
1668650 835
1668660 836
1668670 837
1668680 837
1668690 837
1668700 838
1668710 838
1668720 838
1668730 838
1668740 838
1668750 839
1668760 839
1668770 839
1668780 838
1668790 837
1668800 837
1668810 837
1668820 837
1668830 838
1668840 838
1668850 838
1668860 838
1668870 838
1668880 834
1668890 830
1668900 830
1668910 828
1668920 832
1668930 832
1668940 836
1668950 840
1668960 840
1668970 842
1668980 844
1668990 844
1669000 844
1669010 844
1669020 844
1669030 844
1669040 843
1669050 843
1669060 843
1669070 845
1669080 845
1669090 846
1669100 847
1669110 847
1669120 846
1669130 846
1669140 846
1669150 844
1669160 844
1669170 844
1669180 843
1669190 847
1669200 847
1669210 847
1669220 851
1669230 853
1669240 853
1669250 856
1669260 858
1669270 858
1669280 860
1669290 861
1669300 861
1669310 861
1669320 864
1669330 864
1669340 864
1669350 863
1669360 863
1669370 864
1669380 868
1669390 868
1669400 866
1669410 867
1669420 867
1669430 868
1669440 871
1669450 871
1669460 872
1669470 874
1669480 874
1669490 875
1669500 875
1669510 875
1669520 875
1669530 874
1669540 874
1669550 873
1669560 873
1669570 873
1669580 872
1669590 871
1669600 871
1669610 872
1669620 873
1669630 878
1669640 878
1669650 882
1669660 887
1669670 887
1669680 892
1669690 891
1669700 891
1669710 894
1669720 898
1669730 898
1669740 901
1669750 902
1669760 902
1669770 902
1669780 904
1669790 904
1669800 905
1669810 906
1669820 906
1669830 907
1669840 909
1669850 909
1669860 907
1669870 907
1669880 907
1669890 908
1669900 909
1669910 909
1669920 910
1669930 910
1669940 910
1669950 909
1669960 907
1669970 907
1669980 906
1669990 905
1670000 905
1670010 905
1670020 905
1670030 905
1670040 905
1670050 905
1670060 906
1670070 906
1670080 905
1670090 902
1670100 902
1670110 899
1670120 897
1670130 897
1670140 895
1670150 893
1670160 893
1670170 891
1670180 889
1670190 889
1670200 888
1670210 887
1670220 887
1670230 887
1670240 886
1670250 886
1670260 885
1670270 884
1670280 884
1670290 883
1670300 882
1670310 882
1670320 881
1670330 880
1670340 880
1670350 880
1670360 879
1670370 879
1670380 878
1670390 877
1670400 877
1670410 876
1670420 876
1670430 876
1670440 874
1670450 873
1670460 870
1670470 870
1670480 867
1670490 865
1670500 865
1670510 863
1670520 863
1670530 863
1670540 862
1670550 862
1670560 862
1670570 863
1670580 863
1670590 863
1670600 864
1670610 864
1670620 864
1670630 864
1670640 864
1670650 864
1670660 865
1670670 865
1670680 865
1670690 865
1670700 865
1670710 865
1670720 867
1670730 868
1670740 868
1670750 869
1670760 868
1670770 868
1670780 866
1670790 865
1670800 865
1670810 865
1670820 865
1670830 865
1670840 866
1670850 865
1670860 865
1670870 865
1670880 866
1670890 865
1670900 865
1670910 864
1670920 864
1670930 864
1670940 863
1670950 863
1670960 863
1670970 863
1670980 863
1670990 863
1671000 864
1671010 864
1671020 864
1671030 864
1671040 864
1671050 864
1671060 864
1671070 864
1671080 864
1671090 864
1671100 865
1671110 865
1671120 865
1671130 867
1671140 867
1671150 868
1671160 869
1671170 869
1671180 870
1671190 869
1671200 869
1671210 869
1671220 871
1671230 871
1671240 875
1671250 882
1671260 882
1671270 897
1671280 910
1671290 914
1671300 914
1671310 919
1671320 934
1671330 934
1671340 944
1671350 952
1671360 952
1671370 963
1671380 968
1671390 968
1671400 973
1671410 982
1671420 982
1671430 990
1671440 999
1671450 999
1671460 1007
1671470 1015
1671480 1015
1671490 1022
1671500 1030
1671510 1030
1671520 1036
1671530 1043
1671540 1043
1671550 1049
1671560 1055
1671570 1055
1671580 1062
1671590 1068
1671600 1068
1671610 1075
1671620 1081
1671630 1081
1671640 1088
1671650 1094
1671660 1094
1671670 1102
1671680 1110
1671690 1117
1671700 1117
1671710 1126
1671720 1132
1671730 1132
1671740 1138
1671750 1146
1671760 1146
1671770 1153
1671780 1160
1671790 1160
1671800 1166
1671810 1172
1671820 1172
1671830 1181
1671840 1187
1671850 1187
1671860 1190
1671870 1195
1671880 1195
1671890 1199
1671900 1203
1671910 1203
1671920 1203
1671930 1207
1671940 1207
1671950 1206
1671960 1210
1671970 1210
1671980 1211
1671990 1211
1672000 1211
1672010 1212
1672020 1215
1672030 1215
1672040 1218
1672050 1220
1672060 1220
1672070 1225
1672080 1228
1672090 1228
1672100 1233
1672110 1238
1672120 1243
1672130 1243
1672140 1244
1672150 1244
1672160 1244
1672170 1243
1672180 1247
1672190 1247
1672200 1250
1672210 1252
1672220 1252
1672230 1257
1672240 1262
1672250 1262
1672260 1261
1672270 1266
1672280 1266
1672290 1268
1672300 1271
1672310 1271
1672320 1275
1672330 1278
1672340 1278
1672350 1280
1672360 1284
1672370 1284
1672380 1287
1672390 1290
1672400 1290
1672410 1291
1672420 1293
1672430 1293
1672440 1296
1672450 1300
1672460 1300
1672470 1304
1672480 1308
1672490 1308
1672500 1312
1672510 1315
1672520 1317
1672530 1317
1672540 1322
1672550 1327
1672560 1327
1672570 1331
1672580 1337
1672590 1337
1672600 1349
1672610 1355
1672620 1355
1672630 1360
1672640 1363
1672650 1363
1672660 1367
1672670 1372
1672680 1372
1672690 1379
1672700 1385
1672710 1385
1672720 1392
1672730 1398
1672740 1398
1672750 1404
1672760 1411
1672770 1411
1672780 1417
1672790 1425
1672800 1425
1672810 1431
1672820 1437
1672830 1437
1672840 1443
1672850 1448
1672860 1448
1672870 1454
1672880 1459
1672890 1459
1672900 1465
1672910 1471
1672920 1471
1672930 1477
1672940 1483
1672950 1489
1672960 1489
1672970 1495
1672980 1501
1672990 1501
1673000 1506
1673010 1512
1673020 1512
1673030 1518
1673040 1523
1673050 1523
1673060 1528
1673070 1533
1673080 1533
1673090 1537
1673100 1541
1673110 1541
1673120 1545
1673130 1549
1673140 1549
1673150 1552
1673160 1556
1673170 1556
1673180 1558
1673190 1560
1673200 1560
1673210 1560
1673220 1560
1673230 1560
1673240 1560
1673250 1559
1673260 1559
1673270 1558
1673280 1554
1673290 1554
1673300 1552
1673310 1538
1673320 1538
1673330 1486
1673340 1477
1673350 1474
1673360 1474
1673370 1471
1673380 1459
1673390 1459
1673400 1456
1673410 1446
1673420 1446
1673430 1442
1673440 1449
1673450 1449
1673460 1423
1673470 1377
1673480 1377
1673490 1358
1673500 1340
1673510 1340
1673520 1308
1673530 1284
1673540 1284
1673550 1274
1673560 1265
1673570 1265
1673580 1241
1673590 1224
1673600 1224
1673610 1214
1673620 1199
1673630 1199
1673640 1190
1673650 1181
1673660 1181
1673670 1173
1673680 1163
1673690 1163
1673700 1152
1673710 1142
1673720 1142
1673730 1122
1673740 1112
1673750 1090
1673760 1090
1673770 1093
1673780 1087
1673790 1087
1673800 1074
1673810 1059
1673820 1059
1673830 1045
1673840 1051
1673850 1051
1673860 1052
1673870 1040
1673880 1040
1673890 1010
1673900 991
1673910 991
1673920 982
1673930 968
1673940 968
1673950 954
1673960 933
1673970 933
1673980 923
1673990 913
1674000 913
1674010 906
1674020 889
1674030 889
1674040 882
1674050 869
1674060 869
1674070 860
1674080 856
1674090 856
1674100 831
1674110 818
1674120 818
1674130 813
1674140 809
1674150 809
1674160 797
1674170 788
1674180 781
1674190 781
1674200 774
1674210 767
1674220 767
1674230 761
1674240 755
1674250 755
1674260 748
1674270 742
1674280 742
1674290 736
1674300 730
1674310 730
1674320 725
1674330 721
1674340 721
1674350 716
1674360 711
1674370 711
1674380 705
1674390 701
1674400 701
1674410 696
1674420 694
1674430 694
1674440 694
1674450 694
1674460 694
1674470 694
1674480 694
1674490 694
1674500 695
1674510 694
1674520 694
1674530 694
1674540 695
1674550 695
1674560 695
1674570 695
1674580 695
1674590 695
1674600 694
1674610 695
1674620 695
1674630 695
1674640 696
1674650 696
1674660 696
1674670 696
1674680 696
1674690 697
1674700 697
1674710 697
1674720 697
1674730 698
1674740 698
1674750 698
1674760 699
1674770 699
1674780 699
1674790 699
1674800 699
1674810 699
1674820 699
1674830 699
1674840 699
1674850 699
1674860 699
1674870 699
1674880 698
1674890 698
1674900 699
1674910 698
1674920 698
1674930 698
1674940 697
1674950 697
1674960 698
1674970 697
1674980 697
1674990 698
1675000 698
1675010 698
1675020 698
1675030 698
1675040 699
1675050 699
1675060 699
1675070 699
1675080 699
1675090 699
1675100 699
1675110 699
1675120 700
1675130 701
1675140 701
1675150 703
1675160 707
1675170 707
1675180 713
1675190 721
1675200 721
1675210 729
1675220 738
1675230 738
1675240 759
1675250 779
1675260 779
1675270 794
1675280 825
1675290 825
1675300 842
1675310 850
1675320 850
1675330 846
1675340 841
1675350 841
1675360 855
1675370 865
1675380 865
1675390 886
1675400 912
1675410 925
1675420 925
1675430 929
1675440 939
1675450 939
1675460 947
1675470 976
1675480 976
1675490 983
1675500 990
1675510 990
1675520 1005
1675530 1008
1675540 1008
1675550 1014
1675560 1021
1675570 1021
1675580 1029
1675590 1032
1675600 1032
1675610 1038
1675620 1044
1675630 1044
1675640 1050
1675650 1054
1675660 1054
1675670 1055
1675680 1061
1675690 1061
1675700 1069
1675710 1078
1675720 1078
1675730 1085
1675740 1093
1675750 1093
1675760 1214
1675770 1282
1675780 1282
1675790 1313
1675800 1355
1675810 1355
1675820 1341
1675830 1353
1675840 1333
1675850 1333
1675860 1344
1675870 1338
1675880 1338
1675890 1344
1675900 1355
1675910 1355
1675920 1363
1675930 1370
1675940 1370
1675950 1377
1675960 1390
1675970 1390
1675980 1405
1675990 1462
1676000 1462
1676010 1457
1676020 1465
1676030 1465
1676040 1456
1676050 1471
1676060 1471
1676070 1472
1676080 1458
1676090 1458
1676100 1467
1676110 1474
1676120 1474
1676130 1468
1676140 1496
1676150 1496
1676160 1490
1676170 1488
1676180 1488
1676190 1488
1676200 1486
1676210 1486
1676220 1478
1676230 1475
1676240 1471
1676250 1471
1676260 1472
1676270 1472
1676280 1472
1676290 1472
1676300 1472
1676310 1472
1676320 1471
1676330 1474
1676340 1474
1676350 1475
1676360 1480
1676370 1480
1676380 1488
1676390 1502
1676400 1502
1676410 1510
1676420 1514
1676430 1514
1676440 1517
1676450 1525
1676460 1525
1676470 1534
1676480 1538
1676490 1538
1676500 1542
1676510 1544
1676520 1544
1676530 1545
1676540 1546
1676550 1546
1676560 1548
1676570 1549
1676580 1549
1676590 1551
1676600 1551
1676610 1551
1676620 1548
1676630 1550
1676640 1547
1676650 1547
1676660 1542
1676670 1538
1676680 1538
1676690 1537
1676700 1537
1676710 1537
1676720 1534
1676730 1541
1676740 1541
1676750 1538
1676760 1556
1676770 1556
1676780 1564
1676790 1573
1676800 1573
1676810 1579
1676820 1578
1676830 1578
1676840 1579
1676850 1583
1676860 1583
1676870 1589
1676880 1597
1676890 1597
1676900 1600
1676910 1599
1676920 1599
1676930 1602
1676940 1607
1676950 1607
1676960 1611
1676970 1619
1676980 1619
1676990 1625
1677000 1629
1677010 1629
1677020 1630
1677030 1632
1677040 1632
1677050 1634
1677060 1634
1677070 1636
1677080 1636
1677090 1639
1677100 1640
1677110 1640
1677120 1640
1677130 1645
1677140 1645
1677150 1646
1677160 1648
1677170 1648
1677180 1650
1677190 1653
1677200 1653
1677210 1653
1677220 1655
1677230 1655
1677240 1657
1677250 1660
1677260 1660
1677270 1662
1677280 1665
1677290 1665
1677300 1669
1677310 1673
1677320 1673
1677330 1676
1677340 1680
1677350 1680
1677360 1668
1677370 1643
1677380 1643
1677390 1630
1677400 1623
1677410 1623
1677420 1607
1677430 1601
1677440 1601
1677450 1595
1677460 1588
1677470 1583
1677480 1583
1677490 1576
1677500 1572
1677510 1572
1677520 1569
1677530 1568
1677540 1568
1677550 1566
1677560 1566
1677570 1566
1677580 1565
1677590 1567
1677600 1567
1677610 1574
1677620 1580
1677630 1580
1677640 1587
1677650 1594
1677660 1594
1677670 1601
1677680 1608
1677690 1608
1677700 1614
1677710 1621
1677720 1621
1677730 1621
1677740 1618
1677750 1618
1677760 1617
1677770 1615
1677780 1615
1677790 1619
1677800 1625
1677810 1625
1677820 1631
1677830 1637
1677840 1637
1677850 1639
1677860 1643
1677870 1643
1677880 1647
1677890 1651
1677900 1658
1677910 1658
1677920 1665
1677930 1671
1677940 1671
1677950 1678
1677960 1684
1677970 1684
1677980 1693
1677990 1702
1678000 1702
1678010 1716
1678020 1725
1678030 1725
1678040 1726
1678050 1735
1678060 1735
1678070 1740
1678080 1746
1678090 1746
1678100 1754
1678110 1761
1678120 1761
1678130 1767
1678140 1770
1678150 1770
1678160 1752
1678170 1739
1678180 1739
1678190 1718
1678200 1706
1678210 1706
1678220 1695
1678230 1684
1678240 1684
1678250 1672
1678260 1663
1678270 1663
1678280 1653
1678290 1641
1678300 1632
1678310 1632
1678320 1624
1678330 1616
1678340 1616
1678350 1606
1678360 1595
1678370 1595
1678380 1586
1678390 1580
1678400 1580
1678410 1565
1678420 1559
1678430 1559
1678440 1551
1678450 1544
1678460 1544
1678470 1536
1678480 1527
1678490 1527
1678500 1487
1678510 1479
1678520 1479
1678530 1473
1678540 1466
1678550 1466
1678560 1460
1678570 1446
1678580 1446
1678590 1443
1678600 1437
1678610 1437
1678620 1426
1678630 1421
1678640 1421
1678650 1412
1678660 1402
1678670 1402
1678680 1395
1678690 1388
1678700 1380
1678710 1380
1678720 1372
1678730 1365
1678740 1365
1678750 1358
1678760 1346
1678770 1346
1678780 1339
1678790 1333
1678800 1333
1678810 1317
1678820 1309
1678830 1309
1678840 1302
1678850 1295
1678860 1295
1678870 1288
1678880 1280
1678890 1280
1678900 1273
1678910 1264
1678920 1264
1678930 1256
1678940 1249
1678950 1249
1678960 1243
1678970 1238
1678980 1238
1678990 1231
1679000 1225
1679010 1225
1679020 1218
1679030 1212
1679040 1212
1679050 1205
1679060 1198
1679070 1198
1679080 1192
1679090 1186
1679100 1186
1679110 1181
1679120 1175
1679130 1169
1679140 1169
1679150 1163
1679160 1157
1679170 1157
1679180 1151
1679190 1144
1679200 1144
1679210 1137
1679220 1130
1679230 1130
1679240 1124
1679250 1118
1679260 1118
1679270 1111
1679280 1104
1679290 1104
1679300 1100
1679310 1095
1679320 1095
1679330 1089
1679340 1084
1679350 1084
1679360 1081
1679370 1077
1679380 1077
1679390 1072
1679400 1070
1679410 1070
1679420 1062
1679430 1055
1679440 1055
1679450 1048
1679460 1042
1679470 1042
1679480 1036
1679490 1031
1679500 1031
1679510 1025
1679520 1019
1679530 1014
1679540 1014
1679550 1009
1679560 1003
1679570 1003
1679580 997
1679590 989
1679600 989
1679610 981
1679620 973
1679630 973
1679640 966
1679650 959
1679660 959
1679670 953
1679680 948
1679690 948
1679700 943
1679710 938
1679720 938
1679730 935
1679740 931
1679750 931
1679760 926
1679770 923
1679780 923
1679790 919
1679800 915
1679810 915
1679820 911
1679830 908
1679840 908
1679850 904
1679860 900
1679870 900
1679880 897
1679890 893
1679900 893
1679910 890
1679920 886
1679930 886
1679940 883
1679950 879
1679960 875
1679970 875
1679980 872
1679990 868
