1660000 1153
1660010 1139
1660020 1139
1660030 1127
1660040 1112
1660050 1112
1660060 1107
1660070 1101
1660080 1101
1660090 1091
1660100 1085
1660110 1085
1660120 1080
1660130 1074
1660140 1074
1660150 1070
1660160 1066
1660170 1066
1660180 1060
1660190 1054
1660200 1054
1660210 1047
1660220 1042
1660230 1042
1660240 1033
1660250 1031
1660260 1031
1660270 1031
1660280 1029
1660290 1030
1660300 1030
1660310 1028
1660320 1025
1660330 1025
1660340 1022
1660350 1019
1660360 1019
1660370 1016
1660380 1019
1660390 1019
1660400 1019
1660410 1021
1660420 1021
1660430 1024
1660440 1025
1660450 1025
1660460 1023
1660470 1023
1660480 1023
1660490 1022
1660500 1021
1660510 1021
1660520 1019
1660530 1018
1660540 1018
1660550 1017
1660560 1015
1660570 1015
1660580 1014
1660590 1012
1660600 1012
1660610 1012
1660620 1011
1660630 1011
1660640 1012
1660650 1013
1660660 1013
1660670 1014
1660680 1016
1660690 1016
1660700 1019
1660710 1022
1660720 1022
1660730 1022
1660740 1021
1660750 1019
1660760 1019
1660770 1016
1660780 1012
1660790 1012
1660800 1008
1660810 1003
1660820 1003
1660830 995
1660840 989
1660850 989
1660860 982
1660870 977
1660880 977
1660890 976
1660900 978
1660910 978
1660920 981
1660930 982
1660940 982
1660950 979
1660960 983
1660970 983
1660980 984
1660990 985
1661000 985
1661010 983
1661020 978
1661030 978
1661040 980
1661050 980
1661060 980
1661070 981
1661080 982
1661090 982
1661100 980
1661110 972
1661120 972
1661130 967
1661140 969
1661150 975
1661160 975
1661170 978
1661180 979
1661190 979
1661200 979
1661210 979
1661220 979
1661230 978
1661240 977
1661250 977
1661260 974
1661270 971
1661280 971
1661290 964
1661300 966
1661310 966
1661320 962
1661330 961
1661340 961
1661350 960
1661360 959
1661370 959
1661380 954
1661390 947
1661400 947
1661410 950
1661420 953
1661430 953
1661440 959
1661450 967
1661460 967
1661470 971
1661480 974
1661490 974
1661500 975
1661510 974
1661520 974
1661530 974
1661540 974
1661550 974
1661560 976
1661570 972
1661580 973
1661590 973
1661600 973
1661610 971
1661620 971
1661630 967
1661640 962
1661650 962
1661660 959
1661670 954
1661680 954
1661690 949
1661700 944
1661710 944
1661720 943
1661730 948
1661740 948
1661750 954
1661760 957
1661770 957
1661780 961
1661790 966
1661800 966
1661810 971
1661820 975
1661830 975
1661840 978
1661850 979
1661860 979
1661870 983
1661880 989
1661890 989
1661900 994
1661910 996
1661920 996
1661930 997
1661940 991
1661950 991
1661960 987
1661970 986
1661980 992
1661990 992
1662000 999
1662010 1003
1662020 1003
1662030 1006
1662040 1012
1662050 1012
1662060 1015
1662070 1006
1662080 1006
1662090 998
1662100 987
1662110 987
1662120 976
1662130 969
1662140 969
1662150 963
1662160 960
1662170 960
1662180 953
1662190 946
1662200 946
1662210 939
1662220 933
1662230 933
1662240 935
1662250 939
1662260 939
1662270 942
1662280 941
1662290 941
1662300 937
1662310 942
1662320 942
1662330 942
1662340 942
1662350 942
1662360 939
1662370 933
1662380 933
1662390 934
1662400 939
1662410 943
1662420 943
1662430 948
1662440 953
1662450 953
1662460 957
1662470 963
1662480 963
1662490 969
1662500 975
1662510 975
1662520 980
1662530 986
1662540 986
1662550 991
1662560 995
1662570 995
1662580 995
1662590 993
1662600 993
1662610 996
1662620 1001
1662630 1001
1662640 1006
1662650 1012
1662660 1012
1662670 1017
1662680 1022
1662690 1022
1662700 1027
1662710 1032
1662720 1032
1662730 1036
1662740 1040
1662750 1040
1662760 1039
1662770 1035
1662780 1035
1662790 1031
1662800 1026
1662810 1026
1662820 1021
1662830 1018
1662840 1015
1662850 1015
1662860 1019
1662870 1021
1662880 1021
1662890 1020
1662900 1020
1662910 1020
1662920 1017
1662930 1016
1662940 1016
1662950 1013
1662960 1021
1662970 1021
1662980 1029
1662990 1034
1663000 1034
1663010 1039
1663020 1045
1663030 1045
1663040 1052
1663050 1057
1663060 1057
1663070 1063
1663080 1068
1663090 1068
1663100 1074
1663110 1079
1663120 1079
1663130 1084
1663140 1089
1663150 1089
1663160 1093
1663170 1096
1663180 1096
1663190 1095
1663200 1094
1663210 1094
1663220 1093
1663230 1092
1663240 1092
1663250 1090
1663260 1090
1663270 1089
1663280 1089
1663290 1089
1663300 1089
1663310 1089
1663320 1088
1663330 1087
1663340 1087
1663350 1082
1663360 1078
1663370 1078
1663380 1075
1663390 1072
1663400 1072
1663410 1069
1663420 1066
1663430 1066
1663440 1061
1663450 1054
1663460 1054
1663470 1047
1663480 1041
1663490 1041
1663500 1038
1663510 1034
1663520 1034
1663530 1031
1663540 1026
1663550 1026
1663560 1022
1663570 1021
1663580 1021
1663590 1018
1663600 1015
1663610 1015
1663620 1012
1663630 1009
1663640 1009
1663650 1006
1663660 1002
1663670 1002
1663680 999
1663690 994
1663700 989
1663710 989
1663720 988
1663730 988
1663740 988
1663750 988
1663760 987
1663770 987
1663780 988
1663790 988
1663800 988
1663810 988
1663820 987
1663830 987
1663840 987
1663850 988
1663860 988
1663870 984
1663880 981
1663890 981
1663900 978
1663910 975
1663920 975
1663930 974
1663940 972
1663950 972
1663960 972
1663970 971
1663980 971
1663990 968
1664000 967
1664010 967
1664020 968
1664030 968
1664040 968
1664050 969
1664060 970
1664070 970
1664080 971
1664090 972
1664100 972
1664110 974
1664120 977
1664130 979
1664140 979
1664150 982
1664160 986
1664170 986
1664180 991
1664190 997
1664200 997
1664210 1005
1664220 1002
1664230 1002
1664240 1002
1664250 1001
1664260 1001
1664270 998
1664280 997
1664290 997
1664300 998
1664310 1003
1664320 1003
1664330 1007
1664340 1011
1664350 1011
1664360 1013
1664370 1018
1664380 1018
1664390 1025
1664400 1030
1664410 1030
1664420 1037
1664430 1046
1664440 1046
1664450 1054
1664460 1064
1664470 1064
1664480 1060
1664490 1060
1664500 1060
1664510 1060
1664520 1056
1664530 1053
1664540 1053
1664550 1049
1664560 1048
1664570 1048
1664580 1049
1664590 1054
1664600 1054
1664610 1055
1664620 1054
1664630 1054
1664640 1049
1664650 1038
1664660 1038
1664670 1030
1664680 1027
1664690 1027
1664700 1028
1664710 1031
1664720 1031
1664730 1033
1664740 1037
1664750 1037
1664760 1041
1664770 1045
1664780 1045
1664790 1047
1664800 1044
1664810 1044
1664820 1041
1664830 1040
1664840 1040
1664850 1030
1664860 1024
1664870 1024
1664880 1025
1664890 1026
1664900 1026
1664910 1028
1664920 1031
1664930 1031
1664940 1031
1664950 1029
1664960 1028
1664970 1028
1664980 1029
1664990 1033
1665000 1033
1665010 1036
1665020 1040
1665030 1040
1665040 1045
1665050 1049
1665060 1049
1665070 1054
1665080 1058
1665090 1058
1665100 1063
1665110 1067
1665120 1067
1665130 1072
1665140 1078
1665150 1078
1665160 1082
1665170 1087
1665180 1087
1665190 1093
1665200 1097
1665210 1097
1665220 1099
1665230 1097
1665240 1097
1665250 1091
1665260 1086
1665270 1086
1665280 1078
1665290 1064
1665300 1064
1665310 1057
1665320 1049
1665330 1049
1665340 1043
1665350 1038
1665360 1038
1665370 1032
1665380 1027
1665390 1021
1665400 1021
1665410 1016
1665420 1011
1665430 1011
1665440 1008
1665450 1000
1665460 1000
1665470 994
1665480 991
1665490 991
1665500 988
1665510 988
1665520 988
1665530 987
1665540 984
1665550 984
1665560 980
1665570 974
1665580 974
1665590 970
1665600 968
1665610 968
1665620 970
1665630 972
1665640 972
1665650 976
1665660 980
1665670 980
1665680 983
1665690 988
1665700 988
1665710 994
1665720 1000
1665730 1000
1665740 1004
1665750 1006
1665760 1006
1665770 1001
1665780 999
1665790 999
1665800 1000
1665810 1003
1665820 998
1665830 998
1665840 993
1665850 988
1665860 988
1665870 984
1665880 979
1665890 979
1665900 974
1665910 965
1665920 965
1665930 958
1665940 952
1665950 952
1665960 946
1665970 940
1665980 940
1665990 941
1666000 954
1666010 954
1666020 961
1666030 966
1666040 966
1666050 968
1666060 968
1666070 968
1666080 965
1666090 960
1666100 960
1666110 955
1666120 951
1666130 951
1666140 948
1666150 947
1666160 947
1666170 948
1666180 949
1666190 944
1666200 945
1666210 946
1666220 946
1666230 949
1666240 953
1666250 956
1666260 956
1666270 958
1666280 961
1666290 961
1666300 963
1666310 966
1666320 966
1666330 968
1666340 969
1666350 969
1666360 969
1666370 968
1666380 968
1666390 966
1666400 963
1666410 963
1666420 961
1666430 958
1666440 958
1666450 956
1666460 954
1666470 954
1666480 951
1666490 947
1666500 947
1666510 943
1666520 937
1666530 937
1666540 931
1666550 926
1666560 926
1666570 920
1666580 913
1666590 913
1666600 908
1666610 904
1666620 904
1666630 900
1666640 896
1666650 893
1666660 893
1666670 890
1666680 886
1666690 886
1666700 881
1666710 878
1666720 878
1666730 875
1666740 869
1666750 869
1666760 863
1666770 858
1666780 858
1666790 851
1666800 846
1666810 846
1666820 844
1666830 840
1666840 840
1666850 833
1666860 832
1666870 832
1666880 832
1666890 829
1666900 829
1666910 824
1666920 818
1666930 818
1666940 813
1666950 809
1666960 809
1666970 807
1666980 801
1666990 801
1667000 795
1667010 791
1667020 791
1667030 783
1667040 777
1667050 777
1667060 774
1667070 771
1667080 767
1667090 767
1667100 762
1667110 762
1667120 762
1667130 764
1667140 756
1667150 756
1667160 756
1667170 748
1667180 748
1667190 745
1667200 738
1667210 738
1667220 736
1667230 727
1667240 727
1667250 721
1667260 718
1667270 718
1667280 714
1667290 711
1667300 711
1667310 710
1667320 710
1667330 710
1667340 714
1667350 711
1667360 711
1667370 709
1667380 708
1667390 708
1667400 708
1667410 704
1667420 704
1667430 705
1667440 707
1667450 707
1667460 711
1667470 715
1667480 715
1667490 714
1667500 722
1667510 731
1667520 731
1667530 732
1667540 729
1667550 729
1667560 730
1667570 731
1667580 731
1667590 728
1667600 729
1667610 729
1667620 726
1667630 722
1667640 722
1667650 718
1667660 714
1667670 714
1667680 708
1667690 699
1667700 699
1667710 693
1667720 686
1667730 686
1667740 680
1667750 674
1667760 674
1667770 669
1667780 668
1667790 668
1667800 667
1667810 666
1667820 666
1667830 666
1667840 665
1667850 665
1667860 667
1667870 665
1667880 665
1667890 664
1667900 663
1667910 663
1667920 663
1667930 662
1667940 662
1667950 662
1667960 662
1667970 664
1667980 664
1667990 661
1668000 661
1668010 661
1668020 663
1668030 660
1668040 660
1668050 661
1668060 661
1668070 661
1668080 653
1668090 647
1668100 647
1668110 639
1668120 632
1668130 632
1668140 628
1668150 623
1668160 623
1668170 619
1668180 623
1668190 623
1668200 626
1668210 632
1668220 632
1668230 639
1668240 646
1668250 646
1668260 650
1668270 656
1668280 656
1668290 660
1668300 664
1668310 664
1668320 670
1668330 674
1668340 674
1668350 675
1668360 675
1668370 674
1668380 674
1668390 673
1668400 668
1668410 668
1668420 662
1668430 657
1668440 657
1668450 656
1668460 656
1668470 656
1668480 656
1668490 657
1668500 657
1668510 658
1668520 660
1668530 660
1668540 663
1668550 666
1668560 666
1668570 668
1668580 671
1668590 671
1668600 675
1668610 680
1668620 680
1668630 686
1668640 691
1668650 691
1668660 695
1668670 701
1668680 701
1668690 706
1668700 711
1668710 711
1668720 716
1668730 720
1668740 720
1668750 724
1668760 726
1668770 727
1668780 727
1668790 727
1668800 730
1668810 730
1668820 732
1668830 738
1668840 738
1668850 743
1668860 746
1668870 746
1668880 749
1668890 753
1668900 753
1668910 755
1668920 758
1668930 758
1668940 760
1668950 761
1668960 761
1668970 760
1668980 758
1668990 758
1669000 758
1669010 759
1669020 759
1669030 761
1669040 765
1669050 765
1669060 769
1669070 774
1669080 774
1669090 777
1669100 777
1669110 777
1669120 777
1669130 778
1669140 778
1669150 781
1669160 780
1669170 780
1669180 778
1669190 773
1669200 765
1669210 765
1669220 762
1669230 758
1669240 758
1669250 756
1669260 753
1669270 753
1669280 748
1669290 745
1669300 745
1669310 743
1669320 745
1669330 745
1669340 747
1669350 747
1669360 747
1669370 745
1669380 741
1669390 741
1669400 740
1669410 733
1669420 733
1669430 735
1669440 740
1669450 740
1669460 745
1669470 752
1669480 752
1669490 759
1669500 768
1669510 768
1669520 768
1669530 764
1669540 764
1669550 766
1669560 771
1669570 771
1669580 775
1669590 780
1669600 780
1669610 776
1669620 786
1669630 786
1669640 786
1669650 789
1669660 799
1669670 799
1669680 801
1669690 804
1669700 804
1669710 797
1669720 792
1669730 792
1669740 793
1669750 784
1669760 784
1669770 788
1669780 793
1669790 793
1669800 798
1669810 800
1669820 800
1669830 803
1669840 808
1669850 808
1669860 811
1669870 815
1669880 815
1669890 816
1669900 819
1669910 819
1669920 814
1669930 805
1669940 805
1669950 807
1669960 812
1669970 812
1669980 819
1669990 821
1670000 821
1670010 823
1670020 823
1670030 823
1670040 825
1670050 827
1670060 831
1670070 831
1670080 833
1670090 835
1670100 835
1670110 833
1670120 827
1670130 827
1670140 821
1670150 816
1670160 816
1670170 814
1670180 811
1670190 811
1670200 806
1670210 801
1670220 801
1670230 797
1670240 795
1670250 795
1670260 793
1670270 792
1670280 792
1670290 791
1670300 790
1670310 790
1670320 789
1670330 786
1670340 786
1670350 779
1670360 780
1670370 780
1670380 787
1670390 790
1670400 790
1670410 793
1670420 796
1670430 796
1670440 798
1670450 803
1670460 803
1670470 809
1670480 813
1670490 813
1670500 813
1670510 811
1670520 808
1670530 808
1670540 804
1670550 800
1670560 800
1670570 794
1670580 790
1670590 790
1670600 788
1670610 787
1670620 787
1670630 787
1670640 788
1670650 788
1670660 790
1670670 788
1670680 788
1670690 787
1670700 790
1670710 790
1670720 792
1670730 796
1670740 796
1670750 799
1670760 803
1670770 803
1670780 805
1670790 808
1670800 808
1670810 810
1670820 811
1670830 811
1670840 807
1670850 802
1670860 802
1670870 797
1670880 791
1670890 791
1670900 786
1670910 778
1670920 769
1670930 769
1670940 763
1670950 757
1670960 757
1670970 761
1670980 764
1670990 764
1671000 766
1671010 771
1671020 771
1671030 776
1671040 778
1671050 778
1671060 779
1671070 777
1671080 777
1671090 777
1671100 780
1671110 780
1671120 788
1671130 795
1671140 795
1671150 802
1671160 809
1671170 809
1671180 816
1671190 824
1671200 824
1671210 830
1671220 832
1671230 832
1671240 827
1671250 822
1671260 822
1671270 817
1671280 813
1671290 813
1671300 812
1671310 812
1671320 812
1671330 812
1671340 813
1671350 812
1671360 812
1671370 812
1671380 812
1671390 812
1671400 812
1671410 814
1671420 814
1671430 815
1671440 817
1671450 817
1671460 817
1671470 815
1671480 815
1671490 815
1671500 817
1671510 817
1671520 819
1671530 824
1671540 824
1671550 828
1671560 830
1671570 830
1671580 832
1671590 834
1671600 834
1671610 836
1671620 838
1671630 838
1671640 841
1671650 846
1671660 846
1671670 850
1671680 855
1671690 855
1671700 859
1671710 864
1671720 864
1671730 869
1671740 872
1671750 868
1671760 868
1671770 863
1671780 861
1671790 861
1671800 857
1671810 851
1671820 851
1671830 848
1671840 849
1671850 849
1671860 852
1671870 859
1671880 859
1671890 864
1671900 868
1671910 868
1671920 868
1671930 868
1671940 868
1671950 868
1671960 866
1671970 866
1671980 866
1671990 868
1672000 868
1672010 870
1672020 871
1672030 871
1672040 874
1672050 878
1672060 878
1672070 884
1672080 887
1672090 887
1672100 887
1672110 889
1672120 889
1672130 895
1672140 899
1672150 899
1672160 904
1672170 910
1672180 913
1672190 913
1672200 917
1672210 921
1672220 921
1672230 927
1672240 932
1672250 932
1672260 939
1672270 943
1672280 943
1672290 950
1672300 952
1672310 952
1672320 955
1672330 960
1672340 960
1672350 968
1672360 976
1672370 976
1672380 983
1672390 991
1672400 991
1672410 995
1672420 997
1672430 997
1672440 1001
1672450 1007
1672460 1007
1672470 1012
1672480 1018
1672490 1018
1672500 1023
1672510 1029
1672520 1029
1672530 1037
1672540 1043
1672550 1043
1672560 1053
1672570 1062
1672580 1062
1672590 1067
1672600 1071
1672610 1078
1672620 1078
1672630 1085
1672640 1085
1672650 1085
1672660 1082
1672670 1072
1672680 1072
1672690 1064
1672700 1055
1672710 1055
1672720 1051
1672730 1045
1672740 1045
1672750 1041
1672760 1036
1672770 1036
1672780 1032
1672790 1028
1672800 1028
1672810 1025
1672820 1017
1672830 1017
1672840 1010
1672850 1009
1672860 1009
1672870 1007
1672880 1002
1672890 1002
1672900 996
1672910 988
1672920 988
1672930 978
1672940 970
1672950 970
1672960 964
1672970 957
1672980 957
1672990 950
1673000 944
1673010 944
1673020 939
1673030 935
1673040 930
1673050 930
1673060 926
1673070 921
1673080 921
1673090 916
1673100 909
1673110 909
1673120 903
1673130 896
1673140 896
1673150 890
1673160 884
1673170 884
1673180 879
1673190 872
1673200 872
1673210 867
1673220 861
1673230 861
1673240 854
1673250 848
1673260 848
1673270 844
1673280 841
1673290 841
1673300 839
1673310 838
1673320 838
1673330 836
1673340 833
1673350 833
1673360 830
1673370 827
1673380 827
1673390 824
1673400 824
1673410 824
1673420 819
1673430 813
1673440 806
1673450 806
1673460 800
1673470 794
1673480 794
1673490 789
1673500 785
1673510 785
1673520 782
1673530 779
1673540 779
1673550 775
1673560 771
1673570 771
1673580 767
1673590 763
1673600 763
1673610 758
1673620 754
1673630 754
1673640 751
1673650 748
1673660 748
1673670 745
1673680 742
1673690 742
1673700 739
1673710 736
1673720 736
1673730 734
1673740 732
1673750 732
1673760 730
1673770 728
1673780 728
1673790 726
1673800 724
1673810 724
1673820 721
1673830 720
1673840 720
1673850 717
1673860 714
1673870 712
1673880 712
1673890 710
1673900 708
1673910 708
1673920 706
1673930 704
1673940 704
1673950 701
1673960 697
1673970 697
1673980 691
1673990 687
1674000 687
1674010 682
1674020 677
1674030 677
1674040 672
1674050 667
1674060 667
1674070 663
1674080 660
1674090 660
1674100 656
1674110 653
1674120 653
1674130 649
1674140 645
1674150 645
1674160 641
1674170 637
1674180 637
1674190 635
1674200 631
1674210 631
1674220 627
1674230 625
1674240 625
1674250 624
1674260 624
1674270 624
1674280 624
1674290 624
1674300 623
1674310 623
1674320 623
1674330 623
1674340 623
1674350 623
1674360 623
1674370 623
1674380 622
1674390 622
1674400 622
1674410 622
1674420 623
1674430 623
1674440 623
1674450 624
1674460 624
1674470 623
1674480 620
1674490 620
1674500 620
1674510 620
1674520 620
1674530 620
1674540 620
1674550 620
1674560 621
1674570 621
1674580 621
1674590 620
1674600 620
1674610 620
1674620 621
1674630 620
1674640 620
1674650 621
1674660 621
1674670 621
1674680 621
1674690 621
1674700 621
1674710 621
1674720 621
1674730 621
1674740 621
1674750 621
1674760 621
1674770 621
1674780 621
1674790 619
1674800 619
1674810 619
1674820 619
1674830 619
1674840 619
1674850 619
1674860 619
1674870 619
1674880 619
1674890 619
1674900 619
1674910 619
1674920 619
1674930 619
1674940 620
1674950 620
1674960 620
1674970 620
1674980 620
1674990 620
1675000 620
1675010 620
1675020 620
1675030 620
1675040 620
1675050 620
1675060 621
1675070 621
1675080 620
1675090 621
1675100 621
1675110 621
1675120 621
1675130 621
1675140 621
1675150 620
1675160 619
1675170 619
1675180 619
1675190 620
1675200 620
1675210 620
1675220 620
1675230 620
1675240 620
1675250 620
1675260 620
1675270 620
1675280 620
1675290 620
1675300 620
1675310 620
1675320 620
1675330 620
1675340 620
1675350 620
1675360 621
1675370 622
1675380 622
1675390 622
1675400 623
1675410 623
1675420 623
1675430 624
1675440 624
1675450 624
1675460 624
1675470 624
1675480 624
1675490 624
1675500 624
1675510 624
1675520 624
1675530 624
1675540 624
1675550 624
1675560 624
1675570 624
1675580 624
1675590 625
1675600 625
1675610 627
1675620 629
1675630 629
1675640 632
1675650 635
1675660 635
1675670 643
1675680 648
1675690 648
1675700 644
1675710 650
1675720 650
1675730 650
1675740 652
1675750 652
1675760 656
1675770 660
1675780 660
1675790 656
1675800 662
1675810 662
1675820 672
1675830 681
1675840 681
1675850 683
1675860 689
1675870 689
1675880 695
1675890 702
1675900 702
1675910 708
1675920 715
1675930 715
1675940 720
1675950 721
1675960 721
1675970 721
1675980 722
1675990 726
1676000 726
1676010 727
1676020 724
1676030 724
1676040 733
1676050 737
1676060 737
1676070 734
1676080 727
1676090 727
1676100 738
1676110 741
1676120 741
1676130 738
1676140 713
1676150 713
1676160 708
1676170 703
1676180 703
1676190 706
1676200 716
1676210 716
1676220 724
1676230 733
1676240 733
1676250 741
1676260 751
1676270 751
1676280 760
1676290 768
1676300 768
1676310 776
1676320 795
1676330 795
1676340 801
1676350 814
1676360 814
1676370 819
1676380 827
1676390 827
1676400 835
1676410 834
1676420 806
1676430 806
1676440 775
1676450 765
1676460 765
1676470 764
1676480 765
1676490 765
1676500 767
1676510 771
1676520 771
1676530 779
1676540 786
1676550 786
1676560 768
1676570 762
1676580 762
1676590 761
1676600 764
1676610 764
1676620 768
1676630 772
1676640 772
1676650 771
1676660 766
1676670 766
1676680 759
1676690 752
1676700 752
1676710 746
1676720 741
1676730 741
1676740 750
1676750 756
1676760 756
1676770 762
1676780 767
1676790 767
1676800 771
1676810 779
1676820 779
1676830 794
1676840 786
1676850 778
1676860 778
1676870 784
1676880 790
1676890 790
1676900 795
1676910 797
1676920 797
1676930 794
1676940 787
1676950 787
1676960 777
1676970 760
1676980 760
1676990 752
1677000 757
1677010 757
1677020 759
1677030 760
1677040 760
1677050 722
1677060 706
1677070 706
1677080 711
1677090 709
1677100 709
1677110 712
1677120 714
1677130 714
1677140 716
1677150 717
1677160 717
1677170 719
1677180 718
1677190 718
1677200 717
1677210 717
1677220 717
1677230 716
1677240 710
1677250 710
1677260 717
1677270 723
1677280 726
1677290 726
1677300 735
1677310 742
1677320 742
1677330 749
1677340 755
1677350 755
1677360 749
1677370 737
1677380 737
1677390 736
1677400 739
1677410 739
1677420 746
1677430 752
1677440 752
1677450 745
1677460 742
1677470 742
1677480 741
1677490 742
1677500 742
1677510 733
1677520 746
1677530 746
1677540 750
1677550 755
1677560 755
1677570 755
1677580 766
1677590 766
1677600 768
1677610 770
1677620 770
1677630 772
1677640 771
1677650 771
1677660 772
1677670 771
1677680 771
1677690 772
1677700 772
1677710 774
1677720 774
1677730 775
1677740 776
1677750 776
1677760 781
1677770 785
1677780 785
1677790 789
1677800 786
1677810 786
1677820 788
1677830 792
1677840 792
1677850 791
1677860 797
1677870 797
1677880 794
1677890 789
1677900 789
1677910 799
1677920 806
1677930 806
1677940 806
1677950 800
1677960 800
1677970 803
1677980 801
1677990 801
1678000 797
1678010 795
1678020 795
1678030 797
1678040 796
1678050 796
1678060 789
1678070 777
1678080 777
1678090 768
1678100 757
1678110 738
1678120 738
1678130 723
1678140 694
1678150 694
1678160 674
1678170 672
1678180 672
1678190 677
1678200 680
1678210 680
1678220 685
1678230 694
1678240 694
1678250 709
1678260 710
1678270 710
1678280 702
1678290 689
1678300 689
1678310 689
1678320 700
1678330 700
1678340 707
1678350 721
1678360 721
1678370 721
1678380 719
1678390 719
1678400 726
1678410 720
1678420 720
1678430 711
1678440 710
1678450 710
1678460 683
1678470 647
1678480 647
1678490 637
1678500 630
1678510 630
1678520 629
1678530 627
1678540 627
1678550 627
1678560 627
1678570 627
1678580 627
1678590 629
1678600 629
1678610 629
1678620 629
1678630 628
1678640 628
1678650 629
1678660 629
1678670 629
1678680 630
1678690 629
1678700 629
1678710 630
1678720 630
1678730 630
1678740 630
1678750 630
1678760 630
1678770 632
1678780 632
1678790 632
1678800 634
1678810 637
1678820 637
1678830 641
1678840 645
1678850 645
1678860 649
1678870 652
1678880 652
1678890 656
1678900 668
1678910 668
1678920 692
1678930 696
1678940 696
1678950 706
1678960 699
1678970 699
1678980 699
1678990 720
1679000 729
1679010 729
1679020 735
1679030 743
1679040 743
1679050 750
1679060 755
1679070 755
1679080 759
1679090 767
1679100 767
1679110 772
1679120 769
1679130 769
1679140 764
1679150 761
1679160 761
1679170 759
1679180 757
1679190 757
1679200 756
1679210 754
1679220 754
1679230 751
1679240 748
1679250 748
1679260 746
1679270 744
1679280 744
1679290 743
1679300 742
1679310 742
1679320 741
1679330 741
1679340 741
1679350 741
1679360 740
1679370 740
1679380 737
1679390 735
1679400 743
1679410 743
1679420 752
1679430 759
1679440 759
1679450 768
1679460 774
1679470 774
1679480 781
1679490 788
1679500 788
1679510 795
1679520 800
1679530 800
1679540 805
1679550 810
1679560 810
1679570 815
1679580 819
1679590 819
1679600 824
1679610 829
1679620 829
1679630 835
1679640 840
1679650 840
1679660 846
1679670 852
1679680 852
1679690 858
1679700 865
1679710 865
1679720 872
1679730 879
1679740 879
1679750 888
1679760 895
1679770 895
1679780 908
1679790 911
1679800 911
1679810 912
1679820 912
1679830 913
1679840 913
1679850 914
1679860 915
1679870 915
1679880 917
1679890 919
1679900 919
1679910 920
1679920 920
1679930 920
1679940 923
1679950 927
1679960 927
1679970 927
1679980 930
1679990 930
