1660000 1116
1660010 1119
1660020 1119
1660030 1124
1660040 1123
1660050 1123
1660060 1113
1660070 1108
1660080 1108
1660090 1101
1660100 1097
1660110 1097
1660120 1093
1660130 1087
1660140 1087
1660150 1083
1660160 1084
1660170 1084
1660180 1086
1660190 1084
1660200 1084
1660210 1080
1660220 1078
1660230 1078
1660240 1076
1660250 1075
1660260 1075
1660270 1072
1660280 1066
1660290 1060
1660300 1060
1660310 1053
1660320 1047
1660330 1047
1660340 1042
1660350 1037
1660360 1037
1660370 1032
1660380 1024
1660390 1024
1660400 1024
1660410 1022
1660420 1022
1660430 1019
1660440 1017
1660450 1017
1660460 1015
1660470 1015
1660480 1015
1660490 1013
1660500 1011
1660510 1011
1660520 1008
1660530 1007
1660540 1007
1660550 1005
1660560 1004
1660570 1004
1660580 1004
1660590 1002
1660600 1002
1660610 1000
1660620 1001
1660630 1001
1660640 1000
1660650 999
1660660 999
1660670 998
1660680 997
1660690 995
1660700 995
1660710 993
1660720 992
1660730 992
1660740 991
1660750 989
1660760 989
1660770 988
1660780 987
1660790 987
1660800 985
1660810 983
1660820 983
1660830 982
1660840 981
1660850 981
1660860 979
1660870 977
1660880 977
1660890 974
1660900 971
1660910 971
1660920 967
1660930 966
1660940 966
1660950 964
1660960 962
1660970 962
1660980 961
1660990 958
1661000 958
1661010 958
1661020 957
1661030 957
1661040 956
1661050 956
1661060 956
1661070 956
1661080 956
1661090 956
1661100 956
1661110 955
1661120 955
1661130 955
1661140 956
1661150 956
1661160 956
1661170 953
1661180 950
1661190 950
1661200 943
1661210 936
1661220 936
1661230 931
1661240 929
1661250 929
1661260 928
1661270 927
1661280 927
1661290 925
1661300 923
1661310 923
1661320 922
1661330 923
1661340 923
1661350 922
1661360 922
1661370 922
1661380 918
1661390 917
1661400 917
1661410 912
1661420 909
1661430 909
1661440 909
1661450 910
1661460 910
1661470 912
1661480 912
1661490 912
1661500 905
1661510 906
1661520 906
1661530 908
1661540 912
1661550 916
1661560 916
1661570 919
1661580 921
1661590 921
1661600 923
1661610 923
1661620 923
1661630 924
1661640 926
1661650 926
1661660 926
1661670 922
1661680 922
1661690 916
1661700 911
1661710 911
1661720 905
1661730 901
1661740 901
1661750 904
1661760 915
1661770 915
1661780 919
1661790 923
1661800 923
1661810 925
1661820 925
1661830 925
1661840 922
1661850 920
1661860 920
1661870 918
1661880 915
1661890 915
1661900 913
1661910 912
1661920 912
1661930 913
1661940 920
1661950 920
1661960 922
1661970 925
1661980 928
1661990 928
1662000 930
1662010 934
1662020 934
1662030 936
1662040 936
1662050 936
1662060 934
1662070 932
1662080 932
1662090 933
1662100 936
1662110 936
1662120 935
1662130 934
1662140 934
1662150 932
1662160 931
1662170 931
1662180 932
1662190 932
1662200 932
1662210 930
1662220 925
1662230 925
1662240 918
1662250 912
1662260 912
1662270 909
1662280 900
1662290 900
1662300 899
1662310 908
1662320 908
1662330 918
1662340 924
1662350 924
1662360 930
1662370 937
1662380 937
1662390 945
1662400 952
1662410 957
1662420 957
1662430 963
1662440 964
1662450 964
1662460 964
1662470 964
1662480 964
1662490 960
1662500 961
1662510 961
1662520 960
1662530 958
1662540 958
1662550 956
1662560 956
1662570 956
1662580 956
1662590 960
1662600 960
1662610 966
1662620 968
1662630 968
1662640 974
1662650 978
1662660 978
1662670 981
1662680 984
1662690 984
1662700 986
1662710 979
1662720 979
1662730 975
1662740 973
1662750 973
1662760 973
1662770 968
1662780 968
1662790 963
1662800 958
1662810 958
1662820 953
1662830 961
1662840 967
1662850 967
1662860 974
1662870 979
1662880 979
1662890 987
1662900 993
1662910 993
1662920 999
1662930 1006
1662940 1006
1662950 1013
1662960 1019
1662970 1019
1662980 1024
1662990 1029
1663000 1029
1663010 1036
1663020 1040
1663030 1040
1663040 1044
1663050 1046
1663060 1046
1663070 1048
1663080 1048
1663090 1048
1663100 1049
1663110 1050
1663120 1050
1663130 1051
1663140 1050
1663150 1050
1663160 1049
1663170 1049
1663180 1049
1663190 1050
1663200 1051
1663210 1051
1663220 1050
1663230 1049
1663240 1048
1663250 1048
1663260 1046
1663270 1041
1663280 1041
1663290 1039
1663300 1036
1663310 1036
1663320 1036
1663330 1034
1663340 1034
1663350 1032
1663360 1029
1663370 1029
1663380 1026
1663390 1022
1663400 1022
1663410 1019
1663420 1016
1663430 1016
1663440 1013
1663450 1010
1663460 1010
1663470 1006
1663480 1002
1663490 1002
1663500 996
1663510 989
1663520 989
1663530 986
1663540 980
1663550 980
1663560 977
1663570 973
1663580 973
1663590 970
1663600 969
1663610 969
1663620 966
1663630 963
1663640 963
1663650 967
1663660 966
1663670 964
1663680 964
1663690 958
1663700 954
1663710 954
1663720 952
1663730 952
1663740 952
1663750 951
1663760 949
1663770 949
1663780 947
1663790 946
1663800 946
1663810 946
1663820 944
1663830 944
1663840 940
1663850 941
1663860 941
1663870 941
1663880 941
1663890 941
1663900 941
1663910 941
1663920 941
1663930 940
1663940 936
1663950 936
1663960 931
1663970 923
1663980 923
1663990 916
1664000 913
1664010 913
1664020 913
1664030 916
1664040 916
1664050 911
1664060 907
1664070 907
1664080 905
1664090 901
1664100 901
1664110 901
1664120 901
1664130 902
1664140 902
1664150 904
1664160 907
1664170 907
1664180 905
1664190 909
1664200 909
1664210 916
1664220 922
1664230 922
1664240 930
1664250 936
1664260 936
1664270 947
1664280 959
1664290 959
1664300 970
1664310 975
1664320 975
1664330 979
1664340 981
1664350 981
1664360 987
1664370 982
1664380 982
1664390 980
1664400 980
1664410 980
1664420 977
1664430 971
1664440 971
1664450 963
1664460 957
1664470 957
1664480 955
1664490 953
1664500 953
1664510 951
1664520 948
1664530 951
1664540 951
1664550 954
1664560 957
1664570 957
1664580 960
1664590 964
1664600 964
1664610 971
1664620 973
1664630 973
1664640 971
1664650 967
1664660 967
1664670 960
1664680 957
1664690 957
1664700 950
1664710 949
1664720 949
1664730 960
1664740 968
1664750 968
1664760 972
1664770 974
1664780 974
1664790 977
1664800 977
1664810 977
1664820 978
1664830 972
1664840 972
1664850 963
1664860 955
1664870 955
1664880 947
1664890 945
1664900 945
1664910 945
1664920 953
1664930 953
1664940 957
1664950 962
1664960 968
1664970 968
1664980 975
1664990 982
1665000 982
1665010 989
1665020 995
1665030 995
1665040 999
1665050 1003
1665060 1003
1665070 1008
1665080 1013
1665090 1013
1665100 1016
1665110 1020
1665120 1020
1665130 1025
1665140 1028
1665150 1028
1665160 1033
1665170 1038
1665180 1038
1665190 1043
1665200 1048
1665210 1048
1665220 1053
1665230 1059
1665240 1059
1665250 1064
1665260 1068
1665270 1068
1665280 1073
1665290 1078
1665300 1078
1665310 1083
1665320 1088
1665330 1088
1665340 1093
1665350 1098
1665360 1098
1665370 1104
1665380 1109
1665390 1113
1665400 1113
1665410 1115
1665420 1112
1665430 1112
1665440 1108
1665450 1105
1665460 1105
1665470 1097
1665480 1090
1665490 1090
1665500 1082
1665510 1075
1665520 1075
1665530 1067
1665540 1058
1665550 1058
1665560 1055
1665570 1056
1665580 1056
1665590 1056
1665600 1056
1665610 1056
1665620 1057
1665630 1059
1665640 1059
1665650 1061
1665660 1063
1665670 1063
1665680 1066
1665690 1070
1665700 1070
1665710 1077
1665720 1081
1665730 1081
1665740 1083
1665750 1084
1665760 1084
1665770 1082
1665780 1075
1665790 1075
1665800 1068
1665810 1061
1665820 1055
1665830 1055
1665840 1048
1665850 1042
1665860 1042
1665870 1037
1665880 1033
1665890 1033
1665900 1029
1665910 1027
1665920 1027
1665930 1029
1665940 1029
1665950 1029
1665960 1031
1665970 1036
1665980 1036
1665990 1038
1666000 1036
1666010 1036
1666020 1036
1666030 1037
1666040 1037
1666050 1040
1666060 1043
1666070 1043
1666080 1044
1666090 1045
1666100 1045
1666110 1038
1666120 1032
1666130 1032
1666140 1028
1666150 1027
1666160 1027
1666170 1026
1666180 1027
1666190 1027
1666200 1029
1666210 1031
1666220 1035
1666230 1035
1666240 1036
1666250 1038
1666260 1038
1666270 1040
1666280 1042
1666290 1042
1666300 1044
1666310 1045
1666320 1045
1666330 1045
1666340 1042
1666350 1042
1666360 1036
1666370 1029
1666380 1029
1666390 1024
1666400 1021
1666410 1021
1666420 1015
1666430 1010
1666440 1010
1666450 1007
1666460 1003
1666470 1003
1666480 999
1666490 994
1666500 994
1666510 992
1666520 992
1666530 992
1666540 988
1666550 986
1666560 986
1666570 982
1666580 978
1666590 978
1666600 975
1666610 971
1666620 971
1666630 964
1666640 957
1666650 949
1666660 949
1666670 941
1666680 932
1666690 932
1666700 930
1666710 929
1666720 929
1666730 928
1666740 928
1666750 928
1666760 924
1666770 917
1666780 917
1666790 912
1666800 909
1666810 909
1666820 905
1666830 904
1666840 904
1666850 902
1666860 896
1666870 896
1666880 890
1666890 891
1666900 891
1666910 891
1666920 890
1666930 890
1666940 889
1666950 885
1666960 885
1666970 882
1666980 885
1666990 885
1667000 885
1667010 887
1667020 887
1667030 887
1667040 888
1667050 888
1667060 885
1667070 883
1667080 880
1667090 880
1667100 875
1667110 868
1667120 868
1667130 861
1667140 856
1667150 856
1667160 849
1667170 845
1667180 845
1667190 844
1667200 840
1667210 840
1667220 834
1667230 829
1667240 829
1667250 832
1667260 830
1667270 830
1667280 830
1667290 835
1667300 835
1667310 845
1667320 843
1667330 843
1667340 844
1667350 843
1667360 843
1667370 839
1667380 841
1667390 841
1667400 842
1667410 843
1667420 843
1667430 844
1667440 843
1667450 843
1667460 840
1667470 842
1667480 842
1667490 840
1667500 840
1667510 841
1667520 841
1667530 839
1667540 836
1667550 836
1667560 836
1667570 832
1667580 832
1667590 833
1667600 834
1667610 834
1667620 832
1667630 830
1667640 830
1667650 824
1667660 813
1667670 813
1667680 795
1667690 789
1667700 789
1667710 787
1667720 780
1667730 780
1667740 783
1667750 774
1667760 774
1667770 763
1667780 753
1667790 753
1667800 746
1667810 733
1667820 733
1667830 722
1667840 711
1667850 711
1667860 715
1667870 714
1667880 714
1667890 710
1667900 703
1667910 703
1667920 700
1667930 692
1667940 686
1667950 686
1667960 682
1667970 682
1667980 682
1667990 675
1668000 668
1668010 668
1668020 663
1668030 661
1668040 661
1668050 661
1668060 656
1668070 656
1668080 657
1668090 655
1668100 655
1668110 650
1668120 644
1668130 644
1668140 640
1668150 637
1668160 637
1668170 631
1668180 623
1668190 623
1668200 615
1668210 612
1668220 612
1668230 610
1668240 612
1668250 612
1668260 613
1668270 612
1668280 612
1668290 612
1668300 615
1668310 615
1668320 621
1668330 628
1668340 628
1668350 634
1668360 634
1668370 637
1668380 637
1668390 641
1668400 645
1668410 645
1668420 650
1668430 655
1668440 655
1668450 657
1668460 661
1668470 661
1668480 662
1668490 660
1668500 660
1668510 660
1668520 662
1668530 662
1668540 666
1668550 668
1668560 668
1668570 667
1668580 664
1668590 664
1668600 659
1668610 652
1668620 652
1668630 647
1668640 644
1668650 644
1668660 645
1668670 645
1668680 645
1668690 646
1668700 645
1668710 645
1668720 645
1668730 644
1668740 644
1668750 645
1668760 648
1668770 655
1668780 655
1668790 662
1668800 670
1668810 670
1668820 674
1668830 679
1668840 679
1668850 681
1668860 680
1668870 680
1668880 680
1668890 680
1668900 680
1668910 679
1668920 674
1668930 674
1668940 669
1668950 665
1668960 665
1668970 662
1668980 659
1668990 659
1669000 658
1669010 657
1669020 657
1669030 657
1669040 659
1669050 659
1669060 659
1669070 655
1669080 655
1669090 654
1669100 654
1669110 654
1669120 655
1669130 654
1669140 654
1669150 655
1669160 656
1669170 656
1669180 656
1669190 654
1669200 652
1669210 652
1669220 651
1669230 650
1669240 650
1669250 653
1669260 653
1669270 653
1669280 653
1669290 653
1669300 653
1669310 651
1669320 651
1669330 651
1669340 654
1669350 655
1669360 655
1669370 658
1669380 658
1669390 658
1669400 660
1669410 661
1669420 661
1669430 662
1669440 662
1669450 662
1669460 660
1669470 660
1669480 660
1669490 659
1669500 658
1669510 658
1669520 657
1669530 655
1669540 655
1669550 655
1669560 658
1669570 658
1669580 661
1669590 666
1669600 666
1669610 669
1669620 670
1669630 670
1669640 670
1669650 670
1669660 673
1669670 673
1669680 677
1669690 683
1669700 683
1669710 689
1669720 694
1669730 694
1669740 696
1669750 707
1669760 707
1669770 713
1669780 720
1669790 720
1669800 725
1669810 734
1669820 734
1669830 741
1669840 743
1669850 743
1669860 738
1669870 732
1669880 732
1669890 726
1669900 718
1669910 718
1669920 711
1669930 715
1669940 715
1669950 718
1669960 724
1669970 724
1669980 730
1669990 737
1670000 737
1670010 742
1670020 745
1670030 745
1670040 748
1670050 750
1670060 751
1670070 751
1670080 751
1670090 752
1670100 752
1670110 752
1670120 753
1670130 753
1670140 751
1670150 748
1670160 748
1670170 744
1670180 740
1670190 740
1670200 735
1670210 729
1670220 729
1670230 722
1670240 716
1670250 716
1670260 712
1670270 708
1670280 708
1670290 706
1670300 704
1670310 704
1670320 704
1670330 704
1670340 704
1670350 696
1670360 695
1670370 695
1670380 701
1670390 704
1670400 704
1670410 707
1670420 711
1670430 711
1670440 715
1670450 720
1670460 720
1670470 726
1670480 732
1670490 734
1670500 734
1670510 733
1670520 729
1670530 729
1670540 722
1670550 715
1670560 715
1670570 708
1670580 701
1670590 701
1670600 697
1670610 695
1670620 695
1670630 696
1670640 693
1670650 693
1670660 690
1670670 693
1670680 693
1670690 695
1670700 699
1670710 699
1670720 704
1670730 710
1670740 710
1670750 716
1670760 721
1670770 721
1670780 726
1670790 729
1670800 729
1670810 731
1670820 731
1670830 731
1670840 727
1670850 722
1670860 722
1670870 715
1670880 711
1670890 711
1670900 709
1670910 707
1670920 702
1670930 702
1670940 696
1670950 691
1670960 691
1670970 684
1670980 680
1670990 680
1671000 682
1671010 690
1671020 690
1671030 696
1671040 702
1671050 702
1671060 708
1671070 714
1671080 714
1671090 720
1671100 727
1671110 727
1671120 734
1671130 739
1671140 739
1671150 742
1671160 747
1671170 747
1671180 747
1671190 749
1671200 749
1671210 751
1671220 751
1671230 751
1671240 747
1671250 742
1671260 742
1671270 737
1671280 732
1671290 732
1671300 729
1671310 727
1671320 727
1671330 727
1671340 728
1671350 729
1671360 729
1671370 730
1671380 730
1671390 730
1671400 732
1671410 732
1671420 732
1671430 733
1671440 736
1671450 736
1671460 739
1671470 741
1671480 741
1671490 743
1671500 747
1671510 747
1671520 752
1671530 758
1671540 758
1671550 764
1671560 770
1671570 770
1671580 776
1671590 781
1671600 781
1671610 787
1671620 793
1671630 793
1671640 798
1671650 801
1671660 801
1671670 801
1671680 797
1671690 797
1671700 795
1671710 792
1671720 792
1671730 788
1671740 784
1671750 781
1671760 781
1671770 777
1671780 775
1671790 775
1671800 769
1671810 763
1671820 763
1671830 762
1671840 763
1671850 763
1671860 764
1671870 767
1671880 767
1671890 770
1671900 773
1671910 773
1671920 776
1671930 779
1671940 779
1671950 786
1671960 791
1671970 791
1671980 793
1671990 796
1672000 796
1672010 799
1672020 803
1672030 803
1672040 807
1672050 811
1672060 811
1672070 816
1672080 820
1672090 820
1672100 823
1672110 827
1672120 827
1672130 833
1672140 837
1672150 837
1672160 841
1672170 846
1672180 853
1672190 853
1672200 858
1672210 864
1672220 864
1672230 869
1672240 875
1672250 875
1672260 880
1672270 886
1672280 886
1672290 891
1672300 896
1672310 896
1672320 901
1672330 907
1672340 907
1672350 912
1672360 918
1672370 918
1672380 924
1672390 931
1672400 931
1672410 938
1672420 945
1672430 945
1672440 953
1672450 960
1672460 960
1672470 965
1672480 972
1672490 972
1672500 977
1672510 983
1672520 983
1672530 989
1672540 996
1672550 996
1672560 1001
1672570 1006
1672580 1006
1672590 1012
1672600 1017
1672610 1022
1672620 1022
1672630 1023
1672640 1019
1672650 1019
1672660 1015
1672670 1010
1672680 1010
1672690 1006
1672700 1001
1672710 1001
1672720 995
1672730 989
1672740 989
1672750 982
1672760 975
1672770 975
1672780 974
1672790 968
1672800 968
1672810 964
1672820 960
1672830 960
1672840 956
1672850 951
1672860 951
1672870 945
1672880 940
1672890 940
1672900 936
1672910 932
1672920 932
1672930 928
1672940 925
1672950 925
1672960 923
1672970 919
1672980 919
1672990 915
1673000 912
1673010 912
1673020 910
1673030 908
1673040 906
1673050 906
1673060 904
1673070 903
1673080 903
1673090 902
1673100 899
1673110 899
1673120 899
1673130 898
1673140 898
1673150 895
1673160 894
1673170 894
1673180 892
1673190 890
1673200 890
1673210 887
1673220 884
1673230 884
1673240 883
1673250 879
1673260 879
1673270 877
1673280 873
1673290 873
1673300 870
1673310 867
1673320 867
1673330 863
1673340 860
1673350 860
1673360 856
1673370 852
1673380 852
1673390 848
1673400 843
1673410 843
1673420 838
1673430 834
1673440 834
1673450 830
1673460 825
1673470 821
1673480 821
1673490 818
1673500 814
1673510 814
1673520 812
1673530 809
1673540 809
1673550 807
1673560 804
1673570 804
1673580 802
1673590 799
1673600 799
1673610 797
1673620 795
1673630 795
1673640 794
1673650 792
1673660 792
1673670 791
1673680 790
1673690 790
1673700 788
1673710 787
1673720 787
1673730 786
1673740 784
1673750 784
1673760 783
1673770 782
1673780 782
1673790 781
1673800 780
1673810 780
1673820 777
1673830 774
1673840 774
1673850 771
1673860 769
1673870 769
1673880 765
1673890 761
1673900 758
1673910 758
1673920 755
1673930 753
1673940 753
1673950 750
1673960 746
1673970 746
1673980 742
1673990 738
1674000 738
1674010 734
1674020 731
1674030 731
1674040 727
1674050 723
1674060 723
1674070 719
1674080 715
1674090 715
1674100 712
1674110 709
1674120 709
1674130 705
1674140 701
1674150 701
1674160 697
1674170 693
1674180 693
1674190 688
1674200 684
1674210 684
1674220 679
1674230 675
1674240 675
1674250 671
1674260 667
1674270 667
1674280 662
1674290 657
1674300 652
1674310 652
1674320 647
1674330 638
1674340 638
1674350 631
1674360 624
1674370 624
1674380 622
1674390 622
1674400 622
1674410 620
1674420 620
1674430 620
1674440 620
1674450 620
1674460 620
1674470 618
1674480 618
1674490 618
1674500 618
1674510 618
1674520 618
1674530 620
1674540 620
1674550 620
1674560 620
1674570 621
1674580 621
1674590 620
1674600 621
1674610 621
1674620 620
1674630 620
1674640 620
1674650 620
1674660 620
1674670 620
1674680 620
1674690 620
1674700 620
1674710 621
1674720 623
1674730 626
1674740 626
1674750 629
1674760 632
1674770 632
1674780 633
1674790 633
1674800 633
1674810 633
1674820 632
1674830 632
1674840 629
1674850 628
1674860 628
1674870 627
1674880 627
1674890 627
1674900 622
1674910 621
1674920 621
1674930 622
1674940 622
1674950 622
1674960 624
1674970 626
1674980 626
1674990 627
1675000 628
1675010 628
1675020 627
1675030 629
1675040 629
1675050 630
1675060 629
1675070 629
1675080 629
1675090 631
1675100 631
1675110 632
1675120 631
1675130 631
1675140 632
1675150 632
1675160 632
1675170 632
1675180 631
1675190 629
1675200 629
1675210 627
1675220 626
1675230 626
1675240 627
1675250 627
1675260 627
1675270 624
1675280 624
1675290 624
1675300 624
1675310 625
1675320 625
1675330 624
1675340 624
1675350 624
1675360 624
1675370 624
1675380 624
1675390 623
1675400 623
1675410 623
1675420 624
1675430 623
1675440 623
1675450 625
1675460 624
1675470 624
1675480 624
1675490 624
1675500 624
1675510 624
1675520 624
1675530 624
1675540 625
1675550 625
1675560 625
1675570 625
1675580 625
1675590 625
1675600 625
1675610 625
1675620 625
1675630 625
1675640 625
1675650 625
1675660 625
1675670 625
1675680 625
1675690 625
1675700 625
1675710 625
1675720 625
1675730 623
1675740 623
1675750 623
1675760 623
1675770 621
1675780 621
1675790 622
1675800 623
1675810 623
1675820 623
1675830 623
1675840 623
1675850 623
1675860 623
1675870 623
1675880 622
1675890 622
1675900 622
1675910 621
1675920 621
1675930 621
1675940 621
1675950 621
1675960 621
1675970 621
1675980 623
1675990 623
1676000 626
1676010 626
1676020 626
1676030 626
1676040 625
1676050 627
1676060 627
1676070 630
1676080 632
1676090 632
1676100 632
1676110 632
1676120 632
1676130 635
1676140 638
1676150 638
1676160 633
1676170 633
1676180 633
1676190 633
1676200 633
1676210 633
1676220 629
1676230 630
1676240 630
1676250 634
1676260 635
1676270 635
1676280 633
1676290 629
1676300 629
1676310 628
1676320 627
1676330 627
1676340 627
1676350 626
1676360 626
1676370 625
1676380 625
1676390 625
1676400 625
1676410 625
1676420 625
1676430 625
1676440 625
1676450 625
1676460 625
1676470 625
1676480 625
1676490 625
1676500 626
1676510 625
1676520 625
1676530 626
1676540 627
1676550 627
1676560 628
1676570 628
1676580 628
1676590 628
1676600 628
1676610 628
1676620 629
1676630 630
1676640 630
1676650 630
1676660 631
1676670 631
1676680 631
1676690 632
1676700 632
1676710 632
1676720 632
1676730 632
1676740 636
1676750 639
1676760 639
1676770 633
1676780 633
1676790 633
1676800 633
1676810 633
1676820 633
1676830 634
1676840 637
1676850 636
1676860 636
1676870 635
1676880 634
1676890 634
1676900 633
1676910 632
1676920 632
1676930 632
1676940 633
1676950 633
1676960 635
1676970 636
1676980 636
1676990 637
1677000 639
1677010 639
1677020 642
1677030 644
1677040 644
1677050 644
1677060 645
1677070 645
1677080 644
1677090 646
1677100 646
1677110 647
1677120 646
1677130 646
1677140 645
1677150 643
1677160 643
1677170 641
1677180 638
1677190 638
1677200 636
1677210 634
1677220 634
1677230 633
1677240 632
1677250 632
1677260 632
1677270 632
1677280 632
1677290 632
1677300 634
1677310 635
1677320 635
1677330 635
1677340 634
1677350 634
1677360 632
1677370 631
1677380 631
1677390 635
1677400 639
1677410 639
1677420 644
1677430 645
1677440 645
1677450 646
1677460 650
1677470 650
1677480 653
1677490 654
1677500 654
1677510 654
1677520 652
1677530 652
1677540 650
1677550 650
1677560 650
1677570 652
1677580 658
1677590 658
1677600 656
1677610 655
1677620 655
1677630 654
1677640 654
1677650 654
1677660 652
1677670 651
1677680 651
1677690 650
1677700 652
1677710 652
1677720 652
1677730 655
1677740 658
1677750 658
1677760 661
1677770 663
1677780 663
1677790 662
1677800 664
1677810 664
1677820 665
1677830 664
1677840 664
1677850 663
1677860 662
1677870 662
1677880 661
1677890 661
1677900 661
1677910 665
1677920 681
1677930 681
1677940 683
1677950 673
1677960 673
1677970 665
1677980 650
1677990 650
1678000 653
1678010 655
1678020 655
1678030 661
1678040 649
1678050 649
1678060 639
1678070 633
1678080 633
1678090 630
1678100 630
1678110 630
1678120 630
1678130 630
1678140 630
1678150 630
1678160 630
1678170 631
1678180 631
1678190 631
1678200 631
1678210 631
1678220 631
1678230 631
1678240 631
1678250 631
1678260 631
1678270 631
1678280 631
1678290 631
1678300 631
1678310 630
1678320 626
1678330 626
1678340 626
1678350 626
1678360 626
1678370 626
1678380 626
1678390 626
1678400 627
1678410 629
1678420 629
1678430 630
1678440 630
1678450 630
1678460 630
1678470 630
1678480 630
1678490 630
1678500 630
1678510 630
1678520 631
1678530 635
1678540 635
1678550 640
1678560 644
1678570 647
1678580 647
1678590 651
1678600 656
1678610 656
1678620 662
1678630 667
1678640 667
1678650 673
1678660 679
1678670 679
1678680 686
1678690 693
1678700 693
1678710 701
1678720 708
1678730 708
1678740 716
1678750 725
1678760 725
1678770 746
1678780 752
1678790 752
1678800 760
1678810 767
1678820 767
1678830 774
1678840 781
1678850 781
1678860 787
1678870 793
1678880 793
1678890 800
1678900 805
1678910 805
1678920 809
1678930 811
1678940 811
1678950 812
1678960 812
1678970 812
1678980 811
1678990 809
1679000 807
1679010 807
1679020 808
1679030 809
1679040 809
1679050 814
1679060 818
1679070 818
1679080 819
1679090 820
1679100 820
1679110 825
1679120 827
1679130 827
1679140 829
1679150 829
1679160 829
1679170 831
1679180 835
1679190 835
1679200 846
1679210 844
1679220 844
1679230 842
1679240 840
1679250 840
1679260 839
1679270 838
1679280 838
1679290 835
1679300 832
1679310 832
1679320 827
1679330 821
1679340 821
1679350 816
1679360 811
1679370 811
1679380 806
1679390 802
1679400 802
1679410 799
1679420 796
1679430 795
1679440 795
1679450 794
1679460 794
1679470 794
1679480 794
1679490 795
1679500 795
1679510 797
1679520 802
1679530 802
1679540 810
1679550 818
1679560 818
1679570 827
1679580 837
1679590 837
1679600 845
1679610 856
1679620 856
1679630 866
1679640 875
1679650 875
1679660 878
1679670 879
1679680 879
1679690 884
1679700 892
1679710 892
1679720 899
1679730 904
1679740 904
1679750 911
1679760 917
1679770 917
1679780 922
1679790 927
1679800 927
1679810 932
1679820 937
1679830 941
1679840 941
1679850 947
1679860 955
1679870 955
1679880 962
1679890 984
1679900 984
1679910 994
1679920 994
1679930 994
1679940 995
1679950 993
1679960 993
1679970 994
1679980 997
1679990 997
