1660000 1106
1660010 1101
1660020 1101
1660030 1098
1660040 1097
1660050 1097
1660060 1098
1660070 1098
1660080 1098
1660090 1099
1660100 1099
1660110 1099
1660120 1099
1660130 1099
1660140 1100
1660150 1100
1660160 1101
1660170 1100
1660180 1100
1660190 1101
1660200 1103
1660210 1103
1660220 1103
1660230 1108
1660240 1108
1660250 1113
1660260 1120
1660270 1120
1660280 1165
1660290 1200
1660300 1200
1660310 1236
1660320 1256
1660330 1256
1660340 1275
1660350 1287
1660360 1287
1660370 1291
1660380 1285
1660390 1285
1660400 1278
1660410 1266
1660420 1266
1660430 1259
1660440 1256
1660450 1256
1660460 1252
1660470 1241
1660480 1241
1660490 1230
1660500 1210
1660510 1210
1660520 1199
1660530 1182
1660540 1182
1660550 1170
1660560 1164
1660570 1156
1660580 1156
1660590 1152
1660600 1140
1660610 1140
1660620 1135
1660630 1108
1660640 1108
1660650 1099
1660660 1092
1660670 1092
1660680 1085
1660690 1077
1660700 1077
1660710 1068
1660720 1059
1660730 1059
1660740 1049
1660750 1040
1660760 1040
1660770 1034
1660780 1026
1660790 1026
1660800 1019
1660810 1013
1660820 1013
1660830 1006
1660840 1000
1660850 1000
1660860 995
1660870 990
1660880 990
1660890 984
1660900 978
1660910 978
1660920 970
1660930 965
1660940 965
1660950 961
1660960 958
1660970 958
1660980 954
1660990 951
1661000 950
1661010 950
1661020 948
1661030 947
1661040 947
1661050 945
1661060 943
1661070 943
1661080 939
1661090 935
1661100 935
1661110 932
1661120 928
1661130 928
1661140 925
1661150 924
1661160 924
1661170 920
1661180 918
1661190 918
1661200 916
1661210 914
1661220 914
1661230 912
1661240 910
1661250 910
1661260 907
1661270 907
1661280 907
1661290 907
1661300 906
1661310 906
1661320 905
1661330 904
1661340 904
1661350 901
1661360 900
1661370 900
1661380 899
1661390 898
1661400 898
1661410 896
1661420 894
1661430 892
1661440 892
1661450 889
1661460 887
1661470 887
1661480 884
1661490 881
1661500 881
1661510 879
1661520 877
1661530 877
1661540 875
1661550 876
1661560 876
1661570 875
1661580 873
1661590 873
1661600 871
1661610 870
1661620 870
1661630 868
1661640 861
1661650 861
1661660 857
1661670 855
1661680 855
1661690 853
1661700 849
1661710 849
1661720 846
1661730 844
1661740 844
1661750 843
1661760 842
1661770 842
1661780 840
1661790 839
1661800 839
1661810 838
1661820 835
1661830 835
1661840 834
1661850 833
1661860 831
1661870 831
1661880 826
1661890 824
1661900 824
1661910 823
1661920 823
1661930 823
1661940 822
1661950 822
1661960 822
1661970 822
1661980 818
1661990 818
1662000 810
1662010 804
1662020 804
1662030 807
1662040 813
1662050 813
1662060 818
1662070 822
1662080 822
1662090 826
1662100 831
1662110 831
1662120 835
1662130 839
1662140 839
1662150 843
1662160 848
1662170 848
1662180 852
1662190 857
1662200 857
1662210 860
1662220 863
1662230 863
1662240 868
1662250 874
1662260 874
1662270 878
1662280 881
1662290 884
1662300 884
1662310 885
1662320 886
1662330 886
1662340 886
1662350 886
1662360 886
1662370 886
1662380 888
1662390 888
1662400 890
1662410 892
1662420 892
1662430 896
1662440 900
1662450 900
1662460 903
1662470 907
1662480 907
1662490 912
1662500 916
1662510 916
1662520 921
1662530 927
1662540 927
1662550 932
1662560 935
1662570 935
1662580 938
1662590 939
1662600 939
1662610 941
1662620 947
1662630 947
1662640 947
1662650 950
1662660 950
1662670 958
1662680 961
1662690 961
1662700 964
1662710 967
1662720 970
1662730 970
1662740 972
1662750 975
1662760 975
1662770 976
1662780 978
1662790 978
1662800 980
1662810 981
1662820 981
1662830 982
1662840 982
1662850 982
1662860 984
1662870 986
1662880 986
1662890 988
1662900 990
1662910 990
1662920 992
1662930 993
1662940 993
1662950 995
1662960 995
1662970 995
1662980 997
1662990 997
1663000 997
1663010 999
1663020 1001
1663030 1001
1663040 1004
1663050 1006
1663060 1006
1663070 1009
1663080 1011
1663090 1011
1663100 1013
1663110 1016
1663120 1016
1663130 1019
1663140 1022
1663150 1024
1663160 1024
1663170 1027
1663180 1027
1663190 1027
1663200 1027
1663210 1029
1663220 1029
1663230 1032
1663240 1034
1663250 1034
1663260 1035
1663270 1035
1663280 1035
1663290 1033
1663300 1033
1663310 1033
1663320 1032
1663330 1032
1663340 1032
1663350 1031
1663360 1030
1663370 1030
1663380 1028
1663390 1021
1663400 1021
1663410 965
1663420 937
1663430 937
1663440 907
1663450 885
1663460 885
1663470 864
1663480 849
1663490 849
1663500 848
1663510 859
1663520 859
1663530 861
1663540 859
1663550 859
1663560 869
1663570 883
1663580 876
1663590 876
1663600 870
1663610 863
1663620 863
1663630 852
1663640 838
1663650 838
1663660 825
1663670 817
1663680 817
1663690 809
1663700 798
1663710 798
1663720 799
1663730 798
1663740 798
1663750 818
1663760 833
1663770 833
1663780 834
1663790 831
1663800 831
1663810 823
1663820 816
1663830 816
1663840 812
1663850 815
1663860 815
1663870 825
1663880 834
1663890 834
1663900 839
1663910 858
1663920 858
1663930 840
1663940 834
1663950 834
1663960 831
1663970 826
1663980 826
1663990 823
1664000 821
1664010 823
1664020 823
1664030 823
1664040 818
1664050 818
1664060 813
1664070 808
1664080 808
1664090 807
1664100 806
1664110 806
1664120 803
1664130 792
1664140 792
1664150 782
1664160 773
1664170 773
1664180 765
1664190 758
1664200 758
1664210 751
1664220 744
1664230 744
1664240 736
1664250 729
1664260 729
1664270 722
1664280 715
1664290 715
1664300 708
1664310 699
1664320 699
1664330 690
1664340 664
1664350 664
1664360 657
1664370 646
1664380 646
1664390 659
1664400 653
1664410 653
1664420 640
1664430 636
1664440 624
1664450 624
1664460 622
1664470 625
1664480 625
1664490 630
1664500 635
1664510 635
1664520 641
1664530 644
1664540 644
1664550 652
1664560 652
1664570 652
1664580 656
1664590 660
1664600 660
1664610 663
1664620 666
1664630 666
1664640 668
1664650 666
1664660 666
1664670 663
1664680 671
1664690 671
1664700 679
1664710 684
1664720 684
1664730 685
1664740 690
1664750 690
1664760 696
1664770 704
1664780 704
1664790 713
1664800 714
1664810 714
1664820 719
1664830 724
1664840 724
1664850 725
1664860 729
1664870 736
1664880 736
1664890 744
1664900 749
1664910 749
1664920 754
1664930 760
1664940 760
1664950 765
1664960 770
1664970 770
1664980 774
1664990 778
1665000 778
1665010 782
1665020 785
1665030 785
1665040 788
1665050 787
1665060 787
1665070 781
1665080 774
1665090 774
1665100 766
1665110 758
1665120 758
1665130 749
1665140 743
1665150 743
1665160 738
1665170 731
1665180 731
1665190 719
1665200 710
1665210 710
1665220 700
1665230 689
1665240 689
1665250 679
1665260 681
1665270 681
1665280 682
1665290 692
1665300 701
1665310 701
1665320 705
1665330 700
1665340 700
1665350 700
1665360 702
1665370 702
1665380 700
1665390 698
1665400 698
1665410 697
1665420 695
1665430 695
1665440 694
1665450 693
1665460 693
1665470 693
1665480 694
1665490 694
1665500 694
1665510 693
1665520 693
1665530 694
1665540 693
1665550 693
1665560 690
1665570 690
1665580 690
1665590 689
1665600 689
1665610 689
1665620 686
1665630 680
1665640 680
1665650 677
1665660 679
1665670 679
1665680 681
1665690 682
1665700 682
1665710 681
1665720 681
1665730 681
1665740 681
1665750 671
1665760 677
1665770 677
1665780 682
1665790 685
1665800 685
1665810 685
1665820 685
1665830 685
1665840 684
1665850 682
1665860 682
1665870 682
1665880 681
1665890 681
1665900 679
1665910 682
1665920 682
1665930 683
1665940 685
1665950 685
1665960 685
1665970 683
1665980 683
1665990 683
1666000 684
1666010 684
1666020 686
1666030 688
1666040 688
1666050 692
1666060 697
1666070 697
1666080 702
1666090 707
1666100 707
1666110 712
1666120 719
1666130 719
1666140 729
1666150 739
1666160 739
1666170 739
1666180 728
1666190 713
1666200 713
1666210 706
1666220 702
1666230 702
1666240 694
1666250 682
1666260 682
1666270 671
1666280 664
1666290 664
1666300 658
1666310 653
1666320 653
1666330 649
1666340 647
1666350 647
1666360 641
1666370 639
1666380 639
1666390 638
1666400 644
1666410 644
1666420 651
1666430 662
1666440 662
1666450 682
1666460 688
1666470 688
1666480 685
1666490 681
1666500 681
1666510 679
1666520 684
1666530 684
1666540 704
1666550 714
1666560 714
1666570 717
1666580 716
1666590 716
1666600 713
1666610 709
1666620 703
1666630 703
1666640 696
1666650 688
1666660 688
1666670 675
1666680 668
1666690 668
1666700 673
1666710 682
1666720 682
1666730 686
1666740 687
1666750 687
1666760 688
1666770 688
1666780 688
1666790 687
1666800 686
1666810 686
1666820 685
1666830 683
1666840 683
1666850 679
1666860 667
1666870 667
1666880 657
1666890 647
1666900 647
1666910 642
1666920 646
1666930 646
1666940 646
1666950 638
1666960 638
1666970 639
1666980 638
1666990 638
1667000 637
1667010 637
1667020 637
1667030 640
1667040 640
1667050 631
1667060 631
1667070 625
1667080 619
1667090 619
1667100 610
1667110 603
1667120 603
1667130 596
1667140 591
1667150 591
1667160 588
1667170 586
1667180 586
1667190 586
1667200 587
1667210 587
1667220 587
1667230 587
1667240 587
1667250 582
1667260 578
1667270 578
1667280 578
1667290 578
1667300 578
1667310 578
1667320 580
1667330 580
1667340 583
1667350 589
1667360 589
1667370 594
1667380 596
1667390 596
1667400 596
1667410 596
1667420 596
1667430 596
1667440 596
1667450 596
1667460 596
1667470 596
1667480 596
1667490 596
1667500 596
1667510 596
1667520 596
1667530 596
1667540 596
1667550 596
1667560 596
1667570 596
1667580 596
1667590 596
1667600 598
1667610 598
1667620 603
1667630 611
1667640 611
1667650 616
1667660 621
1667670 621
1667680 626
1667690 625
1667700 625
1667710 628
1667720 632
1667730 632
1667740 636
1667750 642
1667760 642
1667770 646
1667780 651
1667790 651
1667800 657
1667810 653
1667820 653
1667830 646
1667840 640
1667850 640
1667860 637
1667870 634
1667880 634
1667890 629
1667900 627
1667910 625
1667920 625
1667930 623
1667940 621
1667950 621
1667960 620
1667970 619
1667980 619
1667990 623
1668000 636
1668010 636
1668020 643
1668030 646
1668040 646
1668050 649
1668060 652
1668070 652
1668080 654
1668090 656
1668100 656
1668110 654
1668120 654
1668130 654
1668140 646
1668150 644
1668160 644
1668170 643
1668180 632
1668190 632
1668200 632
1668210 636
1668220 636
1668230 637
1668240 634
1668250 634
1668260 632
1668270 628
1668280 628
1668290 628
1668300 621
1668310 621
1668320 612
1668330 599
1668340 591
1668350 591
1668360 592
1668370 589
1668380 589
1668390 590
1668400 594
1668410 594
1668420 596
1668430 600
1668440 600
1668450 605
1668460 612
1668470 612
1668480 613
1668490 607
1668500 607
1668510 606
1668520 607
1668530 607
1668540 607
1668550 606
1668560 606
1668570 606
1668580 607
1668590 607
1668600 610
1668610 613
1668620 613
1668630 618
1668640 624
1668650 624
1668660 629
1668670 635
1668680 635
1668690 641
1668700 647
1668710 647
1668720 654
1668730 660
1668740 660
1668750 668
1668760 675
1668770 682
1668780 682
1668790 699
1668800 701
1668810 701
1668820 706
1668830 711
1668840 711
1668850 711
1668860 724
1668870 724
1668880 733
1668890 730
1668900 730
1668910 725
1668920 724
1668930 724
1668940 722
1668950 723
1668960 723
1668970 719
1668980 724
1668990 724
1669000 733
1669010 741
1669020 741
1669030 749
1669040 756
1669050 756
1669060 760
1669070 764
1669080 764
1669090 774
1669100 782
1669110 782
1669120 789
1669130 795
1669140 795
1669150 800
1669160 801
1669170 801
1669180 801
1669190 802
1669200 804
1669210 804
1669220 797
1669230 790
1669240 790
1669250 793
1669260 788
1669270 788
1669280 784
1669290 792
1669300 792
1669310 798
1669320 791
1669330 791
1669340 792
1669350 801
1669360 801
1669370 804
1669380 812
1669390 812
1669400 816
1669410 811
1669420 811
1669430 807
1669440 803
1669450 803
1669460 802
1669470 806
1669480 806
1669490 809
1669500 809
1669510 809
1669520 810
1669530 808
1669540 808
1669550 805
1669560 797
1669570 797
1669580 789
1669590 781
1669600 781
1669610 770
1669620 762
1669630 753
1669640 753
1669650 744
1669660 741
1669670 741
1669680 743
1669690 746
1669700 746
1669710 749
1669720 751
1669730 751
1669740 751
1669750 750
1669760 750
1669770 747
1669780 740
1669790 740
1669800 729
1669810 727
1669820 727
1669830 733
1669840 737
1669850 737
1669860 740
1669870 744
1669880 744
1669890 746
1669900 746
1669910 746
1669920 743
1669930 740
1669940 740
1669950 736
1669960 732
1669970 732
1669980 727
1669990 722
1670000 722
1670010 716
1670020 716
1670030 716
1670040 721
1670050 722
1670060 728
1670070 728
1670080 733
1670090 732
1670100 732
1670110 730
1670120 725
1670130 725
1670140 720
1670150 714
1670160 714
1670170 707
1670180 701
1670190 701
1670200 696
1670210 692
1670220 692
1670230 685
1670240 681
1670250 681
1670260 677
1670270 667
1670280 667
1670290 673
1670300 667
1670310 667
1670320 664
1670330 669
1670340 669
1670350 675
1670360 678
1670370 678
1670380 688
1670390 694
1670400 694
1670410 699
1670420 705
1670430 705
1670440 711
1670450 718
1670460 718
1670470 724
1670480 732
1670490 737
1670500 737
1670510 743
1670520 747
1670530 747
1670540 756
1670550 764
1670560 764
1670570 771
1670580 776
1670590 776
1670600 781
1670610 785
1670620 785
1670630 790
1670640 794
1670650 794
1670660 798
1670670 803
1670680 803
1670690 807
1670700 808
1670710 808
1670720 810
1670730 815
1670740 815
1670750 821
1670760 827
1670770 827
1670780 832
1670790 837
1670800 837
1670810 843
1670820 849
1670830 849
1670840 855
1670850 861
1670860 861
1670870 866
1670880 868
1670890 868
1670900 867
1670910 868
1670920 868
1670930 868
1670940 868
1670950 868
1670960 868
1670970 869
1670980 870
1670990 870
1671000 870
1671010 872
1671020 872
1671030 874
1671040 874
1671050 874
1671060 874
1671070 871
1671080 871
1671090 869
1671100 865
1671110 865
1671120 861
1671130 857
1671140 857
1671150 852
1671160 843
1671170 843
1671180 835
1671190 832
1671200 832
1671210 835
1671220 839
1671230 839
1671240 838
1671250 842
1671260 842
1671270 842
1671280 843
1671290 843
1671300 843
1671310 841
1671320 841
1671330 840
1671340 839
1671350 836
1671360 836
1671370 831
1671380 828
1671390 828
1671400 823
1671410 820
1671420 820
1671430 818
1671440 814
1671450 814
1671460 812
1671470 809
1671480 809
1671490 805
1671500 801
1671510 801
1671520 797
1671530 792
1671540 792
1671550 784
1671560 777
1671570 777
1671580 773
1671590 769
1671600 769
1671610 767
1671620 766
1671630 766
1671640 762
1671650 760
1671660 760
1671670 757
1671680 752
1671690 752
1671700 747
1671710 742
1671720 742
1671730 737
1671740 733
1671750 733
1671760 730
1671770 726
1671780 725
1671790 725
1671800 724
1671810 719
1671820 719
1671830 713
1671840 705
1671850 705
1671860 698
1671870 691
1671880 691
1671890 683
1671900 676
1671910 676
1671920 670
1671930 663
1671940 663
1671950 655
1671960 648
1671970 648
1671980 641
1671990 633
1672000 633
1672010 626
1672020 617
1672030 617
1672040 611
1672050 611
1672060 611
1672070 611
1672080 611
1672090 611
1672100 613
1672110 613
1672120 613
1672130 613
1672140 615
1672150 615
1672160 615
1672170 615
1672180 615
1672190 616
1672200 615
1672210 615
1672220 615
1672230 616
1672240 618
1672250 618
1672260 617
1672270 618
1672280 618
1672290 618
1672300 618
1672310 618
1672320 618
1672330 617
1672340 617
1672350 617
1672360 618
1672370 618
1672380 618
1672390 618
1672400 618
1672410 618
1672420 618
1672430 618
1672440 618
1672450 617
1672460 617
1672470 618
1672480 618
1672490 618
1672500 618
1672510 618
1672520 618
1672530 618
1672540 618
1672550 618
1672560 618
1672570 617
1672580 617
1672590 616
1672600 616
1672610 616
1672620 616
1672630 614
1672640 614
1672650 614
1672660 614
1672670 614
1672680 614
1672690 615
1672700 618
1672710 618
1672720 618
1672730 618
1672740 618
1672750 619
1672760 619
1672770 619
1672780 619
1672790 619
1672800 619
1672810 620
1672820 620
1672830 620
1672840 619
1672850 619
1672860 619
1672870 619
1672880 619
1672890 619
1672900 619
1672910 622
1672920 622
1672930 628
1672940 634
1672950 634
1672960 642
1672970 647
1672980 647
1672990 652
1673000 665
1673010 665
1673020 654
1673030 652
1673040 652
1673050 656
1673060 666
1673070 672
1673080 672
1673090 672
1673100 675
1673110 675
1673120 679
1673130 682
1673140 682
1673150 690
1673160 703
1673170 703
1673180 724
1673190 741
1673200 741
1673210 749
1673220 766
1673230 766
1673240 776
1673250 784
1673260 784
1673270 791
1673280 798
1673290 798
1673300 804
1673310 808
1673320 808
1673330 811
1673340 811
1673350 811
1673360 806
1673370 799
1673380 799
1673390 790
1673400 780
1673410 780
1673420 772
1673430 765
1673440 765
1673450 757
1673460 747
1673470 747
1673480 738
1673490 731
1673500 731
1673510 721
1673520 715
1673530 714
1673540 714
1673550 713
1673560 713
1673570 713
1673580 713
1673590 713
1673600 713
1673610 713
1673620 713
1673630 713
1673640 717
1673650 724
1673660 724
1673670 734
1673680 754
1673690 754
1673700 758
1673710 761
1673720 761
1673730 767
1673740 771
1673750 771
1673760 775
1673770 777
1673780 777
1673790 783
1673800 789
1673810 789
1673820 794
1673830 800
1673840 800
1673850 806
1673860 812
1673870 812
1673880 820
1673890 827
1673900 827
1673910 834
1673920 840
1673930 840
1673940 847
1673950 853
1673960 857
1673970 857
1673980 862
1673990 863
1674000 863
1674010 848
1674020 840
1674030 840
1674040 834
1674050 828
1674060 828
1674070 824
1674080 820
1674090 820
1674100 816
1674110 811
1674120 811
1674130 807
1674140 805
1674150 805
1674160 799
1674170 792
1674180 792
1674190 790
1674200 800
1674210 800
1674220 807
1674230 815
1674240 815
1674250 821
1674260 829
1674270 829
1674280 842
1674290 844
1674300 844
1674310 844
1674320 842
1674330 842
1674340 841
1674350 841
1674360 841
1674370 844
1674380 847
1674390 846
1674400 846
1674410 840
1674420 835
1674430 835
1674440 837
1674450 843
1674460 843
1674470 850
1674480 858
1674490 858
1674500 868
1674510 874
1674520 874
1674530 882
1674540 891
1674550 891
1674560 891
1674570 891
1674580 891
1674590 893
1674600 893
1674610 893
1674620 895
1674630 898
1674640 898
1674650 902
1674660 906
1674670 906
1674680 912
1674690 917
1674700 917
1674710 918
1674720 921
1674730 921
1674740 929
1674750 937
1674760 937
1674770 945
1674780 955
1674790 955
1674800 964
1674810 972
1674820 978
1674830 978
1674840 985
1674850 991
1674860 991
1674870 997
1674880 1002
1674890 1002
1674900 1007
1674910 1013
1674920 1013
1674930 1018
1674940 1023
1674950 1023
1674960 1028
1674970 1035
1674980 1035
1674990 1041
1675000 1048
1675010 1048
1675020 1055
1675030 1062
1675040 1062
1675050 1069
1675060 1076
1675070 1076
1675080 1083
1675090 1090
1675100 1090
1675110 1098
1675120 1106
1675130 1106
1675140 1115
1675150 1123
1675160 1123
1675170 1131
1675180 1139
1675190 1139
1675200 1149
1675210 1161
1675220 1161
1675230 1166
1675240 1173
1675250 1175
1675260 1175
1675270 1171
1675280 1165
1675290 1165
1675300 1158
1675310 1151
1675320 1151
1675330 1144
1675340 1139
1675350 1139
1675360 1135
1675370 1130
1675380 1130
1675390 1127
1675400 1122
1675410 1122
1675420 1118
1675430 1115
1675440 1115
1675450 1113
1675460 1111
1675470 1111
1675480 1109
1675490 1107
1675500 1107
1675510 1105
1675520 1103
1675530 1103
1675540 1103
1675550 1102
1675560 1102
1675570 1101
1675580 1097
1675590 1097
1675600 1095
1675610 1093
1675620 1093
1675630 1091
1675640 1092
1675650 1092
1675660 1093
1675670 1095
1675680 1099
1675690 1099
1675700 1107
1675710 1116
1675720 1116
1675730 1123
1675740 1129
1675750 1129
1675760 1136
1675770 1145
1675780 1145
1675790 1154
1675800 1155
1675810 1155
1675820 1155
1675830 1155
1675840 1155
1675850 1154
1675860 1153
1675870 1153
1675880 1153
1675890 1153
1675900 1153
1675910 1155
1675920 1157
1675930 1157
1675940 1160
1675950 1162
1675960 1162
1675970 1165
1675980 1168
1675990 1168
1676000 1172
1676010 1176
1676020 1176
1676030 1183
1676040 1190
1676050 1190
1676060 1197
1676070 1201
1676080 1201
1676090 1208
1676100 1217
1676110 1223
1676120 1223
1676130 1227
1676140 1226
1676150 1226
1676160 1223
1676170 1220
1676180 1220
1676190 1217
1676200 1213
1676210 1213
1676220 1207
1676230 1201
1676240 1201
1676250 1195
1676260 1188
1676270 1188
1676280 1181
1676290 1175
1676300 1175
1676310 1168
1676320 1162
1676330 1162
1676340 1158
1676350 1151
1676360 1151
1676370 1145
1676380 1139
1676390 1139
1676400 1134
1676410 1130
1676420 1130
1676430 1125
1676440 1122
1676450 1122
1676460 1119
1676470 1116
1676480 1116
1676490 1113
1676500 1111
1676510 1111
1676520 1109
1676530 1107
1676540 1106
1676550 1106
1676560 1106
1676570 1107
1676580 1107
1676590 1107
1676600 1105
1676610 1105
1676620 1103
1676630 1101
1676640 1101
1676650 1097
1676660 1093
1676670 1093
1676680 1088
1676690 1082
1676700 1082
1676710 1077
1676720 1073
1676730 1073
1676740 1069
1676750 1065
1676760 1065
1676770 1053
1676780 1046
1676790 1046
1676800 1040
1676810 1038
1676820 1038
1676830 1036
1676840 1036
1676850 1036
1676860 1041
1676870 1041
1676880 1041
1676890 1038
1676900 1043
1676910 1043
1676920 1044
1676930 1042
1676940 1042
1676950 1038
1676960 1034
1676970 1030
1676980 1030
1676990 1028
1677000 1024
1677010 1024
1677020 1029
1677030 1046
1677040 1046
1677050 1053
1677060 1065
1677070 1065
1677080 1080
1677090 1084
1677100 1084
1677110 1088
1677120 1100
1677130 1100
1677140 1110
1677150 1117
1677160 1117
1677170 1124
1677180 1132
1677190 1132
1677200 1148
1677210 1159
1677220 1159
1677230 1170
1677240 1178
1677250 1178
1677260 1178
1677270 1178
1677280 1178
1677290 1178
1677300 1177
1677310 1177
1677320 1176
1677330 1174
1677340 1174
1677350 1171
1677360 1166
1677370 1166
1677380 1163
1677390 1158
1677400 1154
1677410 1154
1677420 1149
1677430 1145
1677440 1145
1677450 1140
1677460 1136
1677470 1136
1677480 1132
1677490 1128
1677500 1128
1677510 1124
1677520 1120
1677530 1120
1677540 1118
1677550 1114
1677560 1114
1677570 1106
1677580 1101
1677590 1101
1677600 1097
1677610 1091
1677620 1091
1677630 1087
1677640 1080
1677650 1080
1677660 1076
1677670 1074
1677680 1074
1677690 1071
1677700 1067
1677710 1067
1677720 1063
1677730 1059
1677740 1059
1677750 1054
1677760 1049
1677770 1049
1677780 1044
1677790 1040
1677800 1040
1677810 1036
1677820 1032
1677830 1029
1677840 1029
1677850 1025
1677860 1022
1677870 1022
1677880 1019
1677890 1017
1677900 1017
1677910 1016
1677920 1017
1677930 1017
1677940 1020
1677950 1024
1677960 1024
1677970 1028
1677980 1033
1677990 1033
1678000 1043
1678010 1050
1678020 1050
1678030 1055
1678040 1062
1678050 1062
1678060 1070
1678070 1070
1678080 1070
1678090 1070
1678100 1069
1678110 1069
1678120 1067
1678130 1064
1678140 1064
1678150 1061
1678160 1057
1678170 1057
1678180 1053
1678190 1048
1678200 1048
1678210 1041
1678220 1035
1678230 1035
1678240 1029
1678250 1023
1678260 1015
1678270 1015
1678280 1008
1678290 1001
1678300 1001
1678310 994
1678320 988
1678330 988
1678340 982
1678350 976
1678360 976
1678370 970
1678380 964
1678390 964
1678400 958
1678410 953
1678420 953
1678430 947
1678440 941
1678450 941
1678460 932
1678470 927
1678480 927
1678490 917
1678500 912
1678510 912
1678520 906
1678530 902
1678540 902
1678550 898
1678560 893
1678570 893
1678580 886
1678590 881
1678600 881
1678610 875
1678620 867
1678630 867
1678640 861
1678650 858
1678660 858
1678670 846
1678680 841
1678690 850
1678700 850
1678710 853
1678720 854
1678730 854
1678740 855
1678750 861
1678760 861
1678770 867
1678780 872
1678790 872
1678800 876
1678810 880
1678820 880
1678830 885
1678840 892
1678850 892
1678860 898
1678870 903
1678880 903
1678890 907
1678900 919
1678910 919
1678920 926
1678930 928
1678940 928
1678950 931
1678960 931
1678970 931
1678980 932
1678990 930
1679000 930
1679010 927
1679020 926
1679030 926
1679040 925
1679050 924
1679060 924
1679070 922
1679080 920
1679090 920
1679100 918
1679110 916
1679120 916
1679130 916
1679140 915
1679150 914
1679160 914
1679170 913
1679180 912
1679190 912
1679200 911
1679210 910
1679220 910
1679230 907
1679240 905
1679250 905
1679260 903
1679270 902
1679280 902
1679290 899
1679300 895
1679310 895
1679320 892
1679330 888
1679340 888
1679350 884
1679360 876
1679370 876
1679380 869
1679390 861
1679400 861
1679410 853
1679420 853
1679430 853
1679440 860
1679450 863
1679460 863
1679470 864
1679480 865
1679490 865
1679500 866
1679510 866
1679520 866
1679530 865
1679540 864
1679550 862
1679560 862
1679570 859
1679580 856
1679590 856
1679600 853
1679610 847
1679620 847
1679630 848
1679640 848
1679650 848
1679660 848
1679670 847
1679680 847
1679690 846
1679700 846
1679710 846
1679720 843
1679730 840
1679740 840
1679750 839
1679760 835
1679770 835
1679780 832
1679790 829
1679800 829
1679810 823
1679820 826
1679830 826
1679840 829
1679850 829
1679860 829
1679870 830
1679880 830
1679890 830
1679900 828
1679910 825
1679920 825
1679930 821
1679940 818
1679950 818
1679960 816
1679970 817
1679980 817
1679990 817
