1660000 1039
1660010 1036
1660020 1032
1660030 1032
1660040 1029
1660050 1025
1660060 1025
1660070 1021
1660080 1018
1660090 1018
1660100 1015
1660110 1011
1660120 1011
1660130 1008
1660140 1005
1660150 1005
1660160 1002
1660170 999
1660180 999
1660190 996
1660200 993
1660210 993
1660220 988
1660230 985
1660240 985
1660250 988
1660260 993
1660270 993
1660280 996
1660290 1000
1660300 1000
1660310 1003
1660320 1006
1660330 1006
1660340 1007
1660350 1009
1660360 1009
1660370 1010
1660380 1011
1660390 1011
1660400 1012
1660410 1014
1660420 1017
1660430 1017
1660440 1014
1660450 1012
1660460 1012
1660470 1008
1660480 1005
1660490 1005
1660500 1001
1660510 996
1660520 996
1660530 991
1660540 986
1660550 986
1660560 980
1660570 976
1660580 976
1660590 971
1660600 967
1660610 967
1660620 963
1660630 959
1660640 959
1660650 952
1660660 946
1660670 946
1660680 941
1660690 935
1660700 935
1660710 930
1660720 926
1660730 926
1660740 920
1660750 915
1660760 915
1660770 911
1660780 906
1660790 906
1660800 901
1660810 897
1660820 897
1660830 892
1660840 887
1660850 881
1660860 881
1660870 876
1660880 871
1660890 871
1660900 867
1660910 861
1660920 861
1660930 855
1660940 849
1660950 849
1660960 841
1660970 834
1660980 834
1660990 826
1661000 819
1661010 819
1661020 812
1661030 806
1661040 806
1661050 801
1661060 796
1661070 796
1661080 791
1661090 785
1661100 785
1661110 779
1661120 774
1661130 774
1661140 769
1661150 764
1661160 764
1661170 759
1661180 755
1661190 755
1661200 751
1661210 748
1661220 748
1661230 743
1661240 739
1661250 739
1661260 735
1661270 730
1661280 725
1661290 725
1661300 718
1661310 714
1661320 714
1661330 716
1661340 715
1661350 715
1661360 718
1661370 718
1661380 718
1661390 726
1661400 728
1661410 728
1661420 729
1661430 728
1661440 728
1661450 726
1661460 721
1661470 721
1661480 715
1661490 712
1661500 712
1661510 706
1661520 695
1661530 695
1661540 683
1661550 673
1661560 673
1661570 661
1661580 671
1661590 671
1661600 685
1661610 688
1661620 688
1661630 692
1661640 691
1661650 691
1661660 686
1661670 680
1661680 680
1661690 676
1661700 671
1661710 671
1661720 663
1661730 655
1661740 648
1661750 648
1661760 641
1661770 636
1661780 636
1661790 629
1661800 624
1661810 624
1661820 619
1661830 612
1661840 612
1661850 599
1661860 593
1661870 593
1661880 587
1661890 586
1661900 586
1661910 584
1661920 581
1661930 581
1661940 579
1661950 577
1661960 577
1661970 574
1661980 574
1661990 574
1662000 572
1662010 569
1662020 569
1662030 568
1662040 566
1662050 566
1662060 564
1662070 561
1662080 561
1662090 555
1662100 552
1662110 552
1662120 552
1662130 552
1662140 552
1662150 552
1662160 553
1662170 559
1662180 559
1662190 571
1662200 572
1662210 572
1662220 572
1662230 573
1662240 573
1662250 574
1662260 575
1662270 575
1662280 577
1662290 579
1662300 579
1662310 581
1662320 583
1662330 583
1662340 585
1662350 587
1662360 587
1662370 592
1662380 599
1662390 599
1662400 608
1662410 618
1662420 618
1662430 626
1662440 631
1662450 631
1662460 637
1662470 642
1662480 642
1662490 650
1662500 657
1662510 657
1662520 639
1662530 629
1662540 629
1662550 625
1662560 627
1662570 627
1662580 634
1662590 642
1662600 649
1662610 649
1662620 656
1662630 664
1662640 664
1662650 708
1662660 722
1662670 722
1662680 733
1662690 744
1662700 744
1662710 751
1662720 760
1662730 760
1662740 765
1662750 772
1662760 772
1662770 776
1662780 779
1662790 779
1662800 784
1662810 790
1662820 790
1662830 797
1662840 804
1662850 804
1662860 811
1662870 816
1662880 816
1662890 818
1662900 824
1662910 824
1662920 832
1662930 841
1662940 841
1662950 848
1662960 859
1662970 859
1662980 863
1662990 873
1663000 873
1663010 879
1663020 882
1663030 882
1663040 890
1663050 897
1663060 904
1663070 904
1663080 914
1663090 923
1663100 923
1663110 931
1663120 940
1663130 940
1663140 930
1663150 887
1663160 887
1663170 880
1663180 871
1663190 871
1663200 866
1663210 865
1663220 865
1663230 862
1663240 856
1663250 856
1663260 854
1663270 855
1663280 855
1663290 854
1663300 851
1663310 851
1663320 852
1663330 853
1663340 853
1663350 854
1663360 856
1663370 856
1663380 855
1663390 858
1663400 858
1663410 863
1663420 851
1663430 851
1663440 840
1663450 840
1663460 840
1663470 837
1663480 837
1663490 838
1663500 838
1663510 837
1663520 836
1663530 836
1663540 835
1663550 832
1663560 832
1663570 831
1663580 831
1663590 831
1663600 833
1663610 833
1663620 833
1663630 836
1663640 838
1663650 838
1663660 842
1663670 845
1663680 845
1663690 854
1663700 859
1663710 859
1663720 859
1663730 859
1663740 859
1663750 862
1663760 866
1663770 866
1663780 867
1663790 867
1663800 867
1663810 866
1663820 858
1663830 858
1663840 848
1663850 839
1663860 839
1663870 834
1663880 835
1663890 835
1663900 832
1663910 822
1663920 814
1663930 814
1663940 809
1663950 804
1663960 804
1663970 798
1663980 792
1663990 792
1664000 804
1664010 815
1664020 815
1664030 825
1664040 829
1664050 829
1664060 824
1664070 822
1664080 822
1664090 819
1664100 815
1664110 815
1664120 812
1664130 807
1664140 807
1664150 806
1664160 808
1664170 808
1664180 810
1664190 806
1664200 806
1664210 802
1664220 797
1664230 797
1664240 797
1664250 799
1664260 799
1664270 809
1664280 815
1664290 815
1664300 816
1664310 812
1664320 812
1664330 812
1664340 807
1664350 804
1664360 804
1664370 805
1664380 802
1664390 802
1664400 798
1664410 797
1664420 797
1664430 797
1664440 799
1664450 799
1664460 806
1664470 806
1664480 806
1664490 807
1664500 813
1664510 813
1664520 821
1664530 825
1664540 825
1664550 830
1664560 824
1664570 824
1664580 815
1664590 805
1664600 805
1664610 798
1664620 794
1664630 794
1664640 792
1664650 785
1664660 785
1664670 778
1664680 770
1664690 770
1664700 763
1664710 762
1664720 762
1664730 764
1664740 751
1664750 751
1664760 734
1664770 717
1664780 717
1664790 750
1664800 762
1664810 756
1664820 756
1664830 754
1664840 754
1664850 754
1664860 753
1664870 752
1664880 752
1664890 749
1664900 747
1664910 747
1664920 743
1664930 738
1664940 738
1664950 730
1664960 725
1664970 725
1664980 716
1664990 706
1665000 706
1665010 693
1665020 678
1665030 678
1665040 661
1665050 665
1665060 665
1665070 670
1665080 678
1665090 678
1665100 682
1665110 686
1665120 686
1665130 690
1665140 695
1665150 695
1665160 701
1665170 707
1665180 707
1665190 713
1665200 719
1665210 719
1665220 724
1665230 728
1665240 730
1665250 730
1665260 731
1665270 723
1665280 723
1665290 715
1665300 705
1665310 705
1665320 695
1665330 680
1665340 680
1665350 669
1665360 659
1665370 659
1665380 651
1665390 644
1665400 644
1665410 637
1665420 630
1665430 630
1665440 623
1665450 617
1665460 617
1665470 611
1665480 606
1665490 606
1665500 601
1665510 596
1665520 596
1665530 588
1665540 581
1665550 581
1665560 588
1665570 594
1665580 594
1665590 593
1665600 595
1665610 595
1665620 602
1665630 610
1665640 610
1665650 617
1665660 628
1665670 634
1665680 634
1665690 634
1665700 630
1665710 630
1665720 627
1665730 630
1665740 630
1665750 634
1665760 638
1665770 638
1665780 643
1665790 648
1665800 648
1665810 653
1665820 659
1665830 659
1665840 661
1665850 657
1665860 657
1665870 655
1665880 651
1665890 651
1665900 650
1665910 651
1665920 651
1665930 650
1665940 649
1665950 649
1665960 653
1665970 652
1665980 652
1665990 657
1666000 660
1666010 660
1666020 664
1666030 662
1666040 662
1666050 671
1666060 677
1666070 677
1666080 682
1666090 688
1666100 688
1666110 696
1666120 700
1666130 694
1666140 694
1666150 698
1666160 691
1666170 691
1666180 694
1666190 696
1666200 696
1666210 696
1666220 695
1666230 695
1666240 694
1666250 700
1666260 700
1666270 702
1666280 714
1666290 714
1666300 725
1666310 732
1666320 732
1666330 739
1666340 743
1666350 743
1666360 747
1666370 748
1666380 748
1666390 749
1666400 750
1666410 750
1666420 750
1666430 749
1666440 749
1666450 748
1666460 747
1666470 747
1666480 750
1666490 754
1666500 754
1666510 755
1666520 757
1666530 757
1666540 763
1666550 769
1666560 774
1666570 774
1666580 778
1666590 778
1666600 778
1666610 775
1666620 770
1666630 770
1666640 765
1666650 759
1666660 759
1666670 752
1666680 746
1666690 746
1666700 749
1666710 750
1666720 750
1666730 756
1666740 761
1666750 761
1666760 767
1666770 767
1666780 767
1666790 772
1666800 778
1666810 778
1666820 785
1666830 788
1666840 788
1666850 787
1666860 785
1666870 785
1666880 782
1666890 779
1666900 779
1666910 778
1666920 776
1666930 776
1666940 767
1666950 751
1666960 751
1666970 743
1666980 744
1666990 751
1667000 751
1667010 757
1667020 759
1667030 759
1667040 765
1667050 770
1667060 770
1667070 772
1667080 777
1667090 777
1667100 779
1667110 773
1667120 773
1667130 766
1667140 769
1667150 769
1667160 765
1667170 761
1667180 761
1667190 755
1667200 750
1667210 750
1667220 742
1667230 734
1667240 734
1667250 724
1667260 721
1667270 721
1667280 721
1667290 722
1667300 722
1667310 729
1667320 737
1667330 737
1667340 748
1667350 763
1667360 763
1667370 777
1667380 779
1667390 779
1667400 782
1667410 785
1667420 785
1667430 785
1667440 780
1667450 774
1667460 774
1667470 768
1667480 764
1667490 764
1667500 761
1667510 758
1667520 758
1667530 753
1667540 748
1667550 748
1667560 744
1667570 740
1667580 740
1667590 744
1667600 745
1667610 745
1667620 744
1667630 740
1667640 740
1667650 737
1667660 743
1667670 743
1667680 744
1667690 744
1667700 744
1667710 747
1667720 748
1667730 748
1667740 751
1667750 752
1667760 752
1667770 752
1667780 753
1667790 753
1667800 754
1667810 755
1667820 755
1667830 756
1667840 756
1667850 756
1667860 756
1667870 755
1667880 754
1667890 754
1667900 752
1667910 750
1667920 750
1667930 747
1667940 745
1667950 745
1667960 744
1667970 743
1667980 743
1667990 743
1668000 744
1668010 744
1668020 742
1668030 742
1668040 742
1668050 735
1668060 729
1668070 729
1668080 723
1668090 714
1668100 714
1668110 706
1668120 697
1668130 697
1668140 690
1668150 682
1668160 682
1668170 675
1668180 671
1668190 671
1668200 686
1668210 698
1668220 698
1668230 711
1668240 716
1668250 716
1668260 719
1668270 723
1668280 723
1668290 725
1668300 723
1668310 725
1668320 725
1668330 732
1668340 740
1668350 740
1668360 743
1668370 741
1668380 741
1668390 737
1668400 735
1668410 735
1668420 731
1668430 727
1668440 727
1668450 719
1668460 710
1668470 710
1668480 702
1668490 693
1668500 693
1668510 686
1668520 677
1668530 677
1668540 666
1668550 659
1668560 659
1668570 654
1668580 648
1668590 648
1668600 645
1668610 638
1668620 638
1668630 632
1668640 628
1668650 628
1668660 623
1668670 618
1668680 618
1668690 615
1668700 614
1668710 614
1668720 614
1668730 615
1668740 613
1668750 613
1668760 614
1668770 614
1668780 614
1668790 614
1668800 614
1668810 614
1668820 614
1668830 615
1668840 615
1668850 615
1668860 615
1668870 615
1668880 616
1668890 616
1668900 616
1668910 617
1668920 621
1668930 621
1668940 630
1668950 644
1668960 644
1668970 646
1668980 651
1668990 651
1669000 650
1669010 651
1669020 651
1669030 654
1669040 658
1669050 658
1669060 663
1669070 670
1669080 670
1669090 675
1669100 677
1669110 677
1669120 680
1669130 680
1669140 680
1669150 682
1669160 688
1669170 688
1669180 696
1669190 706
1669200 719
1669210 719
1669220 725
1669230 731
1669240 731
1669250 738
1669260 749
1669270 749
1669280 757
1669290 761
1669300 761
1669310 762
1669320 763
1669330 763
1669340 768
1669350 772
1669360 772
1669370 774
1669380 777
1669390 777
1669400 776
1669410 777
1669420 777
1669430 780
1669440 782
1669450 782
1669460 782
1669470 781
1669480 781
1669490 782
1669500 784
1669510 784
1669520 785
1669530 785
1669540 785
1669550 788
1669560 789
1669570 789
1669580 785
1669590 789
1669600 789
1669610 795
1669620 803
1669630 811
1669640 811
1669650 816
1669660 821
1669670 821
1669680 826
1669690 832
1669700 832
1669710 838
1669720 846
1669730 846
1669740 850
1669750 852
1669760 852
1669770 852
1669780 851
1669790 851
1669800 851
1669810 851
1669820 851
1669830 847
1669840 847
1669850 847
1669860 849
1669870 845
1669880 845
1669890 840
1669900 838
1669910 838
1669920 837
1669930 840
1669940 840
1669950 842
1669960 842
1669970 842
1669980 843
1669990 844
1670000 844
1670010 848
1670020 854
1670030 854
1670040 859
1670050 854
1670060 849
1670070 849
1670080 852
1670090 855
1670100 855
1670110 860
1670120 865
1670130 865
1670140 870
1670150 878
1670160 878
1670170 887
1670180 898
1670190 898
1670200 905
1670210 911
1670220 911
1670230 917
1670240 921
1670250 921
1670260 921
1670270 919
1670280 919
1670290 914
1670300 909
1670310 909
1670320 905
1670330 900
1670340 900
1670350 895
1670360 891
1670370 891
1670380 887
1670390 884
1670400 884
1670410 880
1670420 877
1670430 877
1670440 873
1670450 868
1670460 868
1670470 863
1670480 858
1670490 858
1670500 851
1670510 847
1670520 844
1670530 844
1670540 843
1670550 842
1670560 842
1670570 836
1670580 836
1670590 836
1670600 830
1670610 823
1670620 823
1670630 817
1670640 811
1670650 811
1670660 805
1670670 797
1670680 797
1670690 790
1670700 785
1670710 785
1670720 782
1670730 777
1670740 777
1670750 777
1670760 777
1670770 777
1670780 773
1670790 768
1670800 768
1670810 762
1670820 755
1670830 755
1670840 748
1670850 742
1670860 742
1670870 735
1670880 727
1670890 727
1670900 720
1670910 711
1670920 711
1670930 703
1670940 699
1670950 689
1670960 689
1670970 683
1670980 676
1670990 676
1671000 670
1671010 665
1671020 665
1671030 666
1671040 668
1671050 668
1671060 670
1671070 674
1671080 674
1671090 672
1671100 667
1671110 667
1671120 667
1671130 668
1671140 668
1671150 671
1671160 678
1671170 678
1671180 682
1671190 681
1671200 681
1671210 679
1671220 678
1671230 678
1671240 674
1671250 672
1671260 672
1671270 670
1671280 666
1671290 666
1671300 662
1671310 660
1671320 660
1671330 660
1671340 657
1671350 657
1671360 652
1671370 648
1671380 641
1671390 641
1671400 640
1671410 640
1671420 640
1671430 640
1671440 640
1671450 640
1671460 640
1671470 639
1671480 639
1671490 640
1671500 641
1671510 641
1671520 641
1671530 641
1671540 641
1671550 641
1671560 641
1671570 641
1671580 641
1671590 642
1671600 642
1671610 642
1671620 642
1671630 642
1671640 642
1671650 642
1671660 642
1671670 643
1671680 643
1671690 643
1671700 644
1671710 644
1671720 644
1671730 644
1671740 645
1671750 645
1671760 645
1671770 645
1671780 645
1671790 646
1671800 648
1671810 651
1671820 651
1671830 656
1671840 658
1671850 658
1671860 664
1671870 667
1671880 667
1671890 672
1671900 677
1671910 677
1671920 682
1671930 687
1671940 687
1671950 688
1671960 690
1671970 690
1671980 690
1671990 690
1672000 690
1672010 694
1672020 701
1672030 701
1672040 707
1672050 716
1672060 716
1672070 718
1672080 724
1672090 724
1672100 726
1672110 734
1672120 734
1672130 741
1672140 747
1672150 747
1672160 750
1672170 751
1672180 751
1672190 748
1672200 747
1672210 747
1672220 749
1672230 750
1672240 750
1672250 746
1672260 738
1672270 730
1672280 730
1672290 736
1672300 740
1672310 740
1672320 741
1672330 744
1672340 744
1672350 749
1672360 755
1672370 755
1672380 763
1672390 772
1672400 772
1672410 781
1672420 789
1672430 789
1672440 798
1672450 803
1672460 803
1672470 807
1672480 810
1672490 810
1672500 807
1672510 801
1672520 801
1672530 794
1672540 786
1672550 786
1672560 778
1672570 771
1672580 771
1672590 766
1672600 759
1672610 759
1672620 763
1672630 771
1672640 771
1672650 776
1672660 778
1672670 778
1672680 787
1672690 795
1672700 808
1672710 808
1672720 813
1672730 821
1672740 821
1672750 829
1672760 839
1672770 839
1672780 846
1672790 851
1672800 851
1672810 859
1672820 863
1672830 863
1672840 861
1672850 859
1672860 859
1672870 856
1672880 858
1672890 858
1672900 856
1672910 852
1672920 852
1672930 850
1672940 849
1672950 849
1672960 852
1672970 852
1672980 852
1672990 852
1673000 847
1673010 847
1673020 845
1673030 843
1673040 843
1673050 851
1673060 859
1673070 859
1673080 859
1673090 871
1673100 871
1673110 879
1673120 880
1673130 886
1673140 886
1673150 895
1673160 904
1673170 904
1673180 910
1673190 915
1673200 915
1673210 920
1673220 927
1673230 927
1673240 933
1673250 935
1673260 935
1673270 929
1673280 923
1673290 923
1673300 920
1673310 919
1673320 919
1673330 919
1673340 921
1673350 921
1673360 918
1673370 914
1673380 914
1673390 909
1673400 907
1673410 907
1673420 907
1673430 905
1673440 905
1673450 903
1673460 900
1673470 900
1673480 896
1673490 891
1673500 891
1673510 885
1673520 885
1673530 885
1673540 885
1673550 884
1673560 884
1673570 881
1673580 880
1673590 880
1673600 880
1673610 882
1673620 885
1673630 885
1673640 887
1673650 887
1673660 887
1673670 890
1673680 892
1673690 892
1673700 894
1673710 900
1673720 900
1673730 908
1673740 914
1673750 914
1673760 921
1673770 929
1673780 929
1673790 938
1673800 944
1673810 944
1673820 951
1673830 957
1673840 957
1673850 964
1673860 972
1673870 972
1673880 978
1673890 985
1673900 985
1673910 992
1673920 1001
1673930 1001
1673940 1013
1673950 1020
1673960 1020
1673970 1025
1673980 1034
1673990 1034
1674000 1041
1674010 1049
1674020 1057
1674030 1057
1674040 1066
1674050 1074
1674060 1074
1674070 1082
1674080 1098
1674090 1098
1674100 1094
1674110 1090
1674120 1090
1674130 1084
1674140 1080
1674150 1080
1674160 1078
1674170 1076
1674180 1076
1674190 1075
1674200 1072
1674210 1072
1674220 1067
1674230 1064
1674240 1064
1674250 1060
1674260 1059
1674270 1059
1674280 1054
1674290 1053
1674300 1053
1674310 1062
1674320 1077
1674330 1077
1674340 1088
1674350 1097
1674360 1097
1674370 1104
1674380 1111
1674390 1111
1674400 1118
1674410 1119
1674420 1119
1674430 1121
1674440 1120
1674450 1123
1674460 1123
1674470 1125
1674480 1127
1674490 1127
1674500 1136
1674510 1147
1674520 1147
1674530 1156
1674540 1161
1674550 1161
1674560 1169
1674570 1178
1674580 1178
1674590 1191
1674600 1205
1674610 1205
1674620 1213
1674630 1222
1674640 1222
1674650 1230
1674660 1234
1674670 1234
1674680 1232
1674690 1225
1674700 1225
1674710 1222
1674720 1223
1674730 1223
1674740 1222
1674750 1219
1674760 1219
1674770 1220
1674780 1223
1674790 1223
1674800 1231
1674810 1239
1674820 1239
1674830 1246
1674840 1254
1674850 1254
1674860 1262
1674870 1269
1674880 1276
1674890 1276
1674900 1283
1674910 1291
1674920 1291
1674930 1299
1674940 1305
1674950 1305
1674960 1312
1674970 1317
1674980 1317
1674990 1323
1675000 1330
1675010 1330
1675020 1335
1675030 1343
1675040 1343
1675050 1348
1675060 1355
1675070 1355
1675080 1364
1675090 1371
1675100 1371
1675110 1378
1675120 1384
1675130 1384
1675140 1390
1675150 1395
1675160 1395
1675170 1400
1675180 1407
1675190 1407
1675200 1411
1675210 1416
1675220 1416
1675230 1422
1675240 1429
1675250 1429
1675260 1438
1675270 1445
1675280 1445
1675290 1452
1675300 1458
1675310 1458
1675320 1460
1675330 1458
1675340 1457
1675350 1457
1675360 1457
1675370 1457
1675380 1457
1675390 1456
1675400 1457
1675410 1457
1675420 1457
1675430 1459
1675440 1459
1675450 1459
1675460 1459
1675470 1459
1675480 1460
1675490 1460
1675500 1460
1675510 1460
1675520 1462
1675530 1462
1675540 1468
1675550 1477
1675560 1477
1675570 1486
1675580 1492
1675590 1492
1675600 1499
1675610 1506
1675620 1506
1675630 1510
1675640 1517
1675650 1517
1675660 1519
1675670 1518
1675680 1518
1675690 1521
1675700 1522
1675710 1522
1675720 1526
1675730 1530
1675740 1530
1675750 1534
1675760 1537
1675770 1539
1675780 1539
1675790 1541
1675800 1544
1675810 1544
1675820 1549
1675830 1550
1675840 1550
1675850 1552
1675860 1559
1675870 1559
1675880 1565
1675890 1571
1675900 1571
1675910 1579
1675920 1587
1675930 1587
1675940 1595
1675950 1604
1675960 1604
1675970 1612
1675980 1620
1675990 1620
1676000 1629
1676010 1629
1676020 1629
1676030 1634
1676040 1640
1676050 1640
1676060 1648
1676070 1658
1676080 1658
1676090 1668
1676100 1675
1676110 1675
1676120 1687
1676130 1700
1676140 1700
1676150 1710
1676160 1713
1676170 1713
1676180 1714
1676190 1716
1676200 1720
1676210 1720
1676220 1730
1676230 1743
1676240 1743
1676250 1750
1676260 1763
1676270 1763
1676280 1764
1676290 1762
1676300 1762
1676310 1761
1676320 1762
1676330 1762
1676340 1761
1676350 1760
1676360 1760
1676370 1760
1676380 1760
1676390 1760
1676400 1760
1676410 1761
1676420 1761
1676430 1761
1676440 1761
1676450 1761
1676460 1761
1676470 1763
1676480 1763
1676490 1765
1676500 1765
1676510 1765
1676520 1766
1676530 1767
1676540 1767
1676550 1771
1676560 1771
1676570 1771
1676580 1764
1676590 1754
1676600 1754
1676610 1739
1676620 1727
1676630 1727
1676640 1713
1676650 1681
1676660 1661
1676670 1661
1676680 1651
1676690 1644
1676700 1644
1676710 1637
1676720 1630
1676730 1630
1676740 1618
1676750 1604
1676760 1604
1676770 1598
1676780 1591
1676790 1591
1676800 1584
1676810 1577
1676820 1577
1676830 1570
1676840 1563
1676850 1563
1676860 1557
1676870 1550
1676880 1550
1676890 1543
1676900 1536
1676910 1536
1676920 1530
1676930 1524
1676940 1524
1676950 1518
1676960 1511
1676970 1511
1676980 1506
1676990 1500
1677000 1500
1677010 1494
1677020 1489
1677030 1489
1677040 1483
1677050 1478
1677060 1478
1677070 1473
1677080 1470
1677090 1469
1677100 1469
1677110 1467
1677120 1468
1677130 1468
1677140 1471
1677150 1468
1677160 1468
1677170 1466
1677180 1465
1677190 1465
1677200 1463
1677210 1459
1677220 1459
1677230 1454
1677240 1450
1677250 1450
1677260 1449
1677270 1451
1677280 1451
1677290 1451
1677300 1445
1677310 1445
1677320 1443
1677330 1440
1677340 1440
1677350 1439
1677360 1440
1677370 1440
1677380 1438
1677390 1437
1677400 1437
1677410 1439
1677420 1444
1677430 1444
1677440 1442
1677450 1440
1677460 1440
1677470 1439
1677480 1440
1677490 1440
1677500 1439
1677510 1439
1677520 1440
1677530 1440
1677540 1441
1677550 1445
1677560 1445
1677570 1448
1677580 1450
1677590 1450
1677600 1451
1677610 1452
1677620 1452
1677630 1453
1677640 1455
1677650 1455
1677660 1456
1677670 1459
1677680 1459
1677690 1463
1677700 1464
1677710 1464
1677720 1472
1677730 1474
1677740 1474
1677750 1474
1677760 1475
1677770 1475
1677780 1478
1677790 1479
1677800 1479
1677810 1476
1677820 1472
1677830 1472
1677840 1471
1677850 1478
1677860 1478
1677870 1484
1677880 1488
1677890 1488
1677900 1490
1677910 1492
1677920 1492
1677930 1493
1677940 1495
1677950 1490
1677960 1490
1677970 1485
1677980 1481
1677990 1481
1678000 1475
1678010 1470
1678020 1470
1678030 1465
1678040 1461
1678050 1461
1678060 1462
1678070 1463
1678080 1463
1678090 1464
1678100 1469
1678110 1469
1678120 1470
1678130 1467
1678140 1467
1678150 1461
1678160 1455
1678170 1455
1678180 1449
1678190 1443
1678200 1443
1678210 1437
1678220 1431
1678230 1431
1678240 1417
1678250 1409
1678260 1409
1678270 1395
1678280 1386
1678290 1386
1678300 1376
1678310 1354
1678320 1354
1678330 1330
1678340 1318
1678350 1318
1678360 1311
1678370 1305
1678380 1305
1678390 1300
1678400 1294
1678410 1290
1678420 1290
1678430 1286
1678440 1282
1678450 1282
1678460 1277
1678470 1276
1678480 1276
1678490 1273
1678500 1269
1678510 1269
1678520 1265
1678530 1265
1678540 1265
1678550 1263
1678560 1265
1678570 1265
1678580 1268
1678590 1268
1678600 1268
1678610 1267
1678620 1268
1678630 1268
1678640 1269
1678650 1272
1678660 1272
1678670 1274
1678680 1278
1678690 1278
1678700 1281
1678710 1287
1678720 1287
1678730 1291
1678740 1298
1678750 1298
1678760 1304
1678770 1333
1678780 1333
1678790 1345
1678800 1353
1678810 1353
1678820 1360
1678830 1369
1678840 1374
1678850 1374
1678860 1380
1678870 1386
1678880 1386
1678890 1392
1678900 1401
1678910 1401
1678920 1405
1678930 1410
1678940 1410
1678950 1417
1678960 1426
1678970 1426
1678980 1443
1678990 1461
1679000 1461
1679010 1464
1679020 1475
1679030 1475
1679040 1489
1679050 1497
1679060 1497
1679070 1505
1679080 1515
1679090 1515
1679100 1512
1679110 1494
1679120 1494
1679130 1484
1679140 1474
1679150 1474
1679160 1450
1679170 1417
1679180 1417
1679190 1410
1679200 1403
1679210 1403
1679220 1395
1679230 1388
1679240 1388
1679250 1383
1679260 1376
1679270 1370
1679280 1370
1679290 1366
1679300 1361
1679310 1361
1679320 1356
1679330 1354
1679340 1354
1679350 1351
1679360 1349
1679370 1349
1679380 1348
1679390 1348
1679400 1348
1679410 1347
1679420 1346
1679430 1346
1679440 1346
1679450 1349
1679460 1349
1679470 1351
1679480 1353
1679490 1353
1679500 1352
1679510 1350
1679520 1350
1679530 1350
1679540 1352
1679550 1352
1679560 1356
1679570 1358
1679580 1358
1679590 1360
1679600 1371
1679610 1371
1679620 1367
1679630 1372
1679640 1372
1679650 1383
1679660 1394
1679670 1394
1679680 1408
1679690 1416
1679700 1416
1679710 1417
1679720 1419
1679730 1419
1679740 1419
1679750 1419
1679760 1419
1679770 1419
1679780 1418
1679790 1418
1679800 1418
1679810 1418
1679820 1418
1679830 1418
1679840 1418
1679850 1417
1679860 1417
1679870 1421
1679880 1423
1679890 1423
1679900 1425
1679910 1424
1679920 1424
1679930 1422
1679940 1422
1679950 1422
1679960 1422
1679970 1421
1679980 1421
1679990 1419
