1660000 1071
1660010 1067
1660020 1062
1660030 1062
1660040 1058
1660050 1053
1660060 1053
1660070 1049
1660080 1044
1660090 1044
1660100 1040
1660110 1036
1660120 1036
1660130 1032
1660140 1026
1660150 1026
1660160 1021
1660170 1017
1660180 1017
1660190 1013
1660200 1009
1660210 1009
1660220 1004
1660230 999
1660240 999
1660250 991
1660260 985
1660270 985
1660280 978
1660290 972
1660300 972
1660310 965
1660320 959
1660330 959
1660340 950
1660350 943
1660360 943
1660370 937
1660380 934
1660390 934
1660400 934
1660410 933
1660420 931
1660430 931
1660440 929
1660450 927
1660460 927
1660470 925
1660480 925
1660490 925
1660500 922
1660510 923
1660520 923
1660530 926
1660540 928
1660550 928
1660560 928
1660570 930
1660580 930
1660590 934
1660600 935
1660610 935
1660620 935
1660630 938
1660640 938
1660650 947
1660660 952
1660670 952
1660680 958
1660690 958
1660700 958
1660710 960
1660720 962
1660730 962
1660740 962
1660750 957
1660760 957
1660770 952
1660780 945
1660790 945
1660800 939
1660810 935
1660820 935
1660830 931
1660840 926
1660850 922
1660860 922
1660870 915
1660880 909
1660890 909
1660900 904
1660910 900
1660920 900
1660930 895
1660940 891
1660950 891
1660960 886
1660970 881
1660980 881
1660990 876
1661000 871
1661010 871
1661020 867
1661030 861
1661040 861
1661050 857
1661060 852
1661070 852
1661080 848
1661090 844
1661100 844
1661110 840
1661120 836
1661130 836
1661140 833
1661150 830
1661160 830
1661170 826
1661180 821
1661190 821
1661200 818
1661210 813
1661220 813
1661230 809
1661240 803
1661250 803
1661260 798
1661270 793
1661280 787
1661290 787
1661300 781
1661310 775
1661320 775
1661330 770
1661340 765
1661350 765
1661360 758
1661370 752
1661380 752
1661390 739
1661400 725
1661410 725
1661420 712
1661430 702
1661440 702
1661450 693
1661460 685
1661470 685
1661480 674
1661490 664
1661500 664
1661510 654
1661520 643
1661530 643
1661540 638
1661550 632
1661560 632
1661570 625
1661580 618
1661590 618
1661600 611
1661610 605
1661620 605
1661630 602
1661640 601
1661650 601
1661660 600
1661670 598
1661680 598
1661690 596
1661700 603
1661710 605
1661720 605
1661730 602
1661740 595
1661750 595
1661760 587
1661770 582
1661780 582
1661790 580
1661800 578
1661810 578
1661820 578
1661830 577
1661840 577
1661850 575
1661860 574
1661870 574
1661880 574
1661890 573
1661900 573
1661910 571
1661920 571
1661930 571
1661940 571
1661950 569
1661960 569
1661970 566
1661980 566
1661990 566
1662000 564
1662010 563
1662020 563
1662030 562
1662040 561
1662050 561
1662060 561
1662070 560
1662080 560
1662090 559
1662100 559
1662110 559
1662120 558
1662130 556
1662140 556
1662150 554
1662160 552
1662170 552
1662180 552
1662190 552
1662200 552
1662210 552
1662220 551
1662230 558
1662240 558
1662250 578
1662260 584
1662270 584
1662280 590
1662290 598
1662300 598
1662310 602
1662320 603
1662330 603
1662340 605
1662350 605
1662360 605
1662370 612
1662380 628
1662390 628
1662400 637
1662410 638
1662420 638
1662430 641
1662440 649
1662450 649
1662460 666
1662470 673
1662480 673
1662490 678
1662500 678
1662510 678
1662520 683
1662530 697
1662540 697
1662550 703
1662560 706
1662570 706
1662580 709
1662590 714
1662600 717
1662610 717
1662620 715
1662630 730
1662640 730
1662650 741
1662660 725
1662670 725
1662680 717
1662690 724
1662700 724
1662710 732
1662720 741
1662730 741
1662740 752
1662750 744
1662760 744
1662770 729
1662780 720
1662790 720
1662800 726
1662810 733
1662820 733
1662830 751
1662840 767
1662850 767
1662860 782
1662870 792
1662880 792
1662890 772
1662900 785
1662910 785
1662920 793
1662930 801
1662940 801
1662950 809
1662960 827
1662970 827
1662980 840
1662990 850
1663000 850
1663010 861
1663020 872
1663030 877
1663040 877
1663050 880
1663060 886
1663070 886
1663080 889
1663090 893
1663100 893
1663110 896
1663120 898
1663130 898
1663140 900
1663150 904
1663160 904
1663170 907
1663180 911
1663190 911
1663200 912
1663210 914
1663220 914
1663230 919
1663240 920
1663250 920
1663260 919
1663270 921
1663280 921
1663290 920
1663300 918
1663310 918
1663320 920
1663330 924
1663340 924
1663350 923
1663360 924
1663370 924
1663380 922
1663390 921
1663400 921
1663410 924
1663420 922
1663430 922
1663440 916
1663450 913
1663460 913
1663470 912
1663480 910
1663490 912
1663500 912
1663510 921
1663520 921
1663530 921
1663540 921
1663550 922
1663560 922
1663570 921
1663580 920
1663590 920
1663600 920
1663610 923
1663620 923
1663630 935
1663640 936
1663650 936
1663660 938
1663670 937
1663680 937
1663690 930
1663700 921
1663710 921
1663720 908
1663730 906
1663740 906
1663750 905
1663760 909
1663770 909
1663780 916
1663790 922
1663800 922
1663810 926
1663820 920
1663830 920
1663840 918
1663850 905
1663860 905
1663870 895
1663880 888
1663890 888
1663900 883
1663910 877
1663920 871
1663930 871
1663940 867
1663950 866
1663960 866
1663970 869
1663980 864
1663990 864
1664000 867
1664010 872
1664020 872
1664030 876
1664040 885
1664050 885
1664060 886
1664070 893
1664080 893
1664090 899
1664100 900
1664110 900
1664120 901
1664130 900
1664140 900
1664150 897
1664160 892
1664170 892
1664180 888
1664190 883
1664200 883
1664210 879
1664220 876
1664230 876
1664240 873
1664250 869
1664260 869
1664270 866
1664280 862
1664290 862
1664300 858
1664310 857
1664320 857
1664330 857
1664340 853
1664350 849
1664360 849
1664370 845
1664380 847
1664390 847
1664400 855
1664410 854
1664420 854
1664430 852
1664440 850
1664450 850
1664460 852
1664470 850
1664480 850
1664490 845
1664500 839
1664510 839
1664520 833
1664530 828
1664540 828
1664550 822
1664560 816
1664570 816
1664580 810
1664590 802
1664600 802
1664610 794
1664620 789
1664630 789
1664640 795
1664650 802
1664660 802
1664670 811
1664680 817
1664690 817
1664700 820
1664710 824
1664720 824
1664730 829
1664740 830
1664750 830
1664760 828
1664770 827
1664780 823
1664790 823
1664800 809
1664810 806
1664820 806
1664830 790
1664840 780
1664850 780
1664860 772
1664870 763
1664880 763
1664890 755
1664900 747
1664910 747
1664920 738
1664930 728
1664940 728
1664950 720
1664960 712
1664970 712
1664980 707
1664990 704
1665000 704
1665010 701
1665020 699
1665030 699
1665040 692
1665050 686
1665060 686
1665070 686
1665080 694
1665090 694
1665100 705
1665110 713
1665120 713
1665130 722
1665140 733
1665150 733
1665160 737
1665170 742
1665180 742
1665190 752
1665200 757
1665210 757
1665220 758
1665230 749
1665240 738
1665250 738
1665260 729
1665270 721
1665280 721
1665290 713
1665300 708
1665310 708
1665320 708
1665330 693
1665340 693
1665350 688
1665360 691
1665370 691
1665380 692
1665390 688
1665400 688
1665410 678
1665420 671
1665430 671
1665440 665
1665450 654
1665460 654
1665470 642
1665480 635
1665490 635
1665500 620
1665510 610
1665520 610
1665530 602
1665540 598
1665550 598
1665560 591
1665570 587
1665580 587
1665590 589
1665600 595
1665610 595
1665620 597
1665630 603
1665640 603
1665650 611
1665660 618
1665670 623
1665680 623
1665690 628
1665700 632
1665710 632
1665720 634
1665730 632
1665740 632
1665750 626
1665760 618
1665770 618
1665780 615
1665790 613
1665800 613
1665810 612
1665820 612
1665830 612
1665840 614
1665850 619
1665860 619
1665870 627
1665880 634
1665890 634
1665900 640
1665910 646
1665920 646
1665930 651
1665940 657
1665950 657
1665960 661
1665970 665
1665980 665
1665990 667
1666000 667
1666010 667
1666020 667
1666030 665
1666040 665
1666050 666
1666060 667
1666070 667
1666080 670
1666090 672
1666100 673
1666110 673
1666120 673
1666130 674
1666140 674
1666150 676
1666160 679
1666170 679
1666180 684
1666190 689
1666200 689
1666210 695
1666220 701
1666230 701
1666240 703
1666250 714
1666260 714
1666270 703
1666280 695
1666290 695
1666300 689
1666310 697
1666320 697
1666330 701
1666340 705
1666350 705
1666360 716
1666370 723
1666380 723
1666390 729
1666400 736
1666410 736
1666420 743
1666430 750
1666440 750
1666450 758
1666460 765
1666470 765
1666480 771
1666490 774
1666500 774
1666510 774
1666520 774
1666530 774
1666540 777
1666550 780
1666560 784
1666570 784
1666580 787
1666590 793
1666600 793
1666610 800
1666620 806
1666630 806
1666640 809
1666650 812
1666660 812
1666670 810
1666680 812
1666690 812
1666700 809
1666710 807
1666720 807
1666730 807
1666740 811
1666750 811
1666760 813
1666770 813
1666780 813
1666790 812
1666800 812
1666810 812
1666820 810
1666830 808
1666840 808
1666850 802
1666860 794
1666870 794
1666880 785
1666890 780
1666900 780
1666910 784
1666920 788
1666930 788
1666940 793
1666950 798
1666960 798
1666970 802
1666980 804
1666990 805
1667000 805
1667010 808
1667020 811
1667030 811
1667040 815
1667050 818
1667060 818
1667070 821
1667080 820
1667090 820
1667100 815
1667110 809
1667120 809
1667130 801
1667140 793
1667150 793
1667160 784
1667170 781
1667180 781
1667190 782
1667200 782
1667210 782
1667220 781
1667230 781
1667240 781
1667250 784
1667260 786
1667270 786
1667280 789
1667290 791
1667300 791
1667310 793
1667320 795
1667330 795
1667340 794
1667350 788
1667360 788
1667370 785
1667380 782
1667390 782
1667400 778
1667410 776
1667420 775
1667430 775
1667440 775
1667450 774
1667460 774
1667470 772
1667480 773
1667490 773
1667500 770
1667510 764
1667520 764
1667530 761
1667540 754
1667550 754
1667560 760
1667570 764
1667580 764
1667590 770
1667600 772
1667610 772
1667620 771
1667630 771
1667640 771
1667650 773
1667660 776
1667670 776
1667680 778
1667690 778
1667700 778
1667710 777
1667720 775
1667730 775
1667740 774
1667750 773
1667760 773
1667770 772
1667780 771
1667790 771
1667800 771
1667810 772
1667820 772
1667830 777
1667840 781
1667850 781
1667860 784
1667870 785
1667880 782
1667890 782
1667900 775
1667910 767
1667920 767
1667930 759
1667940 753
1667950 753
1667960 746
1667970 741
1667980 741
1667990 734
1668000 728
1668010 728
1668020 723
1668030 720
1668040 720
1668050 716
1668060 713
1668070 713
1668080 711
1668090 702
1668100 702
1668110 702
1668120 708
1668130 708
1668140 707
1668150 716
1668160 716
1668170 722
1668180 732
1668190 732
1668200 741
1668210 747
1668220 747
1668230 749
1668240 755
1668250 755
1668260 762
1668270 770
1668280 770
1668290 776
1668300 779
1668310 781
1668320 781
1668330 782
1668340 779
1668350 779
1668360 781
1668370 782
1668380 782
1668390 779
1668400 774
1668410 774
1668420 769
1668430 771
1668440 771
1668450 773
1668460 771
1668470 771
1668480 770
1668490 769
1668500 769
1668510 766
1668520 760
1668530 760
1668540 752
1668550 741
1668560 741
1668570 710
1668580 695
1668590 695
1668600 686
1668610 679
1668620 679
1668630 672
1668640 664
1668650 664
1668660 655
1668670 648
1668680 648
1668690 641
1668700 635
1668710 635
1668720 630
1668730 627
1668740 623
1668750 623
1668760 620
1668770 619
1668780 619
1668790 618
1668800 618
1668810 618
1668820 618
1668830 618
1668840 618
1668850 618
1668860 618
1668870 618
1668880 618
1668890 616
1668900 616
1668910 617
1668920 617
1668930 617
1668940 617
1668950 618
1668960 618
1668970 621
1668980 629
1668990 629
1669000 645
1669010 658
1669020 658
1669030 664
1669040 668
1669050 668
1669060 669
1669070 676
1669080 676
1669090 683
1669100 688
1669110 688
1669120 690
1669130 692
1669140 692
1669150 696
1669160 702
1669170 702
1669180 710
1669190 719
1669200 728
1669210 728
1669220 738
1669230 744
1669240 744
1669250 745
1669260 747
1669270 747
1669280 748
1669290 746
1669300 746
1669310 743
1669320 740
1669330 740
1669340 742
1669350 744
1669360 744
1669370 747
1669380 750
1669390 750
1669400 754
1669410 758
1669420 758
1669430 763
1669440 767
1669450 767
1669460 772
1669470 779
1669480 779
1669490 784
1669500 786
1669510 786
1669520 786
1669530 787
1669540 787
1669550 790
1669560 791
1669570 791
1669580 793
1669590 793
1669600 793
1669610 793
1669620 795
1669630 796
1669640 796
1669650 798
1669660 800
1669670 800
1669680 800
1669690 801
1669700 801
1669710 805
1669720 809
1669730 809
1669740 810
1669750 811
1669760 811
1669770 811
1669780 812
1669790 812
1669800 814
1669810 817
1669820 817
1669830 821
1669840 826
1669850 826
1669860 830
1669870 835
1669880 835
1669890 841
1669900 847
1669910 847
1669920 853
1669930 860
1669940 860
1669950 867
1669960 871
1669970 871
1669980 876
1669990 881
1670000 881
1670010 882
1670020 883
1670030 883
1670040 885
1670050 889
1670060 889
1670070 889
1670080 888
1670090 889
1670100 889
1670110 893
1670120 900
1670130 900
1670140 909
1670150 918
1670160 918
1670170 922
1670180 925
1670190 925
1670200 924
1670210 922
1670220 922
1670230 923
1670240 925
1670250 925
1670260 930
1670270 931
1670280 931
1670290 931
1670300 925
1670310 925
1670320 917
1670330 911
1670340 911
1670350 905
1670360 898
1670370 898
1670380 890
1670390 885
1670400 885
1670410 879
1670420 873
1670430 873
1670440 868
1670450 859
1670460 859
1670470 854
1670480 851
1670490 851
1670500 845
1670510 837
1670520 832
1670530 832
1670540 832
1670550 825
1670560 825
1670570 818
1670580 817
1670590 817
1670600 812
1670610 807
1670620 807
1670630 798
1670640 789
1670650 789
1670660 782
1670670 774
1670680 774
1670690 769
1670700 764
1670710 764
1670720 762
1670730 759
1670740 759
1670750 755
1670760 752
1670770 752
1670780 749
1670790 745
1670800 745
1670810 741
1670820 735
1670830 735
1670840 729
1670850 722
1670860 722
1670870 715
1670880 709
1670890 709
1670900 710
1670910 707
1670920 707
1670930 708
1670940 709
1670950 708
1670960 708
1670970 700
1670980 705
1670990 705
1671000 714
1671010 717
1671020 717
1671030 718
1671040 718
1671050 718
1671060 716
1671070 715
1671080 715
1671090 716
1671100 718
1671110 718
1671120 718
1671130 719
1671140 719
1671150 719
1671160 721
1671170 721
1671180 721
1671190 718
1671200 718
1671210 716
1671220 712
1671230 712
1671240 707
1671250 702
1671260 702
1671270 697
1671280 690
1671290 690
1671300 684
1671310 679
1671320 679
1671330 677
1671340 674
1671350 674
1671360 671
1671370 670
1671380 670
1671390 670
1671400 669
1671410 666
1671420 666
1671430 663
1671440 662
1671450 662
1671460 659
1671470 655
1671480 655
1671490 649
1671500 648
1671510 648
1671520 647
1671530 647
1671540 647
1671550 647
1671560 650
1671570 650
1671580 651
1671590 648
1671600 648
1671610 645
1671620 644
1671630 644
1671640 645
1671650 645
1671660 645
1671670 644
1671680 645
1671690 645
1671700 645
1671710 644
1671720 644
1671730 644
1671740 645
1671750 645
1671760 645
1671770 646
1671780 646
1671790 647
1671800 647
1671810 647
1671820 647
1671830 647
1671840 647
1671850 647
1671860 648
1671870 648
1671880 648
1671890 648
1671900 648
1671910 648
1671920 648
1671930 648
1671940 648
1671950 649
1671960 649
1671970 649
1671980 649
1671990 650
1672000 650
1672010 650
1672020 650
1672030 650
1672040 650
1672050 651
1672060 651
1672070 651
1672080 656
1672090 656
1672100 662
1672110 666
1672120 666
1672130 671
1672140 674
1672150 674
1672160 676
1672170 675
1672180 675
1672190 674
1672200 672
1672210 672
1672220 668
1672230 679
1672240 679
1672250 687
1672260 694
1672270 701
1672280 701
1672290 709
1672300 716
1672310 716
1672320 722
1672330 729
1672340 729
1672350 734
1672360 739
1672370 739
1672380 744
1672390 749
1672400 749
1672410 755
1672420 761
1672430 761
1672440 767
1672450 773
1672460 773
1672470 780
1672480 784
1672490 784
1672500 786
1672510 784
1672520 784
1672530 777
1672540 768
1672550 768
1672560 760
1672570 753
1672580 753
1672590 746
1672600 737
1672610 737
1672620 731
1672630 726
1672640 726
1672650 730
1672660 734
1672670 734
1672680 739
1672690 744
1672700 750
1672710 750
1672720 758
1672730 765
1672740 765
1672750 774
1672760 782
1672770 782
1672780 787
1672790 786
1672800 786
1672810 785
1672820 784
1672830 784
1672840 784
1672850 790
1672860 790
1672870 787
1672880 783
1672890 783
1672900 776
1672910 786
1672920 786
1672930 792
1672940 798
1672950 798
1672960 805
1672970 812
1672980 812
1672990 819
1673000 827
1673010 827
1673020 833
1673030 840
1673040 840
1673050 845
1673060 851
1673070 851
1673080 859
1673090 862
1673100 862
1673110 865
1673120 872
1673130 880
1673140 880
1673150 889
1673160 896
1673170 896
1673180 904
1673190 912
1673200 912
1673210 916
1673220 917
1673230 917
1673240 915
1673250 906
1673260 906
1673270 897
1673280 890
1673290 890
1673300 883
1673310 878
1673320 878
1673330 873
1673340 866
1673350 866
1673360 859
1673370 849
1673380 849
1673390 840
1673400 841
1673410 841
1673420 840
1673430 838
1673440 838
1673450 837
1673460 836
1673470 836
1673480 834
1673490 834
1673500 834
1673510 834
1673520 833
1673530 833
1673540 838
1673550 844
1673560 844
1673570 849
1673580 855
1673590 860
1673600 860
1673610 867
1673620 874
1673630 874
1673640 881
1673650 887
1673660 887
1673670 893
1673680 898
1673690 898
1673700 904
1673710 910
1673720 910
1673730 916
1673740 923
1673750 923
1673760 930
1673770 939
1673780 939
1673790 946
1673800 953
1673810 953
1673820 959
1673830 963
1673840 963
1673850 967
1673860 969
1673870 969
1673880 972
1673890 974
1673900 974
1673910 976
1673920 978
1673930 978
1673940 979
1673950 981
1673960 981
1673970 989
1673980 996
1673990 996
1674000 1003
1674010 1011
1674020 1007
1674030 1007
1674040 998
1674050 994
1674060 994
1674070 992
1674080 992
1674090 992
1674100 1001
1674110 1003
1674120 1003
1674130 1002
1674140 1006
1674150 1006
1674160 997
1674170 1000
1674180 1000
1674190 1002
1674200 995
1674210 995
1674220 984
1674230 977
1674240 977
1674250 986
1674260 997
1674270 997
1674280 1009
1674290 1020
1674300 1020
1674310 1029
1674320 1036
1674330 1036
1674340 1045
1674350 1056
1674360 1056
1674370 1071
1674380 1078
1674390 1078
1674400 1086
1674410 1094
1674420 1094
1674430 1113
1674440 1119
1674450 1120
1674460 1120
1674470 1126
1674480 1138
1674490 1138
1674500 1150
1674510 1164
1674520 1164
1674530 1170
1674540 1171
1674550 1171
1674560 1169
1674570 1167
1674580 1167
1674590 1165
1674600 1163
1674610 1163
1674620 1161
1674630 1156
1674640 1156
1674650 1147
1674660 1146
1674670 1146
1674680 1141
1674690 1141
1674700 1141
1674710 1146
1674720 1155
1674730 1155
1674740 1165
1674750 1178
1674760 1178
1674770 1187
1674780 1197
1674790 1197
1674800 1207
1674810 1218
1674820 1218
1674830 1216
1674840 1217
1674850 1217
1674860 1220
1674870 1227
1674880 1227
1674890 1235
1674900 1244
1674910 1257
1674920 1257
1674930 1262
1674940 1271
1674950 1271
1674960 1282
1674970 1291
1674980 1291
1674990 1297
1675000 1304
1675010 1304
1675020 1311
1675030 1317
1675040 1317
1675050 1324
1675060 1332
1675070 1332
1675080 1341
1675090 1352
1675100 1352
1675110 1356
1675120 1362
1675130 1362
1675140 1366
1675150 1369
1675160 1369
1675170 1368
1675180 1368
1675190 1360
1675200 1361
1675210 1365
1675220 1365
1675230 1368
1675240 1368
1675250 1368
1675260 1367
1675270 1368
1675280 1368
1675290 1367
1675300 1367
1675310 1367
1675320 1367
1675330 1367
1675340 1367
1675350 1367
1675360 1366
1675370 1365
1675380 1365
1675390 1368
1675400 1372
1675410 1372
1675420 1377
1675430 1383
1675440 1383
1675450 1387
1675460 1391
1675470 1391
1675480 1393
1675490 1395
1675500 1395
1675510 1396
1675520 1396
1675530 1396
1675540 1399
1675550 1403
1675560 1403
1675570 1407
1675580 1412
1675590 1412
1675600 1418
1675610 1424
1675620 1424
1675630 1429
1675640 1434
1675650 1434
1675660 1438
1675670 1444
1675680 1444
1675690 1448
1675700 1453
1675710 1453
1675720 1459
1675730 1465
1675740 1465
1675750 1470
1675760 1476
1675770 1480
1675780 1480
1675790 1486
1675800 1491
1675810 1491
1675820 1496
1675830 1502
1675840 1502
1675850 1507
1675860 1515
1675870 1515
1675880 1523
1675890 1531
1675900 1531
1675910 1538
1675920 1545
1675930 1545
1675940 1552
1675950 1559
1675960 1559
1675970 1567
1675980 1574
1675990 1574
1676000 1582
1676010 1589
1676020 1589
1676030 1597
1676040 1604
1676050 1604
1676060 1615
1676070 1623
1676080 1623
1676090 1632
1676100 1649
1676110 1649
1676120 1657
1676130 1664
1676140 1664
1676150 1672
1676160 1679
1676170 1679
1676180 1691
1676190 1701
1676200 1701
1676210 1729
1676220 1738
1676230 1743
1676240 1743
1676250 1749
1676260 1754
1676270 1754
1676280 1762
1676290 1772
1676300 1772
1676310 1776
1676320 1779
1676330 1779
1676340 1784
1676350 1792
1676360 1792
1676370 1792
1676380 1796
1676390 1796
1676400 1803
1676410 1803
1676420 1803
1676430 1813
1676440 1827
1676450 1827
1676460 1833
1676470 1829
1676480 1829
1676490 1823
1676500 1813
1676510 1813
1676520 1796
1676530 1787
1676540 1787
1676550 1770
1676560 1752
1676570 1752
1676580 1722
1676590 1700
1676600 1700
1676610 1688
1676620 1681
1676630 1681
1676640 1675
1676650 1668
1676660 1660
1676670 1660
1676680 1653
1676690 1645
1676700 1645
1676710 1637
1676720 1630
1676730 1630
1676740 1623
1676750 1616
1676760 1616
1676770 1608
1676780 1601
1676790 1601
1676800 1594
1676810 1587
1676820 1587
1676830 1579
1676840 1573
1676850 1573
1676860 1566
1676870 1560
1676880 1560
1676890 1553
1676900 1548
1676910 1548
1676920 1541
1676930 1536
1676940 1536
1676950 1531
1676960 1527
1676970 1527
1676980 1522
1676990 1518
1677000 1518
1677010 1515
1677020 1511
1677030 1511
1677040 1508
1677050 1504
1677060 1504
1677070 1502
1677080 1499
1677090 1498
1677100 1498
1677110 1496
1677120 1496
1677130 1496
1677140 1497
1677150 1499
1677160 1499
1677170 1498
1677180 1499
1677190 1499
1677200 1499
1677210 1499
1677220 1499
1677230 1499
1677240 1499
1677250 1499
1677260 1500
1677270 1500
1677280 1500
1677290 1502
1677300 1509
1677310 1509
1677320 1521
1677330 1520
1677340 1520
1677350 1518
1677360 1519
1677370 1519
1677380 1520
1677390 1522
1677400 1522
1677410 1518
1677420 1515
1677430 1515
1677440 1513
1677450 1511
1677460 1511
1677470 1509
1677480 1509
1677490 1509
1677500 1510
1677510 1514
1677520 1514
1677530 1518
1677540 1525
1677550 1531
1677560 1531
1677570 1537
1677580 1544
1677590 1544
1677600 1545
1677610 1548
1677620 1548
1677630 1555
1677640 1557
1677650 1557
1677660 1563
1677670 1567
1677680 1567
1677690 1574
1677700 1578
1677710 1578
1677720 1581
1677730 1584
1677740 1584
1677750 1585
1677760 1587
1677770 1587
1677780 1588
1677790 1589
1677800 1589
1677810 1590
1677820 1591
1677830 1591
1677840 1590
1677850 1591
1677860 1591
1677870 1590
1677880 1589
1677890 1589
1677900 1587
1677910 1585
1677920 1585
1677930 1580
1677940 1572
1677950 1572
1677960 1563
1677970 1554
1677980 1545
1677990 1545
1678000 1537
1678010 1529
1678020 1529
1678030 1517
1678040 1507
1678050 1507
1678060 1499
1678070 1477
1678080 1477
1678090 1469
1678100 1453
1678110 1453
1678120 1438
1678130 1431
1678140 1431
1678150 1426
1678160 1419
1678170 1419
1678180 1414
1678190 1410
1678200 1410
1678210 1405
1678220 1402
1678230 1402
1678240 1398
1678250 1394
1678260 1394
1678270 1390
1678280 1387
1678290 1387
1678300 1384
1678310 1380
1678320 1380
1678330 1376
1678340 1372
1678350 1372
1678360 1368
1678370 1364
1678380 1364
1678390 1362
1678400 1360
1678410 1354
1678420 1354
1678430 1345
1678440 1339
1678450 1339
1678460 1337
1678470 1333
1678480 1333
1678490 1330
1678500 1328
1678510 1328
1678520 1328
1678530 1330
1678540 1330
1678550 1333
1678560 1337
1678570 1337
1678580 1342
1678590 1351
1678600 1351
1678610 1354
1678620 1374
1678630 1374
1678640 1373
1678650 1368
1678660 1368
1678670 1369
1678680 1366
1678690 1366
1678700 1365
1678710 1365
1678720 1365
1678730 1364
1678740 1365
1678750 1365
1678760 1368
1678770 1373
1678780 1373
1678790 1380
1678800 1389
1678810 1389
1678820 1393
1678830 1398
1678840 1398
1678850 1405
1678860 1413
1678870 1420
1678880 1420
1678890 1429
1678900 1443
1678910 1443
1678920 1454
1678930 1459
1678940 1459
1678950 1467
1678960 1482
1678970 1482
1678980 1505
1678990 1495
1679000 1495
1679010 1486
1679020 1476
1679030 1476
1679040 1463
1679050 1454
1679060 1454
1679070 1448
1679080 1442
1679090 1442
1679100 1435
1679110 1429
1679120 1429
1679130 1424
1679140 1421
1679150 1421
1679160 1416
1679170 1411
1679180 1411
1679190 1407
1679200 1402
1679210 1402
1679220 1397
1679230 1394
1679240 1394
1679250 1393
1679260 1391
1679270 1391
1679280 1391
1679290 1387
1679300 1385
1679310 1385
1679320 1390
1679330 1399
1679340 1399
1679350 1401
1679360 1401
1679370 1401
1679380 1403
1679390 1407
1679400 1407
1679410 1406
1679420 1408
1679430 1408
1679440 1409
1679450 1409
1679460 1409
1679470 1408
1679480 1408
1679490 1408
1679500 1410
1679510 1411
1679520 1411
1679530 1412
1679540 1417
1679550 1417
1679560 1425
1679570 1434
1679580 1434
1679590 1445
1679600 1451
1679610 1451
1679620 1455
1679630 1458
1679640 1458
1679650 1460
1679660 1465
1679670 1465
1679680 1470
1679690 1474
1679700 1474
1679710 1478
1679720 1482
1679730 1484
1679740 1484
1679750 1485
1679760 1486
1679770 1486
1679780 1485
1679790 1485
1679800 1485
1679810 1483
1679820 1482
1679830 1482
1679840 1480
1679850 1477
1679860 1477
1679870 1474
1679880 1471
1679890 1471
1679900 1467
1679910 1464
1679920 1464
1679930 1459
1679940 1452
1679950 1452
1679960 1446
1679970 1440
1679980 1440
1679990 1435
