1660000 1009
1660010 1019
1660020 1027
1660030 1027
1660040 1037
1660050 1046
1660060 1046
1660070 1058
1660080 1075
1660090 1075
1660100 1082
1660110 1087
1660120 1092
1660130 1092
1660140 1109
1660150 1109
1660160 1109
1660170 1112
1660180 1118
1660190 1118
1660200 1122
1660210 1129
1660220 1129
1660230 1137
1660240 1144
1660250 1144
1660260 1157
1660270 1168
1660280 1168
1660290 1177
1660300 1187
1660310 1187
1660320 1190
1660330 1190
1660340 1190
1660350 1192
1660360 1195
1660370 1195
1660380 1201
1660390 1208
1660400 1208
1660410 1213
1660420 1217
1660430 1217
1660440 1218
1660450 1218
1660460 1218
1660470 1217
1660480 1216
1660490 1216
1660500 1217
1660510 1218
1660520 1218
1660530 1221
1660540 1222
1660550 1222
1660560 1224
1660570 1228
1660580 1234
1660590 1234
1660600 1243
1660610 1244
1660620 1244
1660630 1244
1660640 1242
1660650 1242
1660660 1237
1660670 1230
1660680 1230
1660690 1225
1660700 1219
1660710 1219
1660720 1211
1660730 1206
1660740 1206
1660750 1198
1660760 1194
1660770 1194
1660780 1190
1660790 1186
1660800 1186
1660810 1182
1660820 1177
1660830 1177
1660840 1172
1660850 1168
1660860 1168
1660870 1163
1660880 1159
1660890 1159
1660900 1155
1660910 1152
1660920 1152
1660930 1148
1660940 1144
1660950 1144
1660960 1140
1660970 1134
1660980 1134
1660990 1129
1661000 1125
1661010 1115
1661020 1115
1661030 1104
1661040 1095
1661050 1095
1661060 1088
1661070 1078
1661080 1078
1661090 1071
1661100 1061
1661110 1061
1661120 1053
1661130 1044
1661140 1044
1661150 1038
1661160 1034
1661170 1034
1661180 1026
1661190 1019
1661200 1019
1661210 1012
1661220 1006
1661230 1006
1661240 998
1661250 992
1661260 992
1661270 986
1661280 980
1661290 980
1661300 973
1661310 968
1661320 968
1661330 963
1661340 958
1661350 958
1661360 956
1661370 954
1661380 954
1661390 949
1661400 941
1661410 941
1661420 938
1661430 935
1661440 935
1661450 932
1661460 929
1661470 927
1661480 927
1661490 922
1661500 921
1661510 921
1661520 922
1661530 927
1661540 927
1661550 932
1661560 936
1661570 936
1661580 935
1661590 934
1661600 934
1661610 933
1661620 931
1661630 931
1661640 932
1661650 935
1661660 935
1661670 937
1661680 938
1661690 938
1661700 941
1661710 946
1661720 946
1661730 949
1661740 947
1661750 947
1661760 942
1661770 937
1661780 937
1661790 933
1661800 928
1661810 928
1661820 923
1661830 918
1661840 918
1661850 914
1661860 910
1661870 910
1661880 907
1661890 904
1661900 904
1661910 901
1661920 898
1661930 895
1661940 895
1661950 892
1661960 890
1661970 890
1661980 887
1661990 884
1662000 884
1662010 879
1662020 873
1662030 873
1662040 866
1662050 860
1662060 860
1662070 853
1662080 846
1662090 846
1662100 839
1662110 831
1662120 831
1662130 824
1662140 817
1662150 817
1662160 810
1662170 803
1662180 803
1662190 795
1662200 788
1662210 788
1662220 780
1662230 772
1662240 772
1662250 764
1662260 755
1662270 755
1662280 747
1662290 738
1662300 738
1662310 730
1662320 723
1662330 723
1662340 718
1662350 710
1662360 710
1662370 703
1662380 695
1662390 685
1662400 685
1662410 681
1662420 679
1662430 679
1662440 676
1662450 684
1662460 684
1662470 691
1662480 695
1662490 695
1662500 695
1662510 692
1662520 692
1662530 691
1662540 690
1662550 690
1662560 688
1662570 688
1662580 688
1662590 688
1662600 686
1662610 686
1662620 684
1662630 683
1662640 683
1662650 681
1662660 685
1662670 685
1662680 686
1662690 695
1662700 695
1662710 699
1662720 703
1662730 703
1662740 707
1662750 710
1662760 710
1662770 712
1662780 715
1662790 715
1662800 717
1662810 714
1662820 712
1662830 712
1662840 711
1662850 710
1662860 710
1662870 708
1662880 704
1662890 704
1662900 697
1662910 693
1662920 693
1662930 690
1662940 685
1662950 685
1662960 679
1662970 676
1662980 676
1662990 673
1663000 669
1663010 669
1663020 668
1663030 661
1663040 661
1663050 652
1663060 649
1663070 649
1663080 654
1663090 654
1663100 654
1663110 655
1663120 655
1663130 655
1663140 655
1663150 656
1663160 656
1663170 659
1663180 661
1663190 661
1663200 661
1663210 662
1663220 662
1663230 665
1663240 667
1663250 667
1663260 672
1663270 663
1663280 659
1663290 659
1663300 656
1663310 655
1663320 655
1663330 651
1663340 646
1663350 646
1663360 642
1663370 637
1663380 637
1663390 634
1663400 630
1663410 630
1663420 626
1663430 623
1663440 623
1663450 618
1663460 617
1663470 617
1663480 613
1663490 614
1663500 614
1663510 614
1663520 613
1663530 613
1663540 614
1663550 615
1663560 615
1663570 617
1663580 619
1663590 619
1663600 619
1663610 620
1663620 620
1663630 620
1663640 623
1663650 623
1663660 629
1663670 633
1663680 633
1663690 635
1663700 637
1663710 637
1663720 640
1663730 638
1663740 633
1663750 633
1663760 628
1663770 617
1663780 617
1663790 605
1663800 597
1663810 597
1663820 591
1663830 582
1663840 582
1663850 575
1663860 572
1663870 572
1663880 572
1663890 572
1663900 572
1663910 570
1663920 569
1663930 569
1663940 569
1663950 570
1663960 570
1663970 571
1663980 573
1663990 573
1664000 573
1664010 574
1664020 574
1664030 574
1664040 574
1664050 574
1664060 574
1664070 574
1664080 574
1664090 574
1664100 574
1664110 574
1664120 574
1664130 572
1664140 572
1664150 573
1664160 574
1664170 574
1664180 572
1664190 574
1664200 573
1664210 573
1664220 572
1664230 571
1664240 571
1664250 571
1664260 571
1664270 571
1664280 571
1664290 571
1664300 571
1664310 571
1664320 571
1664330 571
1664340 571
1664350 571
1664360 571
1664370 571
1664380 570
1664390 570
1664400 570
1664410 570
1664420 570
1664430 571
1664440 571
1664450 571
1664460 571
1664470 571
1664480 571
1664490 570
1664500 571
1664510 571
1664520 572
1664530 573
1664540 573
1664550 575
1664560 578
1664570 578
1664580 582
1664590 587
1664600 587
1664610 592
1664620 592
1664630 591
1664640 591
1664650 597
1664660 603
1664670 603
1664680 610
1664690 616
1664700 616
1664710 620
1664720 622
1664730 622
1664740 624
1664750 628
1664760 628
1664770 633
1664780 640
1664790 640
1664800 644
1664810 648
1664820 648
1664830 649
1664840 654
1664850 654
1664860 661
1664870 665
1664880 665
1664890 666
1664900 667
1664910 667
1664920 673
1664930 678
1664940 678
1664950 684
1664960 691
1664970 691
1664980 699
1664990 704
1665000 704
1665010 709
1665020 714
1665030 714
1665040 716
1665050 721
1665060 721
1665070 728
1665080 735
1665090 742
1665100 742
1665110 749
1665120 756
1665130 756
1665140 763
1665150 771
1665160 771
1665170 777
1665180 784
1665190 784
1665200 792
1665210 797
1665220 797
1665230 805
1665240 813
1665250 813
1665260 821
1665270 826
1665280 826
1665290 826
1665300 824
1665310 824
1665320 820
1665330 818
1665340 818
1665350 817
1665360 818
1665370 818
1665380 821
1665390 825
1665400 825
1665410 827
1665420 828
1665430 828
1665440 827
1665450 825
1665460 825
1665470 819
1665480 814
1665490 814
1665500 808
1665510 801
1665520 801
1665530 794
1665540 787
1665550 781
1665560 781
1665570 774
1665580 767
1665590 767
1665600 763
1665610 767
1665620 767
1665630 770
1665640 772
1665650 772
1665660 770
1665670 767
1665680 767
1665690 759
1665700 753
1665710 753
1665720 745
1665730 738
1665740 738
1665750 730
1665760 729
1665770 729
1665780 734
1665790 738
1665800 738
1665810 741
1665820 745
1665830 745
1665840 748
1665850 747
1665860 747
1665870 748
1665880 751
1665890 751
1665900 756
1665910 760
1665920 760
1665930 763
1665940 765
1665950 765
1665960 766
1665970 765
1665980 765
1665990 761
1666000 758
1666010 756
1666020 756
1666030 751
1666040 747
1666050 747
1666060 744
1666070 748
1666080 748
1666090 756
1666100 764
1666110 764
1666120 772
1666130 777
1666140 777
1666150 779
1666160 779
1666170 779
1666180 778
1666190 778
1666200 778
1666210 781
1666220 785
1666230 785
1666240 792
1666250 799
1666260 799
1666270 798
1666280 799
1666290 799
1666300 800
1666310 799
1666320 799
1666330 800
1666340 804
1666350 804
1666360 807
1666370 813
1666380 813
1666390 819
1666400 823
1666410 823
1666420 821
1666430 815
1666440 808
1666450 808
1666460 802
1666470 798
1666480 798
1666490 798
1666500 794
1666510 794
1666520 793
1666530 787
1666540 787
1666550 786
1666560 785
1666570 785
1666580 783
1666590 780
1666600 780
1666610 777
1666620 772
1666630 772
1666640 767
1666650 762
1666660 762
1666670 760
1666680 759
1666690 759
1666700 752
1666710 746
1666720 746
1666730 739
1666740 731
1666750 731
1666760 725
1666770 718
1666780 718
1666790 714
1666800 708
1666810 708
1666820 703
1666830 698
1666840 698
1666850 692
1666860 686
1666870 686
1666880 680
1666890 675
1666900 674
1666910 674
1666920 669
1666930 664
1666940 664
1666950 669
1666960 670
1666970 670
1666980 671
1666990 672
1667000 672
1667010 674
1667020 676
1667030 676
1667040 680
1667050 683
1667060 683
1667070 688
1667080 690
1667090 690
1667100 689
1667110 687
1667120 687
1667130 688
1667140 692
1667150 692
1667160 698
1667170 698
1667180 698
1667190 695
1667200 693
1667210 693
1667220 694
1667230 692
1667240 692
1667250 688
1667260 682
1667270 682
1667280 677
1667290 669
1667300 669
1667310 658
1667320 652
1667330 652
1667340 646
1667350 641
1667360 635
1667370 635
1667380 631
1667390 627
1667400 627
1667410 621
1667420 626
1667430 626
1667440 635
1667450 648
1667460 648
1667470 656
1667480 663
1667490 663
1667500 669
1667510 674
1667520 674
1667530 680
1667540 690
1667550 690
1667560 695
1667570 700
1667580 700
1667590 704
1667600 707
1667610 707
1667620 709
1667630 709
1667640 709
1667650 711
1667660 709
1667670 709
1667680 709
1667690 712
1667700 712
1667710 714
1667720 715
1667730 715
1667740 713
1667750 713
1667760 713
1667770 710
1667780 709
1667790 709
1667800 710
1667810 710
1667820 708
1667830 708
1667840 706
1667850 709
1667860 709
1667870 713
1667880 717
1667890 717
1667900 720
1667910 723
1667920 723
1667930 726
1667940 729
1667950 729
1667960 731
1667970 726
1667980 726
1667990 718
1668000 722
1668010 722
1668020 724
1668030 726
1668040 726
1668050 729
1668060 732
1668070 732
1668080 734
1668090 735
1668100 735
1668110 737
1668120 737
1668130 737
1668140 738
1668150 743
1668160 743
1668170 746
1668180 750
1668190 750
1668200 753
1668210 755
1668220 755
1668230 756
1668240 758
1668250 760
1668260 760
1668270 755
1668280 748
1668290 748
1668300 756
1668310 762
1668320 762
1668330 766
1668340 774
1668350 774
1668360 785
1668370 797
1668380 797
1668390 804
1668400 812
1668410 812
1668420 818
1668430 821
1668440 821
1668450 820
1668460 818
1668470 818
1668480 816
1668490 817
1668500 817
1668510 817
1668520 816
1668530 816
1668540 821
1668550 824
1668560 824
1668570 824
1668580 820
1668590 820
1668600 816
1668610 811
1668620 811
1668630 805
1668640 800
1668650 800
1668660 795
1668670 795
1668680 795
1668690 792
1668700 793
1668710 799
1668720 799
1668730 802
1668740 807
1668750 807
1668760 812
1668770 816
1668780 816
1668790 820
1668800 825
1668810 825
1668820 829
1668830 832
1668840 832
1668850 833
1668860 834
1668870 834
1668880 836
1668890 837
1668900 837
1668910 839
1668920 844
1668930 844
1668940 851
1668950 854
1668960 854
1668970 858
1668980 856
1668990 856
1669000 854
1669010 858
1669020 858
1669030 864
1669040 871
1669050 871
1669060 879
1669070 891
1669080 891
1669090 895
1669100 897
1669110 897
1669120 896
1669130 894
1669140 894
1669150 899
1669160 901
1669170 899
1669180 899
1669190 896
1669200 894
1669210 894
1669220 895
1669230 892
1669240 892
1669250 886
1669260 881
1669270 881
1669280 872
1669290 863
1669300 863
1669310 856
1669320 849
1669330 849
1669340 843
1669350 840
1669360 840
1669370 839
1669380 835
1669390 835
1669400 829
1669410 821
1669420 821
1669430 816
1669440 809
1669450 809
1669460 803
1669470 795
1669480 795
1669490 789
1669500 785
1669510 785
1669520 781
1669530 776
1669540 776
1669550 771
1669560 764
1669570 764
1669580 760
1669590 764
1669600 764
1669610 766
1669620 768
1669630 768
1669640 768
1669650 772
1669660 775
1669670 775
1669680 778
1669690 779
1669700 779
1669710 782
1669720 785
1669730 785
1669740 788
1669750 792
1669760 792
1669770 797
1669780 802
1669790 802
1669800 807
1669810 811
1669820 811
1669830 814
1669840 814
1669850 814
1669860 816
1669870 819
1669880 819
1669890 822
1669900 824
1669910 824
1669920 826
1669930 828
1669940 828
1669950 831
1669960 832
1669970 832
1669980 832
1669990 831
1670000 831
1670010 830
1670020 829
1670030 829
1670040 826
1670050 819
1670060 819
1670070 813
1670080 806
1670090 800
1670100 800
1670110 798
1670120 794
1670130 794
1670140 786
1670150 780
1670160 780
1670170 775
1670180 772
1670190 772
1670200 770
1670210 766
1670220 766
1670230 761
1670240 757
1670250 757
1670260 758
1670270 756
1670280 756
1670290 753
1670300 749
1670310 749
1670320 744
1670330 741
1670340 741
1670350 741
1670360 743
1670370 743
1670380 743
1670390 744
1670400 744
1670410 742
1670420 738
1670430 738
1670440 734
1670450 728
1670460 728
1670470 721
1670480 721
1670490 721
1670500 727
1670510 736
1670520 742
1670530 742
1670540 747
1670550 749
1670560 749
1670570 751
1670580 757
1670590 757
1670600 762
1670610 768
1670620 768
1670630 774
1670640 780
1670650 780
1670660 786
1670670 790
1670680 790
1670690 792
1670700 795
1670710 795
1670720 793
1670730 795
1670740 795
1670750 800
1670760 804
1670770 804
1670780 806
1670790 810
1670800 810
1670810 817
1670820 823
1670830 823
1670840 828
1670850 833
1670860 833
1670870 838
1670880 842
1670890 842
1670900 847
1670910 850
1670920 850
1670930 855
1670940 858
1670950 858
1670960 862
1670970 865
1670980 870
1670990 870
1671000 875
1671010 880
1671020 880
1671030 885
1671040 891
1671050 891
1671060 895
1671070 899
1671080 899
1671090 899
1671100 901
1671110 901
1671120 904
1671130 910
1671140 910
1671150 915
1671160 919
1671170 919
1671180 924
1671190 929
1671200 929
1671210 933
1671220 936
1671230 936
1671240 937
1671250 940
1671260 940
1671270 944
1671280 948
1671290 948
1671300 954
1671310 954
1671320 954
1671330 955
1671340 957
1671350 957
1671360 958
1671370 958
1671380 958
1671390 957
1671400 953
1671410 953
1671420 948
1671430 945
1671440 940
1671450 940
1671460 937
1671470 935
1671480 935
1671490 935
1671500 933
1671510 933
1671520 936
1671530 932
1671540 932
1671550 925
1671560 919
1671570 919
1671580 913
1671590 906
1671600 906
1671610 898
1671620 892
1671630 892
1671640 886
1671650 881
1671660 881
1671670 877
1671680 873
1671690 873
1671700 869
1671710 864
1671720 864
1671730 863
1671740 865
1671750 865
1671760 869
1671770 873
1671780 873
1671790 879
1671800 884
1671810 884
1671820 889
1671830 895
1671840 895
1671850 902
1671860 908
1671870 908
1671880 914
1671890 919
1671900 921
1671910 921
1671920 921
1671930 918
1671940 918
1671950 916
1671960 915
1671970 915
1671980 915
1671990 913
1672000 913
1672010 913
1672020 911
1672030 911
1672040 908
1672050 907
1672060 907
1672070 910
1672080 907
1672090 907
1672100 906
1672110 903
1672120 903
1672130 901
1672140 897
1672150 897
1672160 895
1672170 892
1672180 892
1672190 895
1672200 900
1672210 900
1672220 906
1672230 914
1672240 914
1672250 918
1672260 923
1672270 923
1672280 927
1672290 930
1672300 930
1672310 932
1672320 935
1672330 936
1672340 936
1672350 938
1672360 938
1672370 938
1672380 937
1672390 937
1672400 937
1672410 935
1672420 936
1672430 936
1672440 937
1672450 939
1672460 939
1672470 942
1672480 944
1672490 944
1672500 947
1672510 950
1672520 950
1672530 953
1672540 955
1672550 955
1672560 956
1672570 956
1672580 956
1672590 956
1672600 956
1672610 956
1672620 955
1672630 953
1672640 953
1672650 949
1672660 945
1672670 945
1672680 941
1672690 936
1672700 936
1672710 930
1672720 924
1672730 924
1672740 919
1672750 914
1672760 914
1672770 910
1672780 906
1672790 900
1672800 900
1672810 897
1672820 893
1672830 893
1672840 890
1672850 889
1672860 889
1672870 892
1672880 892
1672890 892
1672900 891
1672910 888
1672920 888
1672930 886
1672940 883
1672950 883
1672960 879
1672970 877
1672980 877
1672990 873
1673000 868
1673010 868
1673020 867
1673030 861
1673040 861
1673050 858
1673060 857
1673070 857
1673080 858
1673090 855
1673100 855
1673110 852
1673120 849
1673130 849
1673140 851
1673150 851
1673160 851
1673170 849
1673180 843
1673190 843
1673200 832
1673210 829
1673220 829
1673230 843
1673240 847
1673250 849
1673260 849
1673270 852
1673280 855
1673290 855
1673300 855
1673310 858
1673320 858
1673330 860
1673340 864
1673350 864
1673360 868
1673370 871
1673380 871
1673390 870
1673400 869
1673410 869
1673420 870
1673430 867
1673440 867
1673450 862
1673460 857
1673470 857
1673480 850
1673490 846
1673500 846
1673510 838
1673520 833
1673530 833
1673540 832
1673550 836
1673560 836
1673570 840
1673580 843
1673590 843
1673600 847
1673610 849
1673620 849
1673630 850
1673640 845
1673650 845
1673660 847
1673670 850
1673680 850
1673690 855
1673700 861
1673710 864
1673720 864
1673730 869
1673740 873
1673750 873
1673760 881
1673770 889
1673780 889
1673790 895
1673800 896
1673810 896
1673820 902
1673830 909
1673840 909
1673850 917
1673860 925
1673870 925
1673880 932
1673890 937
1673900 937
1673910 938
1673920 941
1673930 941
1673940 941
1673950 932
1673960 932
1673970 924
1673980 918
1673990 918
1674000 914
1674010 911
1674020 911
1674030 907
1674040 902
1674050 902
1674060 897
1674070 893
1674080 893
1674090 891
1674100 893
1674110 893
1674120 892
1674130 891
1674140 890
1674150 890
1674160 893
1674170 898
1674180 898
1674190 904
1674200 903
1674210 903
1674220 902
1674230 899
1674240 899
1674250 892
1674260 886
1674270 886
1674280 885
1674290 883
1674300 883
1674310 879
1674320 874
1674330 874
1674340 868
1674350 861
1674360 861
1674370 855
1674380 848
1674390 848
1674400 840
1674410 831
1674420 831
1674430 827
1674440 827
1674450 827
1674460 830
1674470 828
1674480 828
1674490 832
1674500 826
1674510 826
1674520 817
1674530 809
1674540 809
1674550 805
1674560 800
1674570 800
1674580 796
1674590 791
1674600 785
1674610 785
1674620 780
1674630 778
1674640 778
1674650 778
1674660 760
1674670 760
1674680 748
1674690 740
1674700 740
1674710 741
1674720 741
1674730 741
1674740 746
1674750 752
1674760 752
1674770 751
1674780 747
1674790 747
1674800 750
1674810 748
1674820 748
1674830 749
1674840 753
1674850 753
1674860 757
1674870 774
1674880 774
1674890 779
1674900 782
1674910 782
1674920 785
1674930 788
1674940 788
1674950 793
1674960 797
1674970 797
1674980 799
1674990 802
1675000 802
1675010 803
1675020 808
1675030 808
1675040 810
1675050 811
1675060 816
1675070 816
1675080 822
1675090 823
1675100 823
1675110 827
1675120 832
1675130 832
1675140 837
1675150 839
1675160 839
1675170 839
1675180 837
1675190 837
1675200 836
1675210 835
1675220 835
1675230 833
1675240 831
1675250 831
1675260 829
1675270 830
1675280 830
1675290 829
1675300 828
1675310 828
1675320 828
1675330 827
1675340 827
1675350 825
1675360 822
1675370 822
1675380 817
1675390 813
1675400 813
1675410 806
1675420 801
1675430 801
1675440 803
1675450 815
1675460 815
1675470 824
1675480 821
1675490 821
1675500 821
1675510 821
1675520 824
1675530 824
1675540 824
1675550 820
1675560 820
1675570 819
1675580 814
1675590 814
1675600 811
1675610 808
1675620 808
1675630 806
1675640 805
1675650 805
1675660 808
1675670 806
1675680 806
1675690 811
1675700 809
1675710 809
1675720 807
1675730 806
1675740 806
1675750 807
1675760 809
1675770 809
1675780 810
1675790 810
1675800 810
1675810 827
1675820 821
1675830 821
1675840 817
1675850 826
1675860 826
1675870 848
1675880 854
1675890 854
1675900 850
1675910 852
1675920 852
1675930 854
1675940 854
1675950 859
1675960 859
1675970 866
1675980 872
1675990 872
1676000 877
1676010 883
1676020 883
1676030 889
1676040 896
1676050 896
1676060 901
1676070 905
1676080 905
1676090 909
1676100 913
1676110 913
1676120 918
1676130 923
1676140 923
1676150 928
1676160 930
1676170 930
1676180 932
1676190 934
1676200 934
1676210 935
1676220 924
1676230 924
1676240 899
1676250 889
1676260 889
1676270 890
1676280 891
1676290 891
1676300 900
1676310 905
1676320 905
1676330 907
1676340 916
1676350 916
1676360 937
1676370 962
1676380 962
1676390 983
1676400 993
1676410 1002
1676420 1002
1676430 1013
1676440 1028
1676450 1028
1676460 1038
1676470 1046
1676480 1046
1676490 1051
1676500 1055
1676510 1055
1676520 1062
1676530 1069
1676540 1069
1676550 1076
1676560 1083
1676570 1083
1676580 1089
1676590 1095
1676600 1095
1676610 1101
1676620 1107
1676630 1107
1676640 1111
1676650 1114
1676660 1114
1676670 1114
1676680 1114
1676690 1114
1676700 1114
1676710 1112
1676720 1112
1676730 1112
1676740 1106
1676750 1106
1676760 1100
1676770 1095
1676780 1095
1676790 1090
1676800 1082
1676810 1082
1676820 1075
1676830 1069
1676840 1069
1676850 1073
1676860 1082
1676870 1092
1676880 1092
1676890 1107
1676900 1116
1676910 1116
1676920 1122
1676930 1127
1676940 1127
1676950 1134
1676960 1142
1676970 1142
1676980 1148
1676990 1151
1677000 1151
1677010 1156
1677020 1154
1677030 1154
1677040 1157
1677050 1156
1677060 1156
1677070 1162
1677080 1163
1677090 1163
1677100 1170
1677110 1174
1677120 1174
1677130 1168
1677140 1169
1677150 1169
1677160 1170
1677170 1162
1677180 1162
1677190 1163
1677200 1160
1677210 1160
1677220 1165
1677230 1161
1677240 1161
1677250 1161
1677260 1163
1677270 1163
1677280 1163
1677290 1166
1677300 1166
1677310 1178
1677320 1187
1677330 1196
1677340 1196
1677350 1202
1677360 1204
1677370 1204
1677380 1201
1677390 1217
1677400 1217
1677410 1241
1677420 1240
1677430 1240
1677440 1251
1677450 1261
1677460 1261
1677470 1269
1677480 1276
1677490 1276
1677500 1282
1677510 1290
1677520 1290
1677530 1285
1677540 1287
1677550 1287
1677560 1280
1677570 1271
1677580 1271
1677590 1266
1677600 1278
1677610 1278
1677620 1279
1677630 1284
1677640 1284
1677650 1279
1677660 1290
1677670 1290
1677680 1296
1677690 1297
1677700 1297
1677710 1290
1677720 1288
1677730 1288
1677740 1294
1677750 1304
1677760 1309
1677770 1309
1677780 1310
1677790 1306
1677800 1306
1677810 1309
1677820 1317
1677830 1317
1677840 1326
1677850 1339
1677860 1339
1677870 1353
1677880 1363
1677890 1363
1677900 1370
1677910 1379
1677920 1379
1677930 1389
1677940 1399
1677950 1399
1677960 1408
1677970 1416
1677980 1416
1677990 1422
1678000 1427
1678010 1427
1678020 1423
1678030 1418
1678040 1418
1678050 1422
1678060 1425
1678070 1425
1678080 1427
1678090 1431
1678100 1431
1678110 1437
1678120 1439
1678130 1439
1678140 1440
1678150 1441
1678160 1441
1678170 1441
1678180 1447
1678190 1447
1678200 1454
1678210 1463
1678220 1472
1678230 1472
1678240 1476
1678250 1479
1678260 1479
1678270 1486
1678280 1491
1678290 1491
1678300 1497
1678310 1501
1678320 1501
1678330 1506
1678340 1512
1678350 1512
1678360 1518
1678370 1524
1678380 1524
1678390 1529
1678400 1534
1678410 1534
1678420 1540
1678430 1546
1678440 1546
1678450 1552
1678460 1560
1678470 1560
1678480 1567
1678490 1574
1678500 1574
1678510 1583
1678520 1590
1678530 1590
1678540 1595
1678550 1598
1678560 1598
1678570 1602
1678580 1606
1678590 1606
1678600 1610
1678610 1613
1678620 1613
1678630 1617
1678640 1621
1678650 1621
1678660 1625
1678670 1629
1678680 1632
1678690 1632
1678700 1635
1678710 1639
1678720 1639
1678730 1641
1678740 1638
1678750 1638
1678760 1635
1678770 1635
1678780 1635
1678790 1634
1678800 1633
1678810 1633
1678820 1630
1678830 1627
1678840 1627
1678850 1627
1678860 1625
1678870 1625
1678880 1623
1678890 1621
1678900 1621
1678910 1620
1678920 1620
1678930 1620
1678940 1621
1678950 1621
1678960 1621
1678970 1621
1678980 1621
1678990 1621
1679000 1621
1679010 1620
1679020 1620
1679030 1621
1679040 1624
1679050 1624
1679060 1627
1679070 1629
1679080 1629
1679090 1631
1679100 1633
1679110 1633
1679120 1634
1679130 1637
1679140 1638
1679150 1638
1679160 1641
1679170 1642
1679180 1642
1679190 1644
1679200 1646
1679210 1646
1679220 1647
1679230 1649
1679240 1649
1679250 1650
1679260 1652
1679270 1652
1679280 1653
1679290 1654
1679300 1654
1679310 1655
1679320 1656
1679330 1656
1679340 1657
1679350 1658
1679360 1658
1679370 1659
1679380 1660
1679390 1660
1679400 1661
1679410 1663
1679420 1663
1679430 1664
1679440 1665
1679450 1665
1679460 1667
1679470 1668
1679480 1668
1679490 1670
1679500 1672
1679510 1672
1679520 1674
1679530 1677
1679540 1677
1679550 1679
1679560 1681
1679570 1684
1679580 1684
1679590 1686
1679600 1689
1679610 1689
1679620 1692
1679630 1694
1679640 1694
1679650 1698
1679660 1701
1679670 1701
1679680 1704
1679690 1707
1679700 1707
1679710 1711
1679720 1714
1679730 1714
1679740 1718
1679750 1722
1679760 1722
1679770 1726
1679780 1728
1679790 1728
1679800 1730
1679810 1732
1679820 1732
1679830 1734
1679840 1736
1679850 1736
1679860 1737
1679870 1737
1679880 1737
1679890 1738
1679900 1739
1679910 1739
1679920 1738
1679930 1739
1679940 1739
1679950 1739
1679960 1739
1679970 1739
1679980 1739
1679990 1739
