1660000 1756
1660010 1756
1660020 1753
1660030 1754
1660040 1754
1660050 1754
1660060 1754
1660070 1754
1660080 1752
1660090 1750
1660100 1750
1660110 1744
1660120 1734
1660130 1734
1660140 1723
1660150 1717
1660160 1717
1660170 1710
1660180 1704
1660190 1704
1660200 1699
1660210 1694
1660220 1694
1660230 1680
1660240 1670
1660250 1670
1660260 1657
1660270 1652
1660280 1652
1660290 1637
1660300 1621
1660310 1621
1660320 1616
1660330 1611
1660340 1605
1660350 1605
1660360 1599
1660370 1594
1660380 1594
1660390 1590
1660400 1586
1660410 1586
1660420 1581
1660430 1577
1660440 1577
1660450 1572
1660460 1566
1660470 1566
1660480 1560
1660490 1557
1660500 1557
1660510 1554
1660520 1550
1660530 1550
1660540 1547
1660550 1545
1660560 1545
1660570 1543
1660580 1542
1660590 1542
1660600 1542
1660610 1542
1660620 1542
1660630 1543
1660640 1542
1660650 1542
1660660 1542
1660670 1541
1660680 1541
1660690 1543
1660700 1545
1660710 1545
1660720 1546
1660730 1546
1660740 1546
1660750 1545
1660760 1543
1660770 1543
1660780 1540
1660790 1546
1660800 1561
1660810 1561
1660820 1581
1660830 1583
1660840 1583
1660850 1580
1660860 1579
1660870 1579
1660880 1578
1660890 1576
1660900 1576
1660910 1574
1660920 1572
1660930 1572
1660940 1570
1660950 1572
1660960 1572
1660970 1585
1660980 1583
1660990 1583
1661000 1585
1661010 1588
1661020 1588
1661030 1589
1661040 1588
1661050 1588
1661060 1591
1661070 1593
1661080 1593
1661090 1592
1661100 1589
1661110 1589
1661120 1588
1661130 1583
1661140 1583
1661150 1586
1661160 1596
1661170 1596
1661180 1600
1661190 1603
1661200 1603
1661210 1604
1661220 1603
1661230 1603
1661240 1603
1661250 1605
1661260 1609
1661270 1609
1661280 1616
1661290 1622
1661300 1622
1661310 1622
1661320 1619
1661330 1619
1661340 1618
1661350 1616
1661360 1616
1661370 1613
1661380 1612
1661390 1612
1661400 1609
1661410 1607
1661420 1607
1661430 1604
1661440 1602
1661450 1602
1661460 1600
1661470 1599
1661480 1599
1661490 1596
1661500 1596
1661510 1596
1661520 1595
1661530 1593
1661540 1593
1661550 1593
1661560 1595
1661570 1595
1661580 1595
1661590 1596
1661600 1596
1661610 1598
1661620 1600
1661630 1600
1661640 1603
1661650 1605
1661660 1605
1661670 1607
1661680 1608
1661690 1608
1661700 1610
1661710 1612
1661720 1612
1661730 1613
1661740 1614
1661750 1614
1661760 1614
1661770 1614
1661780 1615
1661790 1615
1661800 1615
1661810 1615
1661820 1615
1661830 1618
1661840 1621
1661850 1621
1661860 1624
1661870 1627
1661880 1627
1661890 1631
1661900 1631
1661910 1631
1661920 1629
1661930 1624
1661940 1624
1661950 1617
1661960 1609
1661970 1609
1661980 1602
1661990 1594
1662000 1594
1662010 1588
1662020 1579
1662030 1579
1662040 1571
1662050 1563
1662060 1563
1662070 1556
1662080 1549
1662090 1549
1662100 1542
1662110 1534
1662120 1534
1662130 1527
1662140 1519
1662150 1519
1662160 1512
1662170 1506
1662180 1506
1662190 1500
1662200 1493
1662210 1486
1662220 1486
1662230 1480
1662240 1475
1662250 1475
1662260 1469
1662270 1465
1662280 1465
1662290 1460
1662300 1455
1662310 1455
1662320 1448
1662330 1441
1662340 1441
1662350 1429
1662360 1422
1662370 1422
1662380 1415
1662390 1408
1662400 1408
1662410 1402
1662420 1397
1662430 1397
1662440 1386
1662450 1373
1662460 1373
1662470 1365
1662480 1358
1662490 1358
1662500 1352
1662510 1346
1662520 1346
1662530 1341
1662540 1337
1662550 1337
1662560 1335
1662570 1334
1662580 1334
1662590 1333
1662600 1331
1662610 1331
1662620 1330
1662630 1330
1662640 1330
1662650 1329
1662660 1326
1662670 1323
1662680 1323
1662690 1319
1662700 1315
1662710 1315
1662720 1312
1662730 1308
1662740 1308
1662750 1303
1662760 1298
1662770 1298
1662780 1293
1662790 1287
1662800 1287
1662810 1283
1662820 1280
1662830 1280
1662840 1277
1662850 1274
1662860 1274
1662870 1269
1662880 1266
1662890 1266
1662900 1263
1662910 1260
1662920 1260
1662930 1256
1662940 1254
1662950 1254
1662960 1251
1662970 1249
1662980 1249
1662990 1246
1663000 1243
1663010 1243
1663020 1241
1663030 1237
1663040 1237
1663050 1235
1663060 1235
1663070 1235
1663080 1234
1663090 1233
1663100 1233
1663110 1232
1663120 1231
1663130 1228
1663140 1228
1663150 1225
1663160 1222
1663170 1222
1663180 1219
1663190 1216
1663200 1216
1663210 1213
1663220 1211
1663230 1211
1663240 1208
1663250 1206
1663260 1206
1663270 1203
1663280 1201
1663290 1201
1663300 1198
1663310 1197
1663320 1197
1663330 1198
1663340 1198
1663350 1198
1663360 1198
1663370 1199
1663380 1199
1663390 1198
1663400 1197
1663410 1197
1663420 1195
1663430 1192
1663440 1192
1663450 1189
1663460 1187
1663470 1187
1663480 1184
1663490 1180
1663500 1180
1663510 1177
1663520 1176
1663530 1176
1663540 1173
1663550 1172
1663560 1172
1663570 1171
1663580 1170
1663590 1168
1663600 1168
1663610 1165
1663620 1163
1663630 1163
1663640 1165
1663650 1167
1663660 1167
1663670 1168
1663680 1170
1663690 1170
1663700 1173
1663710 1179
1663720 1179
1663730 1183
1663740 1188
1663750 1188
1663760 1200
1663770 1205
1663780 1205
1663790 1207
1663800 1218
1663810 1218
1663820 1222
1663830 1226
1663840 1226
1663850 1228
1663860 1232
1663870 1232
1663880 1235
1663890 1236
1663900 1236
1663910 1239
1663920 1242
1663930 1242
1663940 1244
1663950 1247
1663960 1247
1663970 1251
1663980 1251
1663990 1251
1664000 1248
1664010 1242
1664020 1242
1664030 1235
1664040 1229
1664050 1223
1664060 1223
1664070 1216
1664080 1210
1664090 1210
1664100 1204
1664110 1199
1664120 1199
1664130 1193
1664140 1187
1664150 1187
1664160 1181
1664170 1176
1664180 1176
1664190 1170
1664200 1164
1664210 1164
1664220 1159
1664230 1154
1664240 1154
1664250 1148
1664260 1142
1664270 1142
1664280 1138
1664290 1133
1664300 1133
1664310 1129
1664320 1125
1664330 1125
1664340 1121
1664350 1117
1664360 1117
1664370 1113
1664380 1109
1664390 1109
1664400 1105
1664410 1101
1664420 1101
1664430 1098
1664440 1095
1664450 1095
1664460 1092
1664470 1087
1664480 1087
1664490 1083
1664500 1079
1664510 1076
1664520 1076
1664530 1071
1664540 1066
1664550 1066
1664560 1060
1664570 1054
1664580 1054
1664590 1048
1664600 1042
1664610 1042
1664620 1035
1664630 1028
1664640 1028
1664650 1020
1664660 1013
1664670 1013
1664680 1006
1664690 1000
1664700 1000
1664710 993
1664720 987
1664730 987
1664740 982
1664750 976
1664760 976
1664770 970
1664780 964
1664790 964
1664800 956
1664810 950
1664820 950
1664830 944
1664840 938
1664850 938
1664860 931
1664870 926
1664880 926
1664890 920
1664900 915
1664910 915
1664920 911
1664930 906
1664940 906
1664950 898
1664960 894
1664970 890
1664980 890
1664990 889
1665000 888
1665010 888
1665020 886
1665030 886
1665040 886
1665050 885
1665060 885
1665070 885
1665080 880
1665090 876
1665100 876
1665110 871
1665120 866
1665130 866
1665140 861
1665150 854
1665160 854
1665170 848
1665180 848
1665190 848
1665200 848
1665210 849
1665220 849
1665230 853
1665240 857
1665250 857
1665260 859
1665270 862
1665280 862
1665290 863
1665300 862
1665310 862
1665320 862
1665330 860
1665340 860
1665350 850
1665360 840
1665370 840
1665380 832
1665390 824
1665400 824
1665410 816
1665420 808
1665430 808
1665440 803
1665450 802
1665460 804
1665470 804
1665480 804
1665490 803
1665500 803
1665510 802
1665520 801
1665530 801
1665540 801
1665550 798
1665560 798
1665570 792
1665580 785
1665590 785
1665600 778
1665610 772
1665620 772
1665630 766
1665640 758
1665650 758
1665660 747
1665670 736
1665680 736
1665690 722
1665700 712
1665710 712
1665720 702
1665730 695
1665740 690
1665750 684
1665760 678
1665770 678
1665780 670
1665790 666
1665800 666
1665810 658
1665820 652
1665830 652
1665840 653
1665850 651
1665860 651
1665870 647
1665880 645
1665890 645
1665900 641
1665910 644
1665920 634
1665930 634
1665940 629
1665950 631
1665960 631
1665970 632
1665980 627
1665990 627
1666000 627
1666010 625
1666020 625
1666030 623
1666040 621
1666050 621
1666060 617
1666070 612
1666080 612
1666090 610
1666100 610
1666110 610
1666120 609
1666130 609
1666140 609
1666150 607
1666160 603
1666170 603
1666180 604
1666190 604
1666200 604
1666210 604
1666220 602
1666230 602
1666240 602
1666250 602
1666260 602
1666270 607
1666280 611
1666290 611
1666300 620
1666310 631
1666320 631
1666330 639
1666340 649
1666350 649
1666360 656
1666370 661
1666380 667
1666390 667
1666400 673
1666410 679
1666420 679
1666430 685
1666440 691
1666450 691
1666460 696
1666470 706
1666480 706
1666490 715
1666500 724
1666510 724
1666520 731
1666530 738
1666540 738
1666550 746
1666560 752
1666570 752
1666580 764
1666590 774
1666600 774
1666610 784
1666620 793
1666630 793
1666640 801
1666650 810
1666660 810
1666670 821
1666680 832
1666690 832
1666700 843
1666710 851
1666720 851
1666730 859
1666740 870
1666750 870
1666760 879
1666770 886
1666780 886
1666790 892
1666800 898
1666810 898
1666820 904
1666830 910
1666840 916
1666850 916
1666860 922
1666870 929
1666880 929
1666890 938
1666900 944
1666910 944
1666920 950
1666930 953
1666940 953
1666950 955
1666960 953
1666970 953
1666980 952
1666990 950
1667000 950
1667010 945
1667020 940
1667030 940
1667040 934
1667050 929
1667060 929
1667070 924
1667080 918
1667090 918
1667100 913
1667110 909
1667120 909
1667130 904
1667140 900
1667150 900
1667160 901
1667170 897
1667180 897
1667190 892
1667200 887
1667210 887
1667220 880
1667230 876
1667240 876
1667250 874
1667260 870
1667270 870
1667280 866
1667290 858
1667300 848
1667310 848
1667320 838
1667330 829
1667340 829
1667350 821
1667360 813
1667370 813
1667380 806
1667390 802
1667400 802
1667410 800
1667420 796
1667430 796
1667440 790
1667450 784
1667460 784
1667470 777
1667480 775
1667490 775
1667500 772
1667510 771
1667520 771
1667530 770
1667540 768
1667550 768
1667560 767
1667570 774
1667580 774
1667590 781
1667600 784
1667610 784
1667620 783
1667630 782
1667640 782
1667650 787
1667660 794
1667670 794
1667680 802
1667690 807
1667700 807
1667710 806
1667720 804
1667730 804
1667740 804
1667750 806
1667760 807
1667770 807
1667780 806
1667790 805
1667800 805
1667810 806
1667820 808
1667830 808
1667840 814
1667850 822
1667860 822
1667870 824
1667880 822
1667890 822
1667900 819
1667910 813
1667920 813
1667930 807
1667940 802
1667950 802
1667960 797
1667970 793
1667980 793
1667990 791
1668000 787
1668010 787
1668020 786
1668030 779
1668040 779
1668050 778
1668060 778
1668070 778
1668080 768
1668090 760
1668100 760
1668110 755
1668120 751
1668130 751
1668140 745
1668150 740
1668160 740
1668170 736
1668180 732
1668190 732
1668200 728
1668210 725
1668220 722
1668230 722
1668240 720
1668250 719
1668260 719
1668270 717
1668280 715
1668290 715
1668300 711
1668310 708
1668320 708
1668330 706
1668340 703
1668350 703
1668360 700
1668370 699
1668380 699
1668390 698
1668400 698
1668410 698
1668420 704
1668430 707
1668440 707
1668450 710
1668460 716
1668470 716
1668480 723
1668490 730
1668500 730
1668510 731
1668520 730
1668530 730
1668540 729
1668550 729
1668560 729
1668570 730
1668580 730
1668590 730
1668600 732
1668610 733
1668620 733
1668630 734
1668640 735
1668650 735
1668660 736
1668670 737
1668680 734
1668690 734
1668700 728
1668710 726
1668720 726
1668730 724
1668740 718
1668750 718
1668760 715
1668770 714
1668780 714
1668790 720
1668800 729
1668810 729
1668820 736
1668830 740
1668840 740
1668850 745
1668860 750
1668870 750
1668880 755
1668890 759
1668900 759
1668910 762
1668920 766
1668930 766
1668940 771
1668950 776
1668960 776
1668970 781
1668980 787
1668990 787
1669000 795
1669010 802
1669020 802
1669030 810
1669040 818
1669050 818
1669060 828
1669070 831
1669080 831
1669090 826
1669100 820
1669110 820
1669120 814
1669130 808
1669140 804
1669150 804
1669160 801
1669170 798
1669180 798
1669190 795
1669200 791
1669210 791
1669220 788
1669230 787
1669240 787
1669250 784
1669260 780
1669270 780
1669280 783
1669290 787
1669300 787
1669310 792
1669320 797
1669330 797
1669340 801
1669350 806
1669360 806
1669370 810
1669380 815
1669390 815
1669400 820
1669410 827
1669420 827
1669430 834
1669440 841
1669450 841
1669460 848
1669470 855
1669480 855
1669490 862
1669500 869
1669510 869
1669520 875
1669530 883
1669540 883
1669550 891
1669560 897
1669570 897
1669580 901
1669590 902
1669600 902
1669610 904
1669620 903
1669630 904
1669640 904
1669650 908
1669660 912
1669670 912
1669680 918
1669690 923
1669700 923
1669710 929
1669720 928
1669730 928
1669740 921
1669750 915
1669760 915
1669770 909
1669780 905
1669790 905
1669800 897
1669810 887
1669820 887
1669830 878
1669840 870
1669850 870
1669860 866
1669870 861
1669880 861
1669890 856
1669900 854
1669910 854
1669920 854
1669930 845
1669940 845
1669950 833
1669960 834
1669970 834
1669980 837
1669990 841
1670000 841
1670010 845
1670020 846
1670030 846
1670040 842
1670050 841
1670060 841
1670070 847
1670080 851
1670090 856
1670100 856
1670110 856
1670120 857
1670130 857
1670140 862
1670150 868
1670160 868
1670170 862
1670180 854
1670190 854
1670200 845
1670210 840
1670220 840
1670230 834
1670240 823
1670250 823
1670260 822
1670270 817
1670280 817
1670290 811
1670300 805
1670310 805
1670320 799
1670330 793
1670340 793
1670350 786
1670360 778
1670370 778
1670380 770
1670390 771
1670400 771
1670410 767
1670420 758
1670430 758
1670440 750
1670450 747
1670460 747
1670470 747
1670480 740
1670490 740
1670500 730
1670510 721
1670520 721
1670530 715
1670540 708
1670550 703
1670560 703
1670570 697
1670580 691
1670590 691
1670600 685
1670610 681
1670620 681
1670630 680
1670640 679
1670650 679
1670660 679
1670670 685
1670680 685
1670690 689
1670700 693
1670710 693
1670720 696
1670730 700
1670740 700
1670750 704
1670760 708
1670770 708
1670780 712
1670790 716
1670800 716
1670810 720
1670820 724
1670830 724
1670840 728
1670850 732
1670860 732
1670870 735
1670880 738
1670890 738
1670900 737
1670910 741
1670920 741
1670930 750
1670940 753
1670950 753
1670960 760
1670970 767
1670980 767
1670990 776
1671000 779
1671010 790
1671020 790
1671030 799
1671040 808
1671050 808
1671060 814
1671070 834
1671080 834
1671090 842
1671100 847
1671110 847
1671120 851
1671130 855
1671140 855
1671150 859
1671160 864
1671170 864
1671180 870
1671190 876
1671200 876
1671210 884
1671220 884
1671230 884
1671240 881
1671250 874
1671260 874
1671270 866
1671280 859
1671290 859
1671300 852
1671310 844
1671320 844
1671330 839
1671340 836
1671350 836
1671360 833
1671370 831
1671380 831
1671390 825
1671400 819
1671410 819
1671420 815
1671430 812
1671440 812
1671450 808
1671460 803
1671470 797
1671480 797
1671490 798
1671500 801
1671510 801
1671520 805
1671530 808
1671540 808
1671550 813
1671560 818
1671570 818
1671580 821
1671590 825
1671600 825
1671610 828
1671620 832
1671630 832
1671640 836
1671650 841
1671660 841
1671670 849
1671680 860
1671690 860
1671700 868
1671710 866
1671720 866
1671730 860
1671740 853
1671750 853
1671760 846
1671770 840
1671780 840
1671790 835
1671800 826
1671810 826
1671820 819
1671830 816
1671840 816
1671850 814
1671860 806
1671870 806
1671880 799
1671890 794
1671900 794
1671910 797
1671920 805
1671930 816
1671940 816
1671950 825
1671960 828
1671970 828
1671980 828
1671990 830
1672000 830
1672010 831
1672020 829
1672030 829
1672040 826
1672050 822
1672060 822
1672070 819
1672080 821
1672090 821
1672100 828
1672110 835
1672120 835
1672130 841
1672140 846
1672150 846
1672160 849
1672170 852
1672180 852
1672190 855
1672200 859
1672210 859
1672220 863
1672230 866
1672240 866
1672250 870
1672260 869
1672270 869
1672280 871
1672290 874
1672300 874
1672310 874
1672320 876
1672330 876
1672340 878
1672350 880
1672360 880
1672370 880
1672380 881
1672390 883
1672400 883
1672410 885
1672420 886
1672430 886
1672440 890
1672450 895
1672460 895
1672470 899
1672480 902
1672490 902
1672500 901
1672510 906
1672520 906
1672530 910
1672540 914
1672550 914
1672560 919
1672570 925
1672580 925
1672590 930
1672600 933
1672610 933
1672620 937
1672630 940
1672640 940
1672650 943
1672660 946
1672670 946
1672680 948
1672690 950
1672700 950
1672710 952
1672720 959
1672730 959
1672740 963
1672750 969
1672760 969
1672770 975
1672780 980
1672790 980
1672800 985
1672810 990
1672820 990
1672830 996
1672840 1001
1672850 1004
1672860 1004
1672870 1005
1672880 1008
1672890 1008
1672900 1013
1672910 1018
1672920 1018
1672930 1021
1672940 1024
1672950 1024
1672960 1026
1672970 1031
1672980 1031
1672990 1036
1673000 1039
1673010 1039
1673020 1044
1673030 1050
1673040 1050
1673050 1056
1673060 1063
1673070 1063
1673080 1070
1673090 1076
1673100 1076
1673110 1074
1673120 1071
1673130 1071
1673140 1065
1673150 1055
1673160 1055
1673170 1048
1673180 1041
1673190 1041
1673200 1036
1673210 1029
1673220 1029
1673230 1022
1673240 1015
1673250 1015
1673260 1010
1673270 1005
1673280 1005
1673290 1007
1673300 1003
1673310 1003
1673320 999
1673330 995
1673340 987
1673350 987
1673360 980
1673370 972
1673380 972
1673390 965
1673400 957
1673410 957
1673420 949
1673430 945
1673440 945
1673450 937
1673460 939
1673470 939
1673480 950
1673490 949
1673500 949
1673510 943
1673520 954
1673530 954
1673540 963
1673550 969
1673560 969
1673570 974
1673580 972
1673590 972
1673600 968
1673610 962
1673620 962
1673630 954
1673640 948
1673650 948
1673660 950
1673670 945
1673680 945
1673690 952
1673700 970
1673710 970
1673720 983
1673730 990
1673740 990
1673750 992
1673760 996
1673770 996
1673780 997
1673790 1001
1673800 1005
1673810 1005
1673820 1013
1673830 1019
1673840 1019
1673850 1019
1673860 1024
1673870 1024
1673880 1030
1673890 1037
1673900 1037
1673910 1043
1673920 1049
1673930 1049
1673940 1054
1673950 1058
1673960 1058
1673970 1061
1673980 1062
1673990 1062
1674000 1064
1674010 1067
1674020 1067
1674030 1068
1674040 1067
1674050 1067
1674060 1068
1674070 1067
1674080 1067
1674090 1066
1674100 1063
1674110 1063
1674120 1058
1674130 1052
1674140 1052
1674150 1049
1674160 1046
1674170 1046
1674180 1040
1674190 1036
1674200 1036
1674210 1033
1674220 1030
1674230 1030
1674240 1030
1674250 1030
1674260 1034
1674270 1034
1674280 1039
1674290 1042
1674300 1042
1674310 1043
1674320 1044
1674330 1044
1674340 1048
1674350 1052
1674360 1052
1674370 1059
1674380 1063
1674390 1063
1674400 1063
1674410 1060
1674420 1060
1674430 1059
1674440 1063
1674450 1063
1674460 1068
1674470 1071
1674480 1071
1674490 1074
1674500 1077
1674510 1077
1674520 1080
1674530 1084
1674540 1084
1674550 1088
1674560 1090
1674570 1090
1674580 1091
1674590 1092
1674600 1092
1674610 1093
1674620 1095
1674630 1095
1674640 1099
1674650 1102
1674660 1102
1674670 1104
1674680 1105
1674690 1105
1674700 1108
1674710 1111
1674720 1112
1674730 1112
1674740 1115
1674750 1120
1674760 1120
1674770 1124
1674780 1129
1674790 1129
1674800 1136
1674810 1143
1674820 1143
1674830 1143
1674840 1142
1674850 1142
1674860 1136
1674870 1131
1674880 1131
1674890 1130
1674900 1127
1674910 1127
1674920 1115
1674930 1108
1674940 1108
1674950 1104
1674960 1101
1674970 1101
1674980 1095
1674990 1089
1675000 1089
1675010 1083
1675020 1080
1675030 1080
1675040 1081
1675050 1083
1675060 1083
1675070 1075
1675080 1070
1675090 1070
1675100 1063
1675110 1058
1675120 1058
1675130 1056
1675140 1056
1675150 1056
1675160 1056
1675170 1052
1675180 1051
1675190 1051
1675200 1046
1675210 1040
1675220 1040
1675230 1037
1675240 1031
1675250 1031
1675260 1022
1675270 1016
1675280 1016
1675290 1008
1675300 1000
1675310 1000
1675320 996
1675330 995
1675340 995
1675350 994
1675360 988
1675370 988
1675380 980
1675390 980
1675400 980
1675410 981
1675420 986
1675430 986
1675440 991
1675450 997
1675460 997
1675470 1002
1675480 1006
1675490 1006
1675500 1009
1675510 1016
1675520 1016
1675530 1026
1675540 1026
1675550 1026
1675560 1023
1675570 1018
1675580 1018
1675590 1014
1675600 1010
1675610 1010
1675620 1007
1675630 999
1675640 994
1675650 994
1675660 988
1675670 982
1675680 982
1675690 980
1675700 975
1675710 975
1675720 971
1675730 971
1675740 971
1675750 970
1675760 971
1675770 971
1675780 969
1675790 968
1675800 968
1675810 966
1675820 964
1675830 964
1675840 964
1675850 964
1675860 964
1675870 964
1675880 965
1675890 965
1675900 963
1675910 963
1675920 963
1675930 963
1675940 963
1675950 963
1675960 962
1675970 964
1675980 964
1675990 968
1676000 967
1676010 967
1676020 970
1676030 971
1676040 971
1676050 969
1676060 967
1676070 967
1676080 965
1676090 962
1676100 959
1676110 959
1676120 956
1676130 952
1676140 952
1676150 951
1676160 954
1676170 954
1676180 955
1676190 953
1676200 953
1676210 953
1676220 946
1676230 946
1676240 946
1676250 950
1676260 950
1676270 953
1676280 956
1676290 956
1676300 959
1676310 963
1676320 963
1676330 968
1676340 976
1676350 976
1676360 983
1676370 989
1676380 989
1676390 993
1676400 997
1676410 997
1676420 1001
1676430 1005
1676440 1005
1676450 1012
1676460 1019
1676470 1019
1676480 1027
1676490 1037
1676500 1037
1676510 1052
1676520 1058
1676530 1058
1676540 1063
1676550 1067
1676560 1073
1676570 1073
1676580 1078
1676590 1082
1676600 1082
1676610 1088
1676620 1094
1676630 1094
1676640 1101
1676650 1108
1676660 1108
1676670 1114
1676680 1122
1676690 1122
1676700 1129
1676710 1136
1676720 1136
1676730 1143
1676740 1149
1676750 1149
1676760 1156
1676770 1159
1676780 1159
1676790 1163
1676800 1171
1676810 1171
1676820 1178
1676830 1186
1676840 1186
1676850 1193
1676860 1200
1676870 1200
1676880 1206
1676890 1214
1676900 1214
1676910 1218
1676920 1223
1676930 1223
1676940 1224
1676950 1227
1676960 1227
1676970 1230
1676980 1231
1676990 1231
1677000 1233
1677010 1234
1677020 1234
1677030 1234
1677040 1226
1677050 1220
1677060 1220
1677070 1214
1677080 1208
1677090 1208
1677100 1199
1677110 1192
1677120 1192
1677130 1185
1677140 1178
1677150 1178
1677160 1172
1677170 1168
1677180 1168
1677190 1162
1677200 1157
1677210 1157
1677220 1151
1677230 1146
1677240 1146
1677250 1145
1677260 1143
1677270 1143
1677280 1141
1677290 1137
1677300 1137
1677310 1134
1677320 1130
1677330 1130
1677340 1127
1677350 1124
1677360 1124
1677370 1117
1677380 1111
1677390 1111
1677400 1103
1677410 1096
1677420 1096
1677430 1094
1677440 1091
1677450 1091
1677460 1091
1677470 1090
1677480 1090
1677490 1082
1677500 1073
1677510 1081
1677520 1081
1677530 1088
1677540 1091
1677550 1091
1677560 1087
1677570 1081
1677580 1081
1677590 1073
1677600 1065
1677610 1065
1677620 1061
1677630 1056
1677640 1056
1677650 1051
1677660 1045
1677670 1045
1677680 1036
1677690 1029
1677700 1029
1677710 1022
1677720 1018
1677730 1018
1677740 1023
1677750 1032
1677760 1032
1677770 1044
1677780 1063
1677790 1063
1677800 1084
1677810 1085
1677820 1085
1677830 1085
1677840 1095
1677850 1095
1677860 1106
1677870 1103
1677880 1103
1677890 1107
1677900 1096
1677910 1096
1677920 1092
1677930 1101
1677940 1101
1677950 1106
1677960 1114
1677970 1123
1677980 1123
1677990 1130
1678000 1137
1678010 1137
1678020 1144
1678030 1149
1678040 1149
1678050 1153
1678060 1158
1678070 1158
1678080 1165
1678090 1173
1678100 1173
1678110 1181
1678120 1184
1678130 1184
1678140 1185
1678150 1200
1678160 1200
1678170 1212
1678180 1216
1678190 1216
1678200 1223
1678210 1231
1678220 1231
1678230 1241
1678240 1256
1678250 1256
1678260 1265
1678270 1269
1678280 1269
1678290 1277
1678300 1286
1678310 1286
1678320 1292
1678330 1296
1678340 1296
1678350 1297
1678360 1301
1678370 1301
1678380 1307
1678390 1313
1678400 1313
1678410 1318
1678420 1324
1678430 1329
1678440 1329
1678450 1335
1678460 1341
1678470 1341
1678480 1348
1678490 1356
1678500 1356
1678510 1363
1678520 1370
1678530 1370
1678540 1378
1678550 1386
1678560 1386
1678570 1393
1678580 1401
1678590 1401
1678600 1410
1678610 1420
1678620 1420
1678630 1432
1678640 1437
1678650 1437
1678660 1442
1678670 1447
1678680 1447
1678690 1453
1678700 1459
1678710 1459
1678720 1466
1678730 1471
1678740 1471
1678750 1477
1678760 1484
1678770 1484
1678780 1489
1678790 1494
1678800 1494
1678810 1501
1678820 1506
1678830 1506
1678840 1512
1678850 1520
1678860 1520
1678870 1528
1678880 1535
1678890 1542
1678900 1542
1678910 1550
1678920 1557
1678930 1557
1678940 1564
1678950 1571
1678960 1571
1678970 1577
1678980 1585
1678990 1585
1679000 1591
1679010 1598
1679020 1598
1679030 1604
1679040 1611
1679050 1611
1679060 1617
1679070 1623
1679080 1623
1679090 1630
1679100 1637
1679110 1637
1679120 1643
1679130 1650
1679140 1650
1679150 1656
1679160 1663
1679170 1663
1679180 1670
1679190 1676
1679200 1676
1679210 1683
1679220 1690
1679230 1690
1679240 1696
1679250 1702
1679260 1702
1679270 1709
1679280 1716
1679290 1716
1679300 1723
1679310 1728
1679320 1728
1679330 1735
1679340 1741
1679350 1747
1679360 1747
1679370 1752
1679380 1759
1679390 1759
1679400 1764
1679410 1770
1679420 1770
1679430 1775
1679440 1781
1679450 1781
1679460 1786
1679470 1796
1679480 1796
1679490 1786
1679500 1771
1679510 1771
1679520 1760
1679530 1749
1679540 1749
1679550 1739
1679560 1732
1679570 1732
1679580 1726
1679590 1718
1679600 1718
1679610 1708
1679620 1701
1679630 1701
1679640 1695
1679650 1688
1679660 1688
1679670 1682
1679680 1676
1679690 1676
1679700 1669
1679710 1662
1679720 1662
1679730 1656
1679740 1650
1679750 1650
1679760 1644
1679770 1638
1679780 1638
1679790 1632
1679800 1626
1679810 1621
1679820 1621
1679830 1615
1679840 1612
1679850 1612
1679860 1611
1679870 1610
1679880 1610
1679890 1609
1679900 1607
1679910 1607
1679920 1599
1679930 1587
1679940 1587
1679950 1577
1679960 1568
1679970 1568
1679980 1559
1679990 1552
