1660000 1464
1660010 1464
1660020 1467
1660030 1468
1660040 1468
1660050 1469
1660060 1471
1660070 1471
1660080 1472
1660090 1473
1660100 1473
1660110 1471
1660120 1468
1660130 1468
1660140 1467
1660150 1468
1660160 1468
1660170 1472
1660180 1472
1660190 1472
1660200 1472
1660210 1473
1660220 1473
1660230 1473
1660240 1469
1660250 1463
1660260 1463
1660270 1462
1660280 1462
1660290 1462
1660300 1460
1660310 1462
1660320 1462
1660330 1464
1660340 1468
1660350 1468
1660360 1473
1660370 1477
1660380 1477
1660390 1480
1660400 1483
1660410 1483
1660420 1487
1660430 1492
1660440 1492
1660450 1492
1660460 1492
1660470 1492
1660480 1492
1660490 1492
1660500 1492
1660510 1490
1660520 1489
1660530 1489
1660540 1488
1660550 1480
1660560 1480
1660570 1476
1660580 1474
1660590 1474
1660600 1473
1660610 1473
1660620 1473
1660630 1473
1660640 1473
1660650 1473
1660660 1473
1660670 1474
1660680 1475
1660690 1475
1660700 1476
1660710 1476
1660720 1476
1660730 1476
1660740 1476
1660750 1476
1660760 1477
1660770 1477
1660780 1477
1660790 1479
1660800 1482
1660810 1482
1660820 1485
1660830 1487
1660840 1487
1660850 1489
1660860 1491
1660870 1491
1660880 1493
1660890 1497
1660900 1497
1660910 1498
1660920 1497
1660930 1497
1660940 1497
1660950 1496
1660960 1496
1660970 1495
1660980 1495
1660990 1495
1661000 1496
1661010 1500
1661020 1500
1661030 1501
1661040 1502
1661050 1502
1661060 1504
1661070 1507
1661080 1507
1661090 1510
1661100 1515
1661110 1515
1661120 1520
1661130 1525
1661140 1531
1661150 1531
1661160 1538
1661170 1544
1661180 1544
1661190 1550
1661200 1555
1661210 1555
1661220 1561
1661230 1566
1661240 1566
1661250 1570
1661260 1574
1661270 1574
1661280 1579
1661290 1584
1661300 1584
1661310 1588
1661320 1592
1661330 1592
1661340 1597
1661350 1602
1661360 1602
1661370 1606
1661380 1610
1661390 1610
1661400 1615
1661410 1619
1661420 1619
1661430 1624
1661440 1629
1661450 1629
1661460 1634
1661470 1637
1661480 1637
1661490 1641
1661500 1645
1661510 1645
1661520 1648
1661530 1651
1661540 1651
1661550 1655
1661560 1659
1661570 1659
1661580 1660
1661590 1663
1661600 1665
1661610 1665
1661620 1668
1661630 1670
1661640 1670
1661650 1673
1661660 1676
1661670 1676
1661680 1678
1661690 1680
1661700 1680
1661710 1680
1661720 1681
1661730 1681
1661740 1682
1661750 1683
1661760 1683
1661770 1685
1661780 1686
1661790 1686
1661800 1686
1661810 1688
1661820 1688
1661830 1689
1661840 1690
1661850 1690
1661860 1692
1661870 1694
1661880 1694
1661890 1696
1661900 1697
1661910 1697
1661920 1698
1661930 1699
1661940 1699
1661950 1700
1661960 1701
1661970 1701
1661980 1700
1661990 1696
1662000 1696
1662010 1692
1662020 1698
1662030 1698
1662040 1701
1662050 1702
1662060 1703
1662070 1703
1662080 1703
1662090 1704
1662100 1704
1662110 1705
1662120 1706
1662130 1706
1662140 1707
1662150 1707
1662160 1707
1662170 1708
1662180 1708
1662190 1708
1662200 1708
1662210 1709
1662220 1709
1662230 1708
1662240 1707
1662250 1707
1662260 1705
1662270 1701
1662280 1701
1662290 1698
1662300 1693
1662310 1693
1662320 1696
1662330 1698
1662340 1698
1662350 1700
1662360 1701
1662370 1701
1662380 1703
1662390 1705
1662400 1705
1662410 1705
1662420 1706
1662430 1706
1662440 1707
1662450 1707
1662460 1707
1662470 1708
1662480 1708
1662490 1708
1662500 1710
1662510 1710
1662520 1710
1662530 1711
1662540 1712
1662550 1712
1662560 1712
1662570 1711
1662580 1709
1662590 1709
1662600 1708
1662610 1709
1662620 1709
1662630 1709
1662640 1704
1662650 1704
1662660 1686
1662670 1674
1662680 1674
1662690 1667
1662700 1618
1662710 1618
1662720 1611
1662730 1606
1662740 1606
1662750 1599
1662760 1588
1662770 1588
1662780 1582
1662790 1575
1662800 1575
1662810 1569
1662820 1564
1662830 1564
1662840 1559
1662850 1554
1662860 1554
1662870 1548
1662880 1543
1662890 1543
1662900 1538
1662910 1533
1662920 1533
1662930 1528
1662940 1522
1662950 1522
1662960 1519
1662970 1515
1662980 1515
1662990 1511
1663000 1507
1663010 1505
1663020 1505
1663030 1503
1663040 1503
1663050 1503
1663060 1509
1663070 1514
1663080 1514
1663090 1515
1663100 1513
1663110 1513
1663120 1510
1663130 1504
1663140 1504
1663150 1497
1663160 1490
1663170 1490
1663180 1487
1663190 1482
1663200 1482
1663210 1479
1663220 1477
1663230 1477
1663240 1475
1663250 1474
1663260 1474
1663270 1475
1663280 1478
1663290 1478
1663300 1482
1663310 1484
1663320 1484
1663330 1487
1663340 1491
1663350 1491
1663360 1496
1663370 1502
1663380 1502
1663390 1508
1663400 1517
1663410 1517
1663420 1532
1663430 1537
1663440 1537
1663450 1551
1663460 1553
1663470 1553
1663480 1553
1663490 1562
1663500 1568
1663510 1568
1663520 1574
1663530 1587
1663540 1587
1663550 1607
1663560 1612
1663570 1612
1663580 1617
1663590 1623
1663600 1623
1663610 1627
1663620 1632
1663630 1632
1663640 1636
1663650 1634
1663660 1634
1663670 1627
1663680 1621
1663690 1621
1663700 1616
1663710 1610
1663720 1610
1663730 1605
1663740 1600
1663750 1600
1663760 1595
1663770 1591
1663780 1591
1663790 1586
1663800 1582
1663810 1582
1663820 1578
1663830 1572
1663840 1572
1663850 1566
1663860 1559
1663870 1559
1663880 1551
1663890 1545
1663900 1545
1663910 1541
1663920 1536
1663930 1536
1663940 1532
1663950 1528
1663960 1519
1663970 1519
1663980 1508
1663990 1500
1664000 1500
1664010 1492
1664020 1484
1664030 1484
1664040 1478
1664050 1474
1664060 1474
1664070 1471
1664080 1468
1664090 1468
1664100 1466
1664110 1465
1664120 1465
1664130 1462
1664140 1459
1664150 1459
1664160 1456
1664170 1454
1664180 1454
1664190 1453
1664200 1450
1664210 1450
1664220 1448
1664230 1448
1664240 1448
1664250 1448
1664260 1442
1664270 1442
1664280 1434
1664290 1429
1664300 1429
1664310 1426
1664320 1423
1664330 1423
1664340 1421
1664350 1418
1664360 1418
1664370 1414
1664380 1411
1664390 1411
1664400 1410
1664410 1411
1664420 1413
1664430 1413
1664440 1413
1664450 1414
1664460 1414
1664470 1424
1664480 1420
1664490 1420
1664500 1418
1664510 1419
1664520 1419
1664530 1423
1664540 1424
1664550 1424
1664560 1424
1664570 1430
1664580 1430
1664590 1429
1664600 1432
1664610 1432
1664620 1436
1664630 1438
1664640 1438
1664650 1439
1664660 1440
1664670 1440
1664680 1440
1664690 1440
1664700 1440
1664710 1435
1664720 1431
1664730 1431
1664740 1428
1664750 1425
1664760 1425
1664770 1422
1664780 1419
1664790 1419
1664800 1417
1664810 1415
1664820 1415
1664830 1413
1664840 1410
1664850 1410
1664860 1407
1664870 1404
1664880 1404
1664890 1401
1664900 1399
1664910 1397
1664920 1397
1664930 1394
1664940 1391
1664950 1391
1664960 1390
1664970 1389
1664980 1389
1664990 1387
1665000 1387
1665010 1387
1665020 1386
1665030 1385
1665040 1385
1665050 1384
1665060 1380
1665070 1380
1665080 1376
1665090 1373
1665100 1373
1665110 1369
1665120 1365
1665130 1365
1665140 1362
1665150 1359
1665160 1359
1665170 1356
1665180 1354
1665190 1354
1665200 1353
1665210 1351
1665220 1351
1665230 1349
1665240 1338
1665250 1338
1665260 1329
1665270 1320
1665280 1320
1665290 1313
1665300 1304
1665310 1304
1665320 1292
1665330 1285
1665340 1285
1665350 1269
1665360 1259
1665370 1251
1665380 1251
1665390 1243
1665400 1233
1665410 1233
1665420 1224
1665430 1215
1665440 1215
1665450 1205
1665460 1196
1665470 1196
1665480 1185
1665490 1173
1665500 1173
1665510 1161
1665520 1152
1665530 1152
1665540 1145
1665550 1137
1665560 1137
1665570 1129
1665580 1121
1665590 1121
1665600 1114
1665610 1107
1665620 1107
1665630 1099
1665640 1091
1665650 1091
1665660 1083
1665670 1076
1665680 1076
1665690 1068
1665700 1062
1665710 1062
1665720 1055
1665730 1049
1665740 1049
1665750 1042
1665760 1034
1665770 1034
1665780 1027
1665790 1020
1665800 1020
1665810 1014
1665820 1007
1665830 998
1665840 998
1665850 988
1665860 982
1665870 982
1665880 976
1665890 968
1665900 968
1665910 960
1665920 953
1665930 953
1665940 947
1665950 941
1665960 941
1665970 935
1665980 928
1665990 928
1666000 922
1666010 916
1666020 916
1666030 910
1666040 905
1666050 905
1666060 900
1666070 895
1666080 895
1666090 889
1666100 883
1666110 883
1666120 876
1666130 866
1666140 866
1666150 862
1666160 861
1666170 861
1666180 853
1666190 844
1666200 844
1666210 835
1666220 826
1666230 826
1666240 819
1666250 812
1666260 812
1666270 804
1666280 795
1666290 795
1666300 787
1666310 779
1666320 772
1666330 772
1666340 765
1666350 757
1666360 757
1666370 750
1666380 746
1666390 746
1666400 744
1666410 742
1666420 742
1666430 739
1666440 737
1666450 737
1666460 736
1666470 734
1666480 734
1666490 733
1666500 734
1666510 734
1666520 734
1666530 734
1666540 734
1666550 735
1666560 731
1666570 731
1666580 722
1666590 712
1666600 712
1666610 705
1666620 700
1666630 700
1666640 696
1666650 693
1666660 693
1666670 692
1666680 693
1666690 693
1666700 692
1666710 689
1666720 689
1666730 685
1666740 682
1666750 682
1666760 680
1666770 678
1666780 679
1666790 679
1666800 681
1666810 686
1666820 686
1666830 691
1666840 693
1666850 693
1666860 699
1666870 698
1666880 698
1666890 697
1666900 693
1666910 693
1666920 688
1666930 679
1666940 679
1666950 672
1666960 663
1666970 663
1666980 655
1666990 648
1667000 648
1667010 641
1667020 637
1667030 637
1667040 636
1667050 634
1667060 634
1667070 630
1667080 630
1667090 630
1667100 632
1667110 635
1667120 635
1667130 635
1667140 641
1667150 641
1667160 648
1667170 655
1667180 655
1667190 662
1667200 666
1667210 666
1667220 670
1667230 675
1667240 675
1667250 682
1667260 688
1667270 694
1667280 694
1667290 699
1667300 706
1667310 706
1667320 710
1667330 717
1667340 717
1667350 721
1667360 728
1667370 728
1667380 738
1667390 745
1667400 745
1667410 759
1667420 766
1667430 766
1667440 785
1667450 798
1667460 798
1667470 809
1667480 819
1667490 819
1667500 827
1667510 835
1667520 835
1667530 844
1667540 850
1667550 850
1667560 853
1667570 859
1667580 859
1667590 864
1667600 872
1667610 872
1667620 880
1667630 888
1667640 888
1667650 898
1667660 915
1667670 915
1667680 924
1667690 933
1667700 933
1667710 942
1667720 948
1667730 955
1667740 955
1667750 962
1667760 970
1667770 970
1667780 975
1667790 978
1667800 978
1667810 980
1667820 982
1667830 982
1667840 986
1667850 989
1667860 989
1667870 994
1667880 999
1667890 999
1667900 1003
1667910 1008
1667920 1008
1667930 1012
1667940 1020
1667950 1020
1667960 1024
1667970 1028
1667980 1028
1667990 1030
1668000 1036
1668010 1036
1668020 1042
1668030 1041
1668040 1041
1668050 1037
1668060 1031
1668070 1031
1668080 1023
1668090 1017
1668100 1017
1668110 1013
1668120 1008
1668130 1008
1668140 1002
1668150 995
1668160 995
1668170 989
1668180 981
1668190 977
1668200 977
1668210 973
1668220 967
1668230 967
1668240 964
1668250 960
1668260 960
1668270 954
1668280 951
1668290 951
1668300 951
1668310 952
1668320 952
1668330 951
1668340 950
1668350 950
1668360 949
1668370 948
1668380 948
1668390 948
1668400 946
1668410 946
1668420 944
1668430 942
1668440 942
1668450 940
1668460 938
1668470 938
1668480 935
1668490 933
1668500 933
1668510 931
1668520 931
1668530 931
1668540 930
1668550 927
1668560 927
1668570 923
1668580 919
1668590 919
1668600 918
1668610 920
1668620 920
1668630 922
1668640 922
1668650 922
1668660 917
1668670 913
1668680 908
1668690 908
1668700 904
1668710 901
1668720 901
1668730 899
1668740 896
1668750 896
1668760 892
1668770 890
1668780 890
1668790 888
1668800 885
1668810 885
1668820 882
1668830 878
1668840 878
1668850 874
1668860 869
1668870 869
1668880 864
1668890 859
1668900 859
1668910 853
1668920 848
1668930 848
1668940 843
1668950 838
1668960 838
1668970 834
1668980 829
1668990 829
1669000 825
1669010 823
1669020 823
1669030 820
1669040 817
1669050 817
1669060 815
1669070 814
1669080 814
1669090 814
1669100 814
1669110 814
1669120 810
1669130 806
1669140 801
1669150 801
1669160 795
1669170 792
1669180 792
1669190 788
1669200 786
1669210 786
1669220 782
1669230 778
1669240 778
1669250 775
1669260 773
1669270 773
1669280 771
1669290 769
1669300 769
1669310 765
1669320 763
1669330 763
1669340 760
1669350 757
1669360 757
1669370 755
1669380 753
1669390 753
1669400 752
1669410 749
1669420 749
1669430 745
1669440 739
1669450 739
1669460 739
1669470 740
1669480 740
1669490 737
1669500 734
1669510 734
1669520 731
1669530 729
1669540 729
1669550 728
1669560 728
1669570 728
1669580 727
1669590 727
1669600 728
1669610 728
1669620 728
1669630 729
1669640 729
1669650 727
1669660 728
1669670 728
1669680 728
1669690 727
1669700 727
1669710 725
1669720 724
1669730 724
1669740 723
1669750 722
1669760 722
1669770 720
1669780 718
1669790 718
1669800 715
1669810 713
1669820 713
1669830 715
1669840 714
1669850 714
1669860 714
1669870 713
1669880 713
1669890 713
1669900 712
1669910 712
1669920 711
1669930 709
1669940 709
1669950 708
1669960 709
1669970 709
1669980 710
1669990 713
1670000 713
1670010 712
1670020 712
1670030 712
1670040 711
1670050 711
1670060 711
1670070 711
1670080 712
1670090 714
1670100 714
1670110 712
1670120 712
1670130 712
1670140 714
1670150 717
1670160 717
1670170 723
1670180 727
1670190 727
1670200 731
1670210 735
1670220 735
1670230 739
1670240 743
1670250 743
1670260 746
1670270 749
1670280 749
1670290 751
1670300 753
1670310 753
1670320 755
1670330 756
1670340 756
1670350 756
1670360 757
1670370 757
1670380 759
1670390 762
1670400 762
1670410 764
1670420 765
1670430 765
1670440 767
1670450 772
1670460 772
1670470 777
1670480 783
1670490 783
1670500 791
1670510 796
1670520 796
1670530 800
1670540 802
1670550 805
1670560 805
1670570 806
1670580 805
1670590 805
1670600 804
1670610 802
1670620 802
1670630 799
1670640 796
1670650 796
1670660 794
1670670 792
1670680 792
1670690 789
1670700 787
1670710 787
1670720 786
1670730 788
1670740 788
1670750 790
1670760 790
1670770 790
1670780 793
1670790 796
1670800 796
1670810 800
1670820 805
1670830 805
1670840 811
1670850 819
1670860 819
1670870 828
1670880 839
1670890 839
1670900 843
1670910 844
1670920 844
1670930 845
1670940 842
1670950 842
1670960 836
1670970 831
1670980 831
1670990 824
1671000 818
1671010 818
1671020 813
1671030 808
1671040 804
1671050 804
1671060 800
1671070 798
1671080 798
1671090 793
1671100 789
1671110 789
1671120 787
1671130 780
1671140 780
1671150 774
1671160 771
1671170 771
1671180 770
1671190 763
1671200 763
1671210 757
1671220 751
1671230 751
1671240 747
1671250 746
1671260 746
1671270 746
1671280 748
1671290 748
1671300 750
1671310 752
1671320 752
1671330 754
1671340 757
1671350 757
1671360 759
1671370 760
1671380 760
1671390 760
1671400 760
1671410 760
1671420 760
1671430 759
1671440 759
1671450 758
1671460 757
1671470 757
1671480 756
1671490 755
1671500 759
1671510 759
1671520 764
1671530 767
1671540 767
1671550 771
1671560 774
1671570 774
1671580 776
1671590 776
1671600 776
1671610 778
1671620 774
1671630 774
1671640 771
1671650 768
1671660 768
1671670 765
1671680 761
1671690 761
1671700 757
1671710 754
1671720 754
1671730 748
1671740 741
1671750 741
1671760 751
1671770 751
1671780 751
1671790 745
1671800 738
1671810 738
1671820 738
1671830 744
1671840 744
1671850 749
1671860 753
1671870 753
1671880 757
1671890 762
1671900 762
1671910 769
1671920 777
1671930 777
1671940 788
1671950 789
1671960 791
1671970 791
1671980 787
1671990 792
1672000 792
1672010 797
1672020 798
1672030 798
1672040 796
1672050 795
1672060 795
1672070 796
1672080 795
1672090 795
1672100 793
1672110 788
1672120 788
1672130 791
1672140 793
1672150 793
1672160 794
1672170 795
1672180 795
1672190 796
1672200 798
1672210 798
1672220 799
1672230 801
1672240 801
1672250 803
1672260 807
1672270 807
1672280 812
1672290 813
1672300 813
1672310 812
1672320 806
1672330 806
1672340 799
1672350 793
1672360 793
1672370 788
1672380 796
1672390 796
1672400 802
1672410 804
1672420 804
1672430 807
1672440 809
1672450 809
1672460 809
1672470 811
1672480 815
1672490 815
1672500 820
1672510 825
1672520 825
1672530 831
1672540 836
1672550 836
1672560 840
1672570 839
1672580 839
1672590 840
1672600 843
1672610 843
1672620 847
1672630 848
1672640 848
1672650 850
1672660 853
1672670 853
1672680 858
1672690 862
1672700 862
1672710 867
1672720 871
1672730 871
1672740 874
1672750 875
1672760 875
1672770 873
1672780 871
1672790 871
1672800 872
1672810 878
1672820 878
1672830 885
1672840 890
1672850 890
1672860 895
1672870 898
1672880 898
1672890 902
1672900 903
1672910 901
1672920 901
1672930 901
1672940 906
1672950 906
1672960 911
1672970 912
1672980 912
1672990 913
1673000 915
1673010 915
1673020 917
1673030 919
1673040 919
1673050 923
1673060 927
1673070 927
1673080 929
1673090 930
1673100 930
1673110 933
1673120 937
1673130 937
1673140 936
1673150 932
1673160 932
1673170 924
1673180 917
1673190 917
1673200 911
1673210 905
1673220 905
1673230 896
1673240 888
1673250 888
1673260 881
1673270 874
1673280 874
1673290 878
1673300 874
1673310 874
1673320 864
1673330 855
1673340 855
1673350 853
1673360 854
1673370 854
1673380 854
1673390 847
1673400 841
1673410 841
1673420 834
1673430 828
1673440 828
1673450 821
1673460 816
1673470 816
1673480 813
1673490 807
1673500 807
1673510 801
1673520 796
1673530 796
1673540 790
1673550 787
1673560 787
1673570 782
1673580 779
1673590 779
1673600 779
1673610 788
1673620 788
1673630 790
1673640 796
1673650 796
1673660 802
1673670 808
1673680 808
1673690 815
1673700 821
1673710 821
1673720 827
1673730 834
1673740 834
1673750 838
1673760 838
1673770 838
1673780 838
1673790 838
1673800 838
1673810 839
1673820 839
1673830 839
1673840 841
1673850 846
1673860 850
1673870 850
1673880 856
1673890 862
1673900 862
1673910 868
1673920 877
1673930 877
1673940 892
1673950 905
1673960 905
1673970 916
1673980 929
1673990 929
1674000 934
1674010 939
1674020 939
1674030 943
1674040 941
1674050 941
1674060 942
1674070 942
1674080 942
1674090 938
1674100 933
1674110 933
1674120 927
1674130 922
1674140 922
1674150 918
1674160 916
1674170 916
1674180 916
1674190 921
1674200 921
1674210 926
1674220 933
1674230 933
1674240 942
1674250 946
1674260 946
1674270 949
1674280 952
1674290 952
1674300 952
1674310 957
1674320 961
1674330 961
1674340 960
1674350 967
1674360 967
1674370 972
1674380 970
1674390 970
1674400 965
1674410 960
1674420 960
1674430 957
1674440 946
1674450 946
1674460 940
1674470 933
1674480 933
1674490 926
1674500 920
1674510 920
1674520 915
1674530 911
1674540 911
1674550 906
1674560 903
1674570 903
1674580 898
1674590 892
1674600 892
1674610 888
1674620 885
1674630 885
1674640 881
1674650 886
1674660 886
1674670 891
1674680 896
1674690 896
1674700 901
1674710 905
1674720 905
1674730 909
1674740 914
1674750 914
1674760 919
1674770 925
1674780 925
1674790 930
1674800 934
1674810 939
1674820 939
1674830 945
1674840 951
1674850 951
1674860 956
1674870 961
1674880 961
1674890 967
1674900 973
1674910 973
1674920 979
1674930 985
1674940 985
1674950 990
1674960 995
1674970 995
1674980 1000
1674990 1004
1675000 1004
1675010 1008
1675020 1013
1675030 1013
1675040 1018
1675050 1023
1675060 1023
1675070 1028
1675080 1033
1675090 1033
1675100 1038
1675110 1046
1675120 1046
1675130 1049
1675140 1051
1675150 1051
1675160 1050
1675170 1049
1675180 1049
1675190 1050
1675200 1049
1675210 1049
1675220 1042
1675230 1034
1675240 1034
1675250 1025
1675260 1017
1675270 1010
1675280 1010
1675290 1005
1675300 1000
1675310 1000
1675320 994
1675330 987
1675340 987
1675350 983
1675360 977
1675370 977
1675380 972
1675390 966
1675400 966
1675410 962
1675420 957
1675430 957
1675440 953
1675450 949
1675460 949
1675470 945
1675480 940
1675490 940
1675500 937
1675510 931
1675520 931
1675530 926
1675540 923
1675550 923
1675560 919
1675570 916
1675580 916
1675590 913
1675600 910
1675610 910
1675620 909
1675630 909
1675640 909
1675650 906
1675660 902
1675670 902
1675680 898
1675690 894
1675700 894
1675710 890
1675720 887
1675730 883
1675740 883
1675750 881
1675760 878
1675770 878
1675780 876
1675790 872
1675800 872
1675810 869
1675820 866
1675830 866
1675840 862
1675850 859
1675860 859
1675870 857
1675880 853
1675890 853
1675900 854
1675910 857
1675920 857
1675930 859
1675940 861
1675950 861
1675960 863
1675970 865
1675980 865
1675990 869
1676000 871
1676010 871
1676020 875
1676030 879
1676040 879
1676050 883
1676060 887
1676070 887
1676080 892
1676090 897
1676100 897
1676110 902
1676120 907
1676130 907
1676140 912
1676150 919
1676160 919
1676170 924
1676180 928
1676190 928
1676200 930
1676210 929
1676220 924
1676230 924
1676240 920
1676250 917
1676260 917
1676270 914
1676280 912
1676290 912
1676300 915
1676310 922
1676320 922
1676330 928
1676340 934
1676350 934
1676360 940
1676370 945
1676380 945
1676390 949
1676400 952
1676410 952
1676420 956
1676430 960
1676440 960
1676450 963
1676460 967
1676470 967
1676480 971
1676490 976
1676500 976
1676510 980
1676520 983
1676530 983
1676540 985
1676550 988
1676560 988
1676570 985
1676580 985
1676590 985
1676600 985
1676610 980
1676620 980
1676630 973
1676640 966
1676650 966
1676660 959
1676670 952
1676680 947
1676690 947
1676700 941
1676710 936
1676720 936
1676730 932
1676740 927
1676750 927
1676760 923
1676770 919
1676780 919
1676790 914
1676800 909
1676810 909
1676820 903
1676830 898
1676840 898
1676850 893
1676860 889
1676870 889
1676880 885
1676890 878
1676900 878
1676910 872
1676920 867
1676930 867
1676940 862
1676950 858
1676960 858
1676970 856
1676980 858
1676990 858
1677000 857
1677010 859
1677020 859
1677030 860
1677040 862
1677050 862
1677060 865
1677070 864
1677080 864
1677090 859
1677100 855
1677110 855
1677120 849
1677130 852
1677140 852
1677150 859
1677160 865
1677170 871
1677180 871
1677190 876
1677200 881
1677210 881
1677220 886
1677230 891
1677240 891
1677250 898
1677260 902
1677270 902
1677280 908
1677290 913
1677300 913
1677310 918
1677320 921
1677330 921
1677340 926
1677350 932
1677360 932
1677370 937
1677380 941
1677390 941
1677400 944
1677410 947
1677420 947
1677430 950
1677440 952
1677450 952
1677460 954
1677470 954
1677480 954
1677490 950
1677500 949
1677510 949
1677520 949
1677530 948
1677540 948
1677550 946
1677560 941
1677570 941
1677580 937
1677590 934
1677600 934
1677610 941
1677620 949
1677630 956
1677640 956
1677650 962
1677660 969
1677670 969
1677680 974
1677690 980
1677700 980
1677710 987
1677720 993
1677730 993
1677740 998
1677750 1003
1677760 1003
1677770 1007
1677780 1010
1677790 1010
1677800 1012
1677810 1016
1677820 1016
1677830 1019
1677840 1022
1677850 1022
1677860 1026
1677870 1029
1677880 1029
1677890 1032
1677900 1035
1677910 1035
1677920 1039
1677930 1041
1677940 1041
1677950 1043
1677960 1045
1677970 1045
1677980 1046
1677990 1046
1678000 1046
1678010 1046
1678020 1046
1678030 1046
1678040 1048
1678050 1047
1678060 1047
1678070 1045
1678080 1041
1678090 1041
1678100 1041
1678110 1040
1678120 1040
1678130 1040
1678140 1040
1678150 1041
1678160 1041
1678170 1041
1678180 1040
1678190 1040
1678200 1040
1678210 1026
1678220 1026
1678230 1020
1678240 1018
1678250 1018
1678260 1003
1678270 1005
1678280 1005
1678290 1016
1678300 1024
1678310 1024
1678320 1031
1678330 1038
1678340 1038
1678350 1047
1678360 1058
1678370 1058
1678380 1070
1678390 1070
1678400 1070
1678410 1074
1678420 1077
1678430 1077
1678440 1087
1678450 1102
1678460 1102
1678470 1111
1678480 1117
1678490 1117
1678500 1123
1678510 1129
1678520 1129
1678530 1132
1678540 1134
1678550 1134
1678560 1140
1678570 1148
1678580 1153
1678590 1153
1678600 1157
1678610 1162
1678620 1162
1678630 1168
1678640 1174
1678650 1174
1678660 1180
1678670 1186
1678680 1186
1678690 1191
1678700 1197
1678710 1197
1678720 1203
1678730 1209
1678740 1209
1678750 1215
1678760 1222
1678770 1222
1678780 1228
1678790 1235
1678800 1235
1678810 1242
1678820 1246
1678830 1246
1678840 1241
1678850 1239
1678860 1239
1678870 1241
1678880 1240
1678890 1240
1678900 1234
1678910 1231
1678920 1231
1678930 1231
1678940 1233
1678950 1233
1678960 1238
1678970 1240
1678980 1240
1678990 1235
1679000 1235
1679010 1235
1679020 1239
1679030 1243
1679040 1244
1679050 1244
1679060 1241
1679070 1243
1679080 1243
1679090 1250
1679100 1252
1679110 1252
1679120 1256
1679130 1260
1679140 1260
1679150 1260
1679160 1254
1679170 1254
1679180 1248
1679190 1245
1679200 1245
1679210 1240
1679220 1242
1679230 1242
1679240 1238
1679250 1243
1679260 1243
1679270 1249
1679280 1255
1679290 1255
1679300 1261
1679310 1268
1679320 1268
1679330 1274
1679340 1274
1679350 1274
1679360 1280
1679370 1288
1679380 1288
1679390 1288
1679400 1296
1679410 1296
1679420 1304
1679430 1308
1679440 1308
1679450 1314
1679460 1321
1679470 1321
1679480 1328
1679490 1334
1679500 1334
1679510 1338
1679520 1337
1679530 1336
1679540 1336
1679550 1329
1679560 1319
1679570 1319
1679580 1309
1679590 1299
1679600 1299
1679610 1289
1679620 1282
1679630 1282
1679640 1274
1679650 1267
1679660 1267
1679670 1260
1679680 1252
1679690 1252
1679700 1245
1679710 1239
1679720 1239
1679730 1233
1679740 1228
1679750 1228
1679760 1223
1679770 1218
1679780 1218
1679790 1214
1679800 1209
1679810 1209
1679820 1206
1679830 1200
1679840 1200
1679850 1192
1679860 1184
1679870 1184
1679880 1192
1679890 1199
1679900 1199
1679910 1202
1679920 1206
1679930 1206
1679940 1210
1679950 1213
1679960 1213
1679970 1218
1679980 1223
1679990 1229
