1663710 1450
1663720 1452
1663730 1452
1663740 1453
1663750 1454
1663760 1454
1663770 1455
1663780 1458
1663790 1458
1663800 1459
1663810 1461
1663820 1461
1663830 1464
1663840 1467
1663850 1467
1663860 1470
1663870 1473
1663880 1473
1663890 1477
1663900 1481
1663910 1481
1663920 1486
1663930 1491
1663940 1491
1663950 1498
1663960 1502
1663970 1502
1663980 1504
1663990 1503
1664000 1503
1664010 1501
1664020 1502
1664030 1502
1664040 1502
1664050 1501
1664060 1501
1664070 1498
1664080 1496
1664090 1496
1664100 1492
1664110 1490
1664120 1490
1664130 1491
1664140 1492
1664150 1494
1664160 1494
1664170 1494
1664180 1493
1664190 1493
1664200 1492
1664210 1493
1664220 1493
1664230 1492
1664240 1491
1664250 1491
1664260 1492
1664270 1490
1664280 1490
1664290 1487
1664300 1486
1664310 1486
1664320 1485
1664330 1482
1664340 1482
1664350 1483
1664360 1483
1664370 1483
1664380 1482
1664390 1481
1664400 1481
1664410 1480
1664420 1484
1664430 1484
1664440 1489
1664450 1495
1664460 1495
1664470 1499
1664480 1496
1664490 1496
1664500 1496
1664510 1499
1664520 1499
1664530 1501
1664540 1503
1664550 1503
1664560 1505
1664570 1507
1664580 1507
1664590 1506
1664600 1507
1664610 1507
1664620 1506
1664630 1508
1664640 1510
1664650 1510
1664660 1515
1664670 1521
1664680 1521
1664690 1526
1664700 1528
1664710 1528
1664720 1527
1664730 1531
1664740 1531
1664750 1533
1664760 1536
1664770 1536
1664780 1540
1664790 1542
1664800 1542
1664810 1546
1664820 1550
1664830 1550
1664840 1552
1664850 1555
1664860 1555
1664870 1558
1664880 1560
1664890 1560
1664900 1562
1664910 1565
1664920 1565
1664930 1571
1664940 1575
1664950 1575
1664960 1580
1664970 1583
1664980 1583
1664990 1589
1665000 1593
1665010 1593
1665020 1596
1665030 1599
1665040 1599
1665050 1601
1665060 1602
1665070 1602
1665080 1603
1665090 1604
1665100 1604
1665110 1604
1665120 1605
1665130 1606
1665140 1606
1665150 1606
1665160 1605
1665170 1605
1665180 1604
1665190 1601
1665200 1601
1665210 1598
1665220 1593
1665230 1593
1665240 1589
1665250 1588
1665260 1588
1665270 1587
1665280 1586
1665290 1586
1665300 1585
1665310 1585
1665320 1585
1665330 1586
1665340 1588
1665350 1588
1665360 1591
1665370 1595
1665380 1595
1665390 1601
1665400 1605
1665410 1605
1665420 1609
1665430 1610
1665440 1610
1665450 1612
1665460 1614
1665470 1614
1665480 1614
1665490 1614
1665500 1614
1665510 1613
1665520 1609
1665530 1609
1665540 1609
1665550 1607
1665560 1607
1665570 1604
1665580 1601
1665590 1601
1665600 1599
1665610 1597
1665620 1597
1665630 1596
1665640 1596
1665650 1598
1665660 1598
1665670 1595
1665680 1592
1665690 1592
1665700 1591
1665710 1592
1665720 1592
1665730 1591
1665740 1586
1665750 1586
1665760 1584
1665770 1583
1665780 1583
1665790 1578
1665800 1573
1665810 1573
1665820 1571
1665830 1567
1665840 1567
1665850 1564
1665860 1563
1665870 1563
1665880 1565
1665890 1566
1665900 1566
1665910 1568
1665920 1570
1665930 1570
1665940 1570
1665950 1570
1665960 1570
1665970 1570
1665980 1574
1665990 1574
1666000 1576
1666010 1579
1666020 1579
1666030 1581
1666040 1581
1666050 1581
1666060 1576
1666070 1577
1666080 1577
1666090 1579
1666100 1581
1666110 1581
1666120 1584
1666130 1587
1666140 1590
1666150 1590
1666160 1595
1666170 1595
1666180 1595
1666190 1597
1666200 1598
1666210 1598
1666220 1600
1666230 1603
1666240 1603
1666250 1607
1666260 1610
1666270 1610
1666280 1613
1666290 1616
1666300 1616
1666310 1617
1666320 1620
1666330 1620
1666340 1623
1666350 1625
1666360 1625
1666370 1626
1666380 1629
1666390 1629
1666400 1631
1666410 1633
1666420 1633
1666430 1636
1666440 1640
1666450 1640
1666460 1644
1666470 1647
1666480 1647
1666490 1650
1666500 1652
1666510 1652
1666520 1654
1666530 1652
1666540 1652
1666550 1654
1666560 1653
1666570 1653
1666580 1650
1666590 1651
1666600 1651
1666610 1654
1666620 1656
1666630 1655
1666640 1655
1666650 1647
1666660 1636
1666670 1636
1666680 1624
1666690 1613
1666700 1613
1666710 1605
1666720 1594
1666730 1594
1666740 1581
1666750 1565
1666760 1565
1666770 1554
1666780 1544
1666790 1544
1666800 1537
1666810 1531
1666820 1531
1666830 1520
1666840 1502
1666850 1502
1666860 1490
1666870 1481
1666880 1481
1666890 1471
1666900 1464
1666910 1464
1666920 1458
1666930 1455
1666940 1455
1666950 1452
1666960 1449
1666970 1449
1666980 1444
1666990 1442
1667000 1442
1667010 1438
1667020 1436
1667030 1436
1667040 1433
1667050 1429
1667060 1429
1667070 1427
1667080 1423
1667090 1423
1667100 1419
1667110 1414
1667120 1408
1667130 1408
1667140 1403
1667150 1398
1667160 1398
1667170 1394
1667180 1389
1667190 1389
1667200 1383
1667210 1378
1667220 1378
1667230 1373
1667240 1366
1667250 1366
1667260 1363
1667270 1364
1667280 1364
1667290 1363
1667300 1361
1667310 1361
1667320 1358
1667330 1359
1667340 1359
1667350 1362
1667360 1364
1667370 1364
1667380 1364
1667390 1369
1667400 1369
1667410 1369
1667420 1382
1667430 1382
1667440 1378
1667450 1364
1667460 1364
1667470 1353
1667480 1346
1667490 1346
1667500 1339
1667510 1331
1667520 1331
1667530 1323
1667540 1317
1667550 1317
1667560 1314
1667570 1305
1667580 1305
1667590 1303
1667600 1294
1667610 1295
1667620 1295
1667630 1292
1667640 1292
1667650 1292
1667660 1287
1667670 1285
1667680 1285
1667690 1287
1667700 1283
1667710 1283
1667720 1285
1667730 1290
1667740 1290
1667750 1290
1667760 1286
1667770 1286
1667780 1289
1667790 1293
1667800 1293
1667810 1294
1667820 1298
1667830 1298
1667840 1303
1667850 1303
1667860 1303
1667870 1297
1667880 1287
1667890 1287
1667900 1275
1667910 1256
1667920 1256
1667930 1245
1667940 1237
1667950 1237
1667960 1230
1667970 1223
1667980 1223
1667990 1215
1668000 1208
1668010 1208
1668020 1202
1668030 1196
1668040 1196
1668050 1190
1668060 1185
1668070 1185
1668080 1180
1668090 1176
1668100 1176
1668110 1171
1668120 1165
1668130 1159
1668140 1159
1668150 1154
1668160 1149
1668170 1149
1668180 1144
1668190 1140
1668200 1140
1668210 1136
1668220 1132
1668230 1132
1668240 1124
1668250 1117
1668260 1117
1668270 1111
1668280 1114
1668290 1114
1668300 1114
1668310 1112
1668320 1112
1668330 1111
1668340 1109
1668350 1109
1668360 1109
1668370 1110
1668380 1110
1668390 1111
1668400 1112
1668410 1112
1668420 1114
1668430 1117
1668440 1117
1668450 1121
1668460 1124
1668470 1124
1668480 1140
1668490 1151
1668500 1151
1668510 1156
1668520 1149
1668530 1149
1668540 1128
1668550 1111
1668560 1111
1668570 1102
1668580 1093
1668590 1093
1668600 1087
1668610 1079
1668620 1070
1668630 1070
1668640 1059
1668650 1038
1668660 1038
1668670 1027
1668680 1042
1668690 1042
1668700 1053
1668710 1051
1668720 1051
1668730 1042
1668740 1038
1668750 1038
1668760 1034
1668770 1007
1668780 1007
1668790 964
1668800 989
1668810 989
1668820 1000
1668830 1006
1668840 1006
1668850 1008
1668860 1021
1668870 1021
1668880 1036
1668890 1048
1668900 1048
1668910 1056
1668920 1065
1668930 1065
1668940 1072
1668950 1078
1668960 1078
1668970 1087
1668980 1096
1668990 1096
1669000 1112
1669010 1120
1669020 1120
1669030 1126
1669040 1120
1669050 1120
1669060 1115
1669070 1111
1669080 1111
1669090 1105
1669100 1099
1669110 1093
1669120 1093
1669130 1088
1669140 1082
1669150 1082
1669160 1077
1669170 1072
1669180 1072
1669190 1068
1669200 1063
1669210 1063
1669220 1057
1669230 1051
1669240 1051
1669250 1045
1669260 1039
1669270 1039
1669280 1033
1669290 1024
1669300 1024
1669310 1015
1669320 1018
1669330 1018
1669340 1025
1669350 1026
1669360 1026
1669370 1026
1669380 1018
1669390 1018
1669400 1010
1669410 1004
1669420 1004
1669430 1010
1669440 1016
1669450 1016
1669460 1025
1669470 1038
1669480 1038
1669490 1043
1669500 1053
1669510 1053
1669520 1062
1669530 1069
1669540 1069
1669550 1067
1669560 1065
1669570 1065
1669580 1067
1669590 1070
1669600 1078
1669610 1078
1669620 1072
1669630 1072
1669640 1072
1669650 1069
1669660 1062
1669670 1062
1669680 1057
1669690 1051
1669700 1051
1669710 1046
1669720 1042
1669730 1042
1669740 1035
1669750 1028
1669760 1028
1669770 1016
1669780 1013
1669790 1013
1669800 1023
1669810 1035
1669820 1035
1669830 1044
1669840 1050
1669850 1050
1669860 1066
1669870 1087
1669880 1087
1669890 1096
1669900 1104
1669910 1104
1669920 1111
1669930 1117
1669940 1117
1669950 1124
1669960 1132
1669970 1132
1669980 1142
1669990 1149
1670000 1149
1670010 1160
1670020 1170
1670030 1170
1670040 1179
1670050 1191
1670060 1191
1670070 1183
1670080 1179
1670090 1175
1670100 1175
1670110 1173
1670120 1172
1670130 1172
1670140 1184
1670150 1185
1670160 1185
1670170 1172
1670180 1157
1670190 1157
1670200 1149
1670210 1136
1670220 1136
1670230 1124
1670240 1122
1670250 1122
1670260 1116
1670270 1103
1670280 1103
1670290 1085
1670300 1106
1670310 1106
1670320 1111
1670330 1103
1670340 1103
1670350 1088
1670360 1104
1670370 1104
1670380 1114
1670390 1123
1670400 1123
1670410 1131
1670420 1140
1670430 1140
1670440 1146
1670450 1152
1670460 1152
1670470 1159
1670480 1166
1670490 1166
1670500 1174
1670510 1181
1670520 1181
1670530 1189
1670540 1198
1670550 1198
1670560 1202
1670570 1202
1670580 1202
1670590 1199
1670600 1197
1670610 1194
1670620 1194
1670630 1190
1670640 1191
1670650 1191
1670660 1196
1670670 1199
1670680 1199
1670690 1203
1670700 1207
1670710 1207
1670720 1212
1670730 1206
1670740 1206
1670750 1199
1670760 1202
1670770 1202
1670780 1204
1670790 1206
1670800 1206
1670810 1204
1670820 1203
1670830 1203
1670840 1204
1670850 1207
1670860 1207
1670870 1210
1670880 1213
1670890 1213
1670900 1211
1670910 1208
1670920 1208
1670930 1205
1670940 1201
1670950 1201
1670960 1199
1670970 1203
1670980 1203
1670990 1206
1671000 1213
1671010 1213
1671020 1218
1671030 1224
1671040 1224
1671050 1229
1671060 1229
1671070 1229
1671080 1229
1671090 1229
1671100 1229
1671110 1229
1671120 1234
1671130 1239
1671140 1239
1671150 1245
1671160 1252
1671170 1252
1671180 1258
1671190 1265
1671200 1265
1671210 1272
1671220 1278
1671230 1278
1671240 1275
1671250 1275
1671260 1275
1671270 1275
1671280 1275
1671290 1275
1671300 1271
1671310 1266
1671320 1266
1671330 1264
1671340 1266
1671350 1266
1671360 1268
1671370 1270
1671380 1270
1671390 1272
1671400 1272
1671410 1272
1671420 1276
1671430 1281
1671440 1281
1671450 1284
1671460 1290
1671470 1290
1671480 1295
1671490 1296
1671500 1296
1671510 1297
1671520 1296
1671530 1296
1671540 1291
1671550 1287
1671560 1287
1671570 1283
1671580 1279
1671590 1274
1671600 1274
1671610 1270
1671620 1269
1671630 1269
1671640 1272
1671650 1275
1671660 1275
1671670 1275
1671680 1273
1671690 1273
1671700 1276
1671710 1279
1671720 1279
1671730 1278
1671740 1278
1671750 1278
1671760 1282
1671770 1285
1671780 1285
1671790 1290
1671800 1290
1671810 1290
1671820 1290
1671830 1286
1671840 1286
1671850 1280
1671860 1271
1671870 1271
1671880 1263
1671890 1257
1671900 1257
1671910 1253
1671920 1254
1671930 1254
1671940 1258
1671950 1256
1671960 1256
1671970 1248
1671980 1244
1671990 1244
1672000 1244
1672010 1252
1672020 1252
1672030 1259
1672040 1258
1672050 1258
1672060 1259
1672070 1259
1672080 1259
1672090 1259
1672100 1258
1672110 1254
1672120 1254
1672130 1252
1672140 1252
1672150 1252
1672160 1252
1672170 1248
1672180 1248
1672190 1243
1672200 1238
1672210 1238
1672220 1232
1672230 1226
1672240 1226
1672250 1222
1672260 1219
1672270 1219
1672280 1215
1672290 1211
1672300 1211
1672310 1208
1672320 1206
1672330 1206
1672340 1206
1672350 1208
1672360 1208
1672370 1210
1672380 1211
1672390 1211
1672400 1211
1672410 1211
1672420 1211
1672430 1210
1672440 1209
1672450 1209
1672460 1206
1672470 1202
1672480 1202
1672490 1199
1672500 1194
1672510 1194
1672520 1189
1672530 1183
1672540 1183
1672550 1175
1672560 1165
1672570 1157
1672580 1157
1672590 1150
1672600 1144
1672610 1144
1672620 1136
1672630 1128
1672640 1128
1672650 1122
1672660 1113
1672670 1113
1672680 1113
1672690 1113
1672700 1113
1672710 1114
1672720 1119
1672730 1119
1672740 1124
1672750 1124
1672760 1124
1672770 1120
1672780 1114
1672790 1114
1672800 1109
1672810 1114
1672820 1114
1672830 1118
1672840 1121
1672850 1121
1672860 1124
1672870 1117
1672880 1117
1672890 1118
1672900 1116
1672910 1116
1672920 1115
1672930 1111
1672940 1111
1672950 1105
1672960 1102
1672970 1102
1672980 1095
1672990 1101
1673000 1101
1673010 1108
1673020 1115
1673030 1115
1673040 1120
1673050 1122
1673060 1122
1673070 1122
1673080 1120
1673090 1117
1673100 1117
1673110 1113
1673120 1109
1673130 1109
1673140 1104
1673150 1097
1673160 1097
1673170 1090
1673180 1084
1673190 1084
1673200 1077
1673210 1069
1673220 1069
1673230 1061
1673240 1055
1673250 1055
1673260 1048
1673270 1041
1673280 1041
1673290 1034
1673300 1028
1673310 1028
1673320 1020
1673330 1021
1673340 1021
1673350 1022
1673360 1020
1673370 1020
1673380 1019
1673390 1018
1673400 1018
1673410 1016
1673420 1016
1673430 1016
1673440 1015
1673450 1012
1673460 1012
1673470 1007
1673480 1000
1673490 1000
1673500 995
1673510 990
1673520 990
1673530 987
1673540 985
1673550 985
1673560 993
1673570 997
1673580 1001
1673590 1001
1673600 1006
1673610 1010
1673620 1010
1673630 1016
1673640 1021
1673650 1021
1673660 1027
1673670 1033
1673680 1033
1673690 1039
1673700 1045
1673710 1045
1673720 1050
1673730 1059
1673740 1059
1673750 1070
1673760 1077
1673770 1077
1673780 1085
1673790 1091
1673800 1091
1673810 1099
1673820 1107
1673830 1107
1673840 1114
1673850 1121
1673860 1121
1673870 1128
1673880 1131
1673890 1131
1673900 1131
1673910 1131
1673920 1131
1673930 1130
1673940 1127
1673950 1127
1673960 1125
1673970 1122
1673980 1122
1673990 1119
1674000 1116
1674010 1116
1674020 1115
1674030 1113
1674040 1113
1674050 1111
1674060 1108
1674070 1107
1674080 1107
1674090 1105
1674100 1104
1674110 1104
1674120 1103
1674130 1101
1674140 1101
1674150 1099
1674160 1097
1674170 1097
1674180 1097
1674190 1096
1674200 1096
1674210 1094
1674220 1093
1674230 1093
1674240 1091
1674250 1088
1674260 1088
1674270 1087
1674280 1084
1674290 1084
1674300 1081
1674310 1078
1674320 1078
1674330 1074
1674340 1069
1674350 1069
1674360 1064
1674370 1059
1674380 1059
1674390 1054
1674400 1050
1674410 1050
1674420 1045
1674430 1041
1674440 1041
1674450 1038
1674460 1040
1674470 1040
1674480 1046
1674490 1051
1674500 1051
1674510 1055
1674520 1058
1674530 1058
1674540 1062
1674550 1065
1674560 1068
1674570 1068
1674580 1071
1674590 1073
1674600 1073
1674610 1072
1674620 1072
1674630 1072
1674640 1070
1674650 1070
1674660 1070
1674670 1068
1674680 1067
1674690 1067
1674700 1067
1674710 1068
1674720 1068
1674730 1065
1674740 1064
1674750 1064
1674760 1065
1674770 1064
1674780 1064
1674790 1063
1674800 1060
1674810 1060
1674820 1057
1674830 1055
1674840 1055
1674850 1054
1674860 1053
1674870 1053
1674880 1054
1674890 1053
1674900 1053
1674910 1049
1674920 1049
1674930 1049
1674940 1050
1674950 1051
1674960 1051
1674970 1050
1674980 1049
1674990 1049
1675000 1044
1675010 1042
1675020 1042
1675030 1040
1675040 1037
1675050 1033
1675060 1033
1675070 1028
1675080 1024
1675090 1024
1675100 1018
1675110 1012
1675120 1012
1675130 1005
1675140 1000
1675150 1000
1675160 996
1675170 992
1675180 992
1675190 986
1675200 984
1675210 984
1675220 980
1675230 975
1675240 975
1675250 971
1675260 968
1675270 968
1675280 964
1675290 959
1675300 959
1675310 954
1675320 951
1675330 951
1675340 946
1675350 941
1675360 941
1675370 937
1675380 934
1675390 934
1675400 931
1675410 927
1675420 927
1675430 925
1675440 924
1675450 924
1675460 922
1675470 921
1675480 921
1675490 920
1675500 920
1675510 920
1675520 919
1675530 918
1675540 917
1675550 917
1675560 917
1675570 917
1675580 917
1675590 915
1675600 912
1675610 912
1675620 909
1675630 907
1675640 907
1675650 902
1675660 898
1675670 898
1675680 891
1675690 883
1675700 883
1675710 876
1675720 869
1675730 869
1675740 863
1675750 858
1675760 858
1675770 853
1675780 849
1675790 849
1675800 846
1675810 842
1675820 842
1675830 836
1675840 831
1675850 831
1675860 825
1675870 818
1675880 818
1675890 811
1675900 806
1675910 806
1675920 799
1675930 793
1675940 793
1675950 788
1675960 782
1675970 782
1675980 778
1675990 773
1676000 773
1676010 769
1676020 765
1676030 765
1676040 763
1676050 761
1676060 760
1676070 760
1676080 759
1676090 760
1676100 760
1676110 764
1676120 775
1676130 775
1676140 781
1676150 785
1676160 785
1676170 789
1676180 792
1676190 792
1676200 796
1676210 800
1676220 800
1676230 804
1676240 810
1676250 810
1676260 814
1676270 819
1676280 819
1676290 820
1676300 824
1676310 824
1676320 829
1676330 834
1676340 834
1676350 838
1676360 841
1676370 841
1676380 844
1676390 847
1676400 847
1676410 850
1676420 851
1676430 851
1676440 853
1676450 854
1676460 854
1676470 854
1676480 854
1676490 854
1676500 855
1676510 856
1676520 856
1676530 860
1676540 858
1676550 854
1676560 854
1676570 852
1676580 850
1676590 850
1676600 847
1676610 844
1676620 844
1676630 841
1676640 838
1676650 838
1676660 836
1676670 835
1676680 835
1676690 832
1676700 831
1676710 831
1676720 830
1676730 827
1676740 827
1676750 823
1676760 826
1676770 826
1676780 834
1676790 837
1676800 837
1676810 834
1676820 827
1676830 827
1676840 826
1676850 825
1676860 825
1676870 825
1676880 828
1676890 828
1676900 824
1676910 822
1676920 822
1676930 819
1676940 817
1676950 817
1676960 820
1676970 828
1676980 828
1676990 834
1677000 844
1677010 844
1677020 831
1677030 821
1677040 820
1677050 820
1677060 819
1677070 814
1677080 814
1677090 811
1677100 807
1677110 807
1677120 801
1677130 798
1677140 798
1677150 796
1677160 795
1677170 795
1677180 793
1677190 791
1677200 791
1677210 788
1677220 787
1677230 787
1677240 784
1677250 783
1677260 783
1677270 782
1677280 782
1677290 782
1677300 779
1677310 773
1677320 773
1677330 770
1677340 765
1677350 765
1677360 760
1677370 756
1677380 756
1677390 753
1677400 750
1677410 750
1677420 747
1677430 744
1677440 744
1677450 741
1677460 739
1677470 739
1677480 738
1677490 734
1677500 734
1677510 733
1677520 734
1677530 734
1677540 734
1677550 734
1677560 734
1677570 734
1677580 734
1677590 731
1677600 731
1677610 731
1677620 733
1677630 733
1677640 733
1677650 734
1677660 734
1677670 734
1677680 733
1677690 733
1677700 734
1677710 733
1677720 733
1677730 740
1677740 740
1677750 740
1677760 740
1677770 742
1677780 742
1677790 743
1677800 745
1677810 745
1677820 748
1677830 750
1677840 750
1677850 754
1677860 757
1677870 757
1677880 761
1677890 764
1677900 764
1677910 764
1677920 764
1677930 764
1677940 764
1677950 764
1677960 764
1677970 763
1677980 762
1677990 762
1678000 760
1678010 758
1678020 760
1678030 760
1678040 761
1678050 763
1678060 763
1678070 763
1678080 762
1678090 762
1678100 761
1678110 761
1678120 761
1678130 762
1678140 765
1678150 765
1678160 767
1678170 768
1678180 768
1678190 768
1678200 767
1678210 767
1678220 766
1678230 766
1678240 766
1678250 767
1678260 768
1678270 768
1678280 769
1678290 770
1678300 770
1678310 772
1678320 774
1678330 774
1678340 774
1678350 776
1678360 776
1678370 777
1678380 778
1678390 778
1678400 779
1678410 775
1678420 775
1678430 773
1678440 774
1678450 774
1678460 775
1678470 778
1678480 778
1678490 782
1678500 784
1678510 784
1678520 786
1678530 787
1678540 789
1678550 789
1678560 790
1678570 792
1678580 792
1678590 794
1678600 795
1678610 795
1678620 796
1678630 797
1678640 797
1678650 799
1678660 801
1678670 801
1678680 802
1678690 804
1678700 804
1678710 804
1678720 802
1678730 802
1678740 809
1678750 810
1678760 810
1678770 809
1678780 810
1678790 810
1678800 811
1678810 811
1678820 811
1678830 812
1678840 813
1678850 813
1678860 815
1678870 815
1678880 815
1678890 821
1678900 826
1678910 826
1678920 827
1678930 832
1678940 832
1678950 834
1678960 839
1678970 839
1678980 841
1678990 841
1679000 841
1679010 842
1679020 843
1679030 845
1679040 845
1679050 844
1679060 844
1679070 844
1679080 843
1679090 844
1679100 844
1679110 843
1679120 842
1679130 842
1679140 841
1679150 837
1679160 837
1679170 833
1679180 829
1679190 829
1679200 824
1679210 823
1679220 823
1679230 823
1679240 821
1679250 821
1679260 819
1679270 815
1679280 815
1679290 811
1679300 806
1679310 806
1679320 804
1679330 800
1679340 800
1679350 798
1679360 793
1679370 793
1679380 791
1679390 789
1679400 789
1679410 785
1679420 783
1679430 783
1679440 781
1679450 778
1679460 778
1679470 780
1679480 780
1679490 780
1679500 778
1679510 778
1679520 779
1679530 779
1679540 780
1679550 781
1679560 781
1679570 782
1679580 787
1679590 787
1679600 792
1679610 796
1679620 796
1679630 799
1679640 801
1679650 801
1679660 802
1679670 805
1679680 805
1679690 807
1679700 809
1679710 809
1679720 812
1679730 814
1679740 814
1679750 817
1679760 820
1679770 820
1679780 822
1679790 824
1679800 824
1679810 826
1679820 827
1679830 827
1679840 828
1679850 830
1679860 830
1679870 834
1679880 838
1679890 838
1679900 842
1679910 845
1679920 845
1679930 849
1679940 852
1679950 852
1679960 854
1679970 856
1679980 856
1679990 857
1660000 761
1660010 762
1660020 762
1660030 763
1660040 764
1660050 764
1660060 765
1660070 766
1660080 767
1660090 766
1660100 766
1660110 764
1660120 763
1660130 762
1660140 761
1660150 761
1660160 761
1660170 761
1660180 761
1660190 762
1660200 763
1660210 763
1660220 764
1660230 765
1660240 763
1660250 760
1660260 756
1660270 752
1660280 750
1660290 748
1660300 749
1660310 749
1660320 750
1660330 752
1660340 756
1660350 760
1660360 764
1660370 767
1660380 769
1660390 769
1660400 768
1660410 767
1660420 765
1660430 764
1660440 762
1660450 761
1660460 760
1660470 760
1660480 760
1660490 761
1660500 762
1660510 765
1660520 768
1660530 771
1660540 774
1660550 777
1660560 781
1660570 785
1660580 789
1660590 793
1660600 797
1660610 802
1660620 806
1660630 810
1660640 813
1660650 817
1660660 820
1660670 823
1660680 826
1660690 829
1660700 832
1660710 835
1660720 838
1660730 839
1660740 840
1660750 840
1660760 839
1660770 839
1660780 839
1660790 841
1660800 843
1660810 845
1660820 847
1660830 849
1660840 851
1660850 852
1660860 854
1660870 856
1660880 858
1660890 860
1660900 861
1660910 863
1660920 865
1660930 867
1660940 869
1660950 871
1660960 874
1660970 877
1660980 879
1660990 882
1661000 885
1661010 887
1661020 890
1661030 892
1661040 895
1661050 897
1661060 899
1661070 901
1661080 903
1661090 904
1661100 904
1661110 904
1661120 904
1661130 905
1661140 905
1661150 905
1661160 905
1661170 905
1661180 906
1661190 910
1661200 913
1661210 916
1661220 918
1661230 920
1661240 922
1661250 924
1661260 925
1661270 926
1661280 925
1661290 923
1661300 921
1661310 919
1661320 918
1661330 917
1661340 917
1661350 916
1661360 916
1661370 914
1661380 913
1661390 911
1661400 909
1661410 906
1661420 904
1661430 903
1661440 902
1661450 901
1661460 900
1661470 899
1661480 898
1661490 897
1661500 896
1661510 895
1661520 893
1661530 893
1661540 892
1661550 891
1661560 890
1661570 888
1661580 887
1661590 885
1661600 884
1661610 882
1661620 882
1661630 882
1661640 882
1661650 880
1661660 879
1661670 878
1661680 876
1661690 875
1661700 875
1661710 875
1661720 875
1661730 875
1661740 874
1661750 873
1661760 872
1661770 871
1661780 870
1661790 869
1661800 870
1661810 871
1661820 871
1661830 871
1661840 871
1661850 871
1661860 871
1661870 872
1661880 872
1661890 872
1661900 873
1661910 873
1661920 872
1661930 872
1661940 873
1661950 873
1661960 872
1661970 872
1661980 871
1661990 870
1662000 869
1662010 869
1662020 869
1662030 870
1662040 872
1662050 873
1662060 873
1662070 873
1662080 874
1662090 874
1662100 874
1662110 874
1662120 874
1662130 875
1662140 875
1662150 877
1662160 879
1662170 881
1662180 883
1662190 885
1662200 886
1662210 887
1662220 888
1662230 888
1662240 889
1662250 890
1662260 892
1662270 894
1662280 896
1662290 898
1662300 900
1662310 903
1662320 905
1662330 907
1662340 910
1662350 912
1662360 914
1662370 916
1662380 917
1662390 918
1662400 919
1662410 921
1662420 925
1662430 928
1662440 932
1662450 936
1662460 940
1662470 947
1662480 956
1662490 962
1662500 963
1662510 965
1662520 967
1662530 970
1662540 978
1662550 988
1662560 1000
1662570 1003
1662580 1003
1662590 1000
1662600 996
1662610 992
1662620 987
1662630 984
1662640 983
1662650 984
1662660 985
1662670 987
1662680 989
1662690 996
1662700 1002
1662710 1007
1662720 1011
1662730 1016
1662740 1021
1662750 1026
1662760 1032
1662770 1038
1662780 1044
1662790 1049
1662800 1055
1662810 1061
1662820 1066
1662830 1071
1662840 1076
1662850 1081
1662860 1085
1662870 1089
1662880 1093
1662890 1096
1662900 1101
1662910 1104
1662920 1109
1662930 1113
1662940 1120
1662950 1127
1662960 1133
1662970 1139
1662980 1147
1662990 1156
1663000 1165
1663010 1172
1663020 1178
1663030 1186
1663040 1194
1663050 1203
1663060 1208
1663070 1212
1663080 1217
1663090 1221
1663100 1225
1663110 1230
1663120 1235
1663130 1240
1663140 1245
1663150 1250
1663160 1255
1663170 1259
1663180 1262
1663190 1266
1663200 1268
1663210 1271
1663220 1275
1663230 1280
1663240 1284
1663250 1289
1663260 1293
1663270 1298
1663280 1302
1663290 1306
1663300 1310
1663310 1314
1663320 1319
1663330 1324
1663340 1330
1663350 1336
1663360 1341
1663370 1347
1663380 1352
1663390 1357
1663400 1362
1663410 1368
1663420 1373
1663430 1379
1663440 1385
1663450 1391
1663460 1395
1663470 1399
1663480 1404
1663490 1410
1663500 1417
1663510 1424
1663520 1427
1663530 1429
1663540 1429
1663550 1432
1663560 1437
1663570 1442
1663580 1448
1663590 1451
1663600 1454
1663610 1455
1663620 1455
1663630 1456
1663640 1456
1663650 1456
1663660 1455
1663670 1455
1663680 1455
1663690 1453
1663700 1452
1663710 1451
1663720 1451
1663730 1452
1663740 1452
1663750 1453
1663760 1454
1663770 1455
1663780 1456
1663790 1458
1663800 1459
1663810 1460
1663820 1462
1663830 1464
1663840 1465
1663850 1467
1663860 1469
1663870 1472
1663880 1474
1663890 1477
1663900 1479
1663910 1483
1663920 1486
1663930 1490
1663940 1494
1663950 1498
1663960 1501
1663970 1503
1663980 1503
1663990 1503
1664000 1502
1664010 1502
1664020 1501
1664030 1502
1664040 1502
1664050 1501
1664060 1500
1664070 1498
1664080 1497
1664090 1495
1664100 1492
1664110 1491
1664120 1490
1664130 1491
1664140 1492
1664150 1493
1664160 1494
1664170 1494
1664180 1494
1664190 1493
1664200 1493
1664210 1493
1664220 1493
1664230 1493
1664240 1492
1664250 1491
1664260 1491
1664270 1491
1664280 1489
1664290 1488
1664300 1487
1664310 1486
1664320 1485
1664330 1483
1664340 1482
1664350 1482
1664360 1482
1664370 1482
1664380 1482
1664390 1481
1664400 1481
1664410 1481
1664420 1483
1664430 1486
1664440 1489
1664450 1493
1664460 1496
1664470 1497
1664480 1497
1664490 1496
1664500 1497
1664510 1498
1664520 1500
1664530 1501
1664540 1503
1664550 1505
1664560 1506
1664570 1506
1664580 1507
1664590 1507
1664600 1507
1664610 1507
1664620 1507
1664630 1508
1664640 1509
1664650 1511
1664660 1514
1664670 1518
1664680 1521
1664690 1524
1664700 1527
1664710 1527
1664720 1528
1664730 1529
1664740 1531
1664750 1533
1664760 1534
1664770 1537
1664780 1539
1664790 1541
1664800 1543
1664810 1546
1664820 1548
1664830 1550
1664840 1551
1664850 1553
1664860 1555
1664870 1557
1664880 1559
1664890 1560
1664900 1562
1664910 1564
1664920 1567
1664930 1570
1664940 1574
1664950 1576
1664960 1579
1664970 1582
1664980 1585
1664990 1588
1665000 1591
1665010 1594
1665020 1596
1665030 1597
1665040 1599
1665050 1600
1665060 1601
1665070 1602
1665080 1603
1665090 1603
1665100 1604
1665110 1604
1665120 1604
1665130 1605
1665140 1605
1665150 1605
1665160 1605
1665170 1604
1665180 1604
1665190 1603
1665200 1601
1665210 1598
1665220 1595
1665230 1592
1665240 1590
1665250 1588
1665260 1587
1665270 1587
1665280 1586
1665290 1585
1665300 1585
1665310 1585
1665320 1585
1665330 1586
1665340 1587
1665350 1589
1665360 1591
1665370 1593
1665380 1597
1665390 1600
1665400 1603
1665410 1606
1665420 1608
1665430 1610
1665440 1611
1665450 1612
1665460 1613
1665470 1614
1665480 1614
1665490 1614
1665500 1615
1665510 1612
1665520 1610
1665530 1609
1665540 1608
1665550 1607
1665560 1606
1665570 1604
1665580 1602
1665590 1601
1665600 1599
1665610 1597
1665620 1596
1665630 1596
1665640 1596
1665650 1597
1665660 1597
1665670 1595
1665680 1593
1665690 1592
1665700 1592
1665710 1593
1665720 1592
1665730 1591
1665740 1589
1665750 1587
1665760 1584
1665770 1583
1665780 1581
1665790 1578
1665800 1575
1665810 1573
1665820 1571
1665830 1569
1665840 1567
1665850 1565
1665860 1564
1665870 1564
1665880 1565
1665890 1566
1665900 1567
1665910 1568
1665920 1570
1665930 1570
1665940 1570
1665950 1570
1665960 1570
1665970 1571
1665980 1572
1665990 1574
1666000 1576
1666010 1577
1666020 1579
1666030 1580
1666040 1580
1666050 1579
1666060 1578
1666070 1578
1666080 1579
1666090 1580
1666100 1581
1666110 1582
1666120 1584
1666130 1586
1666140 1588
1666150 1590
1666160 1593
1666170 1595
1666180 1595
1666190 1596
1666200 1597
1666210 1598
1666220 1600
1666230 1601
1666240 1604
1666250 1606
1666260 1608
1666270 1610
1666280 1612
1666290 1614
1666300 1615
1666310 1617
1666320 1618
1666330 1620
1666340 1622
1666350 1624
1666360 1625
1666370 1626
1666380 1627
1666390 1629
1666400 1630
1666410 1632
1666420 1634
1666430 1636
1666440 1638
1666450 1641
1666460 1643
1666470 1645
1666480 1648
1666490 1650
1666500 1651
1666510 1652
1666520 1653
1666530 1653
1666540 1653
1666550 1653
1666560 1653
1666570 1651
1666580 1650
1666590 1650
1666600 1652
1666610 1654
1666620 1655
1666630 1656
1666640 1653
1666650 1648
1666660 1642
1666670 1634
1666680 1627
1666690 1619
1666700 1612
1666710 1606
1666720 1600
1666730 1592
1666740 1583
1666750 1573
1666760 1564
1666770 1556
1666780 1550
1666790 1544
1666800 1539
1666810 1533
1666820 1527
1666830 1518
1666840 1509
1666850 1499
1666860 1492
1666870 1485
1666880 1478
1666890 1473
1666900 1467
1666910 1463
1666920 1460
1666930 1457
1666940 1455
1666950 1453
1666960 1451
1666970 1448
1666980 1446
1666990 1444
1667000 1441
1667010 1439
1667020 1437
1667030 1436
1667040 1434
1667050 1432
1667060 1430
1667070 1427
1667080 1425
1667090 1422
1667100 1419
1667110 1416
1667120 1412
1667130 1409
1667140 1405
1667150 1402
1667160 1399
1667170 1396
1667180 1392
1667190 1389
1667200 1385
1667210 1381
1667220 1378
1667230 1374
1667240 1371
1667250 1368
1667260 1366
1667270 1365
1667280 1365
1667290 1364
1667300 1363
1667310 1362
1667320 1361
1667330 1360
1667340 1361
1667350 1362
1667360 1364
1667370 1365
1667380 1367
1667390 1369
1667400 1369
1667410 1372
1667420 1376
1667430 1380
1667440 1377
1667450 1371
1667460 1361
1667470 1354
1667480 1349
1667490 1344
1667500 1339
1667510 1334
1667520 1329
1667530 1324
1667540 1320
1667550 1317
1667560 1313
1667570 1309
1667580 1305
1667590 1302
1667600 1298
1667610 1296
1667620 1294
1667630 1293
1667640 1292
1667650 1291
1667660 1290
1667670 1287
1667680 1287
1667690 1287
1667700 1287
1667710 1285
1667720 1285
1667730 1287
1667740 1289
1667750 1289
1667760 1289
1667770 1289
1667780 1290
1667790 1293
1667800 1294
1667810 1296
1667820 1298
1667830 1301
1667840 1304
1667850 1305
1667860 1301
1667870 1296
1667880 1289
1667890 1282
1667900 1273
1667910 1264
1667920 1253
1667930 1246
1667940 1241
1667950 1235
1667960 1230
1667970 1226
1667980 1220
1667990 1216
1668000 1211
1668010 1207
1668020 1202
1668030 1199
1668040 1195
1668050 1191
1668060 1187
1668070 1184
1668080 1181
1668090 1177
1668100 1175
1668110 1171
1668120 1167
1668130 1164
1668140 1160
1668150 1157
1668160 1153
1668170 1149
1668180 1146
1668190 1143
1668200 1140
1668210 1137
1668220 1134
1668230 1130
1668240 1125
1668250 1120
1668260 1116
1668270 1115
1668280 1115
1668290 1116
1668300 1115
1668310 1113
1668320 1113
1668330 1112
1668340 1112
1668350 1111
1668360 1111
1668370 1111
1668380 1111
1668390 1112
1668400 1113
1668410 1115
1668420 1117
1668430 1118
1668440 1120
1668450 1122
1668460 1126
1668470 1132
1668480 1141
1668490 1149
1668500 1154
1668510 1153
1668520 1149
1668530 1141
1668540 1129
1668550 1118
1668560 1108
1668570 1102
1668580 1096
1668590 1091
1668600 1087
1668610 1081
1668620 1076
1668630 1069
1668640 1061
1668650 1050
1668660 1040
1668670 1037
1668680 1042
1668690 1048
1668700 1052
1668710 1054
1668720 1050
1668730 1046
1668740 1041
1668750 1038
1668760 1032
1668770 1022
1668780 1000
1668790 986
1668800 979
1668810 991
1668820 1000
1668830 1008
1668840 1009
1668850 1012
1668860 1018
1668870 1027
1668880 1036
1668890 1044
1668900 1051
1668910 1057
1668920 1062
1668930 1068
1668940 1072
1668950 1077
1668960 1082
1668970 1087
1668980 1094
1668990 1103
1669000 1110
1669010 1117
1669020 1123
1669030 1125
1669040 1123
1669050 1120
1669060 1117
1669070 1114
1669080 1111
1669090 1107
1669100 1102
1669110 1098
1669120 1094
1669130 1090
1669140 1086
1669150 1083
1669160 1079
1669170 1075
1669180 1072
1669190 1069
1669200 1066
1669210 1062
1669220 1058
1669230 1054
1669240 1050
1669250 1046
1669260 1042
1669270 1038
1669280 1033
1669290 1028
1669300 1022
1669310 1020
1669320 1019
1669330 1022
1669340 1024
1669350 1026
1669360 1027
1669370 1025
1669380 1022
1669390 1016
1669400 1011
1669410 1007
1669420 1007
1669430 1010
1669440 1014
1669450 1019
1669460 1025
1669470 1031
1669480 1038
1669490 1043
1669500 1050
1669510 1058
1669520 1064
1669530 1067
1669540 1070
1669550 1069
1669560 1067
1669570 1067
1669580 1069
1669590 1073
1669600 1078
1669610 1077
1669620 1075
1669630 1074
1669640 1074
1669650 1072
1669660 1068
1669670 1064
1669680 1060
1669690 1055
1669700 1052
1669710 1049
1669720 1046
1669730 1041
1669740 1037
1669750 1032
1669760 1026
1669770 1021
1669780 1017
1669790 1019
1669800 1023
1669810 1029
1669820 1036
1669830 1043
1669840 1050
1669850 1059
1669860 1070
1669870 1081
1669880 1089
1669890 1096
1669900 1101
1669910 1106
1669920 1111
1669930 1116
1669940 1120
1669950 1125
1669960 1130
1669970 1135
1669980 1141
1669990 1147
1670000 1152
1670010 1158
1670020 1164
1670030 1171
1670040 1179
1670050 1185
1670060 1188
1670070 1185
1670080 1182
1670090 1181
1670100 1179
1670110 1177
1670120 1175
1670130 1178
1670140 1182
1670150 1186
1670160 1183
1670170 1177
1670180 1167
1670190 1159
1670200 1150
1670210 1142
1670220 1135
1670230 1129
1670240 1125
1670250 1123
1670260 1118
1670270 1111
1670280 1099
1670290 1097
1670300 1101
1670310 1108
1670320 1110
1670330 1108
1670340 1099
1670350 1098
1670360 1103
1670370 1108
1670380 1114
1670390 1119
1670400 1125
1670410 1131
1670420 1138
1670430 1142
1670440 1147
1670450 1151
1670460 1155
1670470 1160
1670480 1164
1670490 1169
1670500 1174
1670510 1179
1670520 1184
1670530 1190
1670540 1196
1670550 1200
1670560 1202
1670570 1203
1670580 1202
1670590 1200
1670600 1198
1670610 1196
1670620 1194
1670630 1193
1670640 1191
1670650 1193
1670660 1196
1670670 1198
1670680 1201
1670690 1204
1670700 1207
1670710 1210
1670720 1211
1670730 1211
1670740 1205
1670750 1203
1670760 1202
1670770 1204
1670780 1205
1670790 1206
1670800 1207
1670810 1206
1670820 1205
1670830 1205
1670840 1206
1670850 1207
1670860 1209
1670870 1211
1670880 1213
1670890 1213
1670900 1212
1670910 1210
1670920 1208
1670930 1206
1670940 1203
1670950 1201
1670960 1201
1670970 1202
1670980 1205
1670990 1209
1671000 1212
1671010 1216
1675120 1009
1675130 1007
1675140 1002
1675150 999
1675160 997
1675170 994
1675180 991
1675190 988
1675200 985
1675210 983
1675220 980
1675230 977
1675240 974
1675250 972
1675260 970
1675270 967
1675280 964
1675290 961
1675300 958
1675310 955
1675320 952
1675330 949
1675340 946
1675350 944
1675360 941
1675370 938
1675380 935
1675390 933
1675400 931
1675410 928
1675420 926
1675430 925
1675440 924
1675450 923
1675460 922
1675470 921
1675480 920
1675490 920
1675500 920
1675510 919
1675520 919
1675530 918
1675540 918
1675550 917
1675560 917
1675570 917
1675580 917
1675590 915
1675600 914
1675610 912
1675620 910
1675630 908
1675640 906
1675650 903
1675660 900
1675670 897
1675680 892
1675690 888
1675700 883
1675710 877
1675720 872
1675730 868
1675740 864
1675750 861
1675760 857
1675770 854
1675780 851
1675790 849
1675800 846
1675810 843
1675820 840
1675830 837
1675840 833
1675850 829
1675860 825
1675870 821
1675880 816
1675890 812
1675900 808
1675910 803
1675920 799
1675930 795
1675940 791
1675950 788
1675960 784
1675970 781
1675980 778
1675990 774
1676000 771
1676010 769
1676020 766
1676030 764
1676040 763
1676050 762
1676060 761
1676070 760
1676080 760
1676090 759
1676100 761
1676110 765
1676120 771
1676130 775
1676140 779
1676150 782
1676160 785
1676170 788
1676180 791
1676190 793
1676200 796
1676210 798
1676220 801
1676230 804
1676240 807
1676250 811
1676260 814
1676270 817
1676280 819
1676290 821
1676300 822
1676310 825
1676320 828
1676330 832
1676340 835
1676350 837
1676360 840
1676370 842
1676380 844
1676390 846
1676400 848
1676410 849
1676420 851
1676430 852
1676440 853
1676450 854
1676460 854
1676470 854
1676480 854
1676490 854
1676500 855
1676510 856
1676520 858
1676530 859
1676540 858
1676550 857
1676560 855
1676570 853
1676580 851
1676590 850
1676600 848
1676610 846
1676620 844
1676630 842
1676640 840
1676650 837
1676660 836
1676670 835
1676680 834
1676690 832
1676700 831
1676710 831
1676720 830
1676730 829
1676740 826
1676750 824
1676760 824
1676770 829
1676780 833
1676790 836
1676800 836
1676810 833
1676820 829
1676830 827
1676840 826
1676850 825
1676860 825
1676870 826
1676880 827
1676890 828
1676900 828
1676910 828
1676920 824
1676930 821
1676940 819
1676950 818
1676960 822
1676970 827
1676980 830
1676990 835
1677000 840
1677010 839
1677020 832
1677030 823
1677040 819
1677050 819
1677060 820
1677070 818
1677080 815
1677090 812
1677100 809
1677110 805
1677120 801
1677130 800
1677140 798
1677150 796
1677160 796
1677170 795
1677180 794
1677190 792
1677200 791
1677210 789
1677220 788
1677230 787
1677240 785
1677250 784
1677260 783
1677270 783
1677280 783
1677290 782
1677300 779
1677310 776
1677320 773
1677330 770
1677340 768
1677350 764
1677360 761
1677370 758
1677380 756
1677390 754
1677400 752
1677410 749
1677420 747
1677430 745
1677440 743
1677450 742
1677460 740
1677470 739
1677480 737
1677490 736
1677500 734
1677510 734
1677520 734
1677530 734
1677540 734
1677550 734
1677560 734
1677570 734
1677580 734
1677590 733
1677600 732
1677610 732
1677620 732
1677630 733
1677640 733
1677650 733
1677660 733
1677670 733
1677680 733
1677690 733
1677700 734
1677710 733
1677720 735
1677730 738
1677740 740
1677750 740
1677760 740
1677770 741
1677780 742
1677790 743
1677800 744
1677810 746
1677820 748
1677830 749
1677840 751
1677850 753
1677860 756
1677870 758
1677880 760
1677890 762
1677900 763
1677910 764
1677920 764
1677930 764
1677940 764
1677950 764
1677960 763
1677970 763
1677980 762
1677990 761
1678000 760
1678010 759
1678020 759
1678030 760
1678040 761
1678050 762
1678060 763
1678070 763
1678080 762
1678090 762
1678100 762
1678110 761
1678120 762
1678130 763
1678140 764
1678150 766
1678160 767
1678170 768
1678180 768
1678190 768
1678200 768
1678210 767
1678220 766
1678230 766
1678240 767
1678250 767
1678260 768
1678270 769
1678280 769
1678290 770
1678300 771
1678310 772
1678320 773
1678330 774
1678340 775
1678350 776
1678360 777
1678370 778
1678380 779
1678390 779
1678400 778
1678410 777
1678420 774
1678430 773
1678440 773
1678450 774
1678460 776
1678470 777
1678480 780
1678490 782
1678500 784
1678510 786
1678520 787
1678530 787
1678540 788
1678550 789
1678560 791
1678570 792
1678580 793
1678590 795
1678600 796
1678610 796
1678620 797
1678630 797
1678640 798
1678650 799
1678660 801
1678670 802
1678680 803
1678690 804
1678700 805
1678710 805
1678720 804
1678730 806
1678740 808
1678750 811
1678760 811
1678770 810
1678780 810
1678790 811
1678800 812
1678810 812
1678820 813
1678830 813
1678840 814
1678850 814
1678860 815
1678870 816
1678880 819
1678890 822
1678900 826
1678910 827
1678920 829
1678930 832
1678940 834
1678950 836
1678960 838
1678970 840
1678980 841
1678990 842
1679000 843
1679010 843
1679020 844
1679030 845
1679040 846
1679050 846
1679060 845
1679070 845
1679080 845
1679090 845
1679100 845
1679110 845
1679120 844
1679130 843
1679140 842
1679150 840
1679160 837
1679170 835
1679180 832
1679190 829
1679200 826
1679210 824
1679220 824
1679230 824
1679240 823
1679250 822
1679260 820
1679270 817
1679280 815
1679290 812
1679300 809
1679310 807
1679320 805
1679330 803
1679340 801
1679350 798
1679360 796
1679370 794
1679380 792
1679390 790
1679400 788
1679410 786
1679420 784
1679430 783
1679440 781
1679450 780
1679460 780
1679470 780
1679480 781
1679490 780
1679500 779
1679510 779
1679520 779
1679530 779
1679540 780
1679550 781
1679560 781
1679570 783
1679580 785
1679590 788
1679600 791
1679610 794
1679620 796
1679630 798
1679640 800
1679650 801
1679660 802
1679670 804
1679680 805
1679690 807
1679700 809
1679710 810
1679720 812
1679730 814
1679740 815
1679750 817
1679760 819
1679770 821
1679780 822
1679790 823
1679800 825
1679810 826
1679820 827
1679830 828
1679840 829
1679850 831
1679860 832
1679870 834
1679880 837
1679890 840
1679900 842
1679910 845
1679920 847
1679930 849
1679940 851
1679950 853
1679960 854
1679970 856
1679980 857
1679990 858
