1663680 1421
1663690 1421
1663700 1421
1663710 1420
1663720 1417
1663730 1417
1663740 1420
1663750 1426
1663760 1426
1663770 1429
1663780 1432
1663790 1432
1663800 1435
1663810 1437
1663820 1437
1663830 1440
1663840 1444
1663850 1444
1663860 1447
1663870 1450
1663880 1450
1663890 1453
1663900 1456
1663910 1456
1663920 1459
1663930 1462
1663940 1462
1663950 1465
1663960 1467
1663970 1467
1663980 1468
1663990 1469
1664000 1469
1664010 1471
1664020 1472
1664030 1472
1664040 1473
1664050 1474
1664060 1475
1664070 1475
1664080 1477
1664090 1477
1664100 1477
1664110 1478
1664120 1479
1664130 1479
1664140 1478
1664150 1478
1664160 1478
1664170 1476
1664180 1475
1664190 1475
1664200 1475
1664210 1474
1664220 1474
1664230 1475
1664240 1475
1664250 1475
1664260 1474
1664270 1475
1664280 1475
1664290 1476
1664300 1478
1664310 1478
1664320 1479
1664330 1480
1664340 1480
1664350 1484
1664360 1488
1664370 1488
1664380 1492
1664390 1497
1664400 1497
1664410 1503
1664420 1506
1664430 1506
1664440 1506
1664450 1507
1664460 1507
1664470 1506
1664480 1504
1664490 1504
1664500 1502
1664510 1498
1664520 1498
1664530 1495
1664540 1491
1664550 1491
1664560 1489
1664570 1487
1664580 1489
1664590 1489
1664600 1489
1664610 1487
1664620 1487
1664630 1486
1664640 1485
1664650 1485
1664660 1483
1664670 1482
1664680 1482
1664690 1479
1664700 1479
1664710 1479
1664720 1478
1664730 1477
1664740 1477
1664750 1478
1664760 1476
1664770 1476
1664780 1477
1664790 1481
1664800 1481
1664810 1481
1664820 1484
1664830 1484
1664840 1483
1664850 1484
1664860 1484
1664870 1489
1664880 1493
1664890 1493
1664900 1497
1664910 1499
1664920 1499
1664930 1493
1664940 1493
1664950 1493
1664960 1493
1664970 1490
1664980 1490
1664990 1484
1665000 1480
1665010 1480
1665020 1476
1665030 1470
1665040 1470
1665050 1464
1665060 1462
1665070 1461
1665080 1461
1665090 1456
1665100 1452
1665110 1452
1665120 1448
1665130 1451
1665140 1451
1665150 1451
1665160 1455
1665170 1455
1665180 1460
1665190 1460
1665200 1460
1665210 1457
1665220 1457
1665230 1457
1665240 1458
1665250 1459
1665260 1459
1665270 1460
1665280 1457
1665290 1457
1665300 1448
1665310 1443
1665320 1443
1665330 1442
1665340 1448
1665350 1448
1665360 1447
1665370 1446
1665380 1446
1665390 1448
1665400 1453
1665410 1453
1665420 1455
1665430 1454
1665440 1454
1665450 1453
1665460 1451
1665470 1451
1665480 1456
1665490 1454
1665500 1454
1665510 1455
1665520 1454
1665530 1454
1665540 1457
1665550 1458
1665560 1456
1665570 1456
1665580 1453
1665590 1450
1665600 1450
1665610 1448
1665620 1445
1665630 1445
1665640 1442
1665650 1439
1665660 1439
1665670 1438
1665680 1440
1665690 1440
1665700 1444
1665710 1452
1665720 1452
1665730 1458
1665740 1466
1665750 1466
1665760 1471
1665770 1474
1665780 1474
1665790 1478
1665800 1483
1665810 1483
1665820 1487
1665830 1489
1665840 1489
1665850 1494
1665860 1497
1665870 1497
1665880 1498
1665890 1497
1665900 1497
1665910 1489
1665920 1482
1665930 1482
1665940 1479
1665950 1477
1665960 1477
1665970 1478
1665980 1482
1665990 1482
1666000 1488
1666010 1493
1666020 1493
1666030 1500
1666040 1505
1666050 1505
1666060 1509
1666070 1514
1666080 1520
1666090 1520
1666100 1522
1666110 1525
1666120 1525
1666130 1526
1666140 1530
1666150 1530
1666160 1533
1666170 1536
1666180 1536
1666190 1539
1666200 1543
1666210 1543
1666220 1546
1666230 1547
1666240 1547
1666250 1549
1666260 1550
1666270 1550
1666280 1551
1666290 1552
1666300 1552
1666310 1553
1666320 1554
1666330 1554
1666340 1555
1666350 1555
1666360 1555
1666370 1555
1666380 1555
1666390 1555
1666400 1555
1666410 1555
1666420 1555
1666430 1556
1666440 1559
1666450 1559
1666460 1562
1666470 1564
1666480 1564
1666490 1566
1666500 1568
1666510 1568
1666520 1571
1666530 1573
1666540 1573
1666550 1574
1666560 1575
1666570 1576
1666580 1576
1666590 1573
1666600 1565
1666610 1565
1666620 1555
1666630 1546
1666640 1546
1666650 1536
1666660 1526
1666670 1526
1666680 1517
1666690 1508
1666700 1508
1666710 1501
1666720 1494
1666730 1494
1666740 1486
1666750 1478
1666760 1478
1666770 1468
1666780 1460
1666790 1460
1666800 1451
1666810 1445
1666820 1445
1666830 1437
1666840 1428
1666850 1428
1666860 1417
1666870 1408
1666880 1408
1666890 1400
1666900 1393
1666910 1393
1666920 1386
1666930 1379
1666940 1379
1666950 1375
1666960 1367
1666970 1367
1666980 1359
1666990 1351
1667000 1351
1667010 1344
1667020 1336
1667030 1336
1667040 1327
1667050 1304
1667060 1304
1667070 1291
1667080 1286
1667090 1279
1667100 1279
1667110 1273
1667120 1265
1667130 1265
1667140 1248
1667150 1233
1667160 1233
1667170 1220
1667180 1211
1667190 1211
1667200 1201
1667210 1196
1667220 1196
1667230 1191
1667240 1183
1667250 1183
1667260 1178
1667270 1168
1667280 1168
1667290 1160
1667300 1150
1667310 1150
1667320 1128
1667330 1120
1667340 1120
1667350 1115
1667360 1109
1667370 1109
1667380 1103
1667390 1099
1667400 1099
1667410 1099
1667420 1100
1667430 1100
1667440 1087
1667450 1082
1667460 1082
1667470 1087
1667480 1079
1667490 1079
1667500 1073
1667510 1069
1667520 1069
1667530 1054
1667540 1053
1667550 1053
1667560 1049
1667570 1037
1667580 1026
1667590 1026
1667600 1049
1667610 1058
1667620 1058
1667630 1055
1667640 1050
1667650 1050
1667660 1044
1667670 1036
1667680 1036
1667690 1028
1667700 1023
1667710 1023
1667720 1018
1667730 1015
1667740 1015
1667750 1013
1667760 1014
1667770 1014
1667780 1011
1667790 1008
1667800 1008
1667810 1005
1667820 1004
1667830 1004
1667840 1006
1667850 1006
1667860 1006
1667870 1007
1667880 1004
1667890 1004
1667900 1000
1667910 997
1667920 997
1667930 995
1667940 991
1667950 991
1667960 988
1667970 983
1667980 983
1667990 979
1668000 978
1668010 978
1668020 977
1668030 974
1668040 974
1668050 970
1668060 965
1668070 965
1668080 958
1668090 949
1668100 941
1668110 941
1668120 926
1668130 914
1668140 914
1668150 905
1668160 897
1668170 897
1668180 891
1668190 886
1668200 886
1668210 884
1668220 878
1668230 878
1668240 873
1668250 870
1668260 870
1668270 858
1668280 849
1668290 849
1668300 843
1668310 838
1668320 838
1668330 834
1668340 830
1668350 830
1668360 828
1668370 823
1668380 823
1668390 813
1668400 808
1668410 808
1668420 808
1668430 809
1668440 809
1668450 803
1668460 788
1668470 788
1668480 779
1668490 770
1668500 770
1668510 762
1668520 763
1668530 763
1668540 763
1668550 761
1668560 761
1668570 755
1668580 757
1668590 756
1668600 756
1668610 755
1668620 752
1668630 752
1668640 750
1668650 747
1668660 747
1668670 744
1668680 741
1668690 741
1668700 738
1668710 735
1668720 735
1668730 732
1668740 730
1668750 730
1668760 729
1668770 728
1668780 728
1668790 726
1668800 726
1668810 726
1668820 727
1668830 725
1668840 725
1668850 722
1668860 722
1668870 722
1668880 718
1668890 714
1668900 714
1668910 711
1668920 710
1668930 710
1668940 710
1668950 709
1668960 709
1668970 709
1668980 707
1668990 707
1669000 707
1669010 707
1669020 707
1669030 706
1669040 706
1669050 706
1669060 704
1669070 704
1669080 704
1669090 704
1669100 704
1669110 704
1669120 704
1669130 705
1669140 705
1669150 705
1669160 704
1669170 703
1669180 703
1669190 702
1669200 701
1669210 701
1669220 701
1669230 701
1669240 701
1669250 700
1669260 700
1669270 700
1669280 701
1669290 701
1669300 701
1669310 700
1669320 702
1669330 702
1669340 703
1669350 705
1669360 705
1669370 708
1669380 709
1669390 709
1669400 711
1669410 713
1669420 713
1669430 715
1669440 715
1669450 715
1669460 716
1669470 716
1669480 716
1669490 717
1669500 723
1669510 723
1669520 730
1669530 731
1669540 731
1669550 736
1669560 741
1669570 741
1669580 746
1669590 752
1669600 759
1669610 759
1669620 766
1669630 771
1669640 771
1669650 775
1669660 778
1669670 778
1669680 784
1669690 793
1669700 793
1669710 798
1669720 805
1669730 805
1669740 810
1669750 816
1669760 816
1669770 822
1669780 830
1669790 830
1669800 834
1669810 841
1669820 841
1669830 846
1669840 851
1669850 851
1669860 858
1669870 861
1669880 861
1669890 866
1669900 875
1669910 875
1669920 878
1669930 874
1669940 874
1669950 872
1669960 869
1669970 869
1669980 864
1669990 859
1670000 859
1670010 857
1670020 855
1670030 855
1670040 857
1670050 861
1670060 861
1670070 866
1670080 872
1670090 872
1670100 878
1670110 882
1670120 879
1670130 879
1670140 875
1670150 869
1670160 869
1670170 864
1670180 859
1670190 859
1670200 854
1670210 849
1670220 849
1670230 845
1670240 838
1670250 838
1670260 831
1670270 821
1670280 821
1670290 808
1670300 781
1670310 781
1670320 780
1670330 791
1670340 791
1670350 792
1670360 785
1670370 785
1670380 788
1670390 782
1670400 782
1670410 772
1670420 773
1670430 773
1670440 774
1670450 783
1670460 783
1670470 790
1670480 795
1670490 795
1670500 803
1670510 810
1670520 810
1670530 819
1670540 829
1670550 829
1670560 838
1670570 845
1670580 845
1670590 853
1670600 857
1670610 853
1670620 853
1670630 856
1670640 857
1670650 857
1670660 856
1670670 856
1670680 856
1670690 861
1670700 871
1670710 871
1670720 882
1670730 895
1670740 895
1670750 901
1670760 903
1670770 903
1670780 903
1670790 905
1670800 905
1670810 908
1670820 910
1670830 910
1670840 912
1670850 911
1670860 911
1670870 909
1670880 903
1670890 903
1670900 900
1670910 896
1670920 896
1670930 893
1670940 891
1670950 891
1670960 889
1670970 888
1670980 888
1670990 885
1671000 884
1671010 884
1671020 881
1671030 882
1671040 882
1671050 881
1671060 877
1671070 877
1671080 869
1671090 866
1671100 864
1671110 864
1671120 862
1671130 860
1671140 860
1671150 862
1671160 865
1671170 865
1671180 869
1671190 872
1671200 872
1671210 879
1671220 888
1671230 888
1671240 899
1671250 910
1671260 910
1671270 919
1671280 928
1671290 928
1671300 937
1671310 944
1671320 944
1671330 949
1671340 955
1671350 955
1671360 961
1671370 970
1671380 970
1671390 972
1671400 972
1671410 972
1671420 976
1671430 985
1671440 985
1671450 996
1671460 996
1671470 996
1671480 996
1671490 997
1671500 997
1671510 996
1671520 994
1671530 994
1671540 1002
1671550 1010
1671560 1010
1671570 1020
1671580 1031
1671590 1031
1671600 1038
1671610 1046
1671620 1054
1671630 1054
1671640 1060
1671650 1075
1671660 1075
1671670 1104
1671680 1113
1671690 1113
1671700 1122
1671710 1114
1671720 1114
1671730 1092
1671740 1120
1671750 1120
1671760 1123
1671770 1108
1671780 1108
1671790 1107
1671800 1110
1671810 1110
1671820 1117
1671830 1125
1671840 1125
1671850 1135
1671860 1143
1671870 1143
1671880 1141
1671890 1124
1671900 1124
1671910 1118
1671920 1132
1671930 1132
1671940 1143
1671950 1150
1671960 1150
1671970 1156
1671980 1168
1671990 1168
1672000 1179
1672010 1184
1672020 1184
1672030 1180
1672040 1173
1672050 1173
1672060 1163
1672070 1155
1672080 1155
1672090 1148
1672100 1141
1672110 1133
1672120 1133
1672130 1125
1672140 1120
1672150 1120
1672160 1115
1672170 1113
1672180 1113
1672190 1111
1672200 1107
1672210 1107
1672220 1099
1672230 1095
1672240 1095
1672250 1085
1672260 1078
1672270 1078
1672280 1074
1672290 1069
1672300 1069
1672310 1062
1672320 1068
1672330 1068
1672340 1078
1672350 1102
1672360 1102
1672370 1121
1672380 1134
1672390 1134
1672400 1146
1672410 1157
1672420 1157
1672430 1168
1672440 1176
1672450 1176
1672460 1185
1672470 1197
1672480 1197
1672490 1214
1672500 1230
1672510 1230
1672520 1245
1672530 1263
1672540 1263
1672550 1273
1672560 1282
1672570 1282
1672580 1290
1672590 1300
1672600 1300
1672610 1323
1672620 1324
1672630 1330
1672640 1330
1672650 1351
1672660 1345
1672670 1345
1672680 1340
1672690 1335
1672700 1335
1672710 1331
1672720 1326
1672730 1326
1672740 1325
1672750 1326
1672760 1326
1672770 1326
1672780 1326
1672790 1326
1672800 1323
1672810 1321
1672820 1321
1672830 1321
1672840 1331
1672850 1331
1672860 1337
1672870 1339
1672880 1339
1672890 1347
1672900 1354
1672910 1354
1672920 1361
1672930 1370
1672940 1370
1672950 1380
1672960 1386
1672970 1386
1672980 1383
1672990 1378
1673000 1378
1673010 1372
1673020 1364
1673030 1364
1673040 1367
1673050 1367
1673060 1367
1673070 1367
1673080 1368
1673090 1368
1673100 1365
1673110 1364
1673120 1365
1673130 1365
1673140 1367
1673150 1365
1673160 1365
1673170 1365
1673180 1364
1673190 1364
1673200 1362
1673210 1363
1673220 1363
1673230 1363
1673240 1360
1673250 1360
1673260 1353
1673270 1347
1673280 1347
1673290 1344
1673300 1338
1673310 1338
1673320 1344
1673330 1346
1673340 1346
1673350 1348
1673360 1349
1673370 1349
1673380 1345
1673390 1340
1673400 1340
1673410 1342
1673420 1341
1673430 1341
1673440 1336
1673450 1334
1673460 1334
1673470 1338
1673480 1342
1673490 1342
1673500 1346
1673510 1348
1673520 1348
1673530 1353
1673540 1359
1673550 1359
1673560 1364
1673570 1369
1673580 1369
1673590 1374
1673600 1378
1673610 1378
1673620 1387
1673630 1391
1673640 1393
1673650 1393
1673660 1396
1673670 1400
1673680 1400
1673690 1404
1673700 1408
1673710 1408
1673720 1414
1673730 1419
1673740 1419
1673750 1418
1673760 1414
1673770 1414
1673780 1409
1673790 1405
1673800 1405
1673810 1401
1673820 1395
1673830 1395
1673840 1390
1673850 1385
1673860 1385
1673870 1381
1673880 1376
1673890 1376
1673900 1371
1673910 1366
1673920 1366
1673930 1362
1673940 1358
1673950 1358
1673960 1354
1673970 1351
1673980 1351
1673990 1346
1674000 1343
1674010 1343
1674020 1339
1674030 1336
1674040 1336
1674050 1332
1674060 1329
1674070 1329
1674080 1325
1674090 1322
1674100 1322
1674110 1319
1674120 1315
1674130 1311
1674140 1311
1674150 1309
1674160 1305
1674170 1305
1674180 1302
1674190 1297
1674200 1297
1674210 1295
1674220 1294
1674230 1294
1674240 1291
1674250 1287
1674260 1287
1674270 1285
1674280 1280
1674290 1280
1674300 1278
1674310 1276
1674320 1276
1674330 1272
1674340 1269
1674350 1269
1674360 1267
1674370 1262
1674380 1262
1674390 1260
1674400 1257
1674410 1257
1674420 1255
1674430 1251
1674440 1251
1674450 1248
1674460 1244
1674470 1244
1674480 1241
1674490 1239
1674500 1239
1674510 1236
1674520 1234
1674530 1234
1674540 1230
1674550 1228
1674560 1228
1674570 1225
1674580 1223
1674590 1223
1674600 1220
1674610 1218
1674620 1218
1674630 1216
1674640 1214
1674650 1211
1674660 1211
1674670 1209
1674680 1207
1674690 1207
1674700 1205
1674710 1203
1674720 1203
1674730 1200
1674740 1198
1674750 1198
1674760 1195
1674770 1191
1674780 1191
1674790 1188
1674800 1184
1674810 1184
1674820 1181
1674830 1177
1674840 1177
1674850 1173
1674860 1170
1674870 1170
1674880 1167
1674890 1163
1674900 1163
1674910 1159
1674920 1156
1674930 1156
1674940 1153
1674950 1151
1674960 1151
1674970 1147
1674980 1145
1674990 1145
1675000 1141
1675010 1138
1675020 1138
1675030 1135
1675040 1132
1675050 1132
1675060 1129
1675070 1126
1675080 1126
1675090 1123
1675100 1121
1675110 1121
1675120 1118
1675130 1116
1675140 1115
1675150 1115
1675160 1112
1675170 1108
1675180 1108
1675190 1107
1675200 1103
1675210 1103
1675220 1100
1675230 1100
1675240 1100
1675250 1097
1675260 1095
1675270 1095
1675280 1094
1675290 1090
1675300 1090
1675310 1088
1675320 1086
1675330 1086
1675340 1085
1675350 1083
1675360 1083
1675370 1082
1675380 1078
1675390 1078
1675400 1075
1675410 1072
1675420 1072
1675430 1070
1675440 1068
1675450 1068
1675460 1065
1675470 1063
1675480 1063
1675490 1061
1675500 1057
1675510 1057
1675520 1055
1675530 1052
1675540 1052
1675550 1051
1675560 1049
1675570 1049
1675580 1047
1675590 1045
1675600 1045
1675610 1043
1675620 1041
1675630 1038
1675640 1038
1675650 1036
1675660 1033
1675670 1033
1675680 1028
1675690 1026
1675700 1026
1675710 1022
1675720 1017
1675730 1017
1675740 1012
1675750 1009
1675760 1009
1675770 1006
1675780 1002
1675790 1002
1675800 1000
1675810 998
1675820 998
1675830 998
1675840 997
1675850 997
1675860 997
1675870 996
1675880 996
1675890 996
1675900 994
1675910 994
1675920 994
1675930 993
1675940 993
1675950 993
1675960 993
1675970 993
1675980 993
1675990 992
1676000 992
1676010 992
1676020 990
1676030 990
1676040 990
1676050 989
1676060 989
1676070 986
1676080 984
1676090 984
1676100 985
1676110 987
1676120 987
1676130 993
1676140 996
1676150 1000
1676160 1000
1676170 1003
1676180 1006
1676190 1006
1676200 1008
1676210 1009
1676220 1009
1676230 1012
1676240 1013
1676250 1013
1676260 1014
1676270 1016
1676280 1016
1676290 1017
1676300 1019
1676310 1019
1676320 1020
1676330 1022
1676340 1022
1676350 1025
1676360 1029
1676370 1029
1676380 1035
1676390 1039
1676400 1039
1676410 1041
1676420 1043
1676430 1043
1676440 1044
1676450 1045
1676460 1045
1676470 1047
1676480 1048
1676490 1048
1676500 1049
1676510 1048
1676520 1048
1676530 1048
1676540 1047
1676550 1047
1676560 1047
1676570 1045
1676580 1045
1676590 1044
1676600 1042
1676610 1042
1676620 1040
1676630 1038
1676640 1036
1676650 1036
1676660 1033
1676670 1030
1676680 1030
1676690 1027
1676700 1025
1676710 1025
1676720 1024
1676730 1023
1676740 1023
1676750 1021
1676760 1015
1676770 1015
1676780 1008
1676790 1006
1676800 1006
1676810 1007
1676820 1011
1676830 1011
1676840 1010
1676850 1013
1676860 1013
1676870 1012
1676880 1012
1676890 1012
1676900 1009
1676910 1007
1676920 1007
1676930 1003
1676940 1004
1676950 1004
1676960 1003
1676970 1002
1676980 1002
1676990 1000
1677000 1000
1677010 1000
1677020 1000
1677030 1000
1677040 1000
1677050 1001
1677060 999
1677070 999
1677080 1000
1677090 999
1677100 999
1677110 998
1677120 1000
1677130 1000
1677140 1002
1677150 1004
1677160 1005
1677170 1005
1677180 1006
1677190 1006
1677200 1006
1677210 1003
1677220 1003
1677230 1003
1677240 1007
1677250 1007
1677260 1007
1677270 1004
1677280 1002
1677290 1002
1677300 999
1677310 995
1677320 995
1677330 991
1677340 992
1677350 992
1677360 989
1677370 987
1677380 987
1677390 983
1677400 981
1677410 981
1677420 980
1677430 977
1677440 977
1677450 975
1677460 969
1677470 969
1677480 966
1677490 964
1677500 964
1677510 962
1677520 960
1677530 960
1677540 957
1677550 958
1677560 958
1677570 954
1677580 948
1677590 948
1677600 943
1677610 942
1677620 942
1677630 938
1677640 935
1677650 932
1677660 932
1677670 928
1677680 925
1677690 925
1677700 918
1677710 910
1677720 910
1677730 906
1677740 901
1677750 901
1677760 895
1677770 893
1677780 893
1677790 889
1677800 885
1677810 885
1677820 880
1677830 879
1677840 879
1677850 877
1677860 873
1677870 873
1677880 872
1677890 863
1677900 863
1677910 852
1677920 851
1677930 851
1677940 848
1677950 839
1677960 839
1677970 833
1677980 827
1677990 827
1678000 820
1678010 814
1678020 814
1678030 809
1678040 802
1678050 802
1678060 797
1678070 792
1678080 792
1678090 787
1678100 781
1678110 781
1678120 775
1678130 772
1678140 772
1678150 769
1678160 769
1678170 776
1678180 776
1678190 783
1678200 789
1678210 789
1678220 795
1678230 802
1678240 802
1678250 809
1678260 816
1678270 816
1678280 822
1678290 829
1678300 829
1678310 836
1678320 842
1678330 842
1678340 847
1678350 850
1678360 850
1678370 851
1678380 850
1678390 850
1678400 848
1678410 850
1678420 850
1678430 850
1678440 849
1678450 849
1678460 855
1678470 860
1678480 860
1678490 866
1678500 873
1678510 873
1678520 878
1678530 883
1678540 883
1678550 885
1678560 884
1678570 884
1678580 884
1678590 883
1678600 883
1678610 876
1678620 868
1678630 868
1678640 858
1678650 850
1678660 842
1678670 842
1678680 835
1678690 828
1678700 828
1678710 820
1678720 813
1678730 813
1678740 807
1678750 800
1678760 800
1678770 794
1678780 789
1678790 789
1678800 785
1678810 780
1678820 780
1678830 774
1678840 768
1678850 768
1678860 768
1678870 767
1678880 767
1678890 766
1678900 766
1678910 766
1678920 765
1678930 767
1678940 767
1678950 771
1678960 778
1678970 778
1678980 783
1678990 788
1679000 788
1679010 796
1679020 804
1679030 804
1679040 806
1679050 806
1679060 806
1679070 803
1679080 801
1679090 801
1679100 799
1679110 797
1679120 797
1679130 795
1679140 792
1679150 792
1679160 792
1679170 795
1679180 796
1679190 796
1679200 796
1679210 793
1679220 793
1679230 799
1679240 810
1679250 810
1679260 815
1679270 820
1679280 820
1679290 825
1679300 830
1679310 830
1679320 834
1679330 840
1679340 840
1679350 846
1679360 853
1679370 853
1679380 861
1679390 865
1679400 865
1679410 871
1679420 881
1679430 881
1679440 885
1679450 885
1679460 885
1679470 891
1679480 899
1679490 899
1679500 911
1679510 917
1679520 917
1679530 925
1679540 929
1679550 929
1679560 937
1679570 946
1679580 946
1679590 954
1679600 962
1679610 962
1679620 970
1679630 976
1679640 976
1679650 986
1679660 990
1679670 995
1679680 995
1679690 1000
1679700 1007
1679710 1007
1679720 1012
1679730 1015
1679740 1015
1679750 1016
1679760 1018
1679770 1018
1679780 1018
1679790 1016
1679800 1016
1679810 1015
1679820 1012
1679830 1012
1679840 1014
1679850 1012
1679860 1012
1679870 1009
1679880 1009
1679890 1009
1679900 1009
1679910 1007
1679920 1007
1679930 1007
1679940 1007
1679950 1007
1679960 1007
1679970 1004
1679980 1004
1679990 1002
