1660000 725
1660010 728
1660020 732
1660030 736
1660040 741
1660050 745
1660060 749
1660070 752
1660080 754
1660090 756
1660100 758
1660110 760
1660120 762
1660130 763
1660140 764
1660150 765
1660160 765
1660170 766
1660180 766
1660190 765
1660200 765
1660210 765
1660220 765
1660230 764
1660240 763
1660250 762
1660260 762
1660270 762
1660280 762
1660290 763
1660300 763
1660310 763
1660320 764
1660330 765
1660340 765
1660350 766
1660360 766
1660370 767
1660380 766
1660390 766
1660400 765
1660410 764
1660420 763
1660430 762
1660440 762
1660450 763
1660460 763
1660470 764
1660480 764
1660490 764
1660500 765
1660510 765
1660520 765
1660530 766
1660540 767
1660550 767
1660560 768
1660570 769
1660580 769
1660590 770
1660600 770
1660610 771
1660620 771
1660630 772
1660640 773
1660650 775
1660660 776
1660670 777
1660680 777
1660690 778
1660700 778
1660710 778
1660720 778
1660730 778
1660740 779
1660750 780
1660760 782
1660770 783
1660780 785
1660790 787
1660800 789
1660810 791
1660820 794
1660830 797
1660840 799
1660850 802
1660860 805
1660870 807
1660880 810
1660890 813
1660900 816
1660910 821
1660920 826
1660930 830
1660940 834
1660950 838
1660960 841
1660970 844
1660980 846
1660990 847
1661000 848
1661010 850
1661020 853
1661030 856
1661040 859
1661050 863
1661060 866
1661070 869
1661080 872
1661090 875
1661100 878
1661110 880
1661120 881
1661130 883
1661140 885
1661150 886
1661160 887
1661170 888
1661180 889
1661190 890
1661200 891
1661210 893
1661220 894
1661230 895
1661240 896
1661250 897
1661260 899
1661270 899
1661280 900
1661290 901
1661300 901
1661310 902
1661320 902
1661330 902
1661340 902
1661350 902
1661360 902
1661370 902
1661380 901
1661390 901
1661400 901
1661410 901
1661420 901
1661430 901
1661440 901
1661450 902
1661460 902
1661470 903
1661480 903
1661490 904
1661500 905
1661510 906
1661520 907
1661530 908
1661540 910
1661550 911
1661560 912
1661570 914
1661580 914
1661590 915
1661600 916
1661610 916
1661620 916
1661630 917
1661640 917
1661650 917
1661660 917
1661670 917
1661680 917
1661690 917
1661700 917
1661710 917
1661720 917
1661730 917
1661740 917
1661750 917
1661760 918
1661770 918
1661780 919
1661790 919
1661800 920
1661810 920
1661820 921
1661830 922
1661840 923
1661850 924
1661860 925
1661870 925
1661880 927
1661890 928
1661900 929
1661910 931
1661920 933
1661930 935
1661940 938
1661950 942
1661960 945
1661970 947
1661980 949
1661990 951
1662000 955
1662010 957
1662020 959
1662030 958
1662040 957
1662050 955
1662060 954
1662070 953
1662080 953
1662090 953
1662100 954
1662110 955
1662120 956
1662130 957
1662140 960
1662150 964
1662160 966
1662170 970
1662180 978
1662190 989
1662200 1000
1662210 1014
1662220 1025
1662230 1033
1662240 1040
1662250 1043
1662260 1045
1662270 1046
1662280 1046
1662290 1046
1662300 1044
1662310 1043
1662320 1042
1662330 1040
1662340 1039
1662350 1038
1662360 1036
1662370 1035
1662380 1034
1662390 1033
1662400 1032
1662410 1031
1662420 1030
1662430 1028
1662440 1027
1662450 1026
1662460 1025
1662470 1025
1662480 1024
1662490 1024
1662500 1024
1662510 1024
1662520 1023
1662530 1023
1662540 1023
1662550 1022
1662560 1022
1662570 1021
1662580 1021
1662590 1020
1662600 1020
1662610 1019
1662620 1019
1662630 1019
1662640 1018
1662650 1018
1662660 1017
1662670 1017
1662680 1016
1662690 1015
1662700 1015
1662710 1014
1662720 1013
1662730 1013
1662740 1012
1662750 1011
1662760 1011
1662770 1010
1662780 1009
1662790 1009
1662800 1008
1662810 1007
1662820 1007
1662830 1006
1662840 1005
1662850 1004
1662860 1003
1662870 1003
1662880 1003
1662890 1003
1662900 1004
1662910 1005
1662920 1006
1662930 1006
1662940 1007
1662950 1007
1662960 1006
1662970 1005
1662980 1004
1662990 1004
1663000 1005
1663010 1007
1663020 1010
1663030 1012
1663040 1014
1663050 1017
1663060 1019
1663070 1021
1663080 1024
1663090 1026
1663100 1028
1663110 1030
1663120 1032
1663130 1034
1663140 1036
1663150 1038
1663160 1040
1663170 1042
1663180 1044
1663190 1045
1663200 1047
1663210 1049
1663220 1050
1663230 1052
1663240 1054
1663250 1055
1663260 1057
1663270 1058
1663280 1060
1663290 1061
1663300 1063
1663310 1065
1663320 1067
1663330 1068
1663340 1069
1663350 1071
1663360 1072
1663370 1073
1663380 1073
1663390 1074
1663400 1074
1663410 1074
1663420 1075
1663430 1075
1663440 1075
1663450 1076
1663460 1077
1663470 1078
1663480 1079
1663490 1080
1663500 1081
1663510 1081
1663520 1082
1663530 1082
1663540 1082
1663550 1083
1663560 1084
1663570 1085
1663580 1085
1663590 1086
1663600 1087
1663610 1088
1663620 1089
1663630 1089
1663640 1090
1663650 1090
1663660 1091
1663670 1090
1663680 1089
1663690 1087
1663700 1084
1663710 1079
1663720 1075
1663730 1071
1663740 1069
1663750 1066
1663760 1062
1663770 1057
1663780 1053
1663790 1049
1663800 1046
1663810 1044
1663820 1042
1663830 1040
1663840 1035
1663850 1031
1663860 1028
1663870 1026
1663880 1024
1663890 1022
1663900 1019
1663910 1017
1663920 1014
1663930 1012
1663940 1010
1663950 1008
1663960 1006
1663970 1005
1663980 1005
1663990 1004
1664000 1003
1664010 1001
1664020 999
1664030 997
1664040 995
1664050 993
1664060 991
1664070 989
1664080 988
1664090 986
1664100 986
1664110 985
1664120 985
1664130 983
1664140 981
1664150 978
1664160 976
1664170 976
1664180 976
1664190 977
1664200 980
1664210 984
1664220 988
1664230 993
1664240 997
1664250 1001
1664260 1006
1664270 1009
1664280 1012
1664290 1013
1664300 1013
1664310 1013
1664320 1013
1664330 1014
1664340 1015
1664350 1016
1664360 1016
1664370 1017
1664380 1018
1664390 1019
1664400 1021
1664410 1023
1664420 1024
1664430 1026
1664440 1027
1664450 1028
1664460 1028
1664470 1029
1664480 1030
1664490 1031
1664500 1032
1664510 1035
1664520 1039
1664530 1043
1664540 1046
1664550 1049
1664560 1052
1664570 1056
1664580 1060
1664590 1064
1664600 1067
1664610 1070
1664620 1073
1664630 1076
1664640 1080
1664650 1084
1664660 1090
1664670 1095
1664680 1099
1664690 1102
1664700 1103
1664710 1103
1664720 1101
1664730 1100
1664740 1099
1664750 1098
1664760 1096
1664770 1096
1664780 1097
1664790 1100
1664800 1103
1664810 1107
1664820 1109
1664830 1112
1664840 1115
1664850 1118
1664860 1121
1664870 1123
1664880 1120
1664890 1115
1664900 1107
1664910 1098
1664920 1089
1664930 1081
1664940 1076
1664950 1070
1664960 1064
1664970 1057
1664980 1052
1664990 1049
1665000 1046
1665010 1043
1665020 1039
1665030 1035
1665040 1032
1665050 1029
1665060 1027
1665070 1024
1665080 1022
1665090 1021
1665100 1019
1665110 1017
1665120 1014
1665130 1011
1665140 1007
1665150 1004
1665160 1000
1665170 996
1665180 993
1665190 990
1665200 988
1665210 987
1665220 986
1665230 985
1665240 983
1665250 981
1665260 979
1665270 977
1665280 974
1665290 971
1665300 969
1665310 969
1665320 968
1665330 968
1665340 967
1665350 966
1665360 966
1665370 964
1665380 963
1665390 962
1665400 961
1665410 961
1665420 960
1665430 959
1665440 958
1665450 958
1665460 957
1665470 957
1665480 958
1665490 959
1665500 959
1665510 959
1665520 958
1665530 957
1665540 957
1665550 958
1665560 959
1665570 961
1665580 963
1665590 965
1665600 966
1665610 969
1665620 970
1665630 971
1665640 973
1665650 976
1665660 979
1665670 982
1665680 984
1665690 986
1665700 989
1665710 991
1665720 993
1665730 994
1665740 995
1665750 997
1665760 1000
1665770 1003
1665780 1006
1665790 1007
1665800 1009
1665810 1013
1665820 1018
1665830 1022
1665840 1026
1665850 1029
1665860 1034
1665870 1039
1665880 1045
1665890 1051
1665900 1056
1665910 1061
1665920 1066
1665930 1071
1665940 1076
1665950 1080
1665960 1085
1665970 1091
1665980 1096
1665990 1102
1666000 1109
1666010 1116
1666020 1123
1666030 1129
1666040 1137
1666050 1144
1666060 1148
1666070 1149
1666080 1149
1666090 1149
1666100 1148
1666110 1148
1666120 1148
1666130 1149
1666140 1150
1666150 1152
1666160 1153
1666170 1154
1666180 1155
1666190 1157
1666200 1160
1666210 1162
1666220 1163
1666230 1163
1666240 1164
1666250 1164
1666260 1164
1666270 1164
1666280 1163
1666290 1163
1666300 1163
1666310 1163
1666320 1165
1666330 1166
1666340 1167
1666350 1169
1666360 1170
1666370 1170
1666380 1171
1666390 1172
1666400 1173
1666410 1175
1666420 1178
1666430 1181
1666440 1185
1666450 1189
1666460 1194
1666470 1198
1666480 1202
1666490 1206
1666500 1211
1666510 1215
1666520 1219
1666530 1223
1666540 1228
1666550 1232
1666560 1237
1666570 1241
1666580 1246
1666590 1250
1666600 1255
1666610 1259
1666620 1263
1666630 1267
1666640 1271
1666650 1276
1666660 1281
1666670 1285
1666680 1290
1666690 1294
1666700 1299
1666710 1303
1666720 1308
1666730 1312
1666740 1317
1666750 1321
1666760 1326
1666770 1330
1666780 1334
1666790 1338
1666800 1343
1666810 1347
1666820 1352
1666830 1356
1666840 1360
1666850 1363
1666860 1366
1666870 1369
1666880 1372
1666890 1375
1666900 1375
1666910 1373
1666920 1369
1666930 1365
1666940 1361
1666950 1358
1666960 1354
1666970 1351
1666980 1348
1666990 1344
1667000 1341
1667010 1337
1667020 1333
1667030 1329
1667040 1326
1667050 1322
1667060 1317
1667070 1312
1667080 1308
1667090 1305
1667100 1301
1667110 1297
1667120 1293
1667130 1288
1667140 1284
1667150 1279
1667160 1274
1667170 1268
1667180 1262
1667190 1257
1667200 1252
1667210 1246
1667220 1240
1667230 1235
1667240 1230
1667250 1225
1667260 1220
1667270 1215
1667280 1210
1667290 1204
1667300 1199
1667310 1194
1667320 1188
1667330 1184
1667340 1179
1667350 1175
1667360 1170
1667370 1165
1667380 1161
1667390 1156
1667400 1152
1667410 1148
1667420 1144
1667430 1140
1667440 1136
1667450 1131
1667460 1126
1667470 1120
1667480 1116
1667490 1111
1667500 1107
1667510 1103
1667520 1099
1667530 1096
1667540 1095
1667550 1091
1667560 1086
1667570 1079
1667580 1073
1667590 1066
1667600 1060
1667610 1054
1667620 1049
1667630 1044
1667640 1039
1667650 1035
1667660 1031
1667670 1028
1667680 1025
1667690 1021
1667700 1018
1667710 1015
1667720 1011
1667730 1007
1667740 1004
1667750 1000
1667760 996
1667770 993
1667780 989
1667790 986
1667800 983
1667810 979
1667820 976
1667830 973
1667840 970
1667850 967
1667860 964
1667870 960
1667880 957
1667890 953
1667900 950
1667910 948
1667920 944
1667930 940
1667940 934
1667950 930
1667960 927
1667970 926
1667980 926
1667990 928
1668000 928
1668010 928
1668020 926
1668030 925
1668040 924
1668050 924
1668060 924
1668070 924
1668080 924
1668090 922
1668100 921
1668110 920
1668120 922
1668130 923
1668140 924
1668150 923
1668160 922
1668170 921
1668180 921
1668190 921
1668200 921
1668210 922
1668220 921
1668230 920
1668240 918
1668250 914
1668260 908
1668270 904
1668280 900
1668290 897
1668300 893
1668310 889
1668320 884
1668330 879
1668340 874
1668350 870
1668360 865
1668370 861
1668380 858
1668390 854
1668400 850
1668410 847
1668420 842
1668430 839
1668440 838
1668450 840
1668460 842
1668470 845
1668480 848
1668490 850
1668500 851
1668510 851
1668520 850
1668530 849
1668540 847
1668550 846
1668560 846
1668570 848
1668580 850
1668590 852
1668600 854
1668610 856
1668620 858
1668630 860
1668640 861
1668650 862
1668660 862
1668670 861
1668680 862
1668690 864
1668700 869
1668710 873
1668720 875
1668730 875
1668740 875
1668750 877
1668760 880
1668770 883
1668780 885
1668790 887
1668800 890
1668810 893
1668820 893
1668830 894
1668840 893
1668850 894
1668860 893
1668870 891
1668880 888
1668890 885
1668900 882
1668910 879
1668920 877
1668930 874
1668940 870
1668950 866
1668960 863
1668970 860
1668980 857
1668990 855
1669000 853
1669010 850
1669020 848
1669030 845
1669040 842
1669050 839
1669060 837
1669070 835
1669080 834
1669090 833
1669100 833
1669110 832
1669120 832
1669130 831
1669140 830
1669150 828
1669160 826
1669170 823
1669180 821
1669190 818
1669200 815
1669210 812
1669220 810
1669230 809
1669240 808
1669250 807
1669260 806
1669270 806
1669280 807
1669290 806
1669300 805
1669310 804
1669320 802
1669330 801
1669340 799
1669350 798
1669360 796
1669370 795
1669380 793
1669390 790
1669400 787
1669410 783
1669420 779
1669430 775
1669440 771
1669450 766
1669460 761
1669470 756
1669480 751
1669490 746
1669500 742
1669510 737
1669520 733
1669530 729
1669540 724
1669550 719
1669560 715
1669570 711
1669580 708
1669590 705
1669600 702
1669610 698
1669620 694
1669630 689
1669640 684
1669650 681
1669660 678
1669670 676
1669680 675
1669690 670
1669700 661
1669710 648
1669720 645
1669730 653
1669740 665
1669750 676
1669760 687
1669770 692
1669780 696
1669790 699
1669800 697
1669810 693
1669820 687
1669830 682
1669840 678
1669850 675
1669860 678
1669870 681
1669880 685
1669890 687
1669900 683
1669910 676
1669920 669
1669930 662
1669940 655
1669950 648
1669960 642
1669970 637
1669980 634
1669990 633
1670000 632
1670010 631
1670020 630
1670030 630
1670040 633
1670050 638
1670060 643
1670070 648
1670080 649
1670090 652
1670100 656
1670110 664
1670120 672
1670130 682
1670140 689
1670150 695
1670160 700
1670170 705
1670180 709
1670190 711
1670200 719
1670210 727
1670220 735
1670230 742
1670240 747
1670250 751
1670260 752
1670270 750
1670280 745
1670290 747
1670300 756
1670310 770
1670320 782
1670330 789
1670340 793
1670350 795
1670360 796
1670370 797
1670380 798
1670390 800
1670400 801
1670410 803
1670420 805
1670430 807
1670440 809
1670450 811
1670460 813
1670470 815
1670480 817
1670490 819
1670500 821
1670510 823
1670520 825
1670530 826
1670540 825
1670550 823
1670560 821
1670570 820
1670580 819
1670590 820
1670600 825
1670610 831
1670620 835
1670630 835
1670640 833
1670650 829
1670660 825
1670670 820
1670680 815
1670690 812
1670700 810
1670710 807
1670720 803
1670730 799
1670740 794
1670750 790
1670760 785
1670770 781
1670780 782
1670790 785
1670800 791
1670810 794
1670820 796
1670830 797
1670840 797
1670850 798
1670860 800
1670870 803
1670880 807
1670890 811
1670900 814
1670910 817
1670920 820
1670930 824
1670940 829
1670950 833
1670960 836
1670970 840
1670980 844
1670990 848
1671000 851
1671010 854
1671020 855
1671030 858
1671040 862
1671050 866
1671060 869
1671070 873
1671080 877
1671090 879
1671100 881
1671110 882
1671120 883
1671130 885
1671140 888
1671150 890
1671160 891
1671170 889
1671180 887
1671190 885
1671200 883
1671210 883
1671220 883
1671230 885
1671240 888
1671250 890
1671260 892
1671270 895
1671280 897
1671290 898
1671300 900
1671310 902
1671320 905
1671330 907
1671340 910
1671350 913
1671360 917
1671370 920
1671380 923
1671390 928
1671400 933
1671410 939
1671420 946
1671430 951
1671440 957
1671450 961
1671460 965
1671470 969
1671480 972
1671490 976
1671500 980
1671510 984
1671520 987
1671530 989
1671540 991
1671550 993
1671560 994
1671570 996
1671580 997
1671590 998
1671600 1001
1671610 1003
1671620 1006
1671630 1009
1671640 1011
1671650 1013
1671660 1015
1671670 1016
1671680 1018
1671690 1019
1671700 1019
1671710 1019
1671720 1020
1671730 1020
1671740 1020
1671750 1020
1671760 1020
1671770 1021
1671780 1022
1671790 1022
1671800 1021
1671810 1018
1671820 1014
1671830 1010
1671840 1007
1671850 1003
1671860 998
1671870 993
1671880 986
1671890 979
1671900 972
1671910 966
1671920 960
1671930 954
1671940 949
1671950 944
1671960 940
1671970 936
1671980 934
1671990 931
1672000 928
1672010 924
1672020 919
1672030 915
1672040 912
1672050 908
1672060 905
1672070 903
1672080 901
1672090 901
1672100 899
1672110 897
1672120 893
1672130 888
1672140 884
1672150 879
1672160 875
1672170 871
1672180 867
1672190 867
1672200 868
1672210 869
1672220 872
1672230 875
1672240 878
1672250 881
1672260 883
1672270 884
1672280 886
1672290 887
1672300 888
1672310 891
1672320 895
1672330 898
1672340 901
1672350 903
1672360 905
1672370 906
1672380 907
1672390 908
1672400 908
1672410 909
1672420 910
1672430 911
1672440 913
1672450 915
1672460 917
1672470 918
1672480 920
1672490 922
1672500 923
1672510 924
1672520 927
1672530 930
1672540 933
1672550 936
1672560 938
1672570 941
1672580 945
1672590 947
1672600 948
1672610 945
1672620 942
1672630 939
1672640 937
1672650 935
1672660 934
1672670 933
1672680 931
1672690 930
1672700 929
1672710 928
1672720 927
1672730 924
1672740 921
1672750 917
1672760 913
1672770 909
1672780 904
1672790 899
1672800 894
1672810 888
1672820 883
1672830 877
1672840 872
1672850 868
1672860 863
1672870 857
1672880 851
1672890 845
1672900 840
1672910 836
1672920 831
1672930 827
1672940 823
1672950 820
1672960 816
1672970 812
1672980 808
1672990 803
1673000 798
1673010 794
1673020 791
1673030 788
1673040 784
1673050 780
1673060 777
1673070 775
1673080 771
1673090 765
1673100 754
1673110 749
1673120 748
1673130 755
1673140 761
1673150 767
1673160 773
1673170 778
1673180 782
1673190 785
1673200 788
1673210 790
1673220 792
1673230 794
1673240 797
1673250 799
1673260 802
1673270 804
1673280 807
1673290 810
1673300 812
1673310 815
1673320 818
1673330 821
1673340 825
1673350 828
1673360 831
1673370 834
1673380 839
1673390 843
1673400 847
1673410 852
1673420 857
1673430 862
1673440 868
1673450 872
1673460 876
1673470 881
1673480 888
1673490 897
1673500 903
1673510 909
1673520 914
1673530 916
1673540 917
1673550 918
1673560 919
1673570 921
1673580 922
1673590 923
1673600 927
1673610 931
1673620 936
1673630 941
1673640 945
1673650 947
1673660 949
1673670 951
1673680 954
1673690 957
1673700 961
1673710 965
1673720 972
1673730 978
1673740 986
1673750 996
1673760 1009
1673770 1024
1673780 1030
1673790 1035
1673800 1038
1673810 1045
1673820 1052
1673830 1058
1673840 1070
1673850 1079
1673860 1084
1673870 1088
1673880 1093
1673890 1098
1673900 1103
1673910 1106
1673920 1108
1673930 1108
1673940 1107
1673950 1105
1673960 1102
1673970 1099
1673980 1096
1673990 1093
1674000 1090
1674010 1087
1674020 1083
1674030 1077
1674040 1071
1674050 1067
1674060 1060
1674070 1052
1674080 1047
1674090 1041
1674100 1035
1674110 1029
1674120 1023
1674130 1017
1674140 1011
1674150 1006
1674160 1002
1674170 997
1674180 991
1674190 985
1674200 981
1674210 978
1674220 975
1674230 969
1674240 966
1674250 962
1674260 956
1674270 953
1674280 949
1674290 946
1674300 943
1674310 943
1674320 950
1674330 956
1674340 959
1674350 958
1674360 954
1674370 950
1674380 945
1674390 941
1674400 937
1674410 933
1674420 930
1674430 929
1674440 932
1674450 936
1674460 940
1674470 942
1674480 946
1674490 951
1674500 956
1674510 961
1674520 967
1674530 973
1674540 978
1674550 983
1674560 987
1674570 992
1674580 997
1674590 1002
1674600 1007
1674610 1013
1674620 1019
1674630 1023
1674640 1027
1674650 1031
1674660 1034
1674670 1037
1674680 1040
1674690 1043
1674700 1048
1674710 1054
1674720 1057
1674730 1061
1674740 1065
1674750 1070
1674760 1075
1674770 1080
1674780 1084
1674790 1086
1674800 1086
1674810 1084
1674820 1084
1674830 1084
1674840 1085
1674850 1086
1674860 1087
1674870 1088
1674880 1090
1674890 1093
1674900 1097
1674910 1101
1674920 1105
1674930 1109
1674940 1113
1674950 1117
1674960 1121
1674970 1125
1674980 1128
1674990 1132
1675000 1136
1675010 1139
1675020 1142
1675030 1146
1675040 1150
1675050 1155
1675060 1159
1675070 1163
1675080 1167
1675090 1171
1675100 1176
1675110 1180
1675120 1185
1675130 1189
1675140 1193
1675150 1198
1675160 1201
1675170 1205
1675180 1209
1675190 1213
1675200 1217
1675210 1222
1675220 1226
1675230 1231
1675240 1235
1675250 1239
1675260 1244
1675270 1248
1675280 1252
1675290 1256
1675300 1261
1675310 1266
1675320 1270
1675330 1274
1675340 1279
1675350 1283
1675360 1287
1675370 1291
1675380 1296
1675390 1302
1675400 1308
1675410 1314
1675420 1318
1675430 1321
1675440 1323
1675450 1325
1675460 1329
1675470 1333
1675480 1338
1675490 1343
1675500 1347
1675510 1352
1675520 1357
1675530 1361
1675540 1365
1675550 1368
1675560 1372
1675570 1376
1675580 1380
1675590 1384
1675600 1388
1675610 1391
1675620 1395
1675630 1399
1675640 1401
1675650 1403
1675660 1405
1675670 1407
1675680 1409
1675690 1411
1675700 1415
1675710 1418
1675720 1420
1675730 1423
1675740 1425
1675750 1428
1675760 1431
1675770 1434
1675780 1438
1675790 1443
1675800 1448
1675810 1452
1675820 1452
1675830 1451
1675840 1450
1675850 1449
1675860 1446
1675870 1443
1675880 1440
1675890 1437
1675900 1434
1675910 1432
1675920 1430
1675930 1428
1675940 1425
1675950 1425
1675960 1425
1675970 1425
1675980 1426
1675990 1425
1676000 1425
1676010 1423
1676020 1422
1676030 1421
1676040 1422
1676050 1422
1676060 1422
1676070 1422
1676080 1423
1676090 1423
1676100 1423
1676110 1422
1676120 1422
1676130 1422
1676140 1421
1676150 1420
1676160 1420
1676170 1420
1676180 1420
1676190 1419
1676200 1418
1676210 1417
1676220 1417
1676230 1417
1676240 1417
1676250 1416
1676260 1415
1676270 1414
1676280 1413
1676290 1412
1676300 1411
1676310 1410
1676320 1409
1676330 1407
1676340 1406
1676350 1404
1676360 1402
1676370 1399
1676380 1397
1676390 1394
1676400 1391
1676410 1389
1676420 1386
1676430 1383
1676440 1381
1676450 1379
1676460 1377
1676470 1373
1676480 1369
1676490 1365
1676500 1360
1676510 1358
1676520 1356
1676530 1351
1676540 1343
1676550 1333
1676560 1327
1676570 1321
1676580 1316
1676590 1311
1676600 1307
1676610 1303
1676620 1300
1676630 1296
1676640 1291
1676650 1286
1676660 1282
1676670 1277
1676680 1273
1676690 1269
1676700 1266
1676710 1263
1676720 1261
1676730 1259
1676740 1256
1676750 1252
1676760 1248
1676770 1244
1676780 1242
1676790 1239
1676800 1237
1676810 1235
1676820 1233
1676830 1232
1676840 1230
1676850 1228
1676860 1226
1676870 1223
1676880 1221
1676890 1219
1676900 1215
1676910 1212
1676920 1209
1676930 1207
1676940 1205
1676950 1202
1676960 1201
1676970 1200
1676980 1198
1676990 1197
1677000 1197
1677010 1197
1677020 1197
1677030 1197
1677040 1196
1677050 1195
1677060 1194
1677070 1192
1677080 1190
1677090 1187
1677100 1184
1677110 1183
1677120 1183
1677130 1183
1677140 1184
1677150 1184
1677160 1183
1677170 1182
1677180 1181
1677190 1179
1677200 1177
1677210 1176
1677220 1174
1677230 1174
1677240 1174
1677250 1175
1677260 1175
1677270 1176
1677280 1177
1677290 1177
1677300 1177
1677310 1177
1677320 1177
1677330 1177
1677340 1176
1677350 1175
1677360 1174
1677370 1173
1677380 1172
1677390 1173
1677400 1173
1677410 1173
1677420 1172
1677430 1170
1677440 1168
1677450 1166
1677460 1164
1677470 1163
1677480 1161
1677490 1159
1677500 1157
1677510 1156
1677520 1155
1677530 1154
1677540 1152
1677550 1150
1677560 1148
1677570 1146
1677580 1143
1677590 1142
1677600 1141
1677610 1140
1677620 1139
1677630 1136
1677640 1134
1677650 1132
1677660 1132
1677670 1132
1677680 1131
1677690 1129
1677700 1128
1677710 1127
1677720 1126
1677730 1125
1677740 1123
1677750 1122
1677760 1121
1677770 1120
1677780 1119
1677790 1119
1677800 1119
1677810 1119
1677820 1118
1677830 1118
1677840 1117
1677850 1116
1677860 1115
1677870 1114
1677880 1112
1677890 1110
1677900 1108
1677910 1105
1677920 1103
1677930 1102
1677940 1100
1677950 1099
1677960 1099
1677970 1098
1677980 1097
1677990 1097
1678000 1096
1678010 1095
1678020 1094
1678030 1094
1678040 1094
1678050 1095
1678060 1096
1678070 1096
1678080 1097
1678090 1096
1678100 1095
1678110 1093
1678120 1090
1678130 1086
1678140 1082
1678150 1078
1678160 1074
1678170 1070
1678180 1066
1678190 1063
1678200 1060
1678210 1058
1678220 1055
1678230 1053
1678240 1050
1678250 1047
1678260 1044
1678270 1041
1678280 1038
1678290 1036
1678300 1033
1678310 1031
1678320 1029
1678330 1027
1678340 1024
1678350 1021
1678360 1019
1678370 1017
1678380 1015
1678390 1013
1678400 1011
1678410 1009
1678420 1007
1678430 1004
1678440 1002
1678450 1000
1678460 1000
1678470 1000
1678480 1001
1678490 1002
1678500 1003
1678510 1002
1678520 1002
1678530 1002
1678540 1002
1678550 1003
1678560 1003
1678570 1004
1678580 1005
1678590 1005
1678600 1004
1678610 1003
1678620 1001
1678630 1000
1678640 998
1678650 996
1678660 995
1678670 995
1678680 995
1678690 994
1678700 992
1678710 991
1678720 989
1678730 988
1678740 988
1678750 988
1678760 987
1678770 986
1678780 985
1678790 982
1678800 980
1678810 978
1678820 976
1678830 974
1678840 972
1678850 970
1678860 969
1678870 968
1678880 966
1678890 964
1678900 962
1678910 960
1678920 959
1678930 958
1678940 956
1678950 955
1678960 953
1678970 953
1678980 953
1678990 952
1679000 951
1679010 951
1679020 950
1679030 950
1679040 950
1679050 950
1679060 949
1679070 948
1679080 947
1679090 946
1679100 945
1679110 945
1679120 944
1679130 943
1679140 942
1679150 942
1679160 941
1679170 940
1679180 939
1679190 937
1679200 936
1679210 935
1679220 934
1679230 933
1679240 932
1679250 931
1679260 929
1679270 927
1679280 925
1679290 922
1679300 919
1679310 916
1679320 914
1679330 912
1679340 910
1679350 909
1679360 908
1679370 907
1679380 907
1679390 908
1679400 908
1679410 908
1679420 909
1679430 909
1679440 910
1679450 911
1679460 910
1679470 910
1679480 909
1679490 908
1679500 906
1679510 904
1679520 901
1679530 896
1679540 891
1679550 887
1679560 885
1679570 886
1679580 888
1679590 892
1679600 896
1679610 899
1679620 901
1679630 904
1679640 907
1679650 910
1679660 912
1679670 915
1679680 918
1679690 921
1679700 924
1679710 927
1679720 929
1679730 932
1679740 934
1679750 936
1679760 938
1679770 940
1679780 942
1679790 945
1679800 948
1679810 950
1679820 952
1679830 954
1679840 956
1679850 959
1679860 961
1679870 963
1679880 965
1679890 967
1679900 969
1679910 971
1679920 974
1679930 976
1679940 977
1679950 979
1679960 981
1679970 983
1679980 984
1679990 985
