1660000 812
1660010 816
1660020 820
1660030 824
1660040 828
1660050 832
1660060 836
1660070 840
1660080 844
1660090 848
1660100 851
1660110 855
1660120 858
1660130 862
1660140 865
1660150 868
1660160 871
1660170 874
1660180 877
1660190 881
1660200 883
1660210 884
1660220 885
1660230 886
1660240 887
1660250 888
1660260 889
1660270 890
1660280 890
1660290 890
1660300 890
1660310 889
1660320 887
1660330 886
1660340 884
1660350 883
1660360 881
1660370 879
1660380 876
1660390 874
1660400 871
1660410 868
1660420 865
1660430 861
1660440 857
1660450 853
1660460 849
1660470 845
1660480 841
1660490 838
1660500 834
1660510 830
1660520 826
1660530 823
1660540 818
1660550 814
1660560 811
1660570 808
1660580 806
1660590 803
1660600 801
1660610 799
1660620 796
1660630 794
1660640 792
1660650 789
1660660 787
1660670 785
1660680 784
1660690 782
1660700 780
1660710 779
1660720 777
1660730 775
1660740 773
1660750 771
1660760 769
1660770 767
1660780 765
1660790 763
1660800 760
1660810 757
1660820 755
1660830 752
1660840 750
1660850 748
1660860 745
1660870 743
1660880 742
1660890 740
1660900 739
1660910 737
1660920 735
1660930 733
1660940 730
1660950 727
1660960 724
1660970 720
1660980 716
1660990 712
1661000 708
1661010 704
1661020 700
1661030 696
1661040 692
1661050 689
1661060 685
1661070 682
1661080 678
1661090 675
1661100 671
1661110 668
1661120 664
1661130 660
1661140 656
1661150 652
1661160 649
1661170 646
1661180 643
1661190 640
1661200 636
1661210 633
1661220 630
1661230 628
1661240 627
1661250 626
1661260 626
1661270 626
1661280 626
1661290 626
1661300 627
1661310 628
1661320 629
1661330 632
1661340 634
1661350 636
1661360 638
1661370 638
1661380 638
1661390 637
1661400 635
1661410 634
1661420 634
1661430 633
1661440 631
1661450 630
1661460 629
1661470 629
1661480 629
1661490 629
1661500 630
1661510 630
1661520 631
1661530 631
1661540 632
1661550 632
1661560 633
1661570 633
1661580 634
1661590 634
1661600 635
1661610 635
1661620 634
1661630 632
1661640 630
1661650 628
1661660 626
1661670 625
1661680 624
1661690 622
1661700 617
1661710 609
1661720 603
1661730 598
1661740 593
1661750 588
1661760 584
1661770 580
1661780 577
1661790 574
1661800 571
1661810 568
1661820 566
1661830 565
1661840 564
1661850 562
1661860 560
1661870 558
1661880 555
1661890 553
1661900 549
1661910 544
1661920 538
1661930 534
1661940 531
1661950 529
1661960 528
1661970 528
1661980 527
1661990 527
1662000 527
1662010 527
1662020 527
1662030 527
1662040 527
1662050 527
1662060 527
1662070 527
1662080 527
1662090 527
1662100 527
1662110 527
1662120 527
1662130 527
1662140 527
1662150 526
1662160 526
1662170 526
1662180 526
1662190 526
1662200 526
1662210 526
1662220 526
1662230 526
1662240 526
1662250 524
1662260 523
1662270 522
1662280 522
1662290 522
1662300 522
1662310 523
1662320 524
1662330 524
1662340 524
1662350 524
1662360 524
1662370 525
1662380 525
1662390 525
1662400 526
1662410 526
1662420 526
1662430 527
1662440 527
1662450 527
1662460 526
1662470 525
1662480 524
1662490 524
1662500 524
1662510 525
1662520 525
1662530 525
1662540 526
1662550 526
1662560 527
1662570 527
1662580 526
1662590 526
1662600 526
1662610 526
1662620 526
1662630 526
1662640 525
1662650 525
1662660 525
1662670 525
1662680 525
1662690 526
1662700 526
1662710 526
1662720 526
1662730 526
1662740 526
1662750 526
1662760 527
1662770 529
1662780 530
1662790 531
1662800 532
1662810 533
1662820 535
1662830 536
1662840 537
1662850 539
1662860 540
1662870 542
1662880 543
1662890 544
1662900 546
1662910 548
1662920 548
1662930 546
1662940 545
1662950 544
1662960 542
1662970 541
1662980 541
1662990 540
1663000 540
1663010 540
1663020 541
1663030 540
1663040 540
1663050 541
1663060 542
1663070 541
1663080 541
1663090 540
1663100 541
1663110 542
1663120 544
1663130 545
1663140 545
1663150 548
1663160 549
1663170 550
1663180 551
1663190 552
1663200 553
1663210 552
1663220 552
1663230 552
1663240 552
1663250 552
1663260 553
1663270 554
1663280 556
1663290 557
1663300 558
1663310 559
1663320 559
1663330 560
1663340 560
1663350 561
1663360 562
1663370 563
1663380 564
1663390 565
1663400 569
1663410 572
1663420 573
1663430 574
1663440 574
1663450 575
1663460 574
1663470 572
1663480 570
1663490 571
1663500 574
1663510 576
1663520 577
1663530 578
1663540 578
1663550 580
1663560 581
1663570 582
1663580 583
1663590 585
1663600 587
1663610 588
1663620 589
1663630 590
1663640 589
1663650 587
1663660 583
1663670 578
1663680 576
1663690 576
1663700 579
1663710 584
1663720 589
1663730 592
1663740 595
1663750 597
1663760 597
1663770 595
1663780 594
1663790 592
1663800 591
1663810 590
1663820 589
1663830 589
1663840 589
1663850 588
1663860 585
1663870 585
1663880 587
1663890 590
1663900 592
1663910 594
1663920 595
1663930 596
1663940 596
1663950 596
1663960 596
1663970 598
1663980 600
1663990 602
1664000 605
1664010 606
1664020 607
1664030 607
1664040 608
1664050 609
1664060 610
1664070 613
1664080 615
1664090 616
1664100 617
1664110 617
1664120 618
1664130 618
1664140 618
1664150 618
1664160 618
1664170 617
1664180 616
1664190 613
1664200 610
1664210 607
1664220 604
1664230 602
1664240 601
1664250 600
1664260 600
1664270 599
1664280 599
1664290 599
1664300 599
1664310 599
1664320 600
1664330 602
1664340 604
1664350 606
1664360 608
1664370 610
1664380 611
1664390 613
1664400 614
1664410 614
1664420 614
1664430 614
1664440 612
1664450 610
1664460 608
1664470 604
1664480 600
1664490 596
1664500 593
1664510 591
1664520 590
1664530 590
1664540 590
1664550 590
1664560 589
1664570 589
1664580 589
1664590 589
1664600 589
1664610 589
1664620 590
1664630 590
1664640 590
1664650 591
1664660 591
1664670 592
1664680 593
1664690 593
1664700 593
1664710 593
1664720 594
1664730 594
1664740 594
1664750 594
1664760 594
1664770 594
1664780 594
1664790 594
1664800 593
1664810 593
1664820 592
1664830 591
1664840 590
1664850 589
1664860 587
1664870 586
1664880 584
1664890 582
1664900 579
1664910 577
1664920 574
1664930 571
1664940 568
1664950 565
1664960 563
1664970 562
1664980 561
1664990 559
1665000 558
1665010 556
1665020 555
1665030 553
1665040 551
1665050 550
1665060 548
1665070 547
1665080 545
1665090 544
1665100 542
1665110 541
1665120 540
1665130 539
1665140 538
1665150 538
1665160 538
1665170 537
1665180 537
1665190 537
1665200 537
1665210 537
1665220 537
1665230 537
1665240 537
1665250 537
1665260 538
1665270 538
1665280 538
1665290 538
1665300 538
1665310 538
1665320 538
1665330 538
1665340 539
1665350 539
1665360 539
1665370 539
1665380 540
1665390 540
1665400 539
1665410 539
1665420 539
1665430 538
1665440 537
1665450 536
1665460 535
1665470 534
1665480 533
1665490 533
1665500 533
1665510 533
1665520 534
1665530 535
1665540 537
1665550 538
1665560 539
1665570 540
1665580 541
1665590 541
1665600 541
1665610 542
1665620 544
1665630 548
1665640 552
1665650 556
1665660 560
1665670 565
1665680 569
1665690 573
1665700 578
1665710 582
1665720 586
1665730 589
1665740 593
1665750 597
1665760 600
1665770 603
1665780 606
1665790 608
1665800 610
1665810 613
1665820 615
1665830 617
1665840 619
1665850 620
1665860 621
1665870 621
1665880 620
1665890 620
1665900 621
1665910 622
1665920 623
1665930 624
1665940 625
1665950 626
1665960 626
1665970 627
1665980 627
1665990 628
1666000 629
1666010 631
1666020 632
1666030 633
1666040 635
1666050 635
1666060 635
1666070 635
1666080 635
1666090 635
1666100 637
1666110 640
1666120 643
1666130 645
1666140 648
1666150 651
1666160 654
1666170 656
1666180 659
1666190 662
1666200 664
1666210 667
1666220 669
1666230 672
1666240 674
1666250 677
1666260 680
1666270 682
1666280 685
1666290 688
1666300 690
1666310 693
1666320 695
1666330 698
1666340 700
1666350 702
1666360 705
1666370 707
1666380 710
1666390 713
1666400 716
1666410 719
1666420 723
1666430 726
1666440 729
1666450 732
1666460 734
1666470 737
1666480 739
1666490 741
1666500 743
1666510 746
1666520 748
1666530 749
1666540 751
1666550 753
1666560 755
1666570 756
1666580 758
1666590 760
1666600 762
1666610 764
1666620 766
1666630 768
1666640 770
1666650 772
1666660 774
1666670 776
1666680 778
1666690 780
1666700 782
1666710 783
1666720 785
1666730 787
1666740 788
1666750 790
1666760 792
1666770 793
1666780 795
1666790 797
1666800 798
1666810 800
1666820 802
1666830 804
1666840 805
1666850 807
1666860 809
1666870 810
1666880 811
1666890 812
1666900 813
1666910 813
1666920 814
1666930 814
1666940 814
1666950 814
1666960 815
1666970 815
1666980 816
1666990 817
1667000 817
1667010 818
1667020 819
1667030 819
1667040 820
1667050 821
1667060 821
1667070 822
1667080 822
1667090 822
1667100 822
1667110 823
1667120 823
1667130 823
1667140 823
1667150 823
1667160 823
1667170 823
1667180 823
1667190 823
1667200 823
1667210 823
1667220 822
1667230 822
1667240 822
1667250 822
1667260 821
1667270 821
1667280 821
1667290 820
1667300 820
1667310 820
1667320 819
1667330 819
1667340 819
1667350 819
1667360 819
1667370 819
1667380 819
1667390 819
1667400 819
1667410 819
1667420 819
1667430 819
1667440 819
1667450 818
1667460 818
1667470 818
1667480 818
1667490 818
1667500 818
1667510 818
1667520 818
1667530 818
1667540 818
1667550 819
1667560 819
1667570 820
1667580 820
1667590 821
1667600 821
1667610 822
1667620 823
1667630 823
1667640 823
1667650 823
1667660 823
1667670 823
1667680 822
1667690 821
1667700 820
1667710 819
1667720 818
1667730 817
1667740 815
1667750 814
1667760 812
1667770 810
1667780 808
1667790 807
1667800 805
1667810 804
1667820 802
1667830 801
1667840 799
1667850 798
1667860 796
1667870 794
1667880 791
1667890 787
1667900 784
1667910 781
1667920 779
1667930 777
1667940 775
1667950 773
1667960 772
1667970 770
1667980 769
1667990 767
1668000 766
1668010 764
1668020 761
1668030 758
1668040 753
1668050 748
1668060 745
1668070 742
1668080 739
1668090 737
1668100 736
1668110 735
1668120 735
1668130 733
1668140 733
1668150 733
1668160 735
1668170 737
1668180 739
1668190 740
1668200 740
1668210 739
1668220 736
1668230 732
1668240 728
1668250 724
1668260 720
1668270 716
1668280 713
1668290 710
1668300 707
1668310 704
1668320 700
1668330 697
1668340 694
1668350 691
1668360 688
1668370 685
1668380 683
1668390 681
1668400 677
1668410 672
1668420 666
1668430 657
1668440 652
1668450 647
1668460 643
1668470 639
1668480 638
1668490 638
1668500 639
1668510 643
1668520 649
1668530 657
1668540 663
1668550 669
1668560 673
1668570 678
1668580 684
1668590 689
1668600 693
1668610 696
1668620 699
1668630 702
1668640 704
1668650 706
1668660 705
1668670 702
1668680 697
1668690 692
1668700 687
1668710 682
1668720 679
1668730 678
1668740 684
1668750 691
1668760 698
1668770 703
1668780 708
1668790 712
1668800 717
1668810 722
1668820 728
1668830 734
1668840 740
1668850 746
1668860 752
1668870 757
1668880 762
1668890 766
1668900 770
1668910 774
1668920 778
1668930 782
1668940 787
1668950 793
1668960 798
1668970 802
1668980 805
1668990 808
1669000 811
1669010 813
1669020 815
1669030 817
1669040 819
1669050 821
1669060 824
1669070 826
1669080 829
1669090 832
1669100 836
1669110 838
1669120 841
1669130 844
1669140 847
1669150 850
1669160 852
1669170 856
1669180 859
1669190 862
1669200 864
1669210 867
1669220 869
1669230 871
1669240 873
1669250 874
1669260 875
1669270 876
1669280 877
1669290 879
1669300 880
1669310 880
1669320 880
1669330 880
1669340 880
1669350 879
1669360 879
1669370 879
1669380 878
1669390 878
1669400 878
1669410 877
1669420 877
1669430 876
1669440 875
1669450 874
1669460 873
1669470 872
1669480 870
1669490 868
1669500 865
1669510 862
1669520 860
1669530 857
1669540 855
1669550 852
1669560 850
1669570 849
1669580 849
1669590 849
1669600 849
1669610 848
1669620 847
1669630 847
1669640 847
1669650 847
1669660 846
1669670 845
1669680 843
1669690 842
1669700 841
1669710 841
1669720 840
1669730 840
1669740 841
1669750 846
1669760 851
1669770 855
1669780 860
1669790 865
1669800 869
1669810 874
1669820 877
1669830 880
1669840 881
1669850 883
1669860 885
1669870 889
1669880 894
1669890 898
1669900 902
1669910 905
1669920 908
1669930 911
1669940 913
1669950 914
1669960 913
1669970 912
1669980 911
1669990 910
1670000 908
1670010 906
1670020 903
1670030 903
1670040 904
1670050 905
1670060 906
1670070 908
1670080 912
1670090 916
1670100 920
1670110 924
1670120 927
1670130 930
1670140 933
1670150 937
1670160 941
1670170 945
1670180 948
1670190 951
1670200 954
1670210 958
1670220 962
1670230 967
1670240 970
1670250 971
1670260 971
1670270 967
1670280 962
1670290 956
1670300 952
1670310 947
1670320 940
1670330 933
1670340 926
1670350 919
1670360 912
1670370 906
1670380 901
1670390 895
1670400 890
1670410 886
1670420 881
1670430 878
1670440 875
1670450 873
1670460 872
1670470 870
1670480 867
1670490 865
1670500 863
1670510 866
1670520 865
1670530 864
1670540 864
1670550 866
1670560 868
1670570 868
1670580 864
1670590 858
1670600 853
1670610 848
1670620 843
1670630 836
1670640 830
1670650 826
1670660 821
1670670 816
1670680 811
1670690 807
1670700 810
1670710 815
1670720 822
1670730 828
1670740 833
1670750 838
1670760 842
1670770 847
1670780 851
1670790 856
1670800 862
1670810 868
1670820 873
1670830 878
1670840 883
1670850 887
1670860 891
1670870 895
1670880 899
1670890 903
1670900 907
1670910 909
1670920 911
1670930 912
1670940 910
1670950 912
1670960 915
1670970 921
1670980 926
1670990 932
1671000 937
1671010 941
1671020 945
1671030 948
1671040 952
1671050 955
1671060 957
1671070 961
1671080 964
1671090 969
1671100 974
1671110 981
1671120 989
1671130 997
1671140 1004
1671150 1009
1671160 1013
1671170 1017
1671180 1019
1671190 1021
1671200 1023
1671210 1026
1671220 1030
1671230 1034
1671240 1038
1671250 1041
1671260 1044
1671270 1048
1671280 1052
1671290 1056
1671300 1061
1671310 1065
1671320 1068
1671330 1071
1671340 1073
1671350 1074
1671360 1076
1671370 1079
1671380 1082
1671390 1086
1671400 1091
1671410 1096
1671420 1102
1671430 1107
1671440 1113
1671450 1119
1671460 1123
1671470 1128
1671480 1132
1671490 1137
1671500 1141
1671510 1146
1671520 1150
1671530 1154
1671540 1159
1671550 1163
1671560 1167
1671570 1172
1671580 1178
1671590 1184
1671600 1188
1671610 1191
1671620 1194
1671630 1196
1671640 1200
1671650 1204
1671660 1208
1671670 1211
1671680 1215
1671690 1219
1671700 1223
1671710 1228
1671720 1232
1671730 1236
1671740 1240
1671750 1244
1671760 1249
1671770 1254
1671780 1259
1671790 1264
1671800 1269
1671810 1273
1671820 1275
1671830 1279
1671840 1283
1671850 1288
1671860 1292
1671870 1296
1671880 1300
1671890 1303
1671900 1307
1671910 1310
1671920 1314
1671930 1317
1671940 1321
1671950 1326
1671960 1330
1671970 1333
1671980 1336
1671990 1340
1672000 1343
1672010 1347
1672020 1351
1672030 1355
1672040 1359
1672050 1363
1672060 1369
1672070 1373
1672080 1378
1672090 1383
1672100 1387
1672110 1392
1672120 1396
1672130 1401
1672140 1406
1672150 1411
1672160 1416
1672170 1419
1672180 1420
1672190 1421
1672200 1424
1672210 1426
1672220 1429
1672230 1432
1672240 1434
1672250 1434
1672260 1432
1672270 1430
1672280 1426
1672290 1423
1672300 1421
1672310 1419
1672320 1417
1672330 1415
1672340 1414
1672350 1413
1672360 1411
1672370 1411
1672380 1410
1672390 1410
1672400 1409
1672410 1408
1672420 1408
1672430 1407
1672440 1407
1672450 1407
1672460 1406
1672470 1406
1672480 1404
1672490 1403
1672500 1402
1672510 1401
1672520 1399
1672530 1398
1672540 1396
1672550 1393
1672560 1391
1672570 1389
1672580 1387
1672590 1385
1672600 1383
1672610 1382
1672620 1380
1672630 1377
1672640 1375
1672650 1373
1672660 1371
1672670 1369
1672680 1368
1672690 1367
1672700 1366
1672710 1365
1672720 1363
1672730 1362
1672740 1360
1672750 1357
1672760 1356
1672770 1356
1672780 1357
1672790 1359
1672800 1358
1672810 1357
1672820 1356
1672830 1356
1672840 1357
1672850 1358
1672860 1357
1672870 1356
1672880 1354
1672890 1353
1672900 1353
1672910 1352
1672920 1352
1672930 1352
1672940 1353
1672950 1355
1672960 1356
1672970 1356
1672980 1356
1672990 1357
1673000 1357
1673010 1357
1673020 1357
1673030 1356
1673040 1356
1673050 1356
1673060 1357
1673070 1357
1673080 1358
1673090 1359
1673100 1360
1673110 1363
1673120 1365
1673130 1369
1673140 1372
1673150 1376
1673160 1380
1673170 1382
1673180 1384
1673190 1385
1673200 1386
1673210 1388
1673220 1390
1673230 1393
1673240 1396
1673250 1399
1673260 1402
1673270 1405
1673280 1407
1673290 1409
1673300 1412
1673310 1414
1673320 1416
1673330 1419
1673340 1424
1673350 1429
1673360 1434
1673370 1438
1673380 1443
1673390 1448
1673400 1453
1673410 1460
1673420 1465
1673430 1468
1673440 1472
1673450 1477
1673460 1481
1673470 1485
1673480 1488
1673490 1491
1673500 1495
1673510 1497
1673520 1500
1673530 1502
1673540 1505
1673550 1508
1673560 1510
1673570 1512
1673580 1513
1673590 1514
1673600 1515
1673610 1516
1673620 1517
1673630 1519
1673640 1520
1673650 1520
1673660 1521
1673670 1522
1673680 1523
1673690 1524
1673700 1524
1673710 1525
1673720 1527
1673730 1528
1673740 1529
1673750 1530
1673760 1531
1673770 1532
1673780 1533
1673790 1533
1673800 1533
1673810 1534
1673820 1535
1673830 1538
1673840 1540
1673850 1543
1673860 1545
1673870 1547
1673880 1549
1673890 1552
1673900 1554
1673910 1556
1673920 1559
1673930 1561
1673940 1564
1673950 1566
1673960 1569
1673970 1572
1673980 1574
1673990 1576
1674000 1578
1674010 1580
1674020 1582
1674030 1583
1674040 1584
1674050 1584
1674060 1585
1674070 1585
1674080 1586
1674090 1586
1674100 1587
1674110 1588
1674120 1589
1674130 1592
1674140 1594
1674150 1596
1674160 1598
1674170 1599
1674180 1601
1674190 1603
1674200 1605
1674210 1607
1674220 1609
1674230 1611
1674240 1613
1674250 1615
1674260 1617
1674270 1619
1674280 1621
1674290 1623
1674300 1625
1674310 1626
1674320 1627
1674330 1629
1674340 1630
1674350 1631
1674360 1632
1674370 1634
1674380 1635
1674390 1636
1674400 1637
1674410 1638
1674420 1639
1674430 1639
1674440 1639
1674450 1639
1674460 1639
1674470 1638
1674480 1637
1674490 1634
1674500 1631
1674510 1627
1674520 1623
1674530 1618
1674540 1613
1674550 1609
1674560 1606
1674570 1604
1674580 1600
1674590 1595
1674600 1591
1674610 1585
1674620 1580
1674630 1576
1674640 1572
1674650 1569
1674660 1565
1674670 1562
1674680 1559
1674690 1557
1674700 1554
1674710 1552
1674720 1550
1674730 1549
1674740 1547
1674750 1545
1674760 1544
1674770 1544
1674780 1543
1674790 1542
1674800 1542
1674810 1543
1674820 1545
1674830 1546
1674840 1548
1674850 1550
1674860 1553
1674870 1556
1674880 1559
1674890 1562
1674900 1565
1674910 1567
1674920 1570
1674930 1573
1674940 1575
1674950 1578
1674960 1581
1674970 1583
1674980 1586
1674990 1587
1675000 1590
1675010 1592
1675020 1594
1675030 1596
1675040 1599
1675050 1601
1675060 1602
1675070 1603
1675080 1604
1675090 1603
1675100 1603
1675110 1602
1675120 1602
1675130 1601
1675140 1599
1675150 1596
1675160 1594
1675170 1593
1675180 1591
1675190 1588
1675200 1584
1675210 1579
1675220 1576
1675230 1572
1675240 1570
1675250 1566
1675260 1562
1675270 1559
1675280 1556
1675290 1553
1675300 1548
1675310 1542
1675320 1536
1675330 1532
1675340 1528
1675350 1524
1675360 1520
1675370 1516
1675380 1513
1675390 1511
1675400 1509
1675410 1507
1675420 1504
1675430 1503
1675440 1501
1675450 1500
1675460 1497
1675470 1495
1675480 1492
1675490 1491
1675500 1489
1675510 1488
1675520 1487
1675530 1486
1675540 1485
1675550 1482
1675560 1480
1675570 1476
1675580 1474
1675590 1472
1675600 1470
1675610 1469
1675620 1468
1675630 1466
1675640 1464
1675650 1463
1675660 1463
1675670 1462
1675680 1462
1675690 1461
1675700 1459
1675710 1460
1675720 1461
1675730 1463
1675740 1464
1675750 1466
1675760 1467
1675770 1468
1675780 1469
1675790 1470
1675800 1471
1675810 1471
1675820 1471
1675830 1471
1675840 1471
1675850 1471
1675860 1470
1675870 1469
1675880 1469
1675890 1470
1675900 1472
1675910 1473
1675920 1473
1675930 1472
1675940 1472
1675950 1473
1675960 1474
1675970 1476
1675980 1476
1675990 1477
1676000 1477
1676010 1478
1676020 1480
1676030 1483
1676040 1483
1676050 1484
1676060 1485
1676070 1485
1676080 1485
1676090 1485
1676100 1485
1676110 1484
1676120 1483
1676130 1481
1676140 1478
1676150 1474
1676160 1471
1676170 1468
1676180 1465
1676190 1462
1676200 1458
1676210 1455
1676220 1453
1676230 1450
1676240 1447
1676250 1443
1676260 1438
1676270 1434
1676280 1431
1676290 1429
1676300 1426
1676310 1425
1676320 1424
1676330 1422
1676340 1420
1676350 1416
1676360 1413
1676370 1409
1676380 1406
1676390 1402
1676400 1399
1676410 1397
1676420 1397
1676430 1398
1676440 1398
1676450 1398
1676460 1397
1676470 1396
1676480 1395
1676490 1393
1676500 1391
1676510 1390
1676520 1390
1676530 1388
1676540 1386
1676550 1383
1676560 1380
1676570 1377
1676580 1374
1676590 1371
1676600 1368
1676610 1364
1676620 1361
1676630 1359
1676640 1357
1676650 1355
1676660 1353
1676670 1351
1676680 1349
1676690 1348
1676700 1346
1676710 1344
1676720 1343
1676730 1341
1676740 1338
1676750 1336
1676760 1334
1676770 1334
1676780 1333
1676790 1333
1676800 1334
1676810 1334
1676820 1334
1676830 1332
1676840 1331
1676850 1332
1676860 1332
1676870 1333
1676880 1333
1676890 1333
1676900 1333
1676910 1333
1676920 1334
1676930 1335
1676940 1337
1676950 1338
1676960 1339
1676970 1339
1676980 1338
1676990 1337
1677000 1336
1677010 1335
1677020 1334
1677030 1334
1677040 1334
1677050 1334
1677060 1335
1677070 1337
1677080 1337
1677090 1337
1677100 1336
1677110 1334
1677120 1332
1677130 1330
1677140 1329
1677150 1326
1677160 1322
1677170 1319
1677180 1317
1677190 1315
1677200 1312
1677210 1310
1677220 1310
1677230 1309
1677240 1309
1677250 1308
1677260 1307
1677270 1305
1677280 1303
1677290 1300
1677300 1298
1677310 1295
1677320 1292
1677330 1290
1677340 1287
1677350 1285
1677360 1281
1677370 1277
1677380 1272
1677390 1269
1677400 1267
1677410 1266
1677420 1264
1677430 1262
1677440 1258
1677450 1255
1677460 1252
1677470 1249
1677480 1246
1677490 1240
1677500 1233
1677510 1226
1677520 1220
1677530 1214
1677540 1208
1677550 1201
1677560 1193
1677570 1186
1677580 1181
1677590 1175
1677600 1171
1677610 1167
1677620 1163
1677630 1158
1677640 1153
1677650 1148
1677660 1145
1677670 1142
1677680 1140
1677690 1139
1677700 1138
1677710 1137
1677720 1136
1677730 1135
1677740 1133
1677750 1131
1677760 1130
1677770 1130
1677780 1133
1677790 1136
1677800 1138
1677810 1141
1677820 1143
1677830 1143
1677840 1142
1677850 1141
1677860 1140
1677870 1140
1677880 1138
1677890 1137
1677900 1133
1677910 1129
1677920 1124
1677930 1118
1677940 1113
1677950 1108
1677960 1104
1677970 1102
1677980 1100
1677990 1096
1678000 1091
1678010 1085
1678020 1078
1678030 1070
1678040 1063
1678050 1056
1678060 1047
1678070 1039
1678080 1032
1678090 1026
1678100 1021
1678110 1016
1678120 1011
1678130 1006
1678140 1002
1678150 997
1678160 993
1678170 989
1678180 985
1678190 982
1678200 978
1678210 975
1678220 972
1678230 969
1678240 967
1678250 964
1678260 962
1678270 960
1678280 958
1678290 956
1678300 953
1678310 950
1678320 947
1678330 944
1678340 941
1678350 940
1678360 940
1678370 940
1678380 940
1678390 940
1678400 941
1678410 941
1678420 942
1678430 942
1678440 943
1678450 944
1678460 945
1678470 945
1678480 946
1678490 946
1678500 947
1678510 948
1678520 954
1678530 962
1678540 972
1678550 982
1678560 993
1678570 1006
1678580 1015
1678590 1021
1678600 1026
1678610 1029
1678620 1031
1678630 1035
1678640 1036
1678650 1036
1678660 1036
1678670 1038
1678680 1042
1678690 1048
1678700 1052
1678710 1055
1678720 1058
1678730 1060
1678740 1061
1678750 1062
1678760 1064
1678770 1067
1678780 1070
1678790 1073
1678800 1076
1678810 1080
1678820 1083
1678830 1086
1678840 1090
1678850 1093
1678860 1096
1678870 1099
1678880 1102
1678890 1106
1678900 1111
1678910 1116
1678920 1120
1678930 1125
1678940 1129
1678950 1134
1678960 1139
1678970 1144
1678980 1147
1678990 1150
1679000 1153
1679010 1157
1679020 1161
1679030 1165
1679040 1169
1679050 1174
1679060 1179
1679070 1183
1679080 1187
1679090 1193
1679100 1198
1679110 1203
1679120 1205
1679130 1208
1679140 1211
1679150 1215
1679160 1218
1679170 1222
1679180 1227
1679190 1231
1679200 1236
1679210 1243
1679220 1249
1679230 1256
1679240 1262
1679250 1267
1679260 1272
1679270 1277
1679280 1282
1679290 1287
1679300 1291
1679310 1296
1679320 1301
1679330 1305
1679340 1310
1679350 1315
1679360 1320
1679370 1324
1679380 1328
1679390 1333
1679400 1336
1679410 1340
1679420 1344
1679430 1348
1679440 1351
1679450 1354
1679460 1356
1679470 1359
1679480 1361
1679490 1363
1679500 1365
1679510 1367
1679520 1369
1679530 1370
1679540 1371
1679550 1371
1679560 1371
1679570 1370
1679580 1369
1679590 1368
1679600 1367
1679610 1366
1679620 1364
1679630 1363
1679640 1361
1679650 1360
1679660 1359
1679670 1359
1679680 1358
1679690 1357
1679700 1356
1679710 1355
1679720 1354
1679730 1353
1679740 1353
1679750 1353
1679760 1353
1679770 1353
1679780 1353
1679790 1354
1679800 1355
1679810 1356
1679820 1357
1679830 1358
1679840 1359
1679850 1360
1679860 1361
1679870 1362
1679880 1362
1679890 1362
1679900 1361
1679910 1358
1679920 1354
1679930 1351
1679940 1347
1679950 1344
1679960 1340
1679970 1336
1679980 1332
1679990 1327
