1660000 880
1660010 880
1660020 880
1660030 881
1660040 881
1660050 882
1660060 884
1660070 885
1660080 886
1660090 886
1660100 887
1660110 887
1660120 888
1660130 888
1660140 888
1660150 887
1660160 887
1660170 888
1660180 889
1660190 890
1660200 890
1660210 890
1660220 888
1660230 887
1660240 886
1660250 885
1660260 884
1660270 883
1660280 882
1660290 880
1660300 879
1660310 878
1660320 877
1660330 877
1660340 876
1660350 873
1660360 870
1660370 867
1660380 865
1660390 863
1660400 861
1660410 858
1660420 855
1660430 852
1660440 849
1660450 847
1660460 844
1660470 842
1660480 839
1660490 837
1660500 834
1660510 832
1660520 829
1660530 826
1660540 823
1660550 821
1660560 818
1660570 815
1660580 813
1660590 811
1660600 809
1660610 806
1660620 805
1660630 803
1660640 801
1660650 799
1660660 797
1660670 795
1660680 794
1660690 792
1660700 790
1660710 788
1660720 786
1660730 785
1660740 783
1660750 782
1660760 781
1660770 781
1660780 781
1660790 782
1660800 783
1660810 783
1660820 781
1660830 778
1660840 774
1660850 770
1660860 766
1660870 762
1660880 758
1660890 753
1660900 748
1660910 744
1660920 740
1660930 736
1660940 733
1660950 730
1660960 726
1660970 722
1660980 718
1660990 714
1661000 710
1661010 707
1661020 703
1661030 699
1661040 696
1661050 694
1661060 692
1661070 690
1661080 688
1661090 687
1661100 687
1661110 686
1661120 686
1661130 686
1661140 686
1661150 686
1661160 686
1661170 687
1661180 689
1661190 692
1661200 694
1661210 694
1661220 694
1661230 693
1661240 693
1661250 692
1661260 691
1661270 689
1661280 687
1661290 685
1661300 682
1661310 680
1661320 678
1661330 676
1661340 674
1661350 672
1661360 670
1661370 668
1661380 667
1661390 666
1661400 664
1661410 663
1661420 662
1661430 661
1661440 660
1661450 660
1661460 660
1661470 660
1661480 660
1661490 660
1661500 661
1661510 661
1661520 660
1661530 658
1661540 656
1661550 654
1661560 653
1661570 652
1661580 650
1661590 649
1661600 649
1661610 649
1661620 649
1661630 648
1661640 647
1661650 645
1661660 644
1661670 643
1661680 642
1661690 641
1661700 640
1661710 639
1661720 638
1661730 637
1661740 636
1661750 636
1661760 635
1661770 634
1661780 633
1661790 632
1661800 630
1661810 628
1661820 626
1661830 623
1661840 619
1661850 615
1661860 611
1661870 607
1661880 604
1661890 601
1661900 599
1661910 598
1661920 596
1661930 594
1661940 592
1661950 591
1661960 589
1661970 588
1661980 586
1661990 585
1662000 583
1662010 582
1662020 580
1662030 579
1662040 578
1662050 577
1662060 576
1662070 575
1662080 574
1662090 573
1662100 572
1662110 572
1662120 572
1662130 571
1662140 571
1662150 570
1662160 569
1662170 568
1662180 568
1662190 567
1662200 566
1662210 565
1662220 564
1662230 564
1662240 563
1662250 563
1662260 561
1662270 557
1662280 553
1662290 548
1662300 543
1662310 538
1662320 533
1662330 528
1662340 524
1662350 520
1662360 518
1662370 517
1662380 516
1662390 516
1662400 515
1662410 514
1662420 513
1662430 512
1662440 512
1662450 512
1662460 511
1662470 511
1662480 512
1662490 514
1662500 516
1662510 519
1662520 520
1662530 521
1662540 521
1662550 521
1662560 522
1662570 522
1662580 522
1662590 522
1662600 522
1662610 522
1662620 523
1662630 523
1662640 523
1662650 523
1662660 523
1662670 523
1662680 523
1662690 523
1662700 524
1662710 524
1662720 524
1662730 525
1662740 525
1662750 525
1662760 525
1662770 526
1662780 526
1662790 526
1662800 527
1662810 527
1662820 528
1662830 529
1662840 529
1662850 530
1662860 531
1662870 532
1662880 534
1662890 535
1662900 536
1662910 537
1662920 539
1662930 540
1662940 542
1662950 543
1662960 545
1662970 547
1662980 548
1662990 550
1663000 552
1663010 555
1663020 559
1663030 563
1663040 568
1663050 572
1663060 577
1663070 582
1663080 587
1663090 591
1663100 596
1663110 600
1663120 604
1663130 608
1663140 612
1663150 616
1663160 620
1663170 624
1663180 629
1663190 633
1663200 637
1663210 642
1663220 647
1663230 652
1663240 655
1663250 659
1663260 664
1663270 667
1663280 670
1663290 673
1663300 676
1663310 679
1663320 683
1663330 687
1663340 692
1663350 697
1663360 703
1663370 709
1663380 714
1663390 717
1663400 715
1663410 713
1663420 710
1663430 707
1663440 706
1663450 707
1663460 709
1663470 713
1663480 716
1663490 720
1663500 722
1663510 723
1663520 724
1663530 726
1663540 728
1663550 732
1663560 735
1663570 738
1663580 741
1663590 743
1663600 743
1663610 744
1663620 746
1663630 749
1663640 752
1663650 755
1663660 758
1663670 760
1663680 763
1663690 766
1663700 770
1663710 774
1663720 777
1663730 778
1663740 780
1663750 783
1663760 786
1663770 790
1663780 794
1663790 798
1663800 802
1663810 806
1663820 809
1663830 813
1663840 817
1663850 821
1663860 824
1663870 828
1663880 832
1663890 836
1663900 840
1663910 844
1663920 848
1663930 852
1663940 857
1663950 861
1663960 865
1663970 869
1663980 874
1663990 879
1664000 883
1664010 888
1664020 893
1664030 898
1664040 903
1664050 908
1664060 913
1664070 918
1664080 923
1664090 928
1664100 933
1664110 937
1664120 942
1664130 946
1664140 951
1664150 956
1664160 960
1664170 964
1664180 967
1664190 971
1664200 973
1664210 974
1664220 973
1664230 973
1664240 972
1664250 970
1664260 968
1664270 966
1664280 964
1664290 962
1664300 960
1664310 959
1664320 958
1664330 956
1664340 955
1664350 953
1664360 951
1664370 949
1664380 948
1664390 946
1664400 944
1664410 942
1664420 940
1664430 938
1664440 937
1664450 935
1664460 933
1664470 931
1664480 929
1664490 927
1664500 925
1664510 923
1664520 921
1664530 919
1664540 918
1664550 916
1664560 914
1664570 912
1664580 910
1664590 908
1664600 906
1664610 905
1664620 903
1664630 901
1664640 899
1664650 898
1664660 897
1664670 897
1664680 896
1664690 896
1664700 896
1664710 897
1664720 899
1664730 901
1664740 904
1664750 906
1664760 907
1664770 909
1664780 910
1664790 910
1664800 911
1664810 911
1664820 911
1664830 911
1664840 910
1664850 910
1664860 910
1664870 909
1664880 909
1664890 909
1664900 908
1664910 908
1664920 907
1664930 907
1664940 906
1664950 905
1664960 904
1664970 903
1664980 902
1664990 901
1665000 899
1665010 898
1665020 896
1665030 894
1665040 893
1665050 892
1665060 890
1665070 889
1665080 887
1665090 885
1665100 884
1665110 882
1665120 880
1665130 879
1665140 877
1665150 875
1665160 873
1665170 871
1665180 869
1665190 867
1665200 865
1665210 864
1665220 862
1665230 861
1665240 860
1665250 858
1665260 857
1665270 856
1665280 854
1665290 852
1665300 851
1665310 849
1665320 847
1665330 845
1665340 843
1665350 840
1665360 838
1665370 836
1665380 833
1665390 831
1665400 829
1665410 827
1665420 826
1665430 824
1665440 822
1665450 820
1665460 819
1665470 817
1665480 815
1665490 813
1665500 812
1665510 810
1665520 807
1665530 805
1665540 804
1665550 802
1665560 799
1665570 797
1665580 795
1665590 792
1665600 790
1665610 788
1665620 785
1665630 783
1665640 781
1665650 779
1665660 776
1665670 774
1665680 772
1665690 769
1665700 767
1665710 765
1665720 764
1665730 763
1665740 762
1665750 760
1665760 758
1665770 756
1665780 754
1665790 752
1665800 750
1665810 749
1665820 747
1665830 746
1665840 744
1665850 743
1665860 742
1665870 741
1665880 740
1665890 738
1665900 737
1665910 736
1665920 736
1665930 736
1665940 737
1665950 737
1665960 737
1665970 737
1665980 737
1665990 737
1666000 737
1666010 737
1666020 737
1666030 737
1666040 737
1666050 737
1666060 738
1666070 738
1666080 739
1666090 739
1666100 740
1666110 741
1666120 742
1666130 743
1666140 744
1666150 744
1666160 745
1666170 745
1666180 746
1666190 746
1666200 746
1666210 746
1666220 746
1666230 746
1666240 746
1666250 746
1666260 746
1666270 746
1666280 747
1666290 747
1666300 747
1666310 748
1666320 748
1666330 749
1666340 749
1666350 750
1666360 750
1666370 750
1666380 751
1666390 751
1666400 752
1666410 752
1666420 753
1666430 754
1666440 754
1666450 755
1666460 756
1666470 757
1666480 757
1666490 757
1666500 758
1666510 758
1666520 759
1666530 760
1666540 760
1666550 760
1666560 761
1666570 761
1666580 762
1666590 762
1666600 763
1666610 764
1666620 764
1666630 765
1666640 766
1666650 767
1666660 768
1666670 769
1666680 769
1666690 770
1666700 771
1666710 772
1666720 773
1666730 774
1666740 775
1666750 777
1666760 778
1666770 780
1666780 782
1666790 783
1666800 785
1666810 787
1666820 789
1666830 790
1666840 792
1666850 793
1666860 795
1666870 796
1666880 797
1666890 799
1666900 800
1666910 801
1666920 802
1666930 803
1666940 804
1666950 805
1666960 806
1666970 807
1666980 807
1666990 806
1667000 804
1667010 801
1667020 798
1667030 794
1667040 790
1667050 787
1667060 783
1667070 780
1667080 777
1667090 774
1667100 772
1667110 770
1667120 768
1667130 767
1667140 767
1667150 767
1667160 768
1667170 770
1667180 771
1667190 772
1667200 771
1667210 770
1667220 767
1667230 764
1667240 760
1667250 756
1667260 752
1667270 748
1667280 744
1667290 741
1667300 737
1667310 735
1667320 734
1667330 735
1667340 735
1667350 736
1667360 736
1667370 736
1667380 735
1667390 734
1667400 731
1667410 725
1667420 716
1667430 702
1667440 691
1667450 682
1667460 675
1667470 670
1667480 667
1667490 663
1667500 660
1667510 656
1667520 651
1667530 647
1667540 642
1667550 637
1667560 633
1667570 629
1667580 624
1667590 620
1667600 615
1667610 611
1667620 606
1667630 602
1667640 596
1667650 591
1667660 586
1667670 583
1667680 580
1667690 576
1667700 570
1667710 564
1667720 558
1667730 555
1667740 554
1667750 554
1667760 555
1667770 557
1667780 559
1667790 562
1667800 565
1667810 569
1667820 573
1667830 576
1667840 578
1667850 581
1667860 583
1667870 586
1667880 588
1667890 590
1667900 591
1667910 591
1667920 591
1667930 590
1667940 589
1667950 587
1667960 586
1667970 584
1667980 585
1667990 585
1668000 586
1668010 587
1668020 587
1668030 588
1668040 589
1668050 589
1668060 590
1668070 590
1668080 591
1668090 592
1668100 594
1668110 595
1668120 595
1668130 596
1668140 597
1668150 597
1668160 598
1668170 597
1668180 596
1668190 595
1668200 594
1668210 595
1668220 597
1668230 599
1668240 601
1668250 602
1668260 603
1668270 603
1668280 603
1668290 604
1668300 604
1668310 604
1668320 603
1668330 603
1668340 602
1668350 601
1668360 600
1668370 599
1668380 599
1668390 598
1668400 598
1668410 597
1668420 595
1668430 594
1668440 591
1668450 588
1668460 584
1668470 581
1668480 576
1668490 572
1668500 569
1668510 567
1668520 564
1668530 562
1668540 560
1668550 559
1668560 558
1668570 557
1668580 557
1668590 557
1668600 557
1668610 557
1668620 557
1668630 557
1668640 557
1668650 557
1668660 557
1668670 558
1668680 558
1668690 558
1668700 558
1668710 558
1668720 558
1668730 558
1668740 558
1668750 558
1668760 558
1668770 558
1668780 558
1668790 559
1668800 558
1668810 558
1668820 558
1668830 557
1668840 556
1668850 556
1668860 556
1668870 557
1668880 558
1668890 558
1668900 558
1668910 558
1668920 558
1668930 558
1668940 558
1668950 558
1668960 558
1668970 558
1668980 559
1668990 559
1669000 559
1669010 559
1669020 559
1669030 560
1669040 562
1669050 564
1669060 567
1669070 570
1669080 573
1669090 576
1669100 579
1669110 581
1669120 584
1669130 586
1669140 587
1669150 589
1669160 590
1669170 591
1669180 592
1669190 592
1669200 592
1669210 592
1669220 593
1669230 594
1669240 594
1669250 595
1669260 596
1669270 597
1669280 599
1669290 600
1669300 602
1669310 604
1669320 606
1669330 607
1669340 608
1669350 609
1669360 610
1669370 611
1669380 613
1669390 615
1669400 617
1669410 619
1669420 621
1669430 622
1669440 624
1669450 626
1669460 628
1669470 628
1669480 628
1669490 628
1669500 628
1669510 626
1669520 623
1669530 619
1669540 615
1669550 611
1669560 606
1669570 603
1669580 599
1669590 597
1669600 594
1669610 591
1669620 588
1669630 586
1669640 584
1669650 583
1669660 582
1669670 582
1669680 582
1669690 584
1669700 586
1669710 588
1669720 592
1669730 595
1669740 599
1669750 603
1669760 607
1669770 611
1669780 615
1669790 619
1669800 623
1669810 627
1669820 631
1669830 635
1669840 639
1669850 643
1669860 647
1669870 653
1669880 658
1669890 663
1669900 667
1669910 671
1669920 675
1669930 679
1669940 684
1669950 688
1669960 692
1669970 695
1669980 699
1669990 701
1670000 704
1670010 706
1670020 708
1670030 710
1670040 711
1670050 713
1670060 715
1670070 717
1670080 719
1670090 721
1670100 723
1670110 725
1670120 727
1670130 729
1670140 731
1670150 732
1670160 734
1670170 735
1670180 736
1670190 738
1670200 739
1670210 741
1670220 742
1670230 744
1670240 746
1670250 748
1670260 750
1670270 751
1670280 753
1670290 755
1670300 757
1670310 759
1670320 762
1670330 763
1670340 766
1670350 768
1670360 770
1670370 772
1670380 775
1670390 777
1670400 780
1670410 783
1670420 785
1670430 788
1670440 791
1670450 794
1670460 797
1670470 800
1670480 803
1670490 806
1670500 809
1670510 812
1670520 815
1670530 819
1670540 822
1670550 826
1670560 830
1670570 834
1670580 838
1670590 843
1670600 847
1670610 851
1670620 856
1670630 860
1670640 863
1670650 867
1670660 869
1670670 870
1670680 872
1670690 874
1670700 877
1670710 879
1670720 882
1670730 885
1670740 888
1670750 891
1670760 895
1670770 898
1670780 902
1670790 905
1670800 909
1670810 912
1670820 915
1670830 919
1670840 922
1670850 926
1670860 929
1670870 933
1670880 937
1670890 941
1670900 945
1670910 949
1670920 953
1670930 957
1670940 961
1670950 965
1670960 969
1670970 973
1670980 977
1670990 981
1671000 986
1671010 991
1671020 996
1671030 1002
1671040 1007
1671050 1011
1671060 1015
1671070 1018
1671080 1022
1671090 1026
1671100 1030
1671110 1034
1671120 1039
1671130 1043
1671140 1047
1671150 1050
1671160 1053
1671170 1055
1671180 1057
1671190 1058
1671200 1059
1671210 1061
1671220 1063
1671230 1066
1671240 1068
1671250 1071
1671260 1074
1671270 1077
1671280 1080
1671290 1082
1671300 1085
1671310 1088
1671320 1091
1671330 1094
1671340 1094
1671350 1094
1671360 1092
1671370 1089
1671380 1086
1671390 1083
1671400 1080
1671410 1077
1671420 1074
1671430 1072
1671440 1070
1671450 1068
1671460 1067
1671470 1065
1671480 1062
1671490 1059
1671500 1056
1671510 1053
1671520 1051
1671530 1049
1671540 1049
1671550 1048
1671560 1047
1671570 1046
1671580 1045
1671590 1044
1671600 1044
1671610 1043
1671620 1043
1671630 1043
1671640 1045
1671650 1048
1671660 1051
1671670 1053
1671680 1053
1671690 1052
1671700 1050
1671710 1050
1671720 1052
1671730 1056
1671740 1060
1671750 1063
1671760 1066
1671770 1069
1671780 1071
1671790 1073
1671800 1074
1671810 1074
1671820 1075
1671830 1076
1671840 1077
1671850 1079
1671860 1081
1671870 1083
1671880 1085
1671890 1087
1671900 1089
1671910 1090
1671920 1092
1671930 1093
1671940 1093
1671950 1096
1671960 1099
1671970 1103
1671980 1107
1671990 1110
1672000 1114
1672010 1119
1672020 1125
1672030 1131
1672040 1138
1672050 1144
1672060 1149
1672070 1154
1672080 1159
1672090 1163
1672100 1168
1672110 1172
1672120 1175
1672130 1179
1672140 1182
1672150 1185
1672160 1188
1672170 1191
1672180 1194
1672190 1196
1672200 1198
1672210 1199
1672220 1201
1672230 1202
1672240 1204
1672250 1206
1672260 1207
1672270 1208
1672280 1210
1672290 1212
1672300 1214
1672310 1216
1672320 1218
1672330 1220
1672340 1222
1672350 1225
1672360 1227
1672370 1229
1672380 1232
1672390 1235
1672400 1237
1672410 1240
1672420 1243
1672430 1246
1672440 1250
1672450 1253
1672460 1256
1672470 1259
1672480 1262
1672490 1265
1672500 1269
1672510 1272
1672520 1275
1672530 1278
1672540 1280
1672550 1283
1672560 1285
1672570 1288
1672580 1291
1672590 1293
1672600 1296
1672610 1298
1672620 1301
1672630 1303
1672640 1306
1672650 1309
1672660 1312
1672670 1315
1672680 1319
1672690 1322
1672700 1325
1672710 1329
1672720 1333
1672730 1336
1672740 1340
1672750 1343
1672760 1347
1672770 1350
1672780 1353
1672790 1357
1672800 1360
1672810 1363
1672820 1365
1672830 1367
1672840 1369
1672850 1370
1672860 1371
1672870 1371
1672880 1372
1672890 1372
1672900 1372
1672910 1372
1672920 1373
1672930 1373
1672940 1373
1672950 1374
1672960 1374
1672970 1374
1672980 1374
1672990 1374
1673000 1374
1673010 1374
1673020 1375
1673030 1375
1673040 1374
1673050 1373
1673060 1371
1673070 1367
1673080 1363
1673090 1359
1673100 1359
1673110 1359
1673120 1357
1673130 1355
1673140 1356
1673150 1358
1673160 1362
1673170 1359
1673180 1354
1673190 1347
1673200 1339
1673210 1331
1673220 1325
1673230 1319
1673240 1313
1673250 1308
1673260 1302
1673270 1297
1673280 1291
1673290 1286
1673300 1280
1673310 1274
1673320 1269
1673330 1264
1673340 1259
1673350 1255
1673360 1250
1673370 1246
1673380 1241
1673390 1237
1673400 1232
1673410 1228
1673420 1223
1673430 1219
1673440 1214
1673450 1210
1673460 1206
1673470 1201
1673480 1197
1673490 1194
1673500 1190
1673510 1187
1673520 1184
1673530 1181
1673540 1179
1673550 1178
1673560 1176
1673570 1173
1673580 1169
1673590 1166
1673600 1164
1673610 1162
1673620 1161
1673630 1159
1673640 1157
1673650 1156
1673660 1157
1673670 1157
1673680 1153
1673690 1150
1673700 1147
1673710 1149
1673720 1150
1673730 1151
1673740 1148
1673750 1146
1673760 1146
1673770 1149
1673780 1151
1673790 1152
1673800 1151
1673810 1150
1673820 1150
1673830 1149
1673840 1150
1673850 1151
1673860 1152
1673870 1153
1673880 1154
1673890 1153
1673900 1153
1673910 1154
1673920 1158
1673930 1167
1673940 1177
1673950 1187
1673960 1192
1673970 1193
1673980 1191
1673990 1181
1674000 1173
1674010 1167
1674020 1173
1674030 1177
1674040 1180
1674050 1184
1674060 1189
1674070 1194
1674080 1199
1674090 1201
1674100 1202
1674110 1208
1674120 1214
1674130 1220
1674140 1223
1674150 1224
1674160 1225
1674170 1226
1674180 1228
1674190 1232
1674200 1239
1674210 1245
1674220 1250
1674230 1253
1674240 1252
1674250 1248
1674260 1248
1674270 1248
1674280 1249
1674290 1248
1674300 1247
1674310 1248
1674320 1249
1674330 1250
1674340 1253
1674350 1255
1674360 1259
1674370 1262
1674380 1263
1674390 1264
1674400 1265
1674410 1267
1674420 1270
1674430 1274
1674440 1277
1674450 1282
1674460 1286
1674470 1289
1674480 1292
1674490 1295
1674500 1298
1674510 1297
1674520 1295
1674530 1293
1674540 1293
1674550 1295
1674560 1296
1674570 1298
1674580 1301
1674590 1304
1674600 1307
1674610 1310
1674620 1312
1674630 1311
1674640 1311
1674650 1310
1674660 1310
1674670 1311
1674680 1312
1674690 1314
1674700 1317
1674710 1320
1674720 1322
1674730 1324
1674740 1326
1674750 1327
1674760 1330
1674770 1333
1674780 1335
1674790 1336
1674800 1338
1674810 1341
1674820 1344
1674830 1347
1674840 1350
1674850 1352
1674860 1353
1674870 1355
1674880 1357
1674890 1359
1674900 1362
1674910 1364
1674920 1367
1674930 1370
1674940 1372
1674950 1374
1674960 1376
1674970 1379
1674980 1381
1674990 1384
1675000 1386
1675010 1389
1675020 1391
1675030 1393
1675040 1395
1675050 1397
1675060 1399
1675070 1401
1675080 1403
1675090 1404
1675100 1406
1675110 1408
1675120 1410
1675130 1412
1675140 1413
1675150 1414
1675160 1414
1675170 1414
1675180 1415
1675190 1415
1675200 1416
1675210 1416
1675220 1416
1675230 1416
1675240 1417
1675250 1417
1675260 1416
1675270 1416
1675280 1416
1675290 1416
1675300 1416
1675310 1415
1675320 1414
1675330 1413
1675340 1412
1675350 1410
1675360 1408
1675370 1407
1675380 1406
1675390 1404
1675400 1402
1675410 1400
1675420 1399
1675430 1398
1675440 1398
1675450 1399
1675460 1399
1675470 1399
1675480 1400
1675490 1400
1675500 1401
1675510 1401
1675520 1401
1675530 1402
1675540 1401
1675550 1401
1675560 1401
1675570 1402
1675580 1403
1675590 1404
1675600 1405
1675610 1407
1675620 1408
1675630 1409
1675640 1410
1675650 1412
1675660 1414
1675670 1417
1675680 1419
1675690 1422
1675700 1424
1675710 1426
1675720 1427
1675730 1429
1675740 1430
1675750 1432
1675760 1433
1675770 1433
1675780 1434
1675790 1435
1675800 1436
1675810 1438
1675820 1438
1675830 1439
1675840 1440
1675850 1441
1675860 1442
1675870 1442
1675880 1443
1675890 1444
1675900 1445
1675910 1446
1675920 1447
1675930 1448
1675940 1449
1675950 1450
1675960 1451
1675970 1453
1675980 1454
1675990 1456
1676000 1458
1676010 1459
1676020 1461
1676030 1462
1676040 1463
1676050 1464
1676060 1465
1676070 1466
1676080 1466
1676090 1467
1676100 1468
1676110 1468
1676120 1468
1676130 1468
1676140 1468
1676150 1468
1676160 1467
1676170 1466
1676180 1467
1676190 1467
1676200 1467
1676210 1467
1676220 1466
1676230 1465
1676240 1465
1676250 1464
1676260 1463
1676270 1460
1676280 1457
1676290 1452
1676300 1447
1676310 1441
1676320 1435
1676330 1431
1676340 1427
1676350 1424
1676360 1422
1676370 1420
1676380 1417
1676390 1413
1676400 1407
1676410 1403
1676420 1400
1676430 1397
1676440 1396
1676450 1396
1676460 1396
1676470 1396
1676480 1396
1676490 1394
1676500 1392
1676510 1389
1676520 1389
1676530 1388
1676540 1387
1676550 1384
1676560 1382
1676570 1382
1676580 1384
1676590 1384
1676600 1384
1676610 1384
1676620 1383
1676630 1383
1676640 1380
1676650 1378
1676660 1376
1676670 1374
1676680 1373
1676690 1371
1676700 1366
1676710 1361
1676720 1356
1676730 1353
1676740 1349
1676750 1345
1676760 1343
1676770 1342
1676780 1342
1676790 1343
1676800 1344
1676810 1346
1676820 1349
1676830 1353
1676840 1356
1676850 1359
1676860 1362
1676870 1364
1676880 1366
1676890 1368
1676900 1369
1676910 1371
1676920 1371
1676930 1372
1676940 1372
1676950 1369
1676960 1365
1676970 1363
1676980 1360
1676990 1358
1677000 1357
1677010 1355
1677020 1354
1677030 1353
1677040 1347
1677050 1341
1677060 1333
1677070 1330
1677080 1329
1677090 1329
1677100 1332
1677110 1334
1677120 1335
1677130 1333
1677140 1331
1677150 1330
1677160 1329
1677170 1327
1677180 1325
1677190 1322
1677200 1321
1677210 1321
1677220 1322
1677230 1323
1677240 1324
1677250 1325
1677260 1324
1677270 1324
1677280 1322
1677290 1319
1677300 1315
1677310 1311
1677320 1309
1677330 1308
1677340 1306
1677350 1306
1677360 1306
1677370 1305
1677380 1303
1677390 1302
1677400 1300
1677410 1298
1677420 1296
1677430 1294
1677440 1293
1677450 1292
1677460 1292
1677470 1293
1677480 1293
1677490 1292
1677500 1294
1677510 1295
1677520 1296
1677530 1294
1677540 1291
1677550 1287
1677560 1286
1677570 1285
1677580 1284
1677590 1287
1677600 1286
1677610 1282
1677620 1275
1677630 1272
1677640 1274
1677650 1271
1677660 1264
1677670 1253
1677680 1244
1677690 1238
1677700 1235
1677710 1229
1677720 1219
1677730 1207
1677740 1211
1677750 1206
1677760 1195
1677770 1188
1677780 1185
1677790 1181
1677800 1167
1677810 1145
1677820 1122
1677830 1114
1677840 1112
1677850 1109
1677860 1093
1677870 1075
1677880 1057
1677890 1042
1677900 1028
1677910 1015
1677920 1005
1677930 993
1677940 981
1677950 971
1677960 960
1677970 950
1677980 941
1677990 935
1678000 930
1678010 925
1678020 920
1678030 916
1678040 911
1678050 907
1678060 903
1678070 898
1678080 894
1678090 890
1678100 886
1678110 881
1678120 877
1678130 872
1678140 868
1678150 864
1678160 860
1678170 856
1678180 852
1678190 848
1678200 844
1678210 840
1678220 837
1678230 833
1678240 829
1678250 826
1678260 823
1678270 820
1678280 818
1678290 815
1678300 812
1678310 809
1678320 806
1678330 803
1678340 801
1678350 798
1678360 796
1678370 794
1678380 791
1678390 788
1678400 786
1678410 785
1678420 783
1678430 782
1678440 781
1678450 780
1678460 779
1678470 779
1678480 779
1678490 779
1678500 779
1678510 779
1678520 779
1678530 780
1678540 780
1678550 780
1678560 783
1678570 785
1678580 786
1678590 788
1678600 790
1678610 792
1678620 794
1678630 795
1678640 797
1678650 799
1678660 801
1678670 803
1678680 805
1678690 807
1678700 809
1678710 812
1678720 814
1678730 816
1678740 818
1678750 821
1678760 823
1678770 825
1678780 828
1678790 830
1678800 833
1678810 837
1678820 841
1678830 845
1678840 851
1678850 856
1678860 862
1678870 867
1678880 872
1678890 877
1678900 883
1678910 888
1678920 893
1678930 899
1678940 907
1678950 916
1678960 926
1678970 934
1678980 940
1678990 943
1679000 945
1679010 947
1679020 953
1679030 962
1679040 972
1679050 976
1679060 981
1679070 989
1679080 1000
1679090 1009
1679100 1017
1679110 1023
1679120 1027
1679130 1031
1679140 1036
1679150 1042
1679160 1049
1679170 1057
1679180 1066
1679190 1075
1679200 1083
1679210 1089
1679220 1092
1679230 1096
1679240 1099
1679250 1103
1679260 1108
1679270 1113
1679280 1118
1679290 1123
1679300 1127
1679310 1132
1679320 1136
1679330 1143
1679340 1151
1679350 1161
1679360 1167
1679370 1174
1679380 1181
1679390 1191
1679400 1204
1679410 1218
1679420 1227
1679430 1237
1679440 1247
1679450 1256
1679460 1254
1679470 1245
1679480 1241
1679490 1243
1679500 1248
1679510 1254
1679520 1256
1679530 1257
1679540 1263
1679550 1271
1679560 1280
1679570 1287
1679580 1293
1679590 1298
1679600 1307
1679610 1316
1679620 1324
1679630 1323
1679640 1323
1679650 1323
1679660 1327
1679670 1330
1679680 1332
1679690 1334
1679700 1340
1679710 1346
1679720 1350
1679730 1353
1679740 1355
1679750 1354
1679760 1356
1679770 1358
1679780 1361
1679790 1365
1679800 1370
1679810 1374
1679820 1379
1679830 1385
1679840 1391
1679850 1396
1679860 1400
1679870 1405
1679880 1409
1679890 1413
1679900 1416
1679910 1419
1679920 1421
1679930 1425
1679940 1427
1679950 1429
1679960 1432
1679970 1434
1679980 1436
1679990 1439
