1660000 853
1660010 852
1660020 850
1660030 849
1660040 848
1660050 846
1660060 845
1660070 843
1660080 842
1660090 840
1660100 838
1660110 837
1660120 834
1660130 832
1660140 829
1660150 825
1660160 820
1660170 814
1660180 808
1660190 802
1660200 797
1660210 792
1660220 788
1660230 784
1660240 781
1660250 778
1660260 776
1660270 774
1660280 771
1660290 767
1660300 764
1660310 761
1660320 758
1660330 755
1660340 753
1660350 751
1660360 749
1660370 746
1660380 744
1660390 741
1660400 738
1660410 736
1660420 732
1660430 730
1660440 728
1660450 726
1660460 725
1660470 723
1660480 722
1660490 720
1660500 718
1660510 715
1660520 711
1660530 707
1660540 703
1660550 702
1660560 700
1660570 697
1660580 694
1660590 691
1660600 688
1660610 686
1660620 683
1660630 681
1660640 678
1660650 674
1660660 669
1660670 668
1660680 666
1660690 665
1660700 663
1660710 661
1660720 659
1660730 656
1660740 654
1660750 652
1660760 652
1660770 651
1660780 650
1660790 649
1660800 648
1660810 647
1660820 646
1660830 645
1660840 644
1660850 643
1660860 643
1660870 642
1660880 640
1660890 639
1660900 637
1660910 636
1660920 634
1660930 632
1660940 630
1660950 629
1660960 627
1660970 626
1660980 623
1660990 621
1661000 618
1661010 617
1661020 617
1661030 617
1661040 615
1661050 613
1661060 609
1661070 603
1661080 599
1661090 595
1661100 592
1661110 589
1661120 585
1661130 581
1661140 576
1661150 571
1661160 569
1661170 570
1661180 574
1661190 578
1661200 582
1661210 585
1661220 588
1661230 591
1661240 594
1661250 595
1661260 596
1661270 598
1661280 601
1661290 605
1661300 608
1661310 609
1661320 609
1661330 608
1661340 607
1661350 606
1661360 605
1661370 605
1661380 604
1661390 603
1661400 600
1661410 600
1661420 601
1661430 601
1661440 601
1661450 600
1661460 600
1661470 599
1661480 599
1661490 599
1661500 598
1661510 598
1661520 597
1661530 597
1661540 596
1661550 594
1661560 592
1661570 591
1661580 588
1661590 586
1661600 584
1661610 582
1661620 579
1661630 577
1661640 575
1661650 574
1661660 573
1661670 571
1661680 569
1661690 567
1661700 565
1661710 563
1661720 562
1661730 562
1661740 561
1661750 559
1661760 556
1661770 556
1661780 555
1661790 554
1661800 552
1661810 551
1661820 551
1661830 551
1661840 550
1661850 549
1661860 545
1661870 539
1661880 534
1661890 528
1661900 524
1661910 521
1661920 518
1661930 517
1661940 517
1661950 517
1661960 516
1661970 515
1661980 513
1661990 511
1662000 509
1662010 507
1662020 507
1662030 506
1662040 506
1662050 506
1662060 507
1662070 508
1662080 509
1662090 510
1662100 512
1662110 513
1662120 514
1662130 514
1662140 514
1662150 514
1662160 514
1662170 514
1662180 514
1662190 514
1662200 514
1662210 514
1662220 514
1662230 514
1662240 514
1662250 514
1662260 514
1662270 514
1662280 514
1662290 514
1662300 514
1662310 514
1662320 513
1662330 513
1662340 513
1662350 512
1662360 512
1662370 511
1662380 511
1662390 511
1662400 510
1662410 510
1662420 510
1662430 510
1662440 510
1662450 510
1662460 510
1662470 510
1662480 510
1662490 510
1662500 511
1662510 511
1662520 512
1662530 512
1662540 513
1662550 513
1662560 513
1662570 514
1662580 514
1662590 515
1662600 515
1662610 515
1662620 516
1662630 517
1662640 517
1662650 518
1662660 518
1662670 518
1662680 519
1662690 519
1662700 519
1662710 518
1662720 517
1662730 516
1662740 516
1662750 516
1662760 516
1662770 516
1662780 516
1662790 517
1662800 518
1662810 520
1662820 523
1662830 526
1662840 530
1662850 533
1662860 538
1662870 544
1662880 550
1662890 553
1662900 555
1662910 556
1662920 558
1662930 561
1662940 564
1662950 568
1662960 571
1662970 573
1662980 573
1662990 571
1663000 569
1663010 566
1663020 565
1663030 564
1663040 563
1663050 561
1663060 559
1663070 556
1663080 553
1663090 550
1663100 548
1663110 548
1663120 549
1663130 550
1663140 551
1663150 550
1663160 548
1663170 551
1663180 554
1663190 557
1663200 561
1663210 565
1663220 570
1663230 575
1663240 579
1663250 583
1663260 587
1663270 591
1663280 596
1663290 600
1663300 604
1663310 609
1663320 613
1663330 616
1663340 620
1663350 623
1663360 626
1663370 628
1663380 631
1663390 634
1663400 636
1663410 639
1663420 643
1663430 646
1663440 649
1663450 652
1663460 656
1663470 660
1663480 663
1663490 667
1663500 670
1663510 673
1663520 676
1663530 679
1663540 682
1663550 684
1663560 686
1663570 689
1663580 692
1663590 696
1663600 698
1663610 699
1663620 699
1663630 697
1663640 695
1663650 691
1663660 688
1663670 684
1663680 680
1663690 677
1663700 673
1663710 670
1663720 666
1663730 663
1663740 661
1663750 662
1663760 667
1663770 672
1663780 678
1663790 682
1663800 687
1663810 693
1663820 699
1663830 705
1663840 709
1663850 714
1663860 720
1663870 727
1663880 731
1663890 733
1663900 734
1663910 735
1663920 736
1663930 736
1663940 735
1663950 733
1663960 731
1663970 730
1663980 730
1663990 730
1664000 731
1664010 732
1664020 732
1664030 733
1664040 733
1664050 733
1664060 733
1664070 734
1664080 735
1664090 737
1664100 740
1664110 742
1664120 744
1664130 747
1664140 749
1664150 751
1664160 752
1664170 753
1664180 754
1664190 755
1664200 756
1664210 759
1664220 762
1664230 765
1664240 767
1664250 769
1664260 772
1664270 775
1664280 778
1664290 781
1664300 784
1664310 786
1664320 789
1664330 793
1664340 797
1664350 800
1664360 804
1664370 808
1664380 811
1664390 813
1664400 816
1664410 818
1664420 821
1664430 823
1664440 826
1664450 828
1664460 830
1664470 832
1664480 835
1664490 837
1664500 840
1664510 843
1664520 847
1664530 850
1664540 851
1664550 855
1664560 858
1664570 862
1664580 866
1664590 869
1664600 873
1664610 876
1664620 880
1664630 883
1664640 888
1664650 892
1664660 896
1664670 899
1664680 902
1664690 905
1664700 908
1664710 911
1664720 914
1664730 917
1664740 919
1664750 922
1664760 925
1664770 927
1664780 930
1664790 933
1664800 936
1664810 940
1664820 943
1664830 948
1664840 952
1664850 957
1664860 962
1664870 965
1664880 969
1664890 975
1664900 981
1664910 988
1664920 995
1664930 1002
1664940 1008
1664950 1012
1664960 1016
1664970 1019
1664980 1022
1664990 1025
1665000 1027
1665010 1028
1665020 1028
1665030 1027
1665040 1025
1665050 1023
1665060 1021
1665070 1019
1665080 1017
1665090 1016
1665100 1015
1665110 1014
1665120 1012
1665130 1010
1665140 1008
1665150 1005
1665160 1003
1665170 1001
1665180 999
1665190 997
1665200 995
1665210 992
1665220 989
1665230 987
1665240 985
1665250 983
1665260 980
1665270 978
1665280 976
1665290 974
1665300 972
1665310 971
1665320 970
1665330 969
1665340 967
1665350 966
1665360 964
1665370 963
1665380 961
1665390 959
1665400 957
1665410 956
1665420 954
1665430 952
1665440 950
1665450 949
1665460 947
1665470 946
1665480 944
1665490 943
1665500 942
1665510 940
1665520 939
1665530 937
1665540 935
1665550 933
1665560 932
1665570 931
1665580 930
1665590 928
1665600 927
1665610 925
1665620 923
1665630 921
1665640 919
1665650 917
1665660 916
1665670 914
1665680 913
1665690 911
1665700 911
1665710 910
1665720 909
1665730 908
1665740 907
1665750 906
1665760 905
1665770 904
1665780 903
1665790 901
1665800 899
1665810 898
1665820 896
1665830 895
1665840 894
1665850 894
1665860 893
1665870 893
1665880 892
1665890 892
1665900 891
1665910 890
1665920 889
1665930 887
1665940 885
1665950 883
1665960 881
1665970 879
1665980 878
1665990 877
1666000 877
1666010 876
1666020 875
1666030 874
1666040 874
1666050 874
1666060 874
1666070 875
1666080 875
1666090 876
1666100 875
1666110 875
1666120 874
1666130 874
1666140 874
1666150 873
1666160 873
1666170 872
1666180 871
1666190 870
1666200 869
1666210 868
1666220 867
1666230 866
1666240 865
1666250 865
1666260 864
1666270 862
1666280 861
1666290 859
1666300 858
1666310 856
1666320 854
1666330 852
1666340 850
1666350 848
1666360 845
1666370 843
1666380 841
1666390 839
1666400 837
1666410 835
1666420 834
1666430 832
1666440 831
1666450 830
1666460 829
1666470 828
1666480 827
1666490 826
1666500 824
1666510 822
1666520 821
1666530 819
1666540 817
1666550 815
1666560 813
1666570 811
1666580 808
1666590 806
1666600 804
1666610 801
1666620 799
1666630 797
1666640 795
1666650 793
1666660 790
1666670 788
1666680 785
1666690 783
1666700 780
1666710 777
1666720 775
1666730 773
1666740 770
1666750 768
1666760 766
1666770 763
1666780 761
1666790 759
1666800 757
1666810 755
1666820 754
1666830 753
1666840 752
1666850 751
1666860 750
1666870 748
1666880 747
1666890 746
1666900 745
1666910 743
1666920 742
1666930 741
1666940 739
1666950 738
1666960 736
1666970 735
1666980 733
1666990 732
1667000 730
1667010 728
1667020 726
1667030 724
1667040 722
1667050 720
1667060 718
1667070 716
1667080 714
1667090 712
1667100 710
1667110 708
1667120 705
1667130 703
1667140 701
1667150 699
1667160 697
1667170 695
1667180 694
1667190 692
1667200 690
1667210 689
1667220 687
1667230 685
1667240 683
1667250 680
1667260 679
1667270 680
1667280 681
1667290 684
1667300 686
1667310 686
1667320 686
1667330 685
1667340 685
1667350 684
1667360 684
1667370 683
1667380 683
1667390 683
1667400 683
1667410 681
1667420 679
1667430 677
1667440 675
1667450 672
1667460 669
1667470 667
1667480 664
1667490 662
1667500 659
1667510 655
1667520 651
1667530 648
1667540 646
1667550 646
1667560 645
1667570 646
1667580 648
1667590 652
1667600 656
1667610 659
1667620 662
1667630 664
1667640 665
1667650 666
1667660 667
1667670 668
1667680 670
1667690 671
1667700 672
1667710 673
1667720 674
1667730 675
1667740 675
1667750 675
1667760 674
1667770 674
1667780 674
1667790 674
1667800 673
1667810 672
1667820 672
1667830 672
1667840 675
1667850 677
1667860 680
1667870 682
1667880 684
1667890 686
1667900 688
1667910 689
1667920 690
1667930 691
1667940 692
1667950 693
1667960 694
1667970 695
1667980 696
1667990 697
1668000 697
1668010 698
1668020 699
1668030 700
1668040 701
1668050 702
1668060 704
1668070 706
1668080 708
1668090 710
1668100 711
1668110 713
1668120 714
1668130 715
1668140 717
1668150 718
1668160 719
1668170 720
1668180 719
1668190 718
1668200 717
1668210 716
1668220 714
1668230 713
1668240 715
1668250 718
1668260 721
1668270 724
1668280 727
1668290 728
1668300 729
1668310 731
1668320 733
1668330 736
1668340 738
1668350 740
1668360 742
1668370 744
1668380 745
1668390 745
1668400 745
1668410 743
1668420 741
1668430 739
1668440 737
1668450 737
1668460 737
1668470 739
1668480 743
1668490 747
1668500 751
1668510 755
1668520 759
1668530 763
1668540 768
1668550 772
1668560 776
1668570 779
1668580 783
1668590 786
1668600 790
1668610 793
1668620 796
1668630 799
1668640 802
1668650 805
1668660 807
1668670 810
1668680 812
1668690 813
1668700 815
1668710 816
1668720 817
1668730 818
1668740 819
1668750 820
1668760 821
1668770 822
1668780 822
1668790 822
1668800 822
1668810 822
1668820 822
1668830 823
1668840 824
1668850 825
1668860 826
1668870 827
1668880 828
1668890 830
1668900 832
1668910 833
1668920 835
1668930 837
1668940 839
1668950 840
1668960 840
1668970 839
1668980 837
1668990 834
1669000 832
1669010 829
1669020 827
1669030 824
1669040 821
1669050 818
1669060 815
1669070 812
1669080 809
1669090 806
1669100 803
1669110 800
1669120 795
1669130 791
1669140 786
1669150 782
1669160 778
1669170 775
1669180 771
1669190 767
1669200 763
1669210 759
1669220 756
1669230 753
1669240 751
1669250 748
1669260 746
1669270 743
1669280 741
1669290 738
1669300 736
1669310 734
1669320 731
1669330 729
1669340 726
1669350 723
1669360 720
1669370 717
1669380 714
1669390 711
1669400 707
1669410 704
1669420 701
1669430 697
1669440 694
1669450 690
1669460 687
1669470 683
1669480 679
1669490 676
1669500 674
1669510 671
1669520 669
1669530 667
1669540 664
1669550 662
1669560 659
1669570 657
1669580 655
1669590 654
1669600 653
1669610 651
1669620 649
1669630 645
1669640 642
1669650 639
1669660 635
1669670 631
1669680 627
1669690 624
1669700 620
1669710 616
1669720 612
1669730 609
1669740 605
1669750 602
1669760 596
1669770 591
1669780 587
1669790 583
1669800 579
1669810 575
1669820 571
1669830 569
1669840 566
1669850 565
1669860 564
1669870 564
1669880 564
1669890 564
1669900 564
1669910 564
1669920 564
1669930 564
1669940 564
1669950 564
1669960 564
1669970 564
1669980 564
1669990 565
1670000 565
1670010 565
1670020 565
1670030 565
1670040 565
1670050 565
1670060 565
1670070 564
1670080 564
1670090 564
1670100 564
1670110 564
1670120 564
1670130 564
1670140 564
1670150 564
1670160 564
1670170 564
1670180 564
1670190 564
1670200 564
1670210 564
1670220 563
1670230 563
1670240 563
1670250 563
1670260 564
1670270 564
1670280 566
1670290 569
1670300 573
1670310 575
1670320 577
1670330 579
1670340 581
1670350 582
1670360 583
1670370 585
1670380 587
1670390 590
1670400 592
1670410 595
1670420 597
1670430 600
1670440 603
1670450 606
1670460 609
1670470 613
1670480 616
1670490 620
1670500 622
1670510 623
1670520 623
1670530 622
1670540 621
1670550 619
1670560 618
1670570 618
1670580 620
1670590 622
1670600 623
1670610 624
1670620 626
1670630 628
1670640 630
1670650 634
1670660 637
1670670 641
1670680 645
1670690 649
1670700 653
1670710 655
1670720 657
1670730 657
1670740 655
1670750 654
1670760 653
1670770 657
1670780 661
1670790 665
1670800 668
1670810 670
1670820 671
1670830 670
1670840 670
1670850 671
1670860 676
1670870 682
1670880 689
1670890 695
1670900 701
1670910 706
1670920 711
1670930 714
1670940 716
1670950 719
1670960 721
1670970 723
1670980 724
1670990 723
1671000 722
1671010 721
1671020 722
1671030 723
1671040 726
1671050 727
1671060 728
1671070 728
1671080 728
1671090 729
1671100 731
1671110 733
1671120 735
1671130 738
1671140 739
1671150 741
1671160 742
1671170 745
1671180 747
1671190 750
1671200 753
1671210 756
1671220 759
1671230 762
1671240 765
1671250 768
1671260 771
1671270 773
1671280 776
1671290 779
1671300 782
1671310 785
1671320 788
1671330 791
1671340 794
1671350 797
1671360 800
1671370 804
1671380 807
1671390 810
1671400 813
1671410 816
1671420 818
1671430 821
1671440 823
1671450 824
1671460 826
1671470 828
1671480 830
1671490 833
1671500 835
1671510 837
1671520 838
1671530 837
1671540 837
1671550 836
1671560 836
1671570 836
1671580 837
1671590 839
1671600 842
1671610 846
1671620 850
1671630 854
1671640 859
1671650 863
1671660 868
1671670 872
1671680 875
1671690 879
1671700 882
1671710 885
1671720 888
1671730 891
1671740 893
1671750 896
1671760 898
1671770 900
1671780 902
1671790 903
1671800 905
1671810 906
1671820 908
1671830 908
1671840 909
1671850 910
1671860 911
1671870 911
1671880 911
1671890 911
1671900 909
1671910 907
1671920 904
1671930 902
1671940 899
1671950 896
1671960 894
1671970 892
1671980 890
1671990 890
1672000 889
1672010 889
1672020 889
1672030 888
1672040 887
1672050 885
1672060 883
1672070 881
1672080 879
1672090 876
1672100 874
1672110 871
1672120 868
1672130 865
1672140 861
1672150 856
1672160 851
1672170 846
1672180 846
1672190 849
1672200 854
1672210 859
1672220 863
1672230 866
1672240 870
1672250 874
1672260 878
1672270 882
1672280 887
1672290 891
1672300 894
1672310 897
1672320 899
1672330 906
1672340 918
1672350 937
1672360 952
1672370 965
1672380 975
1672390 987
1672400 998
1672410 1005
1672420 1014
1672430 1022
1672440 1028
1672450 1030
1672460 1030
1672470 1030
1672480 1026
1672490 1022
1672500 1019
1672510 1023
1672520 1025
1672530 1025
1672540 1025
1672550 1024
1672560 1022
1672570 1024
1672580 1030
1672590 1040
1672600 1044
1672610 1045
1672620 1046
1672630 1050
1672640 1055
1672650 1062
1672660 1073
1672670 1081
1672680 1086
1672690 1089
1672700 1091
1672710 1093
1672720 1088
1672730 1082
1672740 1075
1672750 1066
1672760 1057
1672770 1049
1672780 1040
1672790 1028
1672800 1013
1672810 991
1672820 977
1672830 966
1672840 950
1672850 937
1672860 926
1672870 917
1672880 909
1672890 902
1672900 896
1672910 891
1672920 887
1672930 884
1672940 880
1672950 876
1672960 872
1672970 868
1672980 865
1672990 861
1673000 857
1673010 853
1673020 850
1673030 846
1673040 842
1673050 838
1673060 834
1673070 830
1673080 826
1673090 823
1673100 820
1673110 818
1673120 817
1673130 815
1673140 814
1673150 812
1673160 810
1673170 810
1673180 812
1673190 813
1673200 812
1673210 811
1673220 809
1673230 806
1673240 805
1673250 804
1673260 804
1673270 804
1673280 804
1673290 803
1673300 803
1673310 803
1673320 804
1673330 805
1673340 806
1673350 807
1673360 807
1673370 807
1673380 807
1673390 808
1673400 809
1673410 810
1673420 812
1673430 812
1673440 812
1673450 812
1673460 813
1673470 815
1673480 817
1673490 820
1673500 822
1673510 824
1673520 825
1673530 826
1673540 827
1673550 829
1673560 830
1673570 832
1673580 834
1673590 837
1673600 839
1673610 841
1673620 843
1673630 846
1673640 847
1673650 848
1673660 846
1673670 845
1673680 843
1673690 843
1673700 842
1673710 839
1673720 834
1673730 835
1673740 839
1673750 844
1673760 848
1673770 851
1673780 854
1673790 857
1673800 860
1673810 862
1673820 865
1673830 867
1673840 869
1673850 871
1673860 872
1673870 874
1673880 875
1673890 877
1673900 878
1673910 880
1673920 882
1673930 884
1673940 886
1673950 889
1673960 892
1673970 895
1673980 897
1673990 899
1674000 901
1674010 903
1674020 905
1674030 908
1674040 912
1674050 916
1674060 921
1674070 926
1674080 930
1674090 936
1674100 941
1674110 946
1674120 951
1674130 956
1674140 961
1674150 967
1674160 973
1674170 978
1674180 983
1674190 988
1674200 993
1674210 998
1674220 1005
1674230 1012
1674240 1021
1674250 1024
1674260 1028
1674270 1037
1674280 1049
1674290 1060
1674300 1072
1674310 1087
1674320 1101
1674330 1112
1674340 1118
1674350 1122
1674360 1125
1674370 1130
1674380 1134
1674390 1137
1674400 1142
1674410 1147
1674420 1151
1674430 1155
1674440 1157
1674450 1159
1674460 1161
1674470 1164
1674480 1169
1674490 1171
1674500 1175
1674510 1179
1674520 1183
1674530 1190
1674540 1197
1674550 1203
1674560 1208
1674570 1213
1674580 1218
1674590 1222
1674600 1227
1674610 1232
1674620 1237
1674630 1241
1674640 1245
1674650 1247
1674660 1251
1674670 1255
1674680 1259
1674690 1264
1674700 1268
1674710 1273
1674720 1277
1674730 1282
1674740 1286
1674750 1290
1674760 1294
1674770 1298
1674780 1301
1674790 1304
1674800 1307
1674810 1310
1674820 1314
1674830 1318
1674840 1323
1674850 1326
1674860 1330
1674870 1334
1674880 1339
1674890 1344
1674900 1349
1674910 1354
1674920 1358
1674930 1364
1674940 1369
1674950 1373
1674960 1376
1674970 1378
1674980 1380
1674990 1381
1675000 1383
1675010 1385
1675020 1387
1675030 1388
1675040 1390
1675050 1392
1675060 1394
1675070 1395
1675080 1397
1675090 1399
1675100 1401
1675110 1403
1675120 1404
1675130 1406
1675140 1408
1675150 1409
1675160 1411
1675170 1413
1675180 1414
1675190 1415
1675200 1416
1675210 1417
1675220 1418
1675230 1419
1675240 1420
1675250 1420
1675260 1420
1675270 1419
1675280 1417
1675290 1416
1675300 1417
1675310 1418
1675320 1419
1675330 1420
1675340 1419
1675350 1418
1675360 1417
1675370 1416
1675380 1414
1675390 1412
1675400 1411
1675410 1410
1675420 1409
1675430 1410
1675440 1409
1675450 1408
1675460 1405
1675470 1401
1675480 1395
1675490 1389
1675500 1384
1675510 1380
1675520 1377
1675530 1374
1675540 1373
1675550 1373
1675560 1376
1675570 1380
1675580 1385
1675590 1391
1675600 1396
1675610 1400
1675620 1402
1675630 1404
1675640 1406
1675650 1407
1675660 1407
1675670 1407
1675680 1408
1675690 1410
1675700 1412
1675710 1413
1675720 1415
1675730 1418
1675740 1420
1675750 1422
1675760 1424
1675770 1426
1675780 1428
1675790 1429
1675800 1431
1675810 1432
1675820 1435
1675830 1437
1675840 1440
1675850 1443
1675860 1446
1675870 1448
1675880 1451
1675890 1453
1675900 1456
1675910 1458
1675920 1461
1675930 1463
1675940 1466
1675950 1468
1675960 1470
1675970 1473
1675980 1475
1675990 1478
1676000 1480
1676010 1483
1676020 1485
1676030 1487
1676040 1490
1676050 1493
1676060 1495
1676070 1498
1676080 1500
1676090 1503
1676100 1506
1676110 1508
1676120 1511
1676130 1514
1676140 1517
1676150 1520
1676160 1522
1676170 1526
1676180 1529
1676190 1531
1676200 1534
1676210 1537
1676220 1540
1676230 1543
1676240 1547
1676250 1550
1676260 1554
1676270 1556
1676280 1559
1676290 1562
1676300 1564
1676310 1567
1676320 1569
1676330 1571
1676340 1572
1676350 1574
1676360 1575
1676370 1575
1676380 1576
1676390 1576
1676400 1577
1676410 1579
1676420 1580
1676430 1581
1676440 1581
1676450 1579
1676460 1575
1676470 1571
1676480 1567
1676490 1563
1676500 1558
1676510 1552
1676520 1546
1676530 1539
1676540 1533
1676550 1526
1676560 1516
1676570 1504
1676580 1493
1676590 1485
1676600 1479
1676610 1472
1676620 1466
1676630 1460
1676640 1454
1676650 1445
1676660 1439
1676670 1434
1676680 1431
1676690 1428
1676700 1423
1676710 1417
1676720 1411
1676730 1404
1676740 1399
1676750 1392
1676760 1386
1676770 1379
1676780 1373
1676790 1368
1676800 1363
1676810 1358
1676820 1352
1676830 1346
1676840 1338
1676850 1328
1676860 1318
1676870 1309
1676880 1300
1676890 1291
1676900 1282
1676910 1275
1676920 1271
1676930 1266
1676940 1262
1676950 1257
1676960 1254
1676970 1251
1676980 1247
1676990 1244
1677000 1242
1677010 1239
1677020 1235
1677030 1231
1677040 1227
1677050 1222
1677060 1218
1677070 1213
1677080 1209
1677090 1204
1677100 1198
1677110 1189
1677120 1178
1677130 1169
1677140 1163
1677150 1158
1677160 1153
1677170 1147
1677180 1142
1677190 1137
1677200 1132
1677210 1128
1677220 1124
1677230 1120
1677240 1116
1677250 1113
1677260 1110
1677270 1107
1677280 1104
1677290 1101
1677300 1100
1677310 1099
1677320 1099
1677330 1099
1677340 1098
1677350 1098
1677360 1098
1677370 1100
1677380 1102
1677390 1104
1677400 1106
1677410 1109
1677420 1111
1677430 1113
1677440 1116
1677450 1119
1677460 1122
1677470 1126
1677480 1130
1677490 1134
1677500 1137
1677510 1139
1677520 1140
1677530 1141
1677540 1140
1677550 1140
1677560 1140
1677570 1138
1677580 1136
1677590 1133
1677600 1129
1677610 1122
1677620 1115
1677630 1105
1677640 1100
1677650 1096
1677660 1089
1677670 1082
1677680 1076
1677690 1069
1677700 1062
1677710 1056
1677720 1049
1677730 1041
1677740 1033
1677750 1025
1677760 1020
1677770 1015
1677780 1011
1677790 1007
1677800 1002
1677810 997
1677820 991
1677830 986
1677840 979
1677850 973
1677860 966
1677870 960
1677880 953
1677890 945
1677900 936
1677910 927
1677920 919
1677930 912
1677940 907
1677950 901
1677960 896
1677970 891
1677980 885
1677990 880
1678000 876
1678010 872
1678020 868
1678030 864
1678040 860
1678050 855
1678060 850
1678070 845
1678080 840
1678090 834
1678100 829
1678110 825
1678120 818
1678130 811
1678140 802
1678150 794
1678160 788
1678170 784
1678180 780
1678190 777
1678200 773
1678210 770
1678220 767
1678230 764
1678240 763
1678250 760
1678260 758
1678270 759
1678280 761
1678290 764
1678300 767
1678310 769
1678320 772
1678330 774
1678340 777
1678350 781
1678360 784
1678370 787
1678380 791
1678390 795
1678400 800
1678410 804
1678420 808
1678430 812
1678440 815
1678450 820
1678460 824
1678470 828
1678480 832
1678490 837
1678500 842
1678510 846
1678520 850
1678530 855
1678540 861
1678550 867
1678560 873
1678570 880
1678580 889
1678590 897
1678600 905
1678610 911
1678620 918
1678630 925
1678640 931
1678650 937
1678660 943
1678670 950
1678680 959
1678690 969
1678700 979
1678710 989
1678720 996
1678730 1002
1678740 1008
1678750 1017
1678760 1026
1678770 1037
1678780 1047
1678790 1055
1678800 1065
1678810 1077
1678820 1090
1678830 1098
1678840 1104
1678850 1109
1678860 1114
1678870 1120
1678880 1126
1678890 1133
1678900 1140
1678910 1148
1678920 1157
1678930 1164
1678940 1169
1678950 1174
1678960 1179
1678970 1184
1678980 1194
1678990 1203
1679000 1209
1679010 1214
1679020 1218
1679030 1223
1679040 1229
1679050 1235
1679060 1240
1679070 1243
1679080 1246
1679090 1247
1679100 1249
1679110 1251
1679120 1256
1679130 1259
1679140 1262
1679150 1265
1679160 1269
1679170 1274
1679180 1279
1679190 1282
1679200 1285
1679210 1290
1679220 1296
1679230 1301
1679240 1304
1679250 1305
1679260 1307
1679270 1309
1679280 1312
1679290 1317
1679300 1324
1679310 1331
1679320 1337
1679330 1343
1679340 1349
1679350 1355
1679360 1362
1679370 1368
1679380 1373
1679390 1378
1679400 1383
1679410 1388
1679420 1395
1679430 1401
1679440 1406
1679450 1412
1679460 1418
1679470 1425
1679480 1431
1679490 1438
1679500 1440
1679510 1440
1679520 1439
1679530 1439
1679540 1440
1679550 1442
1679560 1445
1679570 1447
1679580 1450
1679590 1453
1679600 1456
1679610 1460
1679620 1464
1679630 1468
1679640 1471
1679650 1476
1679660 1480
1679670 1485
1679680 1489
1679690 1493
1679700 1498
1679710 1502
1679720 1505
1679730 1507
1679740 1510
1679750 1514
1679760 1519
1679770 1523
1679780 1527
1679790 1529
1679800 1530
1679810 1531
1679820 1532
1679830 1532
1679840 1533
1679850 1534
1679860 1534
1679870 1534
1679880 1534
1679890 1532
1679900 1529
1679910 1526
1679920 1526
1679930 1527
1679940 1529
1679950 1532
1679960 1535
1679970 1538
1679980 1539
1679990 1541
