1660000 559
1660010 558
1660020 558
1660030 557
1660040 557
1660050 557
1660060 557
1660070 556
1660080 556
1660090 556
1660100 556
1660110 556
1660120 556
1660130 556
1660140 556
1660150 555
1660160 553
1660170 551
1660180 549
1660190 548
1660200 546
1660210 545
1660220 544
1660230 543
1660240 542
1660250 542
1660260 542
1660270 541
1660280 540
1660290 539
1660300 538
1660310 538
1660320 539
1660330 540
1660340 542
1660350 545
1660360 548
1660370 551
1660380 553
1660390 556
1660400 558
1660410 559
1660420 560
1660430 560
1660440 560
1660450 560
1660460 558
1660470 556
1660480 553
1660490 550
1660500 548
1660510 546
1660520 544
1660530 542
1660540 540
1660550 539
1660560 537
1660570 536
1660580 536
1660590 537
1660600 539
1660610 542
1660620 544
1660630 547
1660640 548
1660650 550
1660660 550
1660670 551
1660680 552
1660690 553
1660700 554
1660710 556
1660720 557
1660730 560
1660740 565
1660750 571
1660760 576
1660770 581
1660780 586
1660790 591
1660800 597
1660810 602
1660820 607
1660830 612
1660840 617
1660850 622
1660860 626
1660870 630
1660880 634
1660890 638
1660900 642
1660910 646
1660920 650
1660930 654
1660940 659
1660950 663
1660960 667
1660970 671
1660980 676
1660990 680
1661000 683
1661010 687
1661020 690
1661030 692
1661040 695
1661050 697
1661060 699
1661070 700
1661080 701
1661090 702
1661100 702
1661110 702
1661120 701
1661130 700
1661140 698
1661150 696
1661160 694
1661170 692
1661180 690
1661190 687
1661200 685
1661210 682
1661220 680
1661230 677
1661240 675
1661250 672
1661260 669
1661270 666
1661280 663
1661290 660
1661300 656
1661310 651
1661320 648
1661330 645
1661340 643
1661350 643
1661360 643
1661370 642
1661380 639
1661390 636
1661400 633
1661410 629
1661420 625
1661430 621
1661440 618
1661450 615
1661460 612
1661470 609
1661480 606
1661490 603
1661500 600
1661510 597
1661520 594
1661530 591
1661540 587
1661550 583
1661560 578
1661570 574
1661580 569
1661590 564
1661600 559
1661610 554
1661620 551
1661630 549
1661640 549
1661650 549
1661660 549
1661670 550
1661680 552
1661690 555
1661700 557
1661710 559
1661720 563
1661730 566
1661740 569
1661750 573
1661760 576
1661770 579
1661780 583
1661790 587
1661800 591
1661810 595
1661820 599
1661830 602
1661840 606
1661850 609
1661860 613
1661870 617
1661880 621
1661890 626
1661900 630
1661910 634
1661920 638
1661930 642
1661940 646
1661950 651
1661960 655
1661970 659
1661980 663
1661990 667
1662000 671
1662010 675
1662020 679
1662030 682
1662040 686
1662050 690
1662060 694
1662070 698
1662080 702
1662090 706
1662100 710
1662110 713
1662120 716
1662130 719
1662140 720
1662150 719
1662160 717
1662170 716
1662180 713
1662190 709
1662200 704
1662210 700
1662220 698
1662230 695
1662240 693
1662250 690
1662260 686
1662270 683
1662280 680
1662290 676
1662300 673
1662310 670
1662320 668
1662330 667
1662340 666
1662350 665
1662360 664
1662370 663
1662380 664
1662390 666
1662400 669
1662410 673
1662420 678
1662430 682
1662440 686
1662450 690
1662460 694
1662470 699
1662480 703
1662490 708
1662500 713
1662510 717
1662520 722
1662530 727
1662540 733
1662550 739
1662560 744
1662570 748
1662580 753
1662590 756
1662600 754
1662610 749
1662620 741
1662630 733
1662640 726
1662650 720
1662660 716
1662670 713
1662680 710
1662690 708
1662700 706
1662710 706
1662720 705
1662730 705
1662740 704
1662750 704
1662760 704
1662770 706
1662780 708
1662790 710
1662800 712
1662810 714
1662820 716
1662830 718
1662840 721
1662850 723
1662860 726
1662870 729
1662880 732
1662890 734
1662900 737
1662910 740
1662920 743
1662930 746
1662940 748
1662950 751
1662960 753
1662970 756
1662980 759
1662990 762
1663000 765
1663010 768
1663020 771
1663030 773
1663040 774
1663050 774
1663060 774
1663070 773
1663080 771
1663090 770
1663100 770
1663110 769
1663120 768
1663130 768
1663140 767
1663150 767
1663160 766
1663170 766
1663180 767
1663190 769
1663200 770
1663210 771
1663220 772
1663230 774
1663240 776
1663250 778
1663260 781
1663270 782
1663280 784
1663290 785
1663300 787
1663310 789
1663320 791
1663330 794
1663340 796
1663350 800
1663360 802
1663370 805
1663380 808
1663390 811
1663400 813
1663410 815
1663420 817
1663430 819
1663440 822
1663450 824
1663460 827
1663470 829
1663480 832
1663490 835
1663500 837
1663510 840
1663520 843
1663530 846
1663540 850
1663550 853
1663560 857
1663570 860
1663580 864
1663590 867
1663600 871
1663610 875
1663620 879
1663630 883
1663640 887
1663650 891
1663660 895
1663670 899
1663680 903
1663690 907
1663700 911
1663710 915
1663720 918
1663730 921
1663740 924
1663750 925
1663760 927
1663770 928
1663780 927
1663790 927
1663800 927
1663810 926
1663820 925
1663830 924
1663840 923
1663850 922
1663860 922
1663870 921
1663880 922
1663890 922
1663900 923
1663910 925
1663920 926
1663930 927
1663940 929
1663950 931
1663960 932
1663970 933
1663980 934
1663990 935
1664000 937
1664010 938
1664020 940
1664030 942
1664040 944
1664050 945
1664060 947
1664070 948
1664080 950
1664090 952
1664100 953
1664110 955
1664120 956
1664130 957
1664140 959
1664150 960
1664160 961
1664170 962
1664180 964
1664190 965
1664200 965
1664210 966
1664220 968
1664230 969
1664240 971
1664250 973
1664260 975
1664270 977
1664280 979
1664290 981
1664300 983
1664310 985
1664320 987
1664330 989
1664340 991
1664350 993
1664360 995
1664370 997
1664380 999
1664390 999
1664400 998
1664410 997
1664420 996
1664430 995
1664440 994
1664450 993
1664460 991
1664470 989
1664480 987
1664490 986
1664500 985
1664510 984
1664520 982
1664530 980
1664540 977
1664550 974
1664560 971
1664570 969
1664580 967
1664590 965
1664600 962
1664610 961
1664620 960
1664630 960
1664640 960
1664650 960
1664660 960
1664670 957
1664680 953
1664690 946
1664700 942
1664710 938
1664720 936
1664730 934
1664740 932
1664750 930
1664760 928
1664770 926
1664780 924
1664790 923
1664800 922
1664810 921
1664820 919
1664830 918
1664840 917
1664850 915
1664860 913
1664870 911
1664880 908
1664890 904
1664900 900
1664910 898
1664920 895
1664930 893
1664940 892
1664950 891
1664960 890
1664970 889
1664980 889
1664990 888
1665000 886
1665010 884
1665020 882
1665030 881
1665040 880
1665050 878
1665060 877
1665070 877
1665080 877
1665090 877
1665100 878
1665110 878
1665120 880
1665130 881
1665140 882
1665150 882
1665160 881
1665170 879
1665180 878
1665190 877
1665200 875
1665210 874
1665220 872
1665230 870
1665240 868
1665250 866
1665260 865
1665270 863
1665280 861
1665290 858
1665300 856
1665310 855
1665320 855
1665330 855
1665340 855
1665350 854
1665360 853
1665370 852
1665380 851
1665390 850
1665400 848
1665410 847
1665420 845
1665430 844
1665440 843
1665450 842
1665460 841
1665470 840
1665480 839
1665490 838
1665500 836
1665510 835
1665520 834
1665530 832
1665540 830
1665550 828
1665560 826
1665570 826
1665580 823
1665590 821
1665600 819
1665610 819
1665620 819
1665630 817
1665640 816
1665650 815
1665660 814
1665670 811
1665680 809
1665690 807
1665700 809
1665710 809
1665720 809
1665730 809
1665740 808
1665750 807
1665760 807
1665770 806
1665780 805
1665790 804
1665800 803
1665810 803
1665820 802
1665830 802
1665840 801
1665850 801
1665860 800
1665870 799
1665880 798
1665890 798
1665900 797
1665910 796
1665920 796
1665930 796
1665940 795
1665950 795
1665960 794
1665970 793
1665980 792
1665990 791
1666000 791
1666010 791
1666020 790
1666030 789
1666040 789
1666050 788
1666060 787
1666070 786
1666080 784
1666090 783
1666100 782
1666110 781
1666120 780
1666130 779
1666140 778
1666150 777
1666160 776
1666170 774
1666180 773
1666190 772
1666200 770
1666210 768
1666220 767
1666230 765
1666240 764
1666250 762
1666260 762
1666270 761
1666280 760
1666290 759
1666300 758
1666310 757
1666320 756
1666330 756
1666340 755
1666350 755
1666360 754
1666370 753
1666380 752
1666390 751
1666400 752
1666410 752
1666420 753
1666430 753
1666440 754
1666450 754
1666460 754
1666470 754
1666480 754
1666490 755
1666500 755
1666510 755
1666520 755
1666530 755
1666540 755
1666550 755
1666560 755
1666570 755
1666580 755
1666590 755
1666600 755
1666610 755
1666620 755
1666630 753
1666640 751
1666650 750
1666660 751
1666670 754
1666680 755
1666690 755
1666700 756
1666710 756
1666720 756
1666730 757
1666740 757
1666750 757
1666760 757
1666770 757
1666780 755
1666790 753
1666800 751
1666810 748
1666820 747
1666830 747
1666840 746
1666850 744
1666860 743
1666870 743
1666880 746
1666890 748
1666900 751
1666910 753
1666920 754
1666930 755
1666940 756
1666950 757
1666960 757
1666970 758
1666980 758
1666990 759
1667000 760
1667010 760
1667020 761
1667030 761
1667040 762
1667050 762
1667060 763
1667070 763
1667080 764
1667090 764
1667100 765
1667110 765
1667120 765
1667130 765
1667140 765
1667150 765
1667160 765
1667170 765
1667180 764
1667190 762
1667200 760
1667210 757
1667220 755
1667230 756
1667240 758
1667250 760
1667260 761
1667270 762
1667280 763
1667290 763
1667300 764
1667310 764
1667320 764
1667330 765
1667340 765
1667350 765
1667360 765
1667370 765
1667380 765
1667390 765
1667400 765
1667410 765
1667420 765
1667430 765
1667440 765
1667450 765
1667460 765
1667470 766
1667480 766
1667490 766
1667500 766
1667510 766
1667520 765
1667530 766
1667540 766
1667550 767
1667560 768
1667570 768
1667580 767
1667590 767
1667600 768
1667610 769
1667620 769
1667630 770
1667640 770
1667650 771
1667660 772
1667670 772
1667680 772
1667690 772
1667700 772
1667710 772
1667720 772
1667730 772
1667740 771
1667750 771
1667760 771
1667770 771
1667780 770
1667790 770
1667800 769
1667810 769
1667820 768
1667830 768
1667840 767
1667850 766
1667860 766
1667870 766
1667880 766
1667890 766
1667900 765
1667910 765
1667920 764
1667930 764
1667940 764
1667950 764
1667960 763
1667970 763
1667980 762
1667990 762
1668000 761
1668010 761
1668020 761
1668030 761
1668040 761
1668050 761
1668060 760
1668070 759
1668080 758
1668090 757
1668100 757
1668110 756
1668120 756
1668130 755
1668140 755
1668150 754
1668160 754
1668170 754
1668180 754
1668190 754
1668200 754
1668210 753
1668220 753
1668230 753
1668240 752
1668250 752
1668260 752
1668270 752
1668280 752
1668290 752
1668300 752
1668310 753
1668320 753
1668330 753
1668340 753
1668350 752
1668360 752
1668370 751
1668380 750
1668390 750
1668400 749
1668410 749
1668420 748
1668430 748
1668440 747
1668450 747
1668460 746
1668470 746
1668480 745
1668490 745
1668500 745
1668510 744
1668520 744
1668530 743
1668540 743
1668550 742
1668560 742
1668570 742
1668580 741
1668590 741
1668600 741
1668610 741
1668620 741
1668630 742
1668640 742
1668650 743
1668660 743
1668670 743
1668680 744
1668690 744
1668700 744
1668710 744
1668720 744
1668730 744
1668740 743
1668750 743
1668760 743
1668770 742
1668780 742
1668790 742
1668800 741
1668810 741
1668820 740
1668830 740
1668840 739
1668850 738
1668860 737
1668870 737
1668880 736
1668890 735
1668900 734
1668910 733
1668920 731
1668930 730
1668940 729
1668950 728
1668960 728
1668970 727
1668980 727
1668990 726
1669000 726
1669010 725
1669020 724
1669030 724
1669040 723
1669050 722
1669060 721
1669070 721
1669080 721
1669090 721
1669100 721
1669110 721
1669120 720
1669130 720
1669140 719
1669150 719
1669160 719
1669170 719
1669180 718
1669190 718
1669200 717
1669210 713
1669220 709
1669230 706
1669240 704
1669250 702
1669260 701
1669270 701
1669280 700
1669290 699
1669300 699
1669310 698
1669320 698
1669330 697
1669340 696
1669350 696
1669360 696
1669370 696
1669380 696
1669390 696
1669400 696
1669410 695
1669420 695
1669430 694
1669440 693
1669450 691
1669460 690
1669470 688
1669480 688
1669490 687
1669500 687
1669510 687
1669520 686
1669530 686
1669540 685
1669550 684
1669560 683
1669570 682
1669580 681
1669590 680
1669600 679
1669610 679
1669620 679
1669630 678
1669640 677
1669650 677
1669660 677
1669670 677
1669680 678
1669690 678
1669700 679
1669710 680
1669720 680
1669730 681
1669740 681
1669750 680
1669760 680
1669770 678
1669780 676
1669790 674
1669800 671
1669810 669
1669820 667
1669830 665
1669840 664
1669850 661
1669860 659
1669870 656
1669880 654
1669890 652
1669900 651
1669910 651
1669920 651
1669930 651
1669940 651
1669950 651
1669960 651
1669970 651
1669980 651
1669990 650
1670000 650
1670010 651
1670020 651
1670030 653
1670040 654
1670050 655
1670060 656
1670070 657
1670080 658
1670090 658
1670100 658
1670110 659
1670120 659
1670130 660
1670140 660
1670150 661
1670160 661
1670170 661
1670180 661
1670190 662
1670200 663
1670210 663
1670220 664
1670230 664
1670240 664
1670250 664
1670260 663
1670270 661
1670280 660
1670290 660
1670300 660
1670310 660
1670320 660
1670330 660
1670340 660
1670350 660
1670360 660
1670370 659
1670380 659
1670390 659
1670400 659
1670410 658
1670420 657
1670430 656
1670440 654
1670450 653
1670460 652
1670470 650
1670480 647
1670490 646
1670500 646
1670510 647
1670520 645
1670530 644
1670540 642
1670550 640
1670560 637
1670570 634
1670580 631
1670590 628
1670600 626
1670610 623
1670620 621
1670630 620
1670640 621
1670650 621
1670660 622
1670670 623
1670680 624
1670690 625
1670700 626
1670710 628
1670720 629
1670730 631
1670740 632
1670750 633
1670760 635
1670770 637
1670780 638
1670790 640
1670800 639
1670810 639
1670820 638
1670830 639
1670840 640
1670850 642
1670860 642
1670870 643
1670880 643
1670890 644
1670900 644
1670910 645
1670920 647
1670930 648
1670940 649
1670950 651
1670960 652
1670970 654
1670980 656
1670990 658
1671000 661
1671010 662
1671020 663
1671030 664
1671040 665
1671050 665
1671060 665
1671070 665
1671080 664
1671090 663
1671100 662
1671110 661
1671120 661
1671130 660
1671140 659
1671150 659
1671160 658
1671170 657
1671180 656
1671190 656
1671200 655
1671210 654
1671220 653
1671230 652
1671240 652
1671250 651
1671260 650
1671270 648
1671280 646
1671290 645
1671300 645
1671310 644
1671320 644
1671330 643
1671340 643
1671350 643
1671360 643
1671370 643
1671380 643
1671390 643
1671400 642
1671410 640
1671420 639
1671430 636
1671440 633
1671450 630
1671460 627
1671470 624
1671480 620
1671490 617
1671500 613
1671510 608
1671520 603
1671530 598
1671540 592
1671550 586
1671560 583
1671570 581
1671580 581
1671590 580
1671600 579
1671610 578
1671620 577
1671630 576
1671640 577
1671650 578
1671660 579
1671670 581
1671680 583
1671690 585
1671700 585
1671710 585
1671720 585
1671730 584
1671740 584
1671750 584
1671760 584
1671770 584
1671780 585
1671790 585
1671800 585
1671810 585
1671820 585
1671830 585
1671840 585
1671850 585
1671860 585
1671870 585
1671880 585
1671890 585
1671900 585
1671910 585
1671920 586
1671930 586
1671940 586
1671950 586
1671960 586
1671970 586
1671980 586
1671990 586
1672000 587
1672010 588
1672020 589
1672030 590
1672040 592
1672050 594
1672060 597
1672070 599
1672080 602
1672090 605
1672100 608
1672110 611
1672120 615
1672130 619
1672140 623
1672150 627
1672160 631
1672170 635
1672180 639
1672190 643
1672200 647
1672210 651
1672220 655
1672230 659
1672240 663
1672250 666
1672260 669
1672270 673
1672280 676
1672290 680
1672300 684
1672310 688
1672320 693
1672330 697
1672340 701
1672350 706
1672360 711
1672370 715
1672380 719
1672390 723
1672400 727
1672410 731
1672420 736
1672430 740
1672440 744
1672450 748
1672460 752
1672470 756
1672480 760
1672490 764
1672500 769
1672510 773
1672520 777
1672530 781
1672540 786
1672550 790
1672560 794
1672570 798
1672580 802
1672590 805
1672600 809
1672610 812
1672620 816
1672630 819
1672640 822
1672650 826
1672660 830
1672670 833
1672680 836
1672690 839
1672700 842
1672710 845
1672720 848
1672730 851
1672740 854
1672750 858
1672760 862
1672770 865
1672780 869
1672790 873
1672800 876
1672810 880
1672820 883
1672830 886
1672840 888
1672850 889
1672860 890
1672870 891
1672880 892
1672890 894
1672900 895
1672910 897
1672920 898
1672930 900
1672940 901
1672950 902
1672960 900
1672970 897
1672980 892
1672990 887
1673000 882
1673010 877
1673020 873
1673030 867
1673040 860
1673050 856
1673060 854
1673070 853
1673080 847
1673090 842
1673100 837
1673110 835
1673120 832
1673130 830
1673140 828
1673150 826
1673160 824
1673170 822
1673180 820
1673190 819
1673200 818
1673210 817
1673220 816
1673230 814
1673240 813
1673250 811
1673260 808
1673270 806
1673280 805
1673290 803
1673300 801
1673310 799
1673320 796
1673330 794
1673340 792
1673350 790
1673360 789
1673370 788
1673380 786
1673390 786
1673400 785
1673410 785
1673420 786
1673430 787
1673440 788
1673450 790
1673460 791
1673470 793
1673480 794
1673490 795
1673500 796
1673510 797
1673520 799
1673530 799
1673540 799
1673550 799
1673560 799
1673570 798
1673580 798
1673590 797
1673600 797
1673610 796
1673620 795
1673630 794
1673640 793
1673650 793
1673660 792
1673670 792
1673680 793
1673690 793
1673700 792
1673710 792
1673720 792
1673730 792
1673740 792
1673750 792
1673760 792
1673770 791
1673780 792
1673790 793
1673800 794
1673810 795
1673820 796
1673830 797
1673840 797
1673850 798
1673860 798
1673870 798
1673880 798
1673890 797
1673900 797
1673910 797
1673920 798
1673930 799
1673940 800
1673950 801
1673960 803
1673970 804
1673980 806
1673990 807
1674000 808
1674010 810
1674020 812
1674030 814
1674040 815
1674050 816
1674060 817
1674070 818
1674080 819
1674090 820
1674100 822
1674110 823
1674120 824
1674130 826
1674140 827
1674150 828
1674160 829
1674170 829
1674180 828
1674190 826
1674200 822
1674210 819
1674220 816
1674230 813
1674240 809
1674250 806
1674260 803
1674270 800
1674280 798
1674290 796
1674300 794
1674310 793
1674320 791
1674330 790
1674340 790
1674350 790
1674360 791
1674370 792
1674380 793
1674390 794
1674400 795
1674410 796
1674420 798
1674430 801
1674440 805
1674450 810
1674460 816
1674470 822
1674480 827
1674490 829
1674500 829
1674510 826
1674520 824
1674530 821
1674540 819
1674550 819
1674560 820
1674570 823
1674580 828
1674590 833
1674600 836
1674610 837
1674620 838
1674630 839
1674640 841
1674650 844
1674660 848
1674670 849
1674680 850
1674690 850
1674700 848
1674710 846
1674720 844
1674730 841
1674740 837
1674750 835
1674760 832
1674770 831
1674780 831
1674790 832
1674800 834
1674810 836
1674820 840
1674830 843
1674840 847
1674850 851
1674860 854
1674870 857
1674880 857
1674890 858
1674900 858
1674910 858
1674920 858
1674930 859
1674940 862
1674950 863
1674960 865
1674970 864
1674980 863
1674990 861
1675000 859
1675010 857
1675020 857
1675030 859
1675040 862
1675050 866
1675060 870
1675070 872
1675080 874
1675090 875
1675100 876
1675110 877
1675120 877
1675130 878
1675140 879
1675150 880
1675160 880
1675170 881
1675180 881
1675190 882
1675200 882
1675210 883
1675220 883
1675230 883
1675240 883
1675250 883
1675260 883
1675270 883
1675280 883
1675290 882
1675300 882
1675310 882
1675320 881
1675330 880
1675340 880
1675350 879
1675360 878
1675370 878
1675380 877
1675390 876
1675400 875
1675410 873
1675420 872
1675430 871
1675440 872
1675450 872
1675460 872
1675470 872
1675480 871
1675490 871
1675500 870
1675510 870
1675520 870
1675530 870
1675540 869
1675550 869
1675560 870
1675570 872
1675580 872
1675590 871
1675600 870
1675610 867
1675620 865
1675630 863
1675640 861
1675650 860
1675660 859
1675670 858
1675680 858
1675690 857
1675700 856
1675710 855
1675720 854
1675730 853
1675740 852
1675750 851
1675760 850
1675770 849
1675780 848
1675790 848
1675800 848
1675810 848
1675820 848
1675830 847
1675840 847
1675850 847
1675860 846
1675870 845
1675880 844
1675890 841
1675900 837
1675910 833
1675920 833
1675930 834
1675940 837
1675950 839
1675960 840
1675970 842
1675980 843
1675990 844
1676000 845
1676010 845
1676020 846
1676030 846
1676040 846
1676050 846
1676060 846
1676070 846
1676080 845
1676090 843
1676100 842
1676110 843
1676120 845
1676130 846
1676140 846
1676150 847
1676160 846
1676170 846
1676180 846
1676190 846
1676200 846
1676210 846
1676220 844
1676230 844
1676240 845
1676250 847
1676260 848
1676270 849
1676280 850
1676290 850
1676300 851
1676310 851
1676320 851
1676330 851
1676340 852
1676350 852
1676360 852
1676370 851
1676380 851
1676390 851
1676400 850
1676410 849
1676420 849
1676430 848
1676440 847
1676450 846
1676460 845
1676470 843
1676480 842
1676490 840
1676500 838
1676510 836
1676520 835
1676530 833
1676540 832
1676550 831
1676560 830
1676570 830
1676580 830
1676590 828
1676600 825
1676610 822
1676620 819
1676630 817
1676640 816
1676650 813
1676660 809
1676670 803
1676680 800
1676690 799
1676700 798
1676710 798
1676720 799
1676730 800
1676740 803
1676750 803
1676760 801
1676770 796
1676780 792
1676790 789
1676800 790
1676810 790
1676820 792
1676830 792
1676840 791
1676850 791
1676860 792
1676870 796
1676880 801
1676890 804
1676900 804
1676910 803
1676920 802
1676930 801
1676940 801
1676950 799
1676960 798
1676970 798
1676980 797
1676990 796
1677000 795
1677010 793
1677020 789
1677030 784
1677040 780
1677050 775
1677060 771
1677070 767
1677080 762
1677090 758
1677100 754
1677110 750
1677120 747
1677130 744
1677140 741
1677150 738
1677160 736
1677170 733
1677180 731
1677190 728
1677200 726
1677210 725
1677220 723
1677230 721
1677240 718
1677250 714
1677260 711
1677270 707
1677280 704
1677290 700
1677300 698
1677310 695
1677320 693
1677330 692
1677340 691
1677350 690
1677360 688
1677370 685
1677380 679
1677390 673
1677400 667
1677410 662
1677420 657
1677430 653
1677440 650
1677450 647
1677460 644
1677470 641
1677480 638
1677490 635
1677500 632
1677510 630
1677520 627
1677530 625
1677540 623
1677550 622
1677560 622
1677570 621
1677580 621
1677590 620
1677600 620
1677610 620
1677620 620
1677630 620
1677640 620
1677650 620
1677660 620
1677670 620
1677680 620
1677690 621
1677700 623
1677710 628
1677720 633
1677730 638
1677740 643
1677750 647
1677760 649
1677770 650
1677780 648
1677790 645
1677800 641
1677810 640
1677820 639
1677830 638
1677840 637
1677850 634
1677860 632
1677870 629
1677880 627
1677890 626
1677900 624
1677910 622
1677920 620
1677930 620
1677940 619
1677950 619
1677960 619
1677970 619
1677980 619
1677990 619
1678000 619
1678010 619
1678020 619
1678030 618
1678040 618
1678050 621
1678060 623
1678070 626
1678080 627
1678090 627
1678100 627
1678110 629
1678120 632
1678130 635
1678140 640
1678150 645
1678160 649
1678170 654
1678180 659
1678190 664
1678200 673
1678210 679
1678220 683
1678230 685
1678240 686
1678250 687
1678260 688
1678270 689
1678280 690
1678290 692
1678300 693
1678310 695
1678320 696
1678330 697
1678340 698
1678350 699
1678360 700
1678370 702
1678380 704
1678390 705
1678400 706
1678410 707
1678420 710
1678430 713
1678440 715
1678450 717
1678460 720
1678470 723
1678480 726
1678490 728
1678500 732
1678510 735
1678520 738
1678530 741
1678540 745
1678550 748
1678560 751
1678570 754
1678580 758
1678590 761
1678600 764
1678610 768
1678620 771
1678630 774
1678640 776
1678650 779
1678660 781
1678670 784
1678680 787
1678690 789
1678700 792
1678710 795
1678720 798
1678730 802
1678740 805
1678750 809
1678760 812
1678770 815
1678780 819
1678790 823
1678800 827
1678810 830
1678820 834
1678830 838
1678840 842
1678850 845
1678860 849
1678870 851
1678880 853
1678890 855
1678900 857
1678910 859
1678920 861
1678930 863
1678940 865
1678950 866
1678960 868
1678970 869
1678980 871
1678990 873
1679000 875
1679010 877
1679020 879
1679030 882
1679040 885
1679050 888
1679060 890
1679070 892
1679080 894
1679090 896
1679100 899
1679110 901
1679120 902
1679130 903
1679140 903
1679150 902
1679160 902
1679170 901
1679180 901
1679190 901
1679200 901
1679210 902
1679220 903
1679230 906
1679240 909
1679250 912
1679260 915
1679270 917
1679280 919
1679290 921
1679300 923
1679310 925
1679320 927
1679330 928
1679340 930
1679350 931
1679360 932
1679370 933
1679380 934
1679390 934
1679400 934
1679410 933
1679420 931
1679430 930
1679440 928
1679450 926
1679460 925
1679470 924
1679480 924
1679490 924
1679500 923
1679510 924
1679520 925
1679530 926
1679540 926
1679550 926
1679560 925
1679570 924
1679580 926
1679590 928
1679600 931
1679610 935
1679620 939
1679630 942
1679640 945
1679650 947
1679660 949
1679670 951
1679680 952
1679690 954
1679700 956
1679710 957
1679720 959
1679730 959
1679740 960
1679750 962
1679760 965
1679770 969
1679780 972
1679790 975
1679800 978
1679810 982
1679820 986
1679830 989
1679840 993
1679850 997
1679860 1002
1679870 1006
1679880 1010
1679890 1015
1679900 1020
1679910 1026
1679920 1031
1679930 1036
1679940 1043
1679950 1049
1679960 1057
1679970 1068
1679980 1075
1679990 1078
