1660000 745
1660010 744
1660020 742
1660030 740
1660040 737
1660050 735
1660060 731
1660070 728
1660080 725
1660090 721
1660100 718
1660110 715
1660120 711
1660130 709
1660140 706
1660150 703
1660160 700
1660170 697
1660180 694
1660190 692
1660200 689
1660210 687
1660220 684
1660230 681
1660240 678
1660250 675
1660260 672
1660270 669
1660280 667
1660290 664
1660300 661
1660310 658
1660320 654
1660330 651
1660340 648
1660350 644
1660360 641
1660370 637
1660380 632
1660390 628
1660400 624
1660410 620
1660420 616
1660430 612
1660440 609
1660450 606
1660460 605
1660470 604
1660480 603
1660490 603
1660500 602
1660510 601
1660520 601
1660530 600
1660540 600
1660550 599
1660560 597
1660570 596
1660580 594
1660590 594
1660600 594
1660610 594
1660620 595
1660630 596
1660640 598
1660650 601
1660660 604
1660670 607
1660680 610
1660690 613
1660700 616
1660710 618
1660720 617
1660730 614
1660740 610
1660750 606
1660760 601
1660770 596
1660780 591
1660790 585
1660800 579
1660810 574
1660820 570
1660830 568
1660840 567
1660850 566
1660860 567
1660870 570
1660880 573
1660890 576
1660900 580
1660910 584
1660920 589
1660930 593
1660940 598
1660950 602
1660960 606
1660970 610
1660980 612
1660990 614
1661000 615
1661010 616
1661020 616
1661030 616
1661040 617
1661050 618
1661060 619
1661070 623
1661080 626
1661090 630
1661100 634
1661110 639
1661120 643
1661130 648
1661140 652
1661150 655
1661160 657
1661170 657
1661180 657
1661190 657
1661200 658
1661210 659
1661220 660
1661230 664
1661240 669
1661250 674
1661260 679
1661270 684
1661280 689
1661290 693
1661300 698
1661310 702
1661320 706
1661330 710
1661340 713
1661350 716
1661360 719
1661370 722
1661380 724
1661390 726
1661400 727
1661410 728
1661420 730
1661430 731
1661440 732
1661450 733
1661460 733
1661470 733
1661480 732
1661490 732
1661500 731
1661510 730
1661520 729
1661530 727
1661540 725
1661550 722
1661560 717
1661570 712
1661580 706
1661590 700
1661600 696
1661610 692
1661620 689
1661630 687
1661640 685
1661650 684
1661660 682
1661670 679
1661680 674
1661690 669
1661700 664
1661710 659
1661720 655
1661730 652
1661740 648
1661750 645
1661760 643
1661770 641
1661780 639
1661790 637
1661800 635
1661810 632
1661820 628
1661830 625
1661840 621
1661850 618
1661860 615
1661870 613
1661880 611
1661890 609
1661900 607
1661910 605
1661920 604
1661930 602
1661940 602
1661950 601
1661960 600
1661970 599
1661980 598
1661990 595
1662000 592
1662010 589
1662020 586
1662030 583
1662040 580
1662050 575
1662060 572
1662070 569
1662080 569
1662090 571
1662100 572
1662110 571
1662120 570
1662130 570
1662140 570
1662150 570
1662160 570
1662170 569
1662180 570
1662190 571
1662200 574
1662210 577
1662220 580
1662230 583
1662240 586
1662250 588
1662260 590
1662270 592
1662280 593
1662290 596
1662300 598
1662310 600
1662320 603
1662330 605
1662340 608
1662350 612
1662360 615
1662370 619
1662380 622
1662390 625
1662400 627
1662410 629
1662420 630
1662430 631
1662440 633
1662450 636
1662460 638
1662470 640
1662480 640
1662490 639
1662500 636
1662510 638
1662520 641
1662530 645
1662540 649
1662550 654
1662560 658
1662570 663
1662580 667
1662590 672
1662600 677
1662610 682
1662620 687
1662630 691
1662640 696
1662650 700
1662660 704
1662670 709
1662680 714
1662690 718
1662700 723
1662710 727
1662720 731
1662730 736
1662740 740
1662750 744
1662760 748
1662770 753
1662780 757
1662790 761
1662800 764
1662810 768
1662820 773
1662830 778
1662840 781
1662850 784
1662860 787
1662870 789
1662880 791
1662890 793
1662900 795
1662910 798
1662920 800
1662930 803
1662940 805
1662950 808
1662960 811
1662970 814
1662980 818
1662990 821
1663000 825
1663010 829
1663020 833
1663030 836
1663040 840
1663050 843
1663060 846
1663070 848
1663080 849
1663090 851
1663100 852
1663110 853
1663120 854
1663130 855
1663140 855
1663150 856
1663160 857
1663170 857
1663180 856
1663190 857
1663200 858
1663210 860
1663220 863
1663230 866
1663240 867
1663250 868
1663260 869
1663270 868
1663280 865
1663290 862
1663300 858
1663310 854
1663320 850
1663330 845
1663340 841
1663350 837
1663360 833
1663370 829
1663380 825
1663390 821
1663400 818
1663410 814
1663420 810
1663430 807
1663440 803
1663450 800
1663460 796
1663470 793
1663480 790
1663490 787
1663500 785
1663510 783
1663520 784
1663530 785
1663540 787
1663550 789
1663560 791
1663570 793
1663580 795
1663590 796
1663600 797
1663610 798
1663620 799
1663630 800
1663640 800
1663650 800
1663660 798
1663670 798
1663680 798
1663690 799
1663700 800
1663710 801
1663720 802
1663730 803
1663740 804
1663750 804
1663760 803
1663770 802
1663780 799
1663790 797
1663800 795
1663810 794
1663820 794
1663830 793
1663840 793
1663850 792
1663860 793
1663870 793
1663880 795
1663890 797
1663900 798
1663910 798
1663920 798
1663930 798
1663940 798
1663950 799
1663960 799
1663970 800
1663980 800
1663990 800
1664000 800
1664010 799
1664020 798
1664030 797
1664040 795
1664050 793
1664060 792
1664070 790
1664080 788
1664090 787
1664100 786
1664110 785
1664120 785
1664130 785
1664140 785
1664150 786
1664160 787
1664170 788
1664180 789
1664190 791
1664200 792
1664210 794
1664220 795
1664230 797
1664240 798
1664250 799
1664260 801
1664270 802
1664280 803
1664290 805
1664300 806
1664310 808
1664320 809
1664330 810
1664340 812
1664350 813
1664360 814
1664370 816
1664380 817
1664390 818
1664400 820
1664410 821
1664420 823
1664430 824
1664440 826
1664450 827
1664460 828
1664470 830
1664480 831
1664490 832
1664500 833
1664510 835
1664520 836
1664530 837
1664540 839
1664550 841
1664560 843
1664570 845
1664580 847
1664590 849
1664600 851
1664610 853
1664620 854
1664630 856
1664640 857
1664650 859
1664660 861
1664670 863
1664680 865
1664690 868
1664700 870
1664710 872
1664720 873
1664730 875
1664740 878
1664750 880
1664760 881
1664770 884
1664780 886
1664790 889
1664800 891
1664810 894
1664820 896
1664830 898
1664840 900
1664850 901
1664860 903
1664870 905
1664880 907
1664890 909
1664900 911
1664910 912
1664920 914
1664930 916
1664940 918
1664950 920
1664960 921
1664970 923
1664980 925
1664990 926
1665000 928
1665010 930
1665020 932
1665030 934
1665040 935
1665050 936
1665060 938
1665070 940
1665080 942
1665090 944
1665100 945
1665110 945
1665120 946
1665130 947
1665140 948
1665150 949
1665160 949
1665170 949
1665180 949
1665190 950
1665200 950
1665210 949
1665220 947
1665230 946
1665240 945
1665250 944
1665260 942
1665270 940
1665280 937
1665290 936
1665300 935
1665310 935
1665320 936
1665330 938
1665340 939
1665350 940
1665360 941
1665370 941
1665380 941
1665390 941
1665400 941
1665410 940
1665420 939
1665430 937
1665440 936
1665450 934
1665460 933
1665470 932
1665480 930
1665490 929
1665500 928
1665510 928
1665520 928
1665530 928
1665540 928
1665550 928
1665560 928
1665570 928
1665580 928
1665590 928
1665600 928
1665610 929
1665620 931
1665630 932
1665640 934
1665650 937
1665660 939
1665670 941
1665680 943
1665690 945
1665700 947
1665710 950
1665720 952
1665730 955
1665740 957
1665750 959
1665760 960
1665770 963
1665780 965
1665790 968
1665800 970
1665810 969
1665820 967
1665830 963
1665840 959
1665850 956
1665860 952
1665870 949
1665880 946
1665890 944
1665900 941
1665910 939
1665920 936
1665930 934
1665940 931
1665950 929
1665960 927
1665970 925
1665980 923
1665990 920
1666000 918
1666010 916
1666020 914
1666030 912
1666040 909
1666050 907
1666060 905
1666070 903
1666080 901
1666090 899
1666100 896
1666110 894
1666120 891
1666130 888
1666140 885
1666150 881
1666160 877
1666170 874
1666180 871
1666190 869
1666200 868
1666210 866
1666220 865
1666230 863
1666240 861
1666250 859
1666260 856
1666270 854
1666280 852
1666290 850
1666300 848
1666310 847
1666320 845
1666330 844
1666340 842
1666350 840
1666360 839
1666370 837
1666380 836
1666390 834
1666400 833
1666410 831
1666420 829
1666430 829
1666440 828
1666450 827
1666460 825
1666470 824
1666480 822
1666490 820
1666500 818
1666510 816
1666520 814
1666530 813
1666540 811
1666550 809
1666560 806
1666570 804
1666580 802
1666590 800
1666600 797
1666610 794
1666620 794
1666630 794
1666640 794
1666650 793
1666660 792
1666670 791
1666680 791
1666690 791
1666700 791
1666710 791
1666720 790
1666730 789
1666740 789
1666750 788
1666760 787
1666770 786
1666780 785
1666790 785
1666800 784
1666810 784
1666820 783
1666830 782
1666840 780
1666850 776
1666860 772
1666870 769
1666880 765
1666890 761
1666900 761
1666910 762
1666920 764
1666930 764
1666940 762
1666950 759
1666960 757
1666970 757
1666980 761
1666990 762
1667000 764
1667010 765
1667020 766
1667030 767
1667040 768
1667050 769
1667060 769
1667070 770
1667080 770
1667090 770
1667100 770
1667110 769
1667120 769
1667130 768
1667140 767
1667150 766
1667160 765
1667170 764
1667180 763
1667190 761
1667200 759
1667210 758
1667220 757
1667230 755
1667240 754
1667250 752
1667260 749
1667270 746
1667280 745
1667290 746
1667300 746
1667310 746
1667320 746
1667330 746
1667340 746
1667350 746
1667360 746
1667370 745
1667380 742
1667390 739
1667400 736
1667410 734
1667420 733
1667430 732
1667440 732
1667450 731
1667460 731
1667470 730
1667480 730
1667490 729
1667500 729
1667510 729
1667520 728
1667530 725
1667540 722
1667550 719
1667560 717
1667570 719
1667580 720
1667590 721
1667600 720
1667610 719
1667620 718
1667630 719
1667640 720
1667650 719
1667660 718
1667670 717
1667680 715
1667690 715
1667700 715
1667710 714
1667720 713
1667730 711
1667740 709
1667750 706
1667760 704
1667770 701
1667780 699
1667790 697
1667800 694
1667810 693
1667820 693
1667830 693
1667840 693
1667850 695
1667860 697
1667870 702
1667880 705
1667890 707
1667900 706
1667910 706
1667920 706
1667930 707
1667940 709
1667950 710
1667960 712
1667970 713
1667980 714
1667990 715
1668000 717
1668010 719
1668020 721
1668030 722
1668040 723
1668050 724
1668060 725
1668070 725
1668080 726
1668090 726
1668100 727
1668110 727
1668120 728
1668130 728
1668140 728
1668150 727
1668160 725
1668170 721
1668180 718
1668190 716
1668200 715
1668210 713
1668220 710
1668230 708
1668240 705
1668250 703
1668260 703
1668270 709
1668280 714
1668290 719
1668300 723
1668310 726
1668320 729
1668330 731
1668340 733
1668350 734
1668360 735
1668370 736
1668380 736
1668390 737
1668400 737
1668410 738
1668420 738
1668430 738
1668440 739
1668450 739
1668460 739
1668470 739
1668480 739
1668490 739
1668500 739
1668510 739
1668520 739
1668530 739
1668540 738
1668550 738
1668560 737
1668570 737
1668580 736
1668590 736
1668600 735
1668610 735
1668620 734
1668630 733
1668640 732
1668650 730
1668660 728
1668670 726
1668680 724
1668690 723
1668700 722
1668710 720
1668720 719
1668730 716
1668740 714
1668750 711
1668760 710
1668770 710
1668780 712
1668790 713
1668800 714
1668810 715
1668820 716
1668830 717
1668840 719
1668850 720
1668860 722
1668870 723
1668880 724
1668890 725
1668900 725
1668910 726
1668920 727
1668930 728
1668940 729
1668950 729
1668960 730
1668970 730
1668980 729
1668990 729
1669000 727
1669010 724
1669020 722
1669030 724
1669040 725
1669050 727
1669060 728
1669070 729
1669080 730
1669090 731
1669100 733
1669110 734
1669120 734
1669130 735
1669140 736
1669150 737
1669160 738
1669170 738
1669180 739
1669190 740
1669200 741
1669210 742
1669220 742
1669230 743
1669240 743
1669250 743
1669260 744
1669270 744
1669280 744
1669290 743
1669300 743
1669310 743
1669320 743
1669330 742
1669340 742
1669350 741
1669360 741
1669370 740
1669380 739
1669390 739
1669400 738
1669410 737
1669420 735
1669430 734
1669440 732
1669450 730
1669460 728
1669470 726
1669480 723
1669490 724
1669500 725
1669510 726
1669520 728
1669530 729
1669540 730
1669550 732
1669560 733
1669570 734
1669580 736
1669590 738
1669600 740
1669610 741
1669620 742
1669630 744
1669640 744
1669650 745
1669660 746
1669670 748
1669680 749
1669690 750
1669700 752
1669710 754
1669720 755
1669730 756
1669740 758
1669750 759
1669760 761
1669770 762
1669780 763
1669790 764
1669800 766
1669810 767
1669820 768
1669830 769
1669840 770
1669850 771
1669860 772
1669870 773
1669880 774
1669890 776
1669900 777
1669910 779
1669920 781
1669930 783
1669940 784
1669950 785
1669960 786
1669970 786
1669980 786
1669990 786
1670000 786
1670010 786
1670020 786
1670030 786
1670040 786
1670050 785
1670060 785
1670070 785
1670080 784
1670090 784
1670100 783
1670110 782
1670120 781
1670130 780
1670140 778
1670150 776
1670160 774
1670170 773
1670180 771
1670190 770
1670200 768
1670210 767
1670220 766
1670230 765
1670240 764
1670250 763
1670260 761
1670270 760
1670280 757
1670290 755
1670300 753
1670310 753
1670320 752
1670330 751
1670340 750
1670350 749
1670360 748
1670370 748
1670380 747
1670390 746
1670400 745
1670410 744
1670420 743
1670430 742
1670440 740
1670450 739
1670460 737
1670470 736
1670480 735
1670490 734
1670500 734
1670510 734
1670520 734
1670530 734
1670540 734
1670550 733
1670560 732
1670570 731
1670580 730
1670590 728
1670600 728
1670610 727
1670620 728
1670630 728
1670640 728
1670650 728
1670660 727
1670670 727
1670680 726
1670690 726
1670700 726
1670710 726
1670720 726
1670730 726
1670740 726
1670750 727
1670760 727
1670770 727
1670780 727
1670790 727
1670800 727
1670810 727
1670820 727
1670830 726
1670840 725
1670850 725
1670860 724
1670870 723
1670880 723
1670890 722
1670900 721
1670910 721
1670920 720
1670930 720
1670940 719
1670950 719
1670960 719
1670970 718
1670980 717
1670990 717
1671000 716
1671010 715
1671020 713
1671030 712
1671040 711
1671050 710
1671060 708
1671070 706
1671080 705
1671090 703
1671100 702
1671110 700
1671120 699
1671130 697
1671140 696
1671150 695
1671160 694
1671170 693
1671180 692
1671190 691
1671200 689
1671210 688
1671220 686
1671230 685
1671240 685
1671250 684
1671260 683
1671270 682
1671280 681
1671290 680
1671300 680
1671310 679
1671320 678
1671330 678
1671340 677
1671350 676
1671360 676
1671370 675
1671380 674
1671390 673
1671400 673
1671410 672
1671420 672
1671430 672
1671440 671
1671450 670
1671460 669
1671470 668
1671480 667
1671490 665
1671500 664
1671510 663
1671520 661
1671530 659
1671540 658
1671550 655
1671560 652
1671570 648
1671580 643
1671590 639
1671600 635
1671610 631
1671620 628
1671630 624
1671640 619
1671650 615
1671660 611
1671670 607
1671680 602
1671690 598
1671700 595
1671710 591
1671720 589
1671730 587
1671740 584
1671750 582
1671760 581
1671770 582
1671780 582
1671790 582
1671800 582
1671810 581
1671820 581
1671830 580
1671840 580
1671850 579
1671860 579
1671870 579
1671880 579
1671890 580
1671900 580
1671910 581
1671920 582
1671930 582
1671940 583
1671950 585
1671960 587
1671970 588
1671980 588
1671990 588
1672000 589
1672010 590
1672020 593
1672030 595
1672040 596
1672050 597
1672060 598
1672070 599
1672080 601
1672090 602
1672100 604
1672110 605
1672120 607
1672130 608
1672140 610
1672150 612
1672160 614
1672170 616
1672180 619
1672190 621
1672200 623
1672210 626
1672220 628
1672230 630
1672240 632
1672250 635
1672260 637
1672270 639
1672280 641
1672290 643
1672300 646
1672310 648
1672320 650
1672330 652
1672340 654
1672350 656
1672360 658
1672370 659
1672380 662
1672390 664
1672400 666
1672410 668
1672420 671
1672430 673
1672440 675
1672450 678
1672460 680
1672470 682
1672480 684
1672490 686
1672500 689
1672510 691
1672520 694
1672530 698
1672540 701
1672550 704
1672560 707
1672570 711
1672580 714
1672590 717
1672600 720
1672610 723
1672620 726
1672630 729
1672640 732
1672650 735
1672660 737
1672670 739
1672680 741
1672690 743
1672700 744
1672710 745
1672720 746
1672730 748
1672740 750
1672750 754
1672760 758
1672770 763
1672780 767
1672790 771
1672800 775
1672810 779
1672820 782
1672830 786
1672840 790
1672850 793
1672860 796
1672870 800
1672880 804
1672890 808
1672900 812
1672910 816
1672920 820
1672930 824
1672940 827
1672950 830
1672960 832
1672970 834
1672980 835
1672990 835
1673000 836
1673010 836
1673020 837
1673030 838
1673040 840
1673050 843
1673060 846
1673070 850
1673080 853
1673090 857
1673100 860
1673110 863
1673120 866
1673130 869
1673140 871
1673150 874
1673160 876
1673170 878
1673180 879
1673190 881
1673200 883
1673210 884
1673220 886
1673230 887
1673240 889
1673250 891
1673260 892
1673270 894
1673280 895
1673290 897
1673300 898
1673310 899
1673320 901
1673330 903
1673340 904
1673350 906
1673360 907
1673370 909
1673380 910
1673390 910
1673400 909
1673410 908
1673420 906
1673430 902
1673440 898
1673450 892
1673460 887
1673470 883
1673480 879
1673490 875
1673500 870
1673510 866
1673520 862
1673530 859
1673540 855
1673550 852
1673560 848
1673570 845
1673580 843
1673590 840
1673600 838
1673610 836
1673620 834
1673630 833
1673640 831
1673650 829
1673660 826
1673670 823
1673680 820
1673690 817
1673700 814
1673710 811
1673720 807
1673730 804
1673740 800
1673750 796
1673760 792
1673770 788
1673780 784
1673790 780
1673800 777
1673810 775
1673820 774
1673830 772
1673840 771
1673850 769
1673860 768
1673870 768
1673880 765
1673890 761
1673900 757
1673910 753
1673920 750
1673930 746
1673940 742
1673950 737
1673960 733
1673970 729
1673980 725
1673990 722
1674000 719
1674010 716
1674020 712
1674030 709
1674040 706
1674050 702
1674060 698
1674070 694
1674080 690
1674090 685
1674100 681
1674110 678
1674120 676
1674130 673
1674140 671
1674150 669
1674160 666
1674170 663
1674180 660
1674190 657
1674200 655
1674210 652
1674220 651
1674230 649
1674240 647
1674250 646
1674260 645
1674270 645
1674280 645
1674290 645
1674300 645
1674310 645
1674320 645
1674330 646
1674340 645
1674350 645
1674360 645
1674370 645
1674380 645
1674390 644
1674400 644
1674410 643
1674420 642
1674430 642
1674440 642
1674450 643
1674460 642
1674470 641
1674480 641
1674490 641
1674500 641
1674510 641
1674520 641
1674530 640
1674540 640
1674550 639
1674560 638
1674570 637
1674580 636
1674590 635
1674600 635
1674610 634
1674620 633
1674630 631
1674640 631
1674650 630
1674660 629
1674670 629
1674680 628
1674690 627
1674700 626
1674710 625
1674720 624
1674730 623
1674740 621
1674750 621
1674760 621
1674770 622
1674780 623
1674790 623
1674800 623
1674810 624
1674820 625
1674830 624
1674840 624
1674850 623
1674860 624
1674870 624
1674880 625
1674890 625
1674900 626
1674910 626
1674920 627
1674930 629
1674940 631
1674950 632
1674960 634
1674970 635
1674980 636
1674990 637
1675000 637
1675010 637
1675020 637
1675030 638
1675040 638
1675050 639
1675060 638
1675070 637
1675080 637
1675090 636
1675100 635
1675110 635
1675120 634
1675130 634
1675140 634
1675150 633
1675160 633
1675170 633
1675180 633
1675190 632
1675200 632
1675210 633
1675220 634
1675230 635
1675240 636
1675250 636
1675260 637
1675270 637
1675280 639
1675290 640
1675300 641
1675310 642
1675320 643
1675330 643
1675340 644
1675350 645
1675360 645
1675370 646
1675380 647
1675390 648
1675400 649
1675410 650
1675420 651
1675430 651
1675440 652
1675450 652
1675460 653
1675470 653
1675480 654
1675490 654
1675500 655
1675510 655
1675520 656
1675530 656
1675540 656
1675550 657
1675560 659
1675570 660
1675580 661
1675590 661
1675600 663
1675610 664
1675620 665
1675630 666
1675640 667
1675650 668
1675660 670
1675670 671
1675680 672
1675690 672
1675700 673
1675710 673
1675720 673
1675730 672
1675740 671
1675750 670
1675760 671
1675770 672
1675780 673
1675790 673
1675800 673
1675810 672
1675820 671
1675830 670
1675840 669
1675850 668
1675860 669
1675870 670
1675880 672
1675890 674
1675900 675
1675910 676
1675920 677
1675930 677
1675940 676
1675950 675
1675960 673
1675970 671
1675980 670
1675990 670
1676000 670
1676010 671
1676020 672
1676030 672
1676040 672
1676050 671
1676060 670
1676070 669
1676080 669
1676090 669
1676100 669
1676110 669
1676120 669
1676130 668
1676140 667
1676150 666
1676160 666
1676170 667
1676180 667
1676190 668
1676200 668
1676210 667
1676220 666
1676230 666
1676240 665
1676250 665
1676260 664
1676270 664
1676280 663
1676290 662
1676300 661
1676310 660
1676320 660
1676330 659
1676340 659
1676350 658
1676360 658
1676370 658
1676380 658
1676390 658
1676400 658
1676410 656
1676420 656
1676430 657
1676440 658
1676450 659
1676460 659
1676470 658
1676480 658
1676490 658
1676500 659
1676510 659
1676520 659
1676530 659
1676540 658
1676550 657
1676560 657
1676570 657
1676580 658
1676590 659
1676600 659
1676610 659
1676620 658
1676630 657
1676640 656
1676650 655
1676660 654
1676670 653
1676680 653
1676690 654
1676700 654
1676710 655
1676720 655
1676730 656
1676740 657
1676750 658
1676760 659
1676770 658
1676780 657
1676790 655
1676800 654
1676810 653
1676820 652
1676830 651
1676840 652
1676850 652
1676860 652
1676870 652
1676880 653
1676890 653
1676900 655
1676910 658
1676920 661
1676930 663
1676940 665
1676950 665
1676960 665
1676970 664
1676980 663
1676990 663
1677000 662
1677010 662
1677020 662
1677030 663
1677040 663
1677050 663
1677060 664
1677070 665
1677080 666
1677090 666
1677100 666
1677110 666
1677120 666
1677130 666
1677140 666
1677150 665
1677160 665
1677170 664
1677180 664
1677190 662
1677200 661
1677210 660
1677220 659
1677230 659
1677240 659
1677250 659
1677260 658
1677270 657
1677280 655
1677290 654
1677300 653
1677310 653
1677320 654
1677330 655
1677340 656
1677350 657
1677360 658
1677370 659
1677380 660
1677390 660
1677400 659
1677410 657
1677420 654
1677430 651
1677440 648
1677450 646
1677460 643
1677470 641
1677480 639
1677490 636
1677500 635
1677510 634
1677520 634
1677530 633
1677540 631
1677550 628
1677560 625
1677570 621
1677580 618
1677590 616
1677600 615
1677610 615
1677620 615
1677630 615
1677640 615
1677650 615
1677660 615
1677670 614
1677680 614
1677690 614
1677700 614
1677710 614
1677720 614
1677730 614
1677740 614
1677750 614
1677760 614
1677770 614
1677780 614
1677790 614
1677800 614
1677810 614
1677820 614
1677830 614
1677840 614
1677850 614
1677860 614
1677870 614
1677880 614
1677890 614
1677900 614
1677910 614
1677920 614
1677930 615
1677940 615
1677950 615
1677960 615
1677970 616
1677980 616
1677990 617
1678000 618
1678010 619
1678020 620
1678030 621
1678040 621
1678050 622
1678060 623
1678070 623
1678080 624
1678090 625
1678100 626
1678110 626
1678120 627
1678130 628
1678140 628
1678150 629
1678160 630
1678170 631
1678180 632
1678190 633
1678200 634
1678210 635
1678220 636
1678230 637
1678240 638
1678250 639
1678260 640
1678270 642
1678280 644
1678290 646
1678300 647
1678310 649
1678320 650
1678330 652
1678340 654
1678350 657
1678360 660
1678370 663
1678380 668
1678390 672
1678400 678
1678410 684
1678420 690
1678430 696
1678440 700
1678450 704
1678460 709
1678470 713
1678480 716
1678490 719
1678500 722
1678510 725
1678520 728
1678530 731
1678540 734
1678550 737
1678560 739
1678570 742
1678580 745
1678590 747
1678600 750
1678610 751
1678620 752
1678630 751
1678640 750
1678650 749
1678660 748
1678670 746
1678680 745
1678690 745
1678700 744
1678710 745
1678720 745
1678730 746
1678740 747
1678750 748
1678760 749
1678770 749
1678780 750
1678790 750
1678800 751
1678810 751
1678820 752
1678830 752
1678840 753
1678850 754
1678860 755
1678870 756
1678880 757
1678890 757
1678900 758
1678910 759
1678920 760
1678930 761
1678940 762
1678950 763
1678960 764
1678970 764
1678980 765
1678990 766
1679000 766
1679010 767
1679020 767
1679030 768
1679040 769
1679050 770
1679060 770
1679070 771
1679080 772
1679090 773
1679100 774
1679110 775
1679120 777
1679130 778
1679140 779
1679150 780
1679160 781
1679170 782
1679180 783
1679190 784
1679200 786
1679210 787
1679220 789
1679230 790
1679240 790
1679250 790
1679260 791
1679270 792
1679280 793
1679290 794
1679300 795
1679310 796
1679320 797
1679330 799
1679340 800
1679350 800
1679360 800
1679370 800
1679380 800
1679390 800
1679400 800
1679410 800
1679420 800
1679430 799
1679440 799
1679450 799
1679460 799
1679470 799
1679480 799
1679490 800
1679500 800
1679510 800
1679520 801
1679530 802
1679540 803
1679550 804
1679560 805
1679570 806
1679580 807
1679590 808
1679600 809
1679610 810
1679620 811
1679630 813
1679640 814
1679650 816
1679660 817
1679670 819
1679680 821
1679690 823
1679700 825
1679710 827
1679720 829
1679730 832
1679740 834
1679750 836
1679760 837
1679770 839
1679780 841
1679790 842
1679800 844
1679810 846
1679820 848
1679830 850
1679840 852
1679850 854
1679860 855
1679870 857
1679880 860
1679890 862
1679900 864
1679910 866
1679920 869
1679930 871
1679940 873
1679950 874
1679960 876
1679970 878
1679980 879
1679990 881
