1660000 1007
1660010 1007
1660020 1006
1660030 1006
1660040 1006
1660050 1005
1660060 1005
1660070 1005
1660080 1005
1660090 1005
1660100 1005
1660110 1005
1660120 1006
1660130 1006
1660140 1005
1660150 1005
1660160 1005
1660170 1006
1660180 1007
1660190 1009
1660200 1010
1660210 1011
1660220 1012
1660230 1013
1660240 1015
1660250 1016
1660260 1018
1660270 1019
1660280 1021
1660290 1023
1660300 1024
1660310 1025
1660320 1026
1660330 1027
1660340 1028
1660350 1028
1660360 1028
1660370 1028
1660380 1027
1660390 1027
1660400 1026
1660410 1025
1660420 1023
1660430 1022
1660440 1020
1660450 1019
1660460 1017
1660470 1015
1660480 1012
1660490 1010
1660500 1008
1660510 1006
1660520 1004
1660530 1002
1660540 999
1660550 996
1660560 992
1660570 989
1660580 986
1660590 984
1660600 980
1660610 977
1660620 975
1660630 974
1660640 974
1660650 975
1660660 975
1660670 975
1660680 976
1660690 976
1660700 976
1660710 976
1660720 977
1660730 976
1660740 977
1660750 978
1660760 980
1660770 981
1660780 982
1660790 984
1660800 985
1660810 986
1660820 987
1660830 988
1660840 989
1660850 989
1660860 990
1660870 990
1660880 989
1660890 988
1660900 987
1660910 985
1660920 982
1660930 980
1660940 977
1660950 974
1660960 971
1660970 968
1660980 965
1660990 962
1661000 960
1661010 957
1661020 955
1661030 953
1661040 950
1661050 948
1661060 945
1661070 942
1661080 939
1661090 936
1661100 936
1661110 936
1661120 935
1661130 933
1661140 930
1661150 928
1661160 925
1661170 923
1661180 921
1661190 919
1661200 917
1661210 915
1661220 912
1661230 908
1661240 905
1661250 902
1661260 898
1661270 894
1661280 890
1661290 885
1661300 882
1661310 878
1661320 875
1661330 872
1661340 868
1661350 865
1661360 862
1661370 859
1661380 856
1661390 852
1661400 849
1661410 845
1661420 840
1661430 837
1661440 834
1661450 831
1661460 828
1661470 825
1661480 821
1661490 817
1661500 813
1661510 808
1661520 804
1661530 800
1661540 796
1661550 792
1661560 788
1661570 784
1661580 780
1661590 776
1661600 772
1661610 768
1661620 764
1661630 760
1661640 756
1661650 753
1661660 749
1661670 747
1661680 746
1661690 744
1661700 742
1661710 742
1661720 742
1661730 744
1661740 748
1661750 752
1661760 755
1661770 758
1661780 762
1661790 765
1661800 768
1661810 771
1661820 775
1661830 777
1661840 780
1661850 783
1661860 786
1661870 788
1661880 791
1661890 793
1661900 795
1661910 797
1661920 799
1661930 800
1661940 802
1661950 805
1661960 807
1661970 810
1661980 814
1661990 817
1662000 821
1662010 825
1662020 829
1662030 834
1662040 838
1662050 842
1662060 847
1662070 850
1662080 854
1662090 857
1662100 861
1662110 864
1662120 867
1662130 869
1662140 871
1662150 873
1662160 873
1662170 873
1662180 872
1662190 871
1662200 870
1662210 870
1662220 872
1662230 875
1662240 879
1662250 884
1662260 889
1662270 893
1662280 898
1662290 902
1662300 907
1662310 911
1662320 916
1662330 920
1662340 924
1662350 928
1662360 932
1662370 936
1662380 940
1662390 944
1662400 947
1662410 951
1662420 954
1662430 957
1662440 959
1662450 961
1662460 963
1662470 965
1662480 967
1662490 969
1662500 970
1662510 971
1662520 971
1662530 972
1662540 972
1662550 971
1662560 971
1662570 970
1662580 969
1662590 967
1662600 966
1662610 965
1662620 964
1662630 963
1662640 961
1662650 960
1662660 959
1662670 958
1662680 957
1662690 956
1662700 955
1662710 954
1662720 952
1662730 951
1662740 950
1662750 949
1662760 947
1662770 945
1662780 943
1662790 941
1662800 938
1662810 934
1662820 930
1662830 925
1662840 920
1662850 916
1662860 911
1662870 906
1662880 902
1662890 897
1662900 893
1662910 889
1662920 886
1662930 884
1662940 883
1662950 881
1662960 880
1662970 878
1662980 876
1662990 874
1663000 872
1663010 870
1663020 867
1663030 863
1663040 858
1663050 853
1663060 849
1663070 850
1663080 850
1663090 851
1663100 852
1663110 852
1663120 852
1663130 852
1663140 852
1663150 851
1663160 849
1663170 846
1663180 842
1663190 837
1663200 833
1663210 831
1663220 832
1663230 833
1663240 834
1663250 835
1663260 836
1663270 836
1663280 837
1663290 837
1663300 836
1663310 835
1663320 832
1663330 828
1663340 823
1663350 818
1663360 814
1663370 812
1663380 814
1663390 816
1663400 817
1663410 818
1663420 819
1663430 819
1663440 819
1663450 817
1663460 815
1663470 811
1663480 808
1663490 807
1663500 809
1663510 810
1663520 812
1663530 814
1663540 816
1663550 818
1663560 819
1663570 820
1663580 821
1663590 822
1663600 822
1663610 823
1663620 823
1663630 822
1663640 822
1663650 821
1663660 821
1663670 819
1663680 818
1663690 817
1663700 816
1663710 816
1663720 815
1663730 814
1663740 814
1663750 813
1663760 813
1663770 812
1663780 811
1663790 810
1663800 808
1663810 805
1663820 802
1663830 799
1663840 796
1663850 793
1663860 790
1663870 788
1663880 785
1663890 782
1663900 780
1663910 778
1663920 776
1663930 773
1663940 770
1663950 767
1663960 764
1663970 761
1663980 758
1663990 755
1664000 752
1664010 749
1664020 746
1664030 743
1664040 741
1664050 739
1664060 738
1664070 739
1664080 740
1664090 742
1664100 744
1664110 745
1664120 747
1664130 748
1664140 749
1664150 751
1664160 753
1664170 755
1664180 757
1664190 758
1664200 760
1664210 761
1664220 762
1664230 763
1664240 763
1664250 763
1664260 763
1664270 764
1664280 764
1664290 764
1664300 763
1664310 763
1664320 763
1664330 764
1664340 764
1664350 765
1664360 766
1664370 766
1664380 767
1664390 767
1664400 766
1664410 765
1664420 763
1664430 762
1664440 760
1664450 759
1664460 757
1664470 756
1664480 755
1664490 753
1664500 752
1664510 751
1664520 750
1664530 748
1664540 747
1664550 746
1664560 745
1664570 744
1664580 743
1664590 743
1664600 742
1664610 741
1664620 741
1664630 740
1664640 740
1664650 739
1664660 739
1664670 738
1664680 738
1664690 737
1664700 736
1664710 735
1664720 735
1664730 734
1664740 733
1664750 731
1664760 730
1664770 728
1664780 724
1664790 722
1664800 720
1664810 719
1664820 718
1664830 717
1664840 716
1664850 715
1664860 714
1664870 713
1664880 712
1664890 711
1664900 710
1664910 709
1664920 709
1664930 708
1664940 707
1664950 707
1664960 706
1664970 706
1664980 706
1664990 706
1665000 706
1665010 706
1665020 706
1665030 705
1665040 705
1665050 705
1665060 704
1665070 704
1665080 703
1665090 703
1665100 702
1665110 701
1665120 700
1665130 699
1665140 699
1665150 698
1665160 697
1665170 696
1665180 695
1665190 695
1665200 695
1665210 695
1665220 696
1665230 697
1665240 698
1665250 699
1665260 700
1665270 701
1665280 702
1665290 702
1665300 702
1665310 702
1665320 703
1665330 703
1665340 703
1665350 703
1665360 703
1665370 703
1665380 703
1665390 702
1665400 702
1665410 701
1665420 700
1665430 700
1665440 699
1665450 699
1665460 699
1665470 699
1665480 699
1665490 700
1665500 701
1665510 702
1665520 702
1665530 703
1665540 702
1665550 702
1665560 701
1665570 698
1665580 695
1665590 691
1665600 687
1665610 685
1665620 684
1665630 683
1665640 683
1665650 683
1665660 682
1665670 682
1665680 681
1665690 681
1665700 680
1665710 680
1665720 680
1665730 680
1665740 679
1665750 678
1665760 678
1665770 677
1665780 676
1665790 675
1665800 675
1665810 675
1665820 675
1665830 676
1665840 676
1665850 678
1665860 681
1665870 685
1665880 688
1665890 690
1665900 691
1665910 694
1665920 696
1665930 698
1665940 697
1665950 695
1665960 692
1665970 690
1665980 688
1665990 687
1666000 687
1666010 686
1666020 686
1666030 685
1666040 684
1666050 682
1666060 681
1666070 683
1666080 686
1666090 690
1666100 694
1666110 699
1666120 703
1666130 706
1666140 710
1666150 713
1666160 716
1666170 719
1666180 722
1666190 724
1666200 726
1666210 728
1666220 729
1666230 731
1666240 732
1666250 733
1666260 735
1666270 736
1666280 738
1666290 739
1666300 741
1666310 742
1666320 744
1666330 745
1666340 746
1666350 746
1666360 747
1666370 748
1666380 748
1666390 748
1666400 749
1666410 749
1666420 749
1666430 749
1666440 749
1666450 749
1666460 747
1666470 745
1666480 742
1666490 739
1666500 736
1666510 733
1666520 730
1666530 727
1666540 724
1666550 721
1666560 717
1666570 714
1666580 710
1666590 706
1666600 702
1666610 699
1666620 697
1666630 695
1666640 694
1666650 692
1666660 692
1666670 690
1666680 689
1666690 687
1666700 686
1666710 686
1666720 686
1666730 688
1666740 691
1666750 695
1666760 698
1666770 702
1666780 705
1666790 709
1666800 713
1666810 716
1666820 720
1666830 723
1666840 727
1666850 730
1666860 733
1666870 737
1666880 740
1666890 743
1666900 746
1666910 749
1666920 751
1666930 753
1666940 756
1666950 759
1666960 761
1666970 764
1666980 766
1666990 768
1667000 770
1667010 771
1667020 772
1667030 774
1667040 775
1667050 775
1667060 775
1667070 775
1667080 775
1667090 774
1667100 773
1667110 772
1667120 771
1667130 770
1667140 769
1667150 768
1667160 768
1667170 768
1667180 767
1667190 767
1667200 766
1667210 765
1667220 764
1667230 763
1667240 762
1667250 764
1667260 766
1667270 768
1667280 770
1667290 772
1667300 773
1667310 774
1667320 773
1667330 773
1667340 771
1667350 770
1667360 768
1667370 767
1667380 767
1667390 766
1667400 766
1667410 766
1667420 766
1667430 768
1667440 769
1667450 770
1667460 773
1667470 775
1667480 778
1667490 780
1667500 782
1667510 784
1667520 787
1667530 789
1667540 792
1667550 794
1667560 797
1667570 799
1667580 800
1667590 802
1667600 803
1667610 803
1667620 804
1667630 803
1667640 803
1667650 802
1667660 801
1667670 800
1667680 799
1667690 799
1667700 800
1667710 799
1667720 799
1667730 798
1667740 797
1667750 794
1667760 791
1667770 787
1667780 783
1667790 780
1667800 776
1667810 772
1667820 769
1667830 768
1667840 766
1667850 763
1667860 762
1667870 761
1667880 763
1667890 764
1667900 765
1667910 767
1667920 769
1667930 772
1667940 775
1667950 778
1667960 782
1667970 785
1667980 789
1667990 793
1668000 797
1668010 800
1668020 803
1668030 806
1668040 807
1668050 808
1668060 808
1668070 808
1668080 808
1668090 809
1668100 809
1668110 811
1668120 814
1668130 818
1668140 822
1668150 826
1668160 830
1668170 834
1668180 837
1668190 840
1668200 842
1668210 844
1668220 845
1668230 845
1668240 845
1668250 844
1668260 843
1668270 841
1668280 839
1668290 838
1668300 836
1668310 836
1668320 835
1668330 835
1668340 836
1668350 837
1668360 838
1668370 839
1668380 841
1668390 843
1668400 845
1668410 847
1668420 849
1668430 851
1668440 853
1668450 855
1668460 857
1668470 859
1668480 861
1668490 863
1668500 865
1668510 868
1668520 870
1668530 871
1668540 873
1668550 875
1668560 877
1668570 878
1668580 879
1668590 880
1668600 881
1668610 882
1668620 883
1668630 885
1668640 887
1668650 889
1668660 890
1668670 892
1668680 893
1668690 895
1668700 896
1668710 898
1668720 900
1668730 902
1668740 903
1668750 904
1668760 905
1668770 906
1668780 906
1668790 906
1668800 906
1668810 907
1668820 907
1668830 907
1668840 908
1668850 909
1668860 909
1668870 909
1668880 910
1668890 910
1668900 911
1668910 912
1668920 912
1668930 913
1668940 914
1668950 914
1668960 915
1668970 916
1668980 916
1668990 917
1669000 917
1669010 917
1669020 915
1669030 912
1669040 907
1669050 904
1669060 900
1669070 897
1669080 894
1669090 891
1669100 888
1669110 885
1669120 883
1669130 881
1669140 879
1669150 877
1669160 875
1669170 873
1669180 870
1669190 867
1669200 863
1669210 859
1669220 856
1669230 850
1669240 844
1669250 838
1669260 832
1669270 827
1669280 821
1669290 816
1669300 810
1669310 805
1669320 800
1669330 795
1669340 791
1669350 786
1669360 781
1669370 776
1669380 771
1669390 767
1669400 763
1669410 761
1669420 760
1669430 760
1669440 759
1669450 759
1669460 758
1669470 757
1669480 755
1669490 754
1669500 752
1669510 750
1669520 747
1669530 743
1669540 737
1669550 732
1669560 729
1669570 728
1669580 729
1669590 730
1669600 730
1669610 729
1669620 728
1669630 727
1669640 725
1669650 723
1669660 720
1669670 717
1669680 714
1669690 711
1669700 707
1669710 704
1669720 699
1669730 695
1669740 692
1669750 689
1669760 686
1669770 683
1669780 679
1669790 676
1669800 675
1669810 676
1669820 678
1669830 680
1669840 682
1669850 682
1669860 683
1669870 682
1669880 681
1669890 680
1669900 678
1669910 676
1669920 674
1669930 671
1669940 668
1669950 666
1669960 665
1669970 664
1669980 663
1669990 661
1670000 661
1670010 661
1670020 662
1670030 662
1670040 662
1670050 661
1670060 659
1670070 658
1670080 656
1670090 654
1670100 651
1670110 650
1670120 650
1670130 651
1670140 651
1670150 650
1670160 650
1670170 649
1670180 649
1670190 648
1670200 645
1670210 643
1670220 641
1670230 639
1670240 637
1670250 636
1670260 635
1670270 633
1670280 631
1670290 629
1670300 627
1670310 626
1670320 625
1670330 625
1670340 624
1670350 624
1670360 624
1670370 624
1670380 624
1670390 623
1670400 622
1670410 622
1670420 622
1670430 623
1670440 624
1670450 625
1670460 626
1670470 627
1670480 629
1670490 631
1670500 633
1670510 635
1670520 636
1670530 637
1670540 639
1670550 642
1670560 645
1670570 648
1670580 651
1670590 652
1670600 652
1670610 653
1670620 654
1670630 657
1670640 658
1670650 660
1670660 661
1670670 662
1670680 663
1670690 664
1670700 664
1670710 665
1670720 665
1670730 666
1670740 666
1670750 666
1670760 667
1670770 667
1670780 668
1670790 668
1670800 668
1670810 668
1670820 667
1670830 667
1670840 665
1670850 664
1670860 663
1670870 661
1670880 659
1670890 656
1670900 653
1670910 650
1670920 646
1670930 642
1670940 639
1670950 636
1670960 634
1670970 634
1670980 635
1670990 636
1671000 638
1671010 641
1671020 642
1671030 644
1671040 646
1671050 650
1671060 653
1671070 655
1671080 658
1671090 660
1671100 662
1671110 665
1671120 668
1671130 671
1671140 674
1671150 675
1671160 676
1671170 676
1671180 676
1671190 677
1671200 677
1671210 676
1671220 676
1671230 675
1671240 673
1671250 671
1671260 668
1671270 665
1671280 663
1671290 661
1671300 661
1671310 660
1671320 660
1671330 660
1671340 660
1671350 660
1671360 659
1671370 657
1671380 654
1671390 652
1671400 650
1671410 648
1671420 646
1671430 644
1671440 642
1671450 639
1671460 636
1671470 633
1671480 631
1671490 629
1671500 628
1671510 629
1671520 628
1671530 628
1671540 626
1671550 622
1671560 618
1671570 613
1671580 609
1671590 606
1671600 603
1671610 601
1671620 600
1671630 598
1671640 599
1671650 599
1671660 599
1671670 600
1671680 600
1671690 600
1671700 600
1671710 600
1671720 601
1671730 601
1671740 602
1671750 602
1671760 603
1671770 604
1671780 605
1671790 605
1671800 606
1671810 606
1671820 607
1671830 608
1671840 609
1671850 610
1671860 611
1671870 613
1671880 615
1671890 617
1671900 619
1671910 621
1671920 623
1671930 626
1671940 629
1671950 632
1671960 635
1671970 638
1671980 641
1671990 644
1672000 647
1672010 650
1672020 653
1672030 655
1672040 658
1672050 660
1672060 662
1672070 664
1672080 666
1672090 667
1672100 669
1672110 672
1672120 675
1672130 678
1672140 681
1672150 685
1672160 688
1672170 692
1672180 695
1672190 698
1672200 701
1672210 704
1672220 707
1672230 709
1672240 712
1672250 714
1672260 715
1672270 716
1672280 716
1672290 717
1672300 719
1672310 722
1672320 726
1672330 729
1672340 731
1672350 733
1672360 735
1672370 737
1672380 739
1672390 742
1672400 743
1672410 744
1672420 745
1672430 745
1672440 744
1672450 743
1672460 744
1672470 746
1672480 749
1672490 752
1672500 755
1672510 758
1672520 761
1672530 763
1672540 766
1672550 770
1672560 773
1672570 777
1672580 781
1672590 784
1672600 788
1672610 790
1672620 791
1672630 791
1672640 792
1672650 792
1672660 793
1672670 792
1672680 791
1672690 790
1672700 788
1672710 787
1672720 786
1672730 784
1672740 782
1672750 780
1672760 777
1672770 774
1672780 770
1672790 766
1672800 763
1672810 761
1672820 758
1672830 755
1672840 752
1672850 749
1672860 747
1672870 745
1672880 743
1672890 741
1672900 740
1672910 738
1672920 736
1672930 735
1672940 733
1672950 731
1672960 729
1672970 727
1672980 725
1672990 723
1673000 721
1673010 719
1673020 717
1673030 714
1673040 711
1673050 709
1673060 706
1673070 703
1673080 700
1673090 697
1673100 693
1673110 690
1673120 687
1673130 684
1673140 682
1673150 679
1673160 677
1673170 675
1673180 673
1673190 670
1673200 667
1673210 663
1673220 663
1673230 661
1673240 660
1673250 659
1673260 657
1673270 656
1673280 654
1673290 652
1673300 650
1673310 647
1673320 645
1673330 644
1673340 645
1673350 646
1673360 647
1673370 649
1673380 652
1673390 655
1673400 658
1673410 659
1673420 659
1673430 658
1673440 658
1673450 657
1673460 657
1673470 658
1673480 659
1673490 661
1673500 663
1673510 666
1673520 668
1673530 670
1673540 671
1673550 672
1673560 674
1673570 676
1673580 677
1673590 678
1673600 679
1673610 679
1673620 679
1673630 680
1673640 682
1673650 684
1673660 686
1673670 687
1673680 690
1673690 692
1673700 694
1673710 693
1673720 690
1673730 686
1673740 683
1673750 679
1673760 675
1673770 670
1673780 665
1673790 661
1673800 656
1673810 651
1673820 646
1673830 642
1673840 638
1673850 634
1673860 636
1673870 638
1673880 638
1673890 638
1673900 640
1673910 643
1673920 645
1673930 648
1673940 649
1673950 649
1673960 648
1673970 648
1673980 647
1673990 648
1674000 649
1674010 649
1674020 649
1674030 648
1674040 648
1674050 647
1674060 646
1674070 646
1674080 645
1674090 644
1674100 643
1674110 641
1674120 640
1674130 638
1674140 634
1674150 631
1674160 629
1674170 628
1674180 627
1674190 628
1674200 631
1674210 634
1674220 636
1674230 636
1674240 636
1674250 636
1674260 635
1674270 634
1674280 634
1674290 633
1674300 632
1674310 631
1674320 629
1674330 627
1674340 627
1674350 626
1674360 627
1674370 627
1674380 628
1674390 630
1674400 632
1674410 634
1674420 635
1674430 636
1674440 637
1674450 637
1674460 637
1674470 634
1674480 629
1674490 622
1674500 617
1674510 613
1674520 609
1674530 608
1674540 607
1674550 606
1674560 607
1674570 607
1674580 607
1674590 608
1674600 610
1674610 611
1674620 613
1674630 615
1674640 616
1674650 618
1674660 621
1674670 623
1674680 626
1674690 629
1674700 632
1674710 635
1674720 638
1674730 642
1674740 646
1674750 649
1674760 652
1674770 656
1674780 659
1674790 663
1674800 666
1674810 669
1674820 672
1674830 675
1674840 678
1674850 681
1674860 683
1674870 686
1674880 688
1674890 690
1674900 691
1674910 692
1674920 692
1674930 690
1674940 687
1674950 684
1674960 680
1674970 677
1674980 676
1674990 675
1675000 674
1675010 672
1675020 671
1675030 669
1675040 668
1675050 668
1675060 668
1675070 668
1675080 667
1675090 666
1675100 664
1675110 663
1675120 662
1675130 661
1675140 661
1675150 660
1675160 659
1675170 659
1675180 658
1675190 658
1675200 658
1675210 657
1675220 656
1675230 656
1675240 655
1675250 654
1675260 651
1675270 646
1675280 641
1675290 638
1675300 637
1675310 638
1675320 641
1675330 643
1675340 644
1675350 641
1675360 635
1675370 628
1675380 616
1675390 610
1675400 607
1675410 604
1675420 602
1675430 602
1675440 602
1675450 603
1675460 604
1675470 606
1675480 606
1675490 606
1675500 607
1675510 607
1675520 607
1675530 607
1675540 609
1675550 611
1675560 613
1675570 618
1675580 622
1675590 628
1675600 633
1675610 637
1675620 642
1675630 645
1675640 649
1675650 653
1675660 656
1675670 658
1675680 660
1675690 663
1675700 665
1675710 666
1675720 667
1675730 669
1675740 672
1675750 676
1675760 679
1675770 683
1675780 686
1675790 688
1675800 690
1675810 691
1675820 691
1675830 690
1675840 688
1675850 685
1675860 681
1675870 677
1675880 674
1675890 670
1675900 672
1675910 676
1675920 680
1675930 684
1675940 688
1675950 692
1675960 694
1675970 696
1675980 697
1675990 695
1676000 692
1676010 689
1676020 686
1676030 684
1676040 682
1676050 683
1676060 682
1676070 680
1676080 681
1676090 685
1676100 689
1676110 694
1676120 698
1676130 703
1676140 707
1676150 711
1676160 715
1676170 718
1676180 721
1676190 724
1676200 726
1676210 728
1676220 729
1676230 729
1676240 729
1676250 729
1676260 729
1676270 730
1676280 730
1676290 731
1676300 731
1676310 733
1676320 736
1676330 740
1676340 744
1676350 749
1676360 753
1676370 758
1676380 762
1676390 766
1676400 769
1676410 773
1676420 776
1676430 780
1676440 784
1676450 787
1676460 790
1676470 793
1676480 795
1676490 798
1676500 801
1676510 803
1676520 806
1676530 809
1676540 811
1676550 814
1676560 817
1676570 820
1676580 822
1676590 825
1676600 828
1676610 832
1676620 835
1676630 839
1676640 842
1676650 846
1676660 849
1676670 852
1676680 855
1676690 858
1676700 861
1676710 865
1676720 869
1676730 873
1676740 878
1676750 883
1676760 885
1676770 887
1676780 885
1676790 883
1676800 880
1676810 875
1676820 871
1676830 866
1676840 861
1676850 858
1676860 856
1676870 853
1676880 851
1676890 848
1676900 847
1676910 846
1676920 845
1676930 844
1676940 844
1676950 844
1676960 844
1676970 843
1676980 843
1676990 843
1677000 843
1677010 842
1677020 842
1677030 842
1677040 842
1677050 843
1677060 843
1677070 843
1677080 843
1677090 843
1677100 842
1677110 842
1677120 842
1677130 841
1677140 841
1677150 840
1677160 839
1677170 838
1677180 837
1677190 836
1677200 835
1677210 834
1677220 833
1677230 831
1677240 830
1677250 828
1677260 827
1677270 825
1677280 823
1677290 821
1677300 819
1677310 816
1677320 814
1677330 811
1677340 809
1677350 807
1677360 805
1677370 803
1677380 801
1677390 799
1677400 797
1677410 794
1677420 792
1677430 790
1677440 787
1677450 785
1677460 783
1677470 781
1677480 778
1677490 776
1677500 774
1677510 772
1677520 771
1677530 770
1677540 769
1677550 768
1677560 768
1677570 767
1677580 767
1677590 767
1677600 766
1677610 766
1677620 766
1677630 766
1677640 766
1677650 767
1677660 768
1677670 768
1677680 770
1677690 771
1677700 772
1677710 773
1677720 775
1677730 775
1677740 776
1677750 777
1677760 779
1677770 780
1677780 781
1677790 783
1677800 785
1677810 789
1677820 791
1677830 792
1677840 792
1677850 793
1677860 793
1677870 794
1677880 796
1677890 798
1677900 800
1677910 802
1677920 804
1677930 806
1677940 809
1677950 812
1677960 815
1677970 818
1677980 821
1677990 824
1678000 827
1678010 829
1678020 831
1678030 833
1678040 835
1678050 836
1678060 837
1678070 838
1678080 837
1678090 836
1678100 834
1678110 832
1678120 830
1678130 829
1678140 829
1678150 829
1678160 829
1678170 830
1678180 832
1678190 833
1678200 834
1678210 832
1678220 830
1678230 828
1678240 825
1678250 822
1678260 820
1678270 817
1678280 812
1678290 807
1678300 803
1678310 799
1678320 796
1678330 794
1678340 792
1678350 790
1678360 788
1678370 786
1678380 784
1678390 782
1678400 781
1678410 779
1678420 778
1678430 778
1678440 777
1678450 776
1678460 774
1678470 772
1678480 769
1678490 765
1678500 763
1678510 760
1678520 757
1678530 754
1678540 750
1678550 747
1678560 745
1678570 742
1678580 738
1678590 735
1678600 733
1678610 732
1678620 731
1678630 730
1678640 729
1678650 728
1678660 727
1678670 727
1678680 728
1678690 728
1678700 728
1678710 729
1678720 729
1678730 728
1678740 728
1678750 727
1678760 726
1678770 725
1678780 723
1678790 721
1678800 719
1678810 716
1678820 713
1678830 710
1678840 706
1678850 702
1678860 698
1678870 694
1678880 691
1678890 687
1678900 685
1678910 683
1678920 682
1678930 681
1678940 679
1678950 676
1678960 674
1678970 672
1678980 670
1678990 669
1679000 668
1679010 666
1679020 664
1679030 663
1679040 661
1679050 659
1679060 658
1679070 658
1679080 657
1679090 656
1679100 655
1679110 653
1679120 652
1679130 651
1679140 650
1679150 650
1679160 649
1679170 649
1679180 648
1679190 648
1679200 648
1679210 647
1679220 647
1679230 647
1679240 646
1679250 646
1679260 646
1679270 646
1679280 646
1679290 646
1679300 646
1679310 646
1679320 646
1679330 646
1679340 645
1679350 645
1679360 644
1679370 643
1679380 642
1679390 640
1679400 638
1679410 635
1679420 632
1679430 631
1679440 631
1679450 631
1679460 633
1679470 635
1679480 637
1679490 637
1679500 638
1679510 638
1679520 639
1679530 640
1679540 640
1679550 641
1679560 642
1679570 643
1679580 646
1679590 649
1679600 652
1679610 655
1679620 657
1679630 659
1679640 661
1679650 662
1679660 663
1679670 665
1679680 666
1679690 668
1679700 671
1679710 673
1679720 677
1679730 680
1679740 683
1679750 687
1679760 690
1679770 693
1679780 696
1679790 700
1679800 703
1679810 707
1679820 711
1679830 714
1679840 718
1679850 722
1679860 727
1679870 732
1679880 737
1679890 741
1679900 746
1679910 750
1679920 753
1679930 756
1679940 760
1679950 763
1679960 767
1679970 770
1679980 773
1679990 776
