1660000 929
1660010 929
1660020 927
1660030 925
1660040 925
1660050 923
1660060 920
1660070 920
1660080 919
1660090 916
1660100 916
1660110 913
1660120 910
1660130 910
1660140 906
1660150 901
1660160 901
1660170 897
1660180 900
1660190 900
1660200 904
1660210 907
1660220 907
1660230 909
1660240 911
1660250 913
1660260 913
1660270 914
1660280 915
1660290 915
1660300 916
1660310 917
1660320 917
1660330 917
1660340 917
1660350 917
1660360 917
1660370 917
1660380 917
1660390 918
1660400 917
1660410 917
1660420 917
1660430 917
1660440 917
1660450 918
1660460 918
1660470 918
1660480 919
1660490 920
1660500 920
1660510 921
1660520 922
1660530 922
1660540 922
1660550 923
1660560 923
1660570 924
1660580 925
1660590 925
1660600 927
1660610 928
1660620 928
1660630 931
1660640 929
1660650 929
1660660 930
1660670 932
1660680 932
1660690 935
1660700 937
1660710 937
1660720 939
1660730 941
1660740 941
1660750 942
1660760 944
1660770 944
1660780 945
1660790 945
1660800 945
1660810 946
1660820 946
1660830 946
1660840 947
1660850 947
1660860 947
1660870 947
1660880 947
1660890 947
1660900 945
1660910 943
1660920 941
1660930 941
1660940 937
1660950 932
1660960 932
1660970 927
1660980 922
1660990 922
1661000 917
1661010 912
1661020 912
1661030 907
1661040 902
1661050 902
1661060 897
1661070 892
1661080 892
1661090 887
1661100 882
1661110 882
1661120 877
1661130 873
1661140 873
1661150 868
1661160 864
1661170 864
1661180 859
1661190 855
1661200 855
1661210 851
1661220 848
1661230 848
1661240 844
1661250 838
1661260 838
1661270 835
1661280 829
1661290 829
1661300 823
1661310 818
1661320 818
1661330 814
1661340 809
1661350 809
1661360 806
1661370 805
1661380 805
1661390 802
1661400 798
1661410 798
1661420 795
1661430 791
1661440 791
1661450 787
1661460 783
1661470 783
1661480 779
1661490 776
1661500 776
1661510 772
1661520 769
1661530 769
1661540 766
1661550 763
1661560 763
1661570 760
1661580 757
1661590 753
1661600 753
1661610 750
1661620 748
1661630 748
1661640 745
1661650 742
1661660 742
1661670 739
1661680 735
1661690 735
1661700 733
1661710 731
1661720 731
1661730 729
1661740 728
1661750 728
1661760 724
1661770 719
1661780 719
1661790 713
1661800 707
1661810 707
1661820 701
1661830 698
1661840 698
1661850 695
1661860 692
1661870 692
1661880 690
1661890 688
1661900 688
1661910 686
1661920 683
1661930 683
1661940 679
1661950 678
1661960 678
1661970 679
1661980 678
1661990 678
1662000 676
1662010 673
1662020 673
1662030 670
1662040 667
1662050 667
1662060 664
1662070 661
1662080 661
1662090 659
1662100 659
1662110 659
1662120 657
1662130 656
1662140 656
1662150 655
1662160 655
1662170 655
1662180 654
1662190 652
1662200 652
1662210 650
1662220 649
1662230 649
1662240 647
1662250 644
1662260 640
1662270 640
1662280 637
1662290 633
1662300 633
1662310 630
1662320 626
1662330 626
1662340 628
1662350 635
1662360 635
1662370 641
1662380 645
1662390 645
1662400 649
1662410 653
1662420 653
1662430 659
1662440 663
1662450 663
1662460 667
1662470 670
1662480 670
1662490 672
1662500 674
1662510 674
1662520 678
1662530 682
1662540 682
1662550 686
1662560 691
1662570 691
1662580 695
1662590 699
1662600 699
1662610 703
1662620 707
1662630 707
1662640 712
1662650 718
1662660 718
1662670 724
1662680 730
1662690 730
1662700 736
1662710 740
1662720 740
1662730 745
1662740 750
1662750 750
1662760 755
1662770 760
1662780 760
1662790 765
1662800 769
1662810 769
1662820 771
1662830 776
1662840 776
1662850 780
1662860 785
1662870 785
1662880 791
1662890 797
1662900 797
1662910 802
1662920 807
1662930 807
1662940 813
1662950 819
1662960 825
1662970 825
1662980 832
1662990 839
1663000 839
1663010 846
1663020 853
1663030 853
1663040 860
1663050 865
1663060 865
1663070 871
1663080 877
1663090 877
1663100 883
1663110 887
1663120 887
1663130 891
1663140 892
1663150 892
1663160 891
1663170 890
1663180 890
1663190 890
1663200 889
1663210 889
1663220 888
1663230 886
1663240 886
1663250 885
1663260 887
1663270 887
1663280 890
1663290 893
1663300 893
1663310 895
1663320 897
1663330 897
1663340 900
1663350 903
1663360 903
1663370 908
1663380 914
1663390 914
1663400 919
1663410 925
1663420 925
1663430 929
1663440 933
1663450 933
1663460 937
1663470 941
1663480 941
1663490 944
1663500 948
1663510 948
1663520 951
1663530 953
1663540 948
1663550 950
1663560 953
1663570 953
1663580 955
1663590 958
1663600 958
1663610 961
1663620 964
1663630 968
1663640 968
1663650 972
1663660 976
1663670 976
1663680 979
1663690 982
1663700 982
1663710 984
1663720 984
1663730 984
1663740 985
1663750 986
1663760 986
1663770 986
1663780 986
1663790 986
1663800 987
1663810 987
1663820 987
1663830 988
1663840 989
1663850 989
1663860 990
1663870 990
1663880 990
1663890 990
1663900 990
1663910 990
1663920 990
1663930 989
1663940 989
1663950 987
1663960 986
1663970 986
1663980 985
1663990 984
1664000 984
1664010 983
1664020 982
1664030 982
1664040 980
1664050 979
1664060 979
1664070 977
1664080 975
1664090 975
1664100 973
1664110 970
1664120 970
1664130 967
1664140 962
1664150 962
1664160 957
1664170 951
1664180 951
1664190 946
1664200 940
1664210 940
1664220 935
1664230 930
1664240 930
1664250 925
1664260 926
1664270 926
1664280 923
1664290 919
1664300 915
1664310 915
1664320 911
1664330 909
1664340 909
1664350 906
1664360 900
1664370 900
1664380 894
1664390 889
1664400 889
1664410 884
1664420 882
1664430 882
1664440 882
1664450 884
1664460 884
1664470 886
1664480 888
1664490 888
1664500 890
1664510 892
1664520 892
1664530 895
1664540 897
1664550 897
1664560 899
1664570 901
1664580 901
1664590 904
1664600 905
1664610 905
1664620 907
1664630 909
1664640 909
1664650 910
1664660 910
1664670 910
1664680 909
1664690 908
1664700 908
1664710 905
1664720 902
1664730 902
1664740 898
1664750 892
1664760 892
1664770 886
1664780 880
1664790 880
1664800 874
1664810 868
1664820 868
1664830 862
1664840 856
1664850 856
1664860 851
1664870 846
1664880 846
1664890 841
1664900 835
1664910 835
1664920 829
1664930 824
1664940 824
1664950 818
1664960 812
1664970 808
1664980 808
1664990 804
1665000 798
1665010 798
1665020 794
1665030 793
1665040 793
1665050 788
1665060 786
1665070 786
1665080 787
1665090 786
1665100 786
1665110 785
1665120 783
1665130 783
1665140 782
1665150 779
1665160 779
1665170 776
1665180 772
1665190 772
1665200 764
1665210 758
1665220 758
1665230 761
1665240 763
1665250 763
1665260 765
1665270 765
1665280 765
1665290 763
1665300 760
1665310 760
1665320 758
1665330 762
1665340 762
1665350 767
1665360 773
1665370 773
1665380 778
1665390 782
1665400 782
1665410 786
1665420 789
1665430 789
1665440 792
1665450 795
1665460 795
1665470 797
1665480 800
1665490 800
1665500 802
1665510 803
1665520 803
1665530 804
1665540 804
1665550 804
1665560 805
1665570 805
1665580 805
1665590 803
1665600 801
1665610 801
1665620 801
1665630 803
1665640 806
1665650 806
1665660 808
1665670 810
1665680 810
1665690 816
1665700 816
1665710 816
1665720 816
1665730 814
1665740 814
1665750 811
1665760 808
1665770 808
1665780 805
1665790 801
1665800 801
1665810 795
1665820 790
1665830 790
1665840 784
1665850 780
1665860 780
1665870 776
1665880 770
1665890 770
1665900 764
1665910 761
1665920 761
1665930 759
1665940 757
1665950 757
1665960 754
1665970 752
1665980 752
1665990 750
1666000 748
1666010 748
1666020 745
1666030 742
1666040 742
1666050 740
1666060 739
1666070 739
1666080 738
1666090 736
1666100 736
1666110 732
1666120 726
1666130 726
1666140 720
1666150 716
1666160 716
1666170 712
1666180 707
1666190 707
1666200 707
1666210 713
1666220 713
1666230 712
1666240 711
1666250 711
1666260 709
1666270 707
1666280 707
1666290 703
1666300 702
1666310 702
1666320 701
1666330 699
1666340 698
1666350 698
1666360 698
1666370 697
1666380 697
1666390 697
1666400 702
1666410 702
1666420 700
1666430 701
1666440 701
1666450 699
1666460 698
1666470 698
1666480 695
1666490 693
1666500 693
1666510 692
1666520 690
1666530 690
1666540 689
1666550 688
1666560 688
1666570 688
1666580 687
1666590 687
1666600 687
1666610 686
1666620 686
1666630 686
1666640 686
1666650 686
1666660 685
1666670 684
1666680 684
1666690 684
1666700 684
1666710 684
1666720 685
1666730 684
1666740 684
1666750 684
1666760 684
1666770 684
1666780 685
1666790 689
1666800 689
1666810 693
1666820 694
1666830 694
1666840 695
1666850 696
1666860 696
1666870 696
1666880 698
1666890 698
1666900 700
1666910 702
1666920 702
1666930 702
1666940 703
1666950 703
1666960 703
1666970 702
1666980 702
1666990 701
1667000 703
1667010 705
1667020 705
1667030 706
1667040 707
1667050 707
1667060 708
1667070 708
1667080 708
1667090 705
1667100 702
1667110 702
1667120 696
1667130 695
1667140 695
1667150 699
1667160 704
1667170 704
1667180 709
1667190 713
1667200 713
1667210 717
1667220 720
1667230 720
1667240 724
1667250 725
1667260 725
1667270 726
1667280 727
1667290 727
1667300 727
1667310 727
1667320 727
1667330 727
1667340 727
1667350 727
1667360 726
1667370 725
1667380 725
1667390 725
1667400 725
1667410 725
1667420 725
1667430 724
1667440 724
1667450 722
1667460 721
1667470 721
1667480 720
1667490 719
1667500 719
1667510 718
1667520 717
1667530 717
1667540 717
1667550 716
1667560 716
1667570 714
1667580 713
1667590 713
1667600 712
1667610 711
1667620 711
1667630 710
1667640 712
1667650 712
1667660 712
1667670 711
1667680 710
1667690 710
1667700 708
1667710 706
1667720 706
1667730 703
1667740 700
1667750 700
1667760 696
1667770 692
1667780 692
1667790 685
1667800 678
1667810 672
1667820 666
1667830 657
1667840 657
1667850 652
1667860 649
1667870 649
1667880 646
1667890 645
1667900 645
1667910 646
1667920 647
1667930 647
1667940 648
1667950 650
1667960 650
1667970 654
1667980 660
1667990 660
1668000 664
1668010 667
1668020 667
1668030 669
1668040 671
1668050 671
1668060 672
1668070 677
1668080 677
1668090 683
1668100 688
1668110 688
1668120 694
1668130 701
1668140 701
1668150 706
1668160 709
1668170 709
1668180 712
1668190 715
1668200 715
1668210 717
1668220 719
1668230 719
1668240 722
1668250 724
1668260 724
1668270 726
1668280 728
1668290 728
1668300 730
1668310 730
1668320 730
1668330 730
1668340 731
1668350 732
1668360 732
1668370 733
1668380 734
1668390 734
1668400 734
1668410 735
1668420 735
1668430 735
1668440 736
1668450 736
1668460 736
1668470 736
1668480 736
1668490 736
1668500 736
1668510 737
1668520 737
1668530 736
1668540 736
1668550 734
1668560 733
1668570 733
1668580 732
1668590 730
1668600 730
1668610 728
1668620 727
1668630 727
1668640 725
1668650 724
1668660 724
1668670 724
1668680 723
1668690 723
1668700 721
1668710 720
1668720 720
1668730 718
1668740 716
1668750 716
1668760 714
1668770 713
1668780 713
1668790 712
1668800 709
1668810 709
1668820 706
1668830 702
1668840 702
1668850 699
1668860 697
1668870 697
1668880 696
1668890 694
1668900 694
1668910 693
1668920 690
1668930 690
1668940 687
1668950 687
1668960 687
1668970 685
1668980 684
1668990 684
1669000 684
1669010 684
1669020 684
1669030 685
1669040 685
1669050 685
1669060 685
1669070 685
1669080 684
1669090 684
1669100 683
1669110 683
1669120 683
1669130 681
1669140 680
1669150 680
1669160 680
1669170 679
1669180 679
1669190 680
1669200 681
1669210 680
1669220 681
1669230 682
1669240 682
1669250 683
1669260 683
1669270 683
1669280 683
1669290 682
1669300 682
1669310 681
1669320 678
1669330 678
1669340 673
1669350 668
1669360 668
1669370 663
1669380 659
1669390 659
1669400 658
1669410 657
1669420 657
1669430 657
1669440 657
1669450 657
1669460 657
1669470 657
1669480 657
1669490 657
1669500 656
1669510 656
1669520 652
1669530 648
1669540 648
1669550 646
1669560 647
1669570 647
1669580 648
1669590 650
1669600 650
1669610 652
1669620 654
1669630 654
1669640 655
1669650 657
1669660 657
1669670 658
1669680 659
1669690 659
1669700 660
1669710 661
1669720 662
1669730 662
1669740 663
1669750 664
1669760 664
1669770 665
1669780 666
1669790 666
1669800 667
1669810 669
1669820 669
1669830 671
1669840 673
1669850 673
1669860 674
1669870 675
1669880 675
1669890 676
1669900 678
1669910 678
1669920 678
1669930 674
1669940 674
1669950 665
1669960 656
1669970 656
1669980 647
1669990 635
1670000 635
1670010 624
1670020 621
1670030 621
1670040 619
1670050 625
1670060 625
1670070 633
1670080 640
1670090 640
1670100 644
1670110 650
1670120 650
1670130 655
1670140 661
1670150 661
1670160 667
1670170 675
1670180 675
1670190 680
1670200 684
1670210 684
1670220 687
1670230 690
1670240 690
1670250 691
1670260 692
1670270 692
1670280 694
1670290 695
1670300 695
1670310 697
1670320 699
1670330 699
1670340 701
1670350 705
1670360 705
1670370 707
1670380 710
1670390 713
1670400 713
1670410 716
1670420 720
1670430 720
1670440 724
1670450 728
1670460 728
1670470 731
1670480 733
1670490 733
1670500 734
1670510 736
1670520 736
1670530 736
1670540 738
1670550 738
1670560 740
1670570 743
1670580 743
1670590 746
1670600 746
1670610 746
1670620 747
1670630 746
1670640 746
1670650 745
1670660 744
1670670 744
1670680 745
1670690 746
1670700 746
1670710 747
1670720 747
1670730 747
1670740 747
1670750 747
1670760 747
1670770 747
1670780 747
1670790 747
1670800 748
1670810 750
1670820 750
1670830 751
1670840 752
1670850 752
1670860 755
1670870 757
1670880 757
1670890 760
1670900 762
1670910 762
1670920 765
1670930 768
1670940 768
1670950 771
1670960 775
1670970 775
1670980 778
1670990 781
1671000 781
1671010 783
1671020 784
1671030 784
1671040 786
1671050 787
1671060 788
1671070 788
1671080 789
1671090 790
1671100 790
1671110 791
1671120 793
1671130 793
1671140 796
1671150 799
1671160 799
1671170 801
1671180 804
1671190 804
1671200 806
1671210 809
1671220 809
1671230 811
1671240 812
1671250 812
1671260 812
1671270 813
1671280 813
1671290 813
1671300 813
1671310 813
1671320 814
1671330 815
1671340 815
1671350 815
1671360 816
1671370 816
1671380 816
1671390 814
1671400 814
1671410 812
1671420 805
1671430 805
1671440 801
1671450 796
1671460 796
1671470 791
1671480 788
1671490 788
1671500 784
1671510 781
1671520 781
1671530 778
1671540 776
1671550 776
1671560 775
1671570 773
1671580 773
1671590 771
1671600 769
1671610 769
1671620 769
1671630 769
1671640 769
1671650 770
1671660 771
1671670 771
1671680 774
1671690 777
1671700 777
1671710 782
1671720 787
1671730 792
1671740 792
1671750 797
1671760 802
1671770 802
1671780 807
1671790 811
1671800 811
1671810 815
1671820 819
1671830 819
1671840 824
1671850 828
1671860 828
1671870 833
1671880 837
1671890 837
1671900 841
1671910 845
1671920 845
1671930 849
1671940 853
1671950 853
1671960 857
1671970 861
1671980 857
1671990 861
1672000 864
1672010 864
1672020 867
1672030 870
1672040 870
1672050 873
1672060 876
1672070 876
1672080 879
1672090 882
1672100 882
1672110 884
1672120 885
1672130 885
1672140 887
1672150 890
1672160 890
1672170 893
1672180 896
1672190 896
1672200 897
1672210 899
1672220 899
1672230 902
1672240 903
1672250 903
1672260 904
1672270 905
1672280 905
1672290 906
1672300 906
1672310 906
1672320 906
1672330 907
1672340 907
1672350 907
1672360 907
1672370 907
1672380 908
1672390 908
1672400 908
1672410 908
1672420 908
1672430 908
1672440 908
1672450 908
1672460 908
1672470 908
1672480 908
1672490 908
1672500 908
1672510 908
1672520 908
1672530 908
1672540 908
1672550 908
1672560 908
1672570 907
1672580 907
1672590 907
1672600 906
1672610 904
1672620 904
1672630 901
1672640 896
1672650 896
1672660 891
1672670 889
1672680 889
1672690 889
1672700 891
1672710 891
1672720 893
1672730 895
1672740 895
1672750 894
1672760 891
1672770 891
1672780 886
1672790 880
1672800 880
1672810 877
1672820 877
1672830 877
1672840 878
1672850 881
1672860 881
1672870 884
1672880 885
1672890 885
1672900 886
1672910 887
1672920 887
1672930 888
1672940 890
1672950 890
1672960 892
1672970 892
1672980 892
1672990 891
1673000 891
1673010 891
1673020 889
1673030 887
1673040 887
1673050 885
1673060 883
1673070 883
1673080 881
1673090 878
1673100 875
1673110 875
1673120 872
1673130 868
1673140 868
1673150 864
1673160 862
1673170 862
1673180 859
1673190 856
1673200 856
1673210 854
1673220 852
1673230 852
1673240 851
1673250 852
1673260 852
1673270 853
1673280 854
1673290 854
1673300 855
1673310 855
1673320 855
1673330 855
1673340 856
1673350 853
1673360 853
1673370 854
1673380 854
1673390 855
1673400 855
1673410 855
1673420 855
1673430 855
1673440 855
1673450 855
1673460 853
1673470 853
1673480 851
1673490 850
1673500 850
1673510 849
1673520 848
1673530 848
1673540 846
1673550 844
1673560 844
1673570 843
1673580 842
1673590 842
1673600 841
1673610 840
1673620 840
1673630 840
1673640 838
1673650 838
1673660 837
1673670 836
1673680 836
1673690 834
1673700 831
1673710 831
1673720 829
1673730 826
1673740 826
1673750 824
1673760 822
1673770 819
1673780 819
1673790 818
1673800 816
1673810 816
1673820 815
1673830 813
1673840 813
1673850 812
1673860 811
1673870 811
1673880 810
1673890 809
1673900 809
1673910 810
1673920 810
1673930 810
1673940 807
1673950 803
1673960 803
1673970 796
1673980 792
1673990 792
1674000 788
1674010 785
1674020 785
1674030 782
1674040 779
1674050 779
1674060 775
1674070 772
1674080 772
1674090 768
1674100 766
1674110 766
1674120 763
1674130 761
1674140 761
1674150 759
1674160 757
1674170 757
1674180 756
1674190 754
1674200 754
1674210 753
1674220 753
1674230 753
1674240 752
1674250 751
1674260 751
1674270 746
1674280 742
1674290 742
1674300 737
1674310 731
1674320 731
1674330 727
1674340 724
1674350 724
1674360 721
1674370 720
1674380 720
1674390 720
1674400 725
1674410 725
1674420 730
1674430 733
1674440 733
1674450 736
1674460 738
1674470 740
1674480 740
1674490 741
1674500 740
1674510 740
1674520 738
1674530 739
1674540 739
1674550 742
1674560 744
1674570 744
1674580 745
1674590 747
1674600 747
1674610 748
1674620 749
1674630 749
1674640 751
1674650 752
1674660 752
1674670 754
1674680 755
1674690 755
1674700 755
1674710 758
1674720 758
1674730 757
1674740 757
1674750 757
1674760 757
1674770 757
1674780 757
1674790 756
1674800 755
1674810 755
1674820 754
1674830 752
1674840 752
1674850 751
1674860 748
1674870 748
1674880 744
1674890 739
1674900 739
1674910 733
1674920 727
1674930 727
1674940 722
1674950 717
1674960 717
1674970 713
1674980 710
1674990 710
1675000 708
1675010 704
1675020 704
1675030 698
1675040 693
1675050 693
1675060 691
1675070 691
1675080 691
1675090 691
1675100 691
1675110 691
1675120 691
1675130 693
1675140 694
1675150 694
1675160 697
1675170 699
1675180 699
1675190 702
1675200 705
1675210 705
1675220 708
1675230 710
1675240 710
1675250 714
1675260 716
1675270 716
1675280 719
1675290 721
1675300 721
1675310 723
1675320 725
1675330 725
1675340 727
1675350 728
1675360 728
1675370 729
1675380 731
1675390 731
1675400 731
1675410 731
1675420 731
1675430 730
1675440 731
1675450 731
1675460 731
1675470 732
1675480 732
1675490 732
1675500 733
1675510 733
1675520 733
1675530 733
1675540 733
1675550 733
1675560 734
1675570 734
1675580 734
1675590 734
1675600 734
1675610 733
1675620 732
1675630 732
1675640 730
1675650 727
1675660 727
1675670 723
1675680 719
1675690 719
1675700 715
1675710 715
1675720 715
1675730 713
1675740 713
1675750 713
1675760 715
1675770 719
1675780 719
1675790 723
1675800 728
1675810 732
1675820 732
1675830 736
1675840 740
1675850 740
1675860 743
1675870 747
1675880 747
1675890 750
1675900 754
1675910 754
1675920 758
1675930 760
1675940 760
1675950 764
1675960 769
1675970 769
1675980 773
1675990 779
1676000 779
1676010 784
1676020 787
1676030 787
1676040 789
1676050 795
1676060 795
1676070 797
1676080 798
1676090 798
1676100 798
1676110 798
1676120 798
1676130 796
1676140 795
1676150 795
1676160 792
1676170 788
1676180 788
1676190 785
1676200 784
1676210 784
1676220 784
1676230 784
1676240 784
1676250 784
1676260 784
1676270 784
1676280 784
1676290 781
1676300 781
1676310 779
1676320 776
1676330 776
1676340 774
1676350 770
1676360 770
1676370 767
1676380 764
1676390 764
1676400 761
1676410 758
1676420 758
1676430 755
1676440 752
1676450 752
1676460 750
1676470 747
1676480 744
1676490 744
1676500 742
1676510 740
1676520 740
1676530 739
1676540 739
1676550 739
1676560 738
1676570 738
1676580 738
1676590 737
1676600 736
1676610 736
1676620 734
1676630 732
1676640 732
1676650 730
1676660 728
1676670 728
1676680 725
1676690 722
1676700 722
1676710 718
1676720 715
1676730 718
1676740 717
1676750 714
1676760 714
1676770 709
1676780 704
1676790 704
1676800 702
1676810 707
1676820 707
1676830 713
1676840 717
1676850 717
1676860 720
1676870 722
1676880 722
1676890 727
1676900 732
1676910 732
1676920 735
1676930 737
1676940 737
1676950 740
1676960 744
1676970 744
1676980 748
1676990 752
1677000 752
1677010 757
1677020 761
1677030 761
1677040 764
1677050 768
1677060 768
1677070 771
1677080 774
1677090 774
1677100 777
1677110 779
1677120 779
1677130 780
1677140 780
1677150 780
1677160 780
1677170 777
1677180 773
1677190 773
1677200 768
1677210 766
1677220 766
1677230 765
1677240 764
1677250 764
1677260 764
1677270 764
1677280 764
1677290 765
1677300 766
1677310 766
1677320 765
1677330 765
1677340 765
1677350 762
1677360 759
1677370 759
1677380 754
1677390 753
1677400 753
1677410 750
1677420 749
1677430 749
1677440 747
1677450 746
1677460 746
1677470 744
1677480 743
1677490 743
1677500 742
1677510 740
1677520 740
1677530 738
1677540 732
1677550 732
1677560 729
1677570 735
1677580 735
1677590 737
1677600 737
1677610 737
1677620 737
1677630 737
1677640 737
1677650 737
1677660 737
1677670 737
1677680 736
1677690 735
1677700 735
1677710 734
1677720 733
1677730 733
1677740 731
1677750 729
1677760 729
1677770 726
1677780 722
1677790 722
1677800 718
1677810 718
1677820 718
1677830 717
1677840 714
1677850 710
1677860 710
1677870 708
1677880 706
1677890 706
1677900 704
1677910 700
1677920 700
1677930 694
1677940 686
1677950 686
1677960 680
1677970 678
1677980 678
1677990 674
1678000 670
1678010 670
1678020 665
1678030 660
1678040 660
1678050 656
1678060 651
1678070 651
1678080 647
1678090 645
1678100 645
1678110 643
1678120 642
1678130 642
1678140 640
1678150 637
1678160 637
1678170 636
1678180 642
1678190 642
1678200 646
1678210 645
1678220 645
1678230 644
1678240 643
1678250 643
1678260 643
1678270 643
1678280 643
1678290 644
1678300 646
1678310 646
1678320 647
1678330 646
1678340 646
1678350 646
1678360 646
1678370 646
1678380 646
1678390 646
1678400 646
1678410 647
1678420 647
1678430 647
1678440 647
1678450 648
1678460 648
1678470 649
1678480 649
1678490 649
1678500 650
1678510 651
1678520 652
1678530 652
1678540 654
1678550 655
1678560 655
1678570 658
1678580 660
1678590 660
1678600 662
1678610 664
1678620 664
1678630 667
1678640 670
1678650 670
1678660 673
1678670 676
1678680 676
1678690 679
1678700 682
1678710 682
1678720 689
1678730 692
1678740 692
1678750 695
1678760 697
1678770 697
1678780 699
1678790 699
1678800 699
1678810 697
1678820 695
1678830 695
1678840 697
1678850 699
1678860 699
1678870 701
1678880 704
1678890 704
1678900 706
1678910 708
1678920 708
1678930 708
1678940 707
1678950 707
1678960 706
1678970 703
1678980 703
1678990 698
1679000 695
1679010 695
1679020 694
1679030 693
1679040 693
1679050 693
1679060 693
1679070 693
1679080 694
1679090 695
1679100 695
1679110 696
1679120 698
1679130 698
1679140 702
1679150 708
1679160 708
1679170 713
1679180 717
1679190 720
1679200 720
1679210 722
1679220 725
1679230 725
1679240 730
1679250 734
1679260 734
1679270 736
1679280 738
1679290 738
1679300 740
1679310 742
1679320 742
1679330 744
1679340 747
1679350 747
1679360 750
1679370 753
1679380 757
1679390 760
1679400 762
1679410 762
1679420 765
1679430 768
1679440 768
1679450 770
1679460 772
1679470 772
1679480 773
1679490 776
1679500 776
1679510 778
1679520 780
1679530 780
1679540 782
1679550 783
1679560 783
1679570 784
1679580 785
1679590 785
1679600 787
1679610 787
1679620 787
1679630 787
1679640 791
1679650 791
1679660 794
1679670 797
1679680 797
1679690 799
1679700 800
1679710 800
1679720 799
1679730 799
1679740 799
1679750 798
1679760 796
1679770 796
1679780 794
1679790 792
1679800 792
1679810 789
1679820 785
1679830 785
1679840 781
1679850 778
1679860 778
1679870 774
1679880 772
1679890 769
1679900 769
1679910 767
1679920 764
1679930 764
1679940 761
1679950 759
1679960 759
1679970 758
1679980 757
1679990 757
