1660000 987
1660010 990
1660020 990
1660030 994
1660040 997
1660050 997
1660060 1000
1660070 1004
1660080 1004
1660090 1006
1660100 1009
1660110 1009
1660120 1012
1660130 1015
1660140 1015
1660150 1017
1660160 1020
1660170 1020
1660180 1023
1660190 1026
1660200 1026
1660210 1028
1660220 1031
1660230 1031
1660240 1033
1660250 1035
1660260 1035
1660270 1036
1660280 1038
1660290 1038
1660300 1039
1660310 1041
1660320 1041
1660330 1042
1660340 1044
1660350 1044
1660360 1045
1660370 1046
1660380 1046
1660390 1047
1660400 1049
1660410 1049
1660420 1049
1660430 1050
1660440 1050
1660450 1051
1660460 1051
1660470 1051
1660480 1051
1660490 1052
1660500 1052
1660510 1052
1660520 1052
1660530 1052
1660540 1052
1660550 1046
1660560 1045
1660570 1045
1660580 1043
1660590 1040
1660600 1040
1660610 1035
1660620 1028
1660630 1028
1660640 1020
1660650 1011
1660660 1011
1660670 1003
1660680 995
1660690 995
1660700 987
1660710 980
1660720 980
1660730 973
1660740 966
1660750 966
1660760 959
1660770 951
1660780 951
1660790 944
1660800 937
1660810 937
1660820 930
1660830 922
1660840 922
1660850 916
1660860 911
1660870 911
1660880 904
1660890 898
1660900 898
1660910 893
1660920 887
1660930 887
1660940 882
1660950 876
1660960 876
1660970 870
1660980 864
1660990 864
1661000 858
1661010 853
1661020 853
1661030 849
1661040 844
1661050 844
1661060 838
1661070 832
1661080 832
1661090 826
1661100 821
1661110 821
1661120 816
1661130 810
1661140 810
1661150 803
1661160 796
1661170 796
1661180 790
1661190 785
1661200 785
1661210 779
1661220 775
1661230 775
1661240 770
1661250 765
1661260 765
1661270 761
1661280 755
1661290 750
1661300 750
1661310 745
1661320 740
1661330 740
1661340 736
1661350 731
1661360 731
1661370 727
1661380 722
1661390 722
1661400 717
1661410 711
1661420 711
1661430 704
1661440 698
1661450 698
1661460 694
1661470 691
1661480 691
1661490 687
1661500 684
1661510 684
1661520 680
1661530 676
1661540 676
1661550 672
1661560 668
1661570 668
1661580 664
1661590 659
1661600 659
1661610 656
1661620 652
1661630 652
1661640 648
1661650 645
1661660 645
1661670 645
1661680 650
1661690 650
1661700 654
1661710 656
1661720 656
1661730 660
1661740 665
1661750 665
1661760 670
1661770 675
1661780 675
1661790 680
1661800 684
1661810 684
1661820 689
1661830 693
1661840 693
1661850 698
1661860 702
1661870 702
1661880 707
1661890 711
1661900 711
1661910 716
1661920 721
1661930 721
1661940 725
1661950 729
1661960 729
1661970 733
1661980 737
1661990 740
1662000 740
1662010 737
1662020 739
1662030 739
1662040 741
1662050 742
1662060 742
1662070 743
1662080 744
1662090 744
1662100 745
1662110 746
1662120 746
1662130 746
1662140 745
1662150 745
1662160 746
1662170 748
1662180 748
1662190 751
1662200 752
1662210 752
1662220 752
1662230 751
1662240 751
1662250 751
1662260 751
1662270 751
1662280 750
1662290 750
1662300 750
1662310 749
1662320 749
1662330 749
1662340 748
1662350 747
1662360 747
1662370 745
1662380 743
1662390 743
1662400 741
1662410 738
1662420 738
1662430 737
1662440 736
1662450 736
1662460 734
1662470 732
1662480 732
1662490 729
1662500 725
1662510 725
1662520 721
1662530 716
1662540 716
1662550 710
1662560 705
1662570 705
1662580 699
1662590 694
1662600 694
1662610 689
1662620 684
1662630 684
1662640 679
1662650 672
1662660 672
1662670 666
1662680 660
1662690 655
1662700 655
1662710 650
1662720 644
1662730 647
1662740 641
1662750 635
1662760 635
1662770 630
1662780 627
1662790 627
1662800 621
1662810 615
1662820 615
1662830 609
1662840 605
1662850 605
1662860 599
1662870 594
1662880 594
1662890 589
1662900 583
1662910 583
1662920 578
1662930 573
1662940 573
1662950 568
1662960 563
1662970 563
1662980 557
1662990 552
1663000 552
1663010 547
1663020 545
1663030 545
1663040 546
1663050 546
1663060 546
1663070 547
1663080 548
1663090 548
1663100 550
1663110 552
1663120 552
1663130 554
1663140 557
1663150 557
1663160 561
1663170 564
1663180 564
1663190 568
1663200 572
1663210 572
1663220 575
1663230 580
1663240 580
1663250 585
1663260 591
1663270 591
1663280 596
1663290 602
1663300 602
1663310 608
1663320 613
1663330 613
1663340 620
1663350 626
1663360 626
1663370 632
1663380 638
1663390 644
1663400 644
1663410 651
1663420 657
1663430 657
1663440 663
1663450 670
1663460 670
1663470 677
1663480 683
1663490 683
1663500 689
1663510 694
1663520 694
1663530 699
1663540 704
1663550 704
1663560 708
1663570 712
1663580 712
1663590 715
1663600 718
1663610 718
1663620 720
1663630 723
1663640 723
1663650 726
1663660 730
1663670 730
1663680 733
1663690 736
1663700 736
1663710 739
1663720 742
1663730 742
1663740 744
1663750 746
1663760 746
1663770 749
1663780 750
1663790 750
1663800 752
1663810 753
1663820 753
1663830 754
1663840 755
1663850 755
1663860 756
1663870 756
1663880 756
1663890 757
1663900 757
1663910 757
1663920 758
1663930 760
1663940 760
1663950 762
1663960 760
1663970 760
1663980 756
1663990 749
1664000 749
1664010 745
1664020 746
1664030 746
1664040 751
1664050 756
1664060 756
1664070 761
1664080 762
1664090 762
1664100 761
1664110 760
1664120 764
1664130 764
1664140 767
1664150 762
1664160 762
1664170 751
1664180 748
1664190 748
1664200 751
1664210 752
1664220 752
1664230 755
1664240 754
1664250 754
1664260 750
1664270 747
1664280 747
1664290 746
1664300 745
1664310 745
1664320 744
1664330 747
1664340 747
1664350 750
1664360 754
1664370 754
1664380 762
1664390 771
1664400 771
1664410 780
1664420 790
1664430 790
1664440 795
1664450 801
1664460 801
1664470 808
1664480 814
1664490 814
1664500 821
1664510 828
1664520 828
1664530 834
1664540 839
1664550 839
1664560 843
1664570 847
1664580 847
1664590 849
1664600 852
1664610 852
1664620 854
1664630 855
1664640 855
1664650 854
1664660 850
1664670 850
1664680 844
1664690 840
1664700 840
1664710 837
1664720 831
1664730 831
1664740 828
1664750 827
1664760 827
1664770 831
1664780 835
1664790 835
1664800 839
1664810 843
1664820 846
1664830 846
1664840 846
1664850 848
1664860 848
1664870 852
1664880 856
1664890 851
1664900 856
1664910 860
1664920 860
1664930 864
1664940 864
1664950 864
1664960 862
1664970 860
1664980 860
1664990 857
1665000 854
1665010 854
1665020 849
1665030 846
1665040 846
1665050 846
1665060 848
1665070 848
1665080 852
1665090 859
1665100 859
1665110 865
1665120 871
1665130 871
1665140 876
1665150 881
1665160 881
1665170 884
1665180 885
1665190 885
1665200 880
1665210 874
1665220 874
1665230 869
1665240 862
1665250 862
1665260 856
1665270 851
1665280 851
1665290 847
1665300 843
1665310 843
1665320 840
1665330 838
1665340 838
1665350 836
1665360 834
1665370 834
1665380 833
1665390 831
1665400 831
1665410 830
1665420 833
1665430 833
1665440 838
1665450 842
1665460 842
1665470 846
1665480 851
1665490 851
1665500 855
1665510 860
1665520 866
1665530 866
1665540 872
1665550 878
1665560 878
1665570 883
1665580 889
1665590 889
1665600 894
1665610 899
1665620 899
1665630 904
1665640 908
1665650 908
1665660 912
1665670 915
1665680 915
1665690 917
1665700 919
1665710 919
1665720 923
1665730 926
1665740 926
1665750 927
1665760 930
1665770 930
1665780 932
1665790 937
1665800 937
1665810 943
1665820 947
1665830 947
1665840 950
1665850 953
1665860 953
1665870 958
1665880 964
1665890 964
1665900 968
1665910 971
1665920 971
1665930 973
1665940 977
1665950 977
1665960 982
1665970 985
1665980 985
1665990 990
1666000 994
1666010 994
1666020 996
1666030 996
1666040 996
1666050 996
1666060 996
1666070 996
1666080 992
1666090 989
1666100 989
1666110 984
1666120 980
1666130 980
1666140 976
1666150 972
1666160 972
1666170 966
1666180 960
1666190 960
1666200 956
1666210 955
1666220 954
1666230 954
1666240 953
1666250 950
1666260 950
1666270 947
1666280 945
1666290 945
1666300 944
1666310 936
1666320 936
1666330 935
1666340 932
1666350 932
1666360 930
1666370 927
1666380 927
1666390 924
1666400 921
1666410 921
1666420 916
1666430 912
1666440 912
1666450 910
1666460 907
1666470 907
1666480 904
1666490 900
1666500 900
1666510 897
1666520 893
1666530 893
1666540 891
1666550 888
1666560 888
1666570 891
1666580 893
1666590 893
1666600 893
1666610 893
1666620 893
1666630 892
1666640 892
1666650 892
1666660 891
1666670 889
1666680 889
1666690 888
1666700 892
1666710 892
1666720 894
1666730 896
1666740 896
1666750 896
1666760 896
1666770 896
1666780 894
1666790 893
1666800 893
1666810 894
1666820 894
1666830 894
1666840 895
1666850 897
1666860 897
1666870 898
1666880 899
1666890 899
1666900 901
1666910 902
1666920 902
1666930 906
1666940 909
1666950 912
1666960 912
1666970 915
1666980 917
1666990 917
1667000 918
1667010 918
1667020 916
1667030 916
1667040 917
1667050 917
1667060 917
1667070 917
1667080 917
1667090 917
1667100 915
1667110 915
1667120 914
1667130 912
1667140 912
1667150 909
1667160 906
1667170 906
1667180 905
1667190 903
1667200 903
1667210 900
1667220 898
1667230 898
1667240 895
1667250 891
1667260 891
1667270 889
1667280 887
1667290 887
1667300 885
1667310 883
1667320 883
1667330 881
1667340 879
1667350 879
1667360 877
1667370 876
1667380 876
1667390 874
1667400 871
1667410 871
1667420 867
1667430 863
1667440 863
1667450 860
1667460 859
1667470 859
1667480 858
1667490 860
1667500 860
1667510 860
1667520 859
1667530 859
1667540 858
1667550 857
1667560 857
1667570 856
1667580 856
1667590 856
1667600 855
1667610 855
1667620 855
1667630 854
1667640 852
1667650 850
1667660 850
1667670 850
1667680 849
1667690 849
1667700 848
1667710 849
1667720 849
1667730 846
1667740 845
1667750 845
1667760 845
1667770 844
1667780 844
1667790 844
1667800 843
1667810 843
1667820 842
1667830 841
1667840 841
1667850 841
1667860 840
1667870 840
1667880 840
1667890 840
1667900 840
1667910 839
1667920 838
1667930 838
1667940 837
1667950 837
1667960 837
1667970 835
1667980 834
1667990 834
1668000 834
1668010 834
1668020 834
1668030 833
1668040 832
1668050 832
1668060 831
1668070 830
1668080 830
1668090 829
1668100 829
1668110 829
1668120 828
1668130 828
1668140 828
1668150 827
1668160 826
1668170 826
1668180 828
1668190 827
1668200 827
1668210 826
1668220 826
1668230 826
1668240 826
1668250 826
1668260 826
1668270 826
1668280 827
1668290 827
1668300 827
1668310 826
1668320 826
1668330 826
1668340 826
1668350 826
1668360 826
1668370 827
1668380 827
1668390 827
1668400 827
1668410 826
1668420 826
1668430 826
1668440 830
1668450 830
1668460 834
1668470 836
1668480 836
1668490 838
1668500 840
1668510 840
1668520 841
1668530 842
1668540 842
1668550 842
1668560 842
1668570 842
1668580 841
1668590 840
1668600 840
1668610 838
1668620 836
1668630 836
1668640 833
1668650 828
1668660 828
1668670 824
1668680 819
1668690 819
1668700 815
1668710 814
1668720 814
1668730 812
1668740 807
1668750 807
1668760 806
1668770 810
1668780 810
1668790 814
1668800 815
1668810 815
1668820 816
1668830 816
1668840 816
1668850 815
1668860 813
1668870 813
1668880 811
1668890 809
1668900 809
1668910 805
1668920 802
1668930 802
1668940 798
1668950 794
1668960 794
1668970 790
1668980 786
1668990 786
1669000 783
1669010 779
1669020 779
1669030 779
1669040 784
1669050 786
1669060 786
1669070 785
1669080 783
1669090 783
1669100 781
1669110 779
1669120 779
1669130 774
1669140 773
1669150 773
1669160 771
1669170 770
1669180 770
1669190 768
1669200 766
1669210 766
1669220 763
1669230 760
1669240 760
1669250 757
1669260 756
1669270 756
1669280 754
1669290 752
1669300 752
1669310 749
1669320 747
1669330 747
1669340 745
1669350 743
1669360 743
1669370 740
1669380 737
1669390 737
1669400 736
1669410 734
1669420 734
1669430 732
1669440 730
1669450 730
1669460 726
1669470 721
1669480 721
1669490 715
1669500 711
1669510 711
1669520 709
1669530 709
1669540 709
1669550 710
1669560 710
1669570 710
1669580 710
1669590 711
1669600 711
1669610 711
1669620 710
1669630 710
1669640 710
1669650 709
1669660 709
1669670 709
1669680 708
1669690 708
1669700 706
1669710 706
1669720 706
1669730 705
1669740 704
1669750 704
1669760 702
1669770 700
1669780 698
1669790 698
1669800 696
1669810 693
1669820 691
1669830 687
1669840 683
1669850 683
1669860 677
1669870 671
1669880 671
1669890 669
1669900 673
1669910 673
1669920 681
1669930 682
1669940 682
1669950 684
1669960 688
1669970 688
1669980 692
1669990 695
1670000 695
1670010 696
1670020 698
1670030 698
1670040 700
1670050 701
1670060 701
1670070 703
1670080 704
1670090 704
1670100 704
1670110 704
1670120 704
1670130 704
1670140 704
1670150 704
1670160 705
1670170 705
1670180 705
1670190 706
1670200 706
1670210 706
1670220 706
1670230 706
1670240 706
1670250 705
1670260 704
1670270 704
1670280 702
1670290 701
1670300 701
1670310 699
1670320 698
1670330 698
1670340 695
1670350 690
1670360 690
1670370 684
1670380 681
1670390 681
1670400 680
1670410 680
1670420 680
1670430 684
1670440 689
1670450 689
1670460 690
1670470 691
1670480 691
1670490 691
1670500 690
1670510 686
1670520 686
1670530 682
1670540 689
1670550 689
1670560 690
1670570 686
1670580 686
1670590 679
1670600 672
1670610 672
1670620 670
1670630 672
1670640 672
1670650 676
1670660 678
1670670 678
1670680 680
1670690 683
1670700 683
1670710 685
1670720 686
1670730 686
1670740 690
1670750 694
1670760 694
1670770 699
1670780 705
1670790 705
1670800 710
1670810 713
1670820 713
1670830 717
1670840 720
1670850 720
1670860 723
1670870 726
1670880 726
1670890 730
1670900 733
1670910 733
1670920 736
1670930 739
1670940 739
1670950 741
1670960 744
1670970 744
1670980 746
1670990 749
1671000 749
1671010 751
1671020 753
1671030 753
1671040 756
1671050 758
1671060 758
1671070 761
1671080 763
1671090 763
1671100 764
1671110 766
1671120 766
1671130 767
1671140 769
1671150 769
1671160 770
1671170 772
1671180 774
1671190 774
1671200 775
1671210 775
1671220 775
1671230 776
1671240 777
1671250 777
1671260 777
1671270 778
1671280 778
1671290 779
1671300 779
1671310 779
1671320 779
1671330 779
1671340 779
1671350 779
1671360 779
1671370 779
1671380 779
1671390 779
1671400 779
1671410 779
1671420 780
1671430 780
1671440 780
1671450 780
1671460 780
1671470 781
1671480 783
1671490 783
1671500 784
1671510 784
1671520 784
1671530 785
1671540 784
1671550 784
1671560 783
1671570 781
1671580 781
1671590 779
1671600 778
1671610 778
1671620 776
1671630 775
1671640 775
1671650 773
1671660 771
1671670 771
1671680 769
1671690 767
1671700 767
1671710 765
1671720 762
1671730 762
1671740 759
1671750 756
1671760 756
1671770 753
1671780 752
1671790 752
1671800 751
1671810 750
1671820 750
1671830 748
1671840 745
1671850 745
1671860 743
1671870 741
1671880 739
1671890 739
1671900 736
1671910 734
1671920 734
1671930 731
1671940 727
1671950 727
1671960 724
1671970 721
1671980 721
1671990 718
1672000 716
1672010 716
1672020 714
1672030 710
1672040 710
1672050 707
1672060 703
1672070 703
1672080 699
1672090 696
1672100 696
1672110 693
1672120 691
1672130 691
1672140 689
1672150 687
1672160 687
1672170 685
1672180 683
1672190 683
1672200 682
1672210 680
1672220 680
1672230 679
1672240 678
1672250 678
1672260 678
1672270 678
1672280 678
1672290 679
1672300 680
1672310 680
1672320 683
1672330 684
1672340 684
1672350 685
1672360 685
1672370 685
1672380 685
1672390 687
1672400 687
1672410 688
1672420 688
1672430 688
1672440 688
1672450 689
1672460 689
1672470 691
1672480 692
1672490 692
1672500 693
1672510 693
1672520 693
1672530 693
1672540 694
1672550 694
1672560 694
1672570 695
1672580 697
1672590 697
1672600 697
1672610 697
1672620 697
1672630 697
1672640 697
1672650 697
1672660 698
1672670 698
1672680 698
1672690 699
1672700 699
1672710 699
1672720 699
1672730 699
1672740 699
1672750 698
1672760 697
1672770 697
1672780 697
1672790 697
1672800 697
1672810 698
1672820 699
1672830 699
1672840 697
1672850 694
1672860 694
1672870 692
1672880 689
1672890 689
1672900 689
1672910 691
1672920 691
1672930 693
1672940 695
1672950 695
1672960 696
1672970 697
1672980 697
1672990 697
1673000 697
1673010 697
1673020 698
1673030 698
1673040 698
1673050 698
1673060 698
1673070 698
1673080 698
1673090 698
1673100 698
1673110 698
1673120 698
1673130 698
1673140 697
1673150 697
1673160 697
1673170 697
1673180 697
1673190 697
1673200 696
1673210 694
1673220 694
1673230 692
1673240 691
1673250 691
1673260 687
1673270 693
1673280 693
1673290 695
1673300 695
1673310 694
1673320 694
1673330 694
1673340 693
1673350 693
1673360 693
1673370 693
1673380 693
1673390 692
1673400 692
1673410 692
1673420 691
1673430 691
1673440 691
1673450 690
1673460 690
1673470 690
1673480 689
1673490 688
1673500 688
1673510 688
1673520 687
1673530 687
1673540 686
1673550 682
1673560 682
1673570 675
1673580 668
1673590 668
1673600 664
1673610 663
1673620 663
1673630 661
1673640 661
1673650 661
1673660 662
1673670 663
1673680 663
1673690 664
1673700 666
1673710 666
1673720 671
1673730 677
1673740 677
1673750 681
1673760 681
1673770 681
1673780 682
1673790 683
1673800 683
1673810 683
1673820 684
1673830 684
1673840 684
1673850 684
1673860 684
1673870 683
1673880 681
1673890 681
1673900 679
1673910 677
1673920 677
1673930 674
1673940 668
1673950 673
1673960 670
1673970 670
1673980 670
1673990 670
1674000 669
1674010 666
1674020 666
1674030 662
1674040 659
1674050 659
1674060 658
1674070 658
1674080 658
1674090 661
1674100 665
1674110 665
1674120 667
1674130 669
1674140 669
1674150 670
1674160 670
1674170 670
1674180 670
1674190 669
1674200 669
1674210 669
1674220 667
1674230 667
1674240 665
1674250 662
1674260 662
1674270 662
1674280 661
1674290 661
1674300 659
1674310 656
1674320 656
1674330 654
1674340 652
1674350 652
1674360 650
1674370 648
1674380 648
1674390 647
1674400 646
1674410 646
1674420 643
1674430 642
1674440 642
1674450 643
1674460 642
1674470 642
1674480 636
1674490 628
1674500 628
1674510 622
1674520 615
1674530 615
1674540 608
1674550 600
1674560 600
1674570 593
1674580 589
1674590 589
1674600 593
1674610 603
1674620 603
1674630 610
1674640 617
1674650 617
1674660 623
1674670 628
1674680 628
1674690 630
1674700 629
1674710 629
1674720 627
1674730 625
1674740 625
1674750 625
1674760 626
1674770 627
1674780 627
1674790 627
1674800 627
1674810 627
1674820 629
1674830 630
1674840 630
1674850 632
1674860 633
1674870 633
1674880 633
1674890 634
1674900 634
1674910 636
1674920 637
1674930 637
1674940 638
1674950 638
1674960 638
1674970 638
1674980 637
1674990 637
1675000 634
1675010 632
1675020 632
1675030 631
1675040 626
1675050 626
1675060 621
1675070 616
1675080 616
1675090 611
1675100 609
1675110 609
1675120 611
1675130 613
1675140 613
1675150 609
1675160 604
1675170 604
1675180 601
1675190 602
1675200 602
1675210 602
1675220 600
1675230 600
1675240 597
1675250 595
1675260 595
1675270 595
1675280 593
1675290 593
1675300 592
1675310 595
1675320 595
1675330 592
1675340 587
1675350 587
1675360 582
1675370 580
1675380 580
1675390 578
1675400 578
1675410 578
1675420 578
1675430 579
1675440 579
1675450 579
1675460 578
1675470 575
1675480 575
1675490 574
1675500 573
1675510 573
1675520 570
1675530 567
1675540 567
1675550 564
1675560 563
1675570 563
1675580 559
1675590 555
1675600 555
1675610 553
1675620 551
1675630 551
1675640 550
1675650 549
1675660 549
1675670 547
1675680 547
1675690 547
1675700 547
1675710 546
1675720 546
1675730 546
1675740 545
1675750 545
1675760 544
1675770 543
1675780 543
1675790 543
1675800 545
1675810 545
1675820 556
1675830 565
1675840 565
1675850 570
1675860 580
1675870 580
1675880 583
1675890 586
1675900 586
1675910 583
1675920 580
1675930 580
1675940 579
1675950 579
1675960 579
1675970 586
1675980 593
1675990 593
1676000 601
1676010 608
1676020 608
1676030 616
1676040 626
1676050 626
1676060 634
1676070 641
1676080 641
1676090 650
1676100 659
1676110 659
1676120 660
1676130 660
1676140 663
1676150 663
1676160 667
1676170 671
1676180 671
1676190 675
1676200 675
1676210 675
1676220 676
1676230 676
1676240 676
1676250 676
1676260 676
1676270 676
1676280 677
1676290 679
1676300 679
1676310 680
1676320 681
1676330 681
1676340 683
1676350 684
1676360 684
1676370 685
1676380 686
1676390 686
1676400 688
1676410 690
1676420 690
1676430 691
1676440 691
1676450 691
1676460 689
1676470 688
1676480 688
1676490 689
1676500 690
1676510 690
1676520 691
1676530 693
1676540 693
1676550 694
1676560 696
1676570 696
1676580 698
1676590 700
1676600 700
1676610 702
1676620 705
1676630 705
1676640 707
1676650 711
1676660 711
1676670 716
1676680 720
1676690 720
1676700 725
1676710 730
1676720 730
1676730 735
1676740 740
1676750 740
1676760 746
1676770 751
1676780 751
1676790 757
1676800 762
1676810 762
1676820 768
1676830 774
1676840 780
1676850 780
1676860 786
1676870 792
1676880 792
1676890 798
1676900 804
1676910 804
1676920 811
1676930 817
1676940 817
1676950 823
1676960 827
1676970 827
1676980 831
1676990 836
1677000 836
1677010 841
1677020 846
1677030 846
1677040 852
1677050 857
1677060 857
1677070 861
1677080 865
1677090 865
1677100 867
1677110 870
1677120 870
1677130 874
1677140 878
1677150 878
1677160 882
1677170 886
1677180 886
1677190 890
1677200 895
1677210 895
1677220 900
1677230 906
1677240 906
1677250 911
1677260 916
1677270 916
1677280 922
1677290 928
1677300 928
1677310 933
1677320 940
1677330 940
1677340 944
1677350 948
1677360 948
1677370 952
1677380 957
1677390 957
1677400 963
1677410 969
1677420 969
1677430 975
1677440 981
1677450 981
1677460 988
1677470 993
1677480 993
1677490 995
1677500 995
1677510 995
1677520 994
1677530 995
1677540 995
1677550 998
1677560 1000
1677570 1000
1677580 1000
1677590 998
1677600 996
1677610 996
1677620 993
1677630 989
1677640 989
1677650 986
1677660 984
1677670 984
1677680 982
1677690 980
1677700 980
1677710 977
1677720 972
1677730 972
1677740 966
1677750 959
1677760 959
1677770 953
1677780 948
1677790 948
1677800 943
1677810 938
1677820 938
1677830 933
1677840 929
1677850 929
1677860 926
1677870 923
1677880 923
1677890 919
1677900 915
1677910 915
1677920 912
1677930 909
1677940 909
1677950 906
1677960 904
1677970 904
1677980 901
1677990 898
1678000 898
1678010 895
1678020 893
1678030 893
1678040 893
1678050 894
1678060 894
1678070 893
1678080 893
1678090 893
1678100 892
1678110 889
1678120 889
1678130 885
1678140 882
1678150 882
1678160 882
1678170 882
1678180 882
1678190 882
1678200 882
1678210 882
1678220 884
1678230 885
1678240 885
1678250 886
1678260 888
1678270 889
1678280 889
1678290 889
1678300 891
1678310 891
1678320 893
1678330 896
1678340 896
1678350 899
1678360 898
1678370 898
1678380 900
1678390 905
1678400 905
1678410 910
1678420 915
1678430 915
1678440 923
1678450 925
1678460 925
1678470 921
1678480 915
1678490 915
1678500 911
1678510 911
1678520 911
1678530 910
1678540 907
1678550 907
1678560 904
1678570 902
1678580 902
1678590 900
1678600 898
1678610 898
1678620 895
1678630 894
1678640 894
1678650 901
1678660 897
1678670 897
1678680 894
1678690 890
1678700 890
1678710 891
1678720 891
1678730 891
1678740 889
1678750 889
1678760 889
1678770 887
1678780 882
1678790 882
1678800 878
1678810 875
1678820 875
1678830 871
1678840 869
1678850 869
1678860 867
1678870 863
1678880 863
1678890 859
1678900 855
1678910 855
1678920 852
1678930 850
1678940 850
1678950 846
1678960 843
1678970 839
1678980 839
1678990 838
1679000 836
1679010 836
1679020 836
1679030 836
1679040 836
1679050 834
1679060 832
1679070 832
1679080 832
1679090 833
1679100 833
1679110 833
1679120 834
1679130 834
1679140 836
1679150 839
1679160 839
1679170 843
1679180 846
1679190 846
1679200 850
1679210 855
1679220 855
1679230 859
1679240 863
1679250 863
1679260 868
1679270 872
1679280 872
1679290 875
1679300 879
1679310 873
1679320 877
1679330 881
1679340 881
1679350 886
1679360 891
1679370 891
1679380 895
1679390 900
1679400 900
1679410 904
1679420 908
1679430 908
1679440 912
1679450 915
1679460 915
1679470 918
1679480 921
1679490 921
1679500 923
1679510 925
1679520 925
1679530 927
1679540 929
1679550 929
1679560 931
1679570 933
1679580 933
1679590 935
1679600 937
1679610 937
1679620 939
1679630 941
1679640 941
1679650 943
1679660 944
1679670 944
1679680 945
1679690 946
1679700 947
1679710 947
1679720 949
1679730 951
1679740 951
1679750 954
1679760 956
1679770 956
1679780 958
1679790 961
1679800 961
1679810 962
1679820 964
1679830 964
1679840 965
1679850 966
1679860 966
1679870 967
1679880 967
1679890 967
1679900 967
1679910 966
1679920 966
1679930 965
1679940 964
1679950 964
1679960 961
1679970 952
1679980 952
1679990 947
