1660000 690
1660010 688
1660020 688
1660030 686
1660040 682
1660050 682
1660060 678
1660070 674
1660080 674
1660090 669
1660100 665
1660110 665
1660120 662
1660130 658
1660140 658
1660150 656
1660160 653
1660170 653
1660180 651
1660190 650
1660200 650
1660210 648
1660220 647
1660230 647
1660240 645
1660250 644
1660260 644
1660270 644
1660280 645
1660290 648
1660300 648
1660310 653
1660320 658
1660330 658
1660340 661
1660350 661
1660360 661
1660370 661
1660380 666
1660390 666
1660400 672
1660410 676
1660420 676
1660430 679
1660440 683
1660450 683
1660460 688
1660470 692
1660480 692
1660490 697
1660500 702
1660510 702
1660520 706
1660530 709
1660540 709
1660550 715
1660560 720
1660570 720
1660580 726
1660590 733
1660600 733
1660610 738
1660620 744
1660630 744
1660640 749
1660650 755
1660660 755
1660670 760
1660680 766
1660690 766
1660700 771
1660710 775
1660720 775
1660730 780
1660740 784
1660750 784
1660760 788
1660770 791
1660780 791
1660790 793
1660800 796
1660810 796
1660820 799
1660830 803
1660840 803
1660850 806
1660860 810
1660870 810
1660880 813
1660890 815
1660900 815
1660910 817
1660920 817
1660930 817
1660940 815
1660950 811
1660960 806
1660970 806
1660980 801
1660990 797
1661000 797
1661010 792
1661020 785
1661030 785
1661040 782
1661050 780
1661060 780
1661070 775
1661080 768
1661090 768
1661100 763
1661110 757
1661120 757
1661130 751
1661140 746
1661150 746
1661160 741
1661170 737
1661180 737
1661190 732
1661200 727
1661210 727
1661220 723
1661230 720
1661240 720
1661250 716
1661260 710
1661270 710
1661280 711
1661290 711
1661300 711
1661310 710
1661320 710
1661330 710
1661340 709
1661350 708
1661360 708
1661370 706
1661380 703
1661390 703
1661400 700
1661410 696
1661420 696
1661430 692
1661440 686
1661450 686
1661460 679
1661470 673
1661480 673
1661490 671
1661500 671
1661510 671
1661520 671
1661530 672
1661540 672
1661550 674
1661560 675
1661570 675
1661580 676
1661590 677
1661600 677
1661610 678
1661620 678
1661630 678
1661640 677
1661650 676
1661660 676
1661670 674
1661680 672
1661690 670
1661700 670
1661710 668
1661720 666
1661730 666
1661740 664
1661750 661
1661760 661
1661770 657
1661780 653
1661790 653
1661800 647
1661810 641
1661820 641
1661830 636
1661840 631
1661850 631
1661860 627
1661870 622
1661880 622
1661890 617
1661900 614
1661910 614
1661920 613
1661930 612
1661940 612
1661950 608
1661960 604
1661970 604
1661980 603
1661990 601
1662000 601
1662010 603
1662020 607
1662030 607
1662040 612
1662050 618
1662060 618
1662070 623
1662080 626
1662090 626
1662100 626
1662110 627
1662120 627
1662130 630
1662140 635
1662150 635
1662160 639
1662170 641
1662180 641
1662190 642
1662200 641
1662210 641
1662220 639
1662230 638
1662240 638
1662250 639
1662260 638
1662270 638
1662280 639
1662290 640
1662300 640
1662310 639
1662320 636
1662330 636
1662340 631
1662350 626
1662360 626
1662370 625
1662380 627
1662390 627
1662400 629
1662410 630
1662420 631
1662430 631
1662440 633
1662450 633
1662460 633
1662470 632
1662480 630
1662490 630
1662500 628
1662510 625
1662520 625
1662530 622
1662540 620
1662550 620
1662560 618
1662570 616
1662580 616
1662590 615
1662600 613
1662610 613
1662620 610
1662630 607
1662640 607
1662650 602
1662660 596
1662670 596
1662680 589
1662690 583
1662700 583
1662710 578
1662720 570
1662730 570
1662740 566
1662750 562
1662760 562
1662770 559
1662780 556
1662790 556
1662800 553
1662810 545
1662820 545
1662830 536
1662840 525
1662850 525
1662860 523
1662870 524
1662880 524
1662890 533
1662900 538
1662910 538
1662920 544
1662930 550
1662940 550
1662950 556
1662960 562
1662970 562
1662980 568
1662990 574
1663000 574
1663010 580
1663020 586
1663030 586
1663040 592
1663050 598
1663060 598
1663070 604
1663080 611
1663090 611
1663100 617
1663110 623
1663120 623
1663130 630
1663140 635
1663150 642
1663160 642
1663170 648
1663180 655
1663190 655
1663200 661
1663210 666
1663220 666
1663230 672
1663240 678
1663250 678
1663260 684
1663270 690
1663280 690
1663290 696
1663300 701
1663310 701
1663320 707
1663330 712
1663340 712
1663350 718
1663360 724
1663370 724
1663380 730
1663390 736
1663400 736
1663410 741
1663420 746
1663430 746
1663440 751
1663450 756
1663460 756
1663470 760
1663480 764
1663490 764
1663500 766
1663510 767
1663520 767
1663530 768
1663540 768
1663550 768
1663560 769
1663570 771
1663580 771
1663590 772
1663600 774
1663610 774
1663620 776
1663630 778
1663640 778
1663650 780
1663660 783
1663670 783
1663680 787
1663690 791
1663700 791
1663710 794
1663720 797
1663730 797
1663740 801
1663750 804
1663760 804
1663770 808
1663780 812
1663790 812
1663800 815
1663810 819
1663820 819
1663830 822
1663840 824
1663850 824
1663860 826
1663870 828
1663880 831
1663890 831
1663900 833
1663910 836
1663920 836
1663930 839
1663940 842
1663950 842
1663960 845
1663970 849
1663980 849
1663990 853
1664000 857
1664010 857
1664020 861
1664030 864
1664040 864
1664050 868
1664060 872
1664070 872
1664080 876
1664090 881
1664100 881
1664110 885
1664120 892
1664130 892
1664140 897
1664150 903
1664160 899
1664170 905
1664180 912
1664190 912
1664200 918
1664210 925
1664220 925
1664230 930
1664240 937
1664250 937
1664260 941
1664270 945
1664280 945
1664290 947
1664300 950
1664310 950
1664320 953
1664330 957
1664340 957
1664350 961
1664360 964
1664370 964
1664380 966
1664390 968
1664400 968
1664410 969
1664420 971
1664430 971
1664440 975
1664450 979
1664460 979
1664470 984
1664480 989
1664490 989
1664500 994
1664510 995
1664520 995
1664530 994
1664540 994
1664550 994
1664560 993
1664570 992
1664580 990
1664590 990
1664600 988
1664610 986
1664620 986
1664630 984
1664640 983
1664650 983
1664660 983
1664670 983
1664680 983
1664690 985
1664700 986
1664710 986
1664720 987
1664730 988
1664740 988
1664750 989
1664760 990
1664770 990
1664780 990
1664790 990
1664800 990
1664810 988
1664820 986
1664830 986
1664840 983
1664850 980
1664860 980
1664870 988
1664880 986
1664890 986
1664900 983
1664910 974
1664920 974
1664930 965
1664940 959
1664950 959
1664960 955
1664970 952
1664980 952
1664990 950
1665000 948
1665010 948
1665020 946
1665030 945
1665040 945
1665050 945
1665060 947
1665070 947
1665080 949
1665090 951
1665100 951
1665110 953
1665120 956
1665130 956
1665140 960
1665150 964
1665160 964
1665170 968
1665180 973
1665190 973
1665200 980
1665210 987
1665220 987
1665230 993
1665240 999
1665250 999
1665260 1006
1665270 1013
1665280 1013
1665290 1019
1665300 1026
1665310 1032
1665320 1032
1665330 1038
1665340 1043
1665350 1043
1665360 1050
1665370 1057
1665380 1057
1665390 1055
1665400 1048
1665410 1048
1665420 1034
1665430 1027
1665440 1027
1665450 1023
1665460 1022
1665470 1022
1665480 1021
1665490 1021
1665500 1021
1665510 1021
1665520 1021
1665530 1021
1665540 1021
1665550 1021
1665560 1021
1665570 1021
1665580 1021
1665590 1016
1665600 1016
1665610 1016
1665620 1016
1665630 1016
1665640 1017
1665650 1017
1665660 1019
1665670 1021
1665680 1021
1665690 1023
1665700 1025
1665710 1025
1665720 1028
1665730 1031
1665740 1031
1665750 1034
1665760 1037
1665770 1037
1665780 1041
1665790 1044
1665800 1044
1665810 1049
1665820 1053
1665830 1053
1665840 1059
1665850 1064
1665860 1064
1665870 1069
1665880 1074
1665890 1074
1665900 1078
1665910 1083
1665920 1083
1665930 1086
1665940 1089
1665950 1089
1665960 1093
1665970 1095
1665980 1095
1665990 1099
1666000 1102
1666010 1102
1666020 1104
1666030 1103
1666040 1102
1666050 1102
1666060 1101
1666070 1101
1666080 1101
1666090 1101
1666100 1102
1666110 1102
1666120 1104
1666130 1105
1666140 1105
1666150 1105
1666160 1105
1666170 1105
1666180 1105
1666190 1105
1666200 1105
1666210 1103
1666220 1101
1666230 1101
1666240 1099
1666250 1096
1666260 1096
1666270 1093
1666280 1089
1666290 1089
1666300 1090
1666310 1087
1666320 1087
1666330 1083
1666340 1080
1666350 1080
1666360 1076
1666370 1072
1666380 1072
1666390 1069
1666400 1065
1666410 1065
1666420 1061
1666430 1057
1666440 1057
1666450 1054
1666460 1050
1666470 1050
1666480 1046
1666490 1042
1666500 1042
1666510 1039
1666520 1036
1666530 1036
1666540 1033
1666550 1029
1666560 1029
1666570 1027
1666580 1024
1666590 1024
1666600 1021
1666610 1019
1666620 1019
1666630 1016
1666640 1014
1666650 1014
1666660 1011
1666670 1009
1666680 1009
1666690 1006
1666700 1003
1666710 1003
1666720 1000
1666730 997
1666740 997
1666750 995
1666760 992
1666770 990
1666780 990
1666790 988
1666800 985
1666810 985
1666820 983
1666830 981
1666840 981
1666850 978
1666860 975
1666870 975
1666880 972
1666890 969
1666900 969
1666910 966
1666920 964
1666930 964
1666940 962
1666950 959
1666960 959
1666970 956
1666980 953
1666990 953
1667000 951
1667010 952
1667020 952
1667030 948
1667040 946
1667050 946
1667060 944
1667070 941
1667080 941
1667090 937
1667100 935
1667110 935
1667120 932
1667130 929
1667140 929
1667150 927
1667160 924
1667170 924
1667180 922
1667190 919
1667200 919
1667210 916
1667220 911
1667230 911
1667240 906
1667250 902
1667260 902
1667270 898
1667280 895
1667290 895
1667300 892
1667310 888
1667320 888
1667330 885
1667340 881
1667350 881
1667360 876
1667370 872
1667380 872
1667390 871
1667400 872
1667410 872
1667420 874
1667430 877
1667440 877
1667450 879
1667460 880
1667470 880
1667480 881
1667490 882
1667500 882
1667510 882
1667520 882
1667530 882
1667540 882
1667550 882
1667560 882
1667570 882
1667580 882
1667590 882
1667600 882
1667610 881
1667620 881
1667630 881
1667640 880
1667650 880
1667660 880
1667670 879
1667680 878
1667690 878
1667700 876
1667710 879
1667720 879
1667730 877
1667740 875
1667750 875
1667760 872
1667770 870
1667780 870
1667790 869
1667800 866
1667810 866
1667820 863
1667830 861
1667840 861
1667850 860
1667860 859
1667870 859
1667880 858
1667890 857
1667900 857
1667910 855
1667920 853
1667930 853
1667940 851
1667950 851
1667960 851
1667970 852
1667980 852
1667990 852
1668000 853
1668010 854
1668020 854
1668030 854
1668040 855
1668050 855
1668060 855
1668070 854
1668080 854
1668090 854
1668100 854
1668110 854
1668120 853
1668130 853
1668140 853
1668150 854
1668160 854
1668170 854
1668180 853
1668190 853
1668200 853
1668210 853
1668220 853
1668230 852
1668240 852
1668250 851
1668260 848
1668270 848
1668280 844
1668290 841
1668300 841
1668310 838
1668320 836
1668330 836
1668340 836
1668350 836
1668360 836
1668370 836
1668380 836
1668390 836
1668400 836
1668410 840
1668420 840
1668430 843
1668440 845
1668450 845
1668460 846
1668470 845
1668480 845
1668490 845
1668500 847
1668510 847
1668520 849
1668530 851
1668540 851
1668550 852
1668560 854
1668570 854
1668580 855
1668590 857
1668600 857
1668610 858
1668620 859
1668630 859
1668640 860
1668650 861
1668660 861
1668670 862
1668680 862
1668690 862
1668700 862
1668710 861
1668720 861
1668730 861
1668740 860
1668750 860
1668760 859
1668770 859
1668780 859
1668790 859
1668800 859
1668810 859
1668820 859
1668830 858
1668840 858
1668850 857
1668860 855
1668870 855
1668880 853
1668890 850
1668900 850
1668910 849
1668920 848
1668930 848
1668940 848
1668950 848
1668960 848
1668970 848
1668980 848
1668990 848
1669000 848
1669010 848
1669020 848
1669030 848
1669040 849
1669050 849
1669060 849
1669070 850
1669080 851
1669090 851
1669100 852
1669110 856
1669120 856
1669130 857
1669140 857
1669150 857
1669160 857
1669170 858
1669180 858
1669190 859
1669200 859
1669210 859
1669220 860
1669230 861
1669240 861
1669250 862
1669260 862
1669270 862
1669280 863
1669290 862
1669300 862
1669310 862
1669320 863
1669330 863
1669340 863
1669350 863
1669360 863
1669370 864
1669380 865
1669390 865
1669400 865
1669410 865
1669420 865
1669430 866
1669440 866
1669450 866
1669460 866
1669470 866
1669480 866
1669490 867
1669500 868
1669510 868
1669520 868
1669530 868
1669540 868
1669550 868
1669560 868
1669570 868
1669580 868
1669590 868
1669600 868
1669610 868
1669620 868
1669630 868
1669640 867
1669650 866
1669660 865
1669670 865
1669680 864
1669690 862
1669700 862
1669710 860
1669720 858
1669730 858
1669740 856
1669750 854
1669760 854
1669770 851
1669780 849
1669790 849
1669800 846
1669810 844
1669820 844
1669830 841
1669840 838
1669850 838
1669860 835
1669870 831
1669880 831
1669890 828
1669900 825
1669910 825
1669920 822
1669930 818
1669940 818
1669950 814
1669960 810
1669970 810
1669980 806
1669990 802
1670000 802
1670010 799
1670020 796
1670030 796
1670040 792
1670050 791
1670060 791
1670070 789
1670080 787
1670090 787
1670100 785
1670110 784
1670120 784
1670130 782
1670140 782
1670150 782
1670160 781
1670170 780
1670180 780
1670190 779
1670200 779
1670210 779
1670220 778
1670230 777
1670240 777
1670250 776
1670260 775
1670270 775
1670280 774
1670290 773
1670300 773
1670310 771
1670320 768
1670330 768
1670340 764
1670350 759
1670360 759
1670370 756
1670380 752
1670390 747
1670400 747
1670410 742
1670420 741
1670430 741
1670440 746
1670450 752
1670460 752
1670470 758
1670480 763
1670490 763
1670500 769
1670510 774
1670520 774
1670530 778
1670540 782
1670550 782
1670560 786
1670570 789
1670580 789
1670590 792
1670600 795
1670610 795
1670620 797
1670630 799
1670640 799
1670650 800
1670660 801
1670670 801
1670680 802
1670690 803
1670700 803
1670710 803
1670720 803
1670730 803
1670740 803
1670750 804
1670760 804
1670770 803
1670780 802
1670790 802
1670800 801
1670810 799
1670820 799
1670830 797
1670840 795
1670850 795
1670860 794
1670870 792
1670880 792
1670890 791
1670900 791
1670910 791
1670920 790
1670930 789
1670940 789
1670950 788
1670960 787
1670970 787
1670980 787
1670990 787
1671000 787
1671010 787
1671020 787
1671030 787
1671040 787
1671050 787
1671060 787
1671070 786
1671080 786
1671090 785
1671100 785
1671110 785
1671120 784
1671130 784
1671140 784
1671150 782
1671160 782
1671170 781
1671180 780
1671190 783
1671200 781
1671210 779
1671220 779
1671230 777
1671240 775
1671250 775
1671260 773
1671270 770
1671280 770
1671290 769
1671300 767
1671310 767
1671320 765
1671330 759
1671340 759
1671350 753
1671360 747
1671370 747
1671380 743
1671390 744
1671400 744
1671410 750
1671420 754
1671430 754
1671440 758
1671450 762
1671460 762
1671470 765
1671480 768
1671490 768
1671500 772
1671510 775
1671520 775
1671530 778
1671540 782
1671550 782
1671560 784
1671570 787
1671580 787
1671590 789
1671600 792
1671610 792
1671620 795
1671630 798
1671640 798
1671650 801
1671660 803
1671670 803
1671680 806
1671690 808
1671700 808
1671710 810
1671720 812
1671730 812
1671740 815
1671750 817
1671760 817
1671770 819
1671780 821
1671790 821
1671800 824
1671810 827
1671820 829
1671830 829
1671840 832
1671850 834
1671860 834
1671870 836
1671880 838
1671890 838
1671900 841
1671910 843
1671920 843
1671930 846
1671940 848
1671950 848
1671960 850
1671970 853
1671980 853
1671990 855
1672000 858
1672010 858
1672020 860
1672030 863
1672040 863
1672050 865
1672060 868
1672070 868
1672080 870
1672090 873
1672100 873
1672110 876
1672120 878
1672130 878
1672140 881
1672150 884
1672160 884
1672170 887
1672180 890
1672190 890
1672200 893
1672210 897
1672220 897
1672230 901
1672240 906
1672250 906
1672260 910
1672270 915
1672280 915
1672290 920
1672300 925
1672310 925
1672320 930
1672330 935
1672340 935
1672350 940
1672360 945
1672370 945
1672380 949
1672390 952
1672400 952
1672410 956
1672420 960
1672430 960
1672440 964
1672450 965
1672460 965
1672470 966
1672480 966
1672490 966
1672500 966
1672510 966
1672520 966
1672530 966
1672540 966
1672550 966
1672560 966
1672570 969
1672580 967
1672590 967
1672600 966
1672610 965
1672620 965
1672630 965
1672640 965
1672650 965
1672660 965
1672670 965
1672680 965
1672690 964
1672700 964
1672710 964
1672720 964
1672730 964
1672740 964
1672750 964
1672760 963
1672770 963
1672780 962
1672790 960
1672800 960
1672810 959
1672820 957
1672830 957
1672840 955
1672850 954
1672860 954
1672870 952
1672880 952
1672890 952
1672900 952
1672910 951
1672920 951
1672930 951
1672940 951
1672950 951
1672960 951
1672970 951
1672980 951
1672990 950
1673000 950
1673010 950
1673020 949
1673030 948
1673040 948
1673050 947
1673060 945
1673070 945
1673080 943
1673090 942
1673100 942
1673110 940
1673120 939
1673130 939
1673140 938
1673150 937
1673160 937
1673170 936
1673180 936
1673190 936
1673200 935
1673210 934
1673220 934
1673230 934
1673240 934
1673250 937
1673260 937
1673270 937
1673280 937
1673290 937
1673300 937
1673310 937
1673320 937
1673330 937
1673340 936
1673350 936
1673360 936
1673370 935
1673380 935
1673390 933
1673400 932
1673410 932
1673420 930
1673430 929
1673440 929
1673450 927
1673460 926
1673470 926
1673480 924
1673490 922
1673500 922
1673510 921
1673520 919
1673530 919
1673540 917
1673550 914
1673560 914
1673570 911
1673580 907
1673590 907
1673600 903
1673610 898
1673620 898
1673630 894
1673640 891
1673650 891
1673660 888
1673670 885
1673680 885
1673690 881
1673700 878
1673710 878
1673720 875
1673730 870
1673740 870
1673750 865
1673760 860
1673770 860
1673780 855
1673790 850
1673800 850
1673810 844
1673820 837
1673830 837
1673840 832
1673850 827
1673860 827
1673870 823
1673880 819
1673890 819
1673900 816
1673910 813
1673920 813
1673930 810
1673940 810
1673950 810
1673960 807
1673970 804
1673980 804
1673990 801
1674000 799
1674010 797
1674020 797
1674030 796
1674040 794
1674050 794
1674060 790
1674070 785
1674080 785
1674090 779
1674100 773
1674110 773
1674120 771
1674130 776
1674140 776
1674150 779
1674160 782
1674170 782
1674180 785
1674190 789
1674200 789
1674210 793
1674220 796
1674230 796
1674240 799
1674250 801
1674260 801
1674270 803
1674280 805
1674290 805
1674300 807
1674310 808
1674320 808
1674330 811
1674340 813
1674350 813
1674360 815
1674370 817
1674380 817
1674390 817
1674400 819
1674410 819
1674420 821
1674430 822
1674440 822
1674450 821
1674460 822
1674470 822
1674480 820
1674490 820
1674500 820
1674510 822
1674520 823
1674530 823
1674540 824
1674550 828
1674560 828
1674570 834
1674580 839
1674590 839
1674600 843
1674610 851
1674620 851
1674630 855
1674640 859
1674650 859
1674660 862
1674670 866
1674680 866
1674690 870
1674700 873
1674710 873
1674720 876
1674730 878
1674740 879
1674750 879
1674760 879
1674770 879
1674780 879
1674790 878
1674800 878
1674810 878
1674820 877
1674830 877
1674840 877
1674850 877
1674860 877
1674870 877
1674880 876
1674890 875
1674900 875
1674910 874
1674920 872
1674930 872
1674940 870
1674950 868
1674960 868
1674970 865
1674980 862
1674990 862
1675000 856
1675010 849
1675020 849
1675030 841
1675040 833
1675050 833
1675060 826
1675070 820
1675080 820
1675090 814
1675100 809
1675110 809
1675120 804
1675130 801
1675140 801
1675150 797
1675160 794
1675170 794
1675180 791
1675190 788
1675200 788
1675210 783
1675220 781
1675230 781
1675240 780
1675250 779
1675260 779
1675270 779
1675280 780
1675290 783
1675300 783
1675310 784
1675320 784
1675330 785
1675340 786
1675350 786
1675360 778
1675370 767
1675380 767
1675390 757
1675400 746
1675410 746
1675420 736
1675430 726
1675440 717
1675450 717
1675460 709
1675470 701
1675480 701
1675490 692
1675500 683
1675510 683
1675520 674
1675530 665
1675540 665
1675550 655
1675560 647
1675570 647
1675580 637
1675590 628
1675600 628
1675610 620
1675620 613
1675630 613
1675640 614
1675650 619
1675660 619
1675670 623
1675680 630
1675690 630
1675700 636
1675710 641
1675720 641
1675730 646
1675740 651
1675750 651
1675760 654
1675770 656
1675780 656
1675790 658
1675800 659
1675810 659
1675820 661
1675830 662
1675840 662
1675850 663
1675860 664
1675870 664
1675880 665
1675890 666
1675900 666
1675910 668
1675920 670
1675930 670
1675940 671
1675950 672
1675960 676
1675970 677
1675980 678
1675990 678
1676000 676
1676010 673
1676020 673
1676030 669
1676040 661
1676050 661
1676060 655
1676070 648
1676080 648
1676090 643
1676100 639
1676110 639
1676120 634
1676130 628
1676140 628
1676150 621
1676160 614
1676170 608
1676180 608
1676190 606
1676200 605
1676210 605
1676220 604
1676230 602
1676240 602
1676250 600
1676260 600
1676270 600
1676280 601
1676290 602
1676300 602
1676310 603
1676320 603
1676330 603
1676340 601
1676350 600
1676360 600
1676370 598
1676380 596
1676390 596
1676400 592
1676410 585
1676420 585
1676430 581
1676440 574
1676450 574
1676460 567
1676470 560
1676480 560
1676490 556
1676500 555
1676510 555
1676520 557
1676530 560
1676540 560
1676550 562
1676560 563
1676570 563
1676580 563
1676590 562
1676600 562
1676610 560
1676620 554
1676630 554
1676640 554
1676650 547
1676660 547
1676670 541
1676680 535
1676690 535
1676700 530
1676710 525
1676720 525
1676730 519
1676740 514
1676750 514
1676760 512
1676770 511
1676780 511
1676790 510
1676800 509
1676810 509
1676820 509
1676830 509
1676840 509
1676850 509
1676860 509
1676870 509
1676880 509
1676890 511
1676900 516
1676910 516
1676920 522
1676930 528
1676940 528
1676950 533
1676960 535
1676970 535
1676980 537
1676990 538
1677000 538
1677010 539
1677020 540
1677030 540
1677040 541
1677050 541
1677060 541
1677070 540
1677080 539
1677090 539
1677100 539
1677110 539
1677120 539
1677130 541
1677140 541
1677150 541
1677160 540
1677170 538
1677180 538
1677190 540
1677200 542
1677210 542
1677220 545
1677230 548
1677240 548
1677250 551
1677260 554
1677270 554
1677280 557
1677290 559
1677300 557
1677310 559
1677320 560
1677330 560
1677340 562
1677350 566
1677360 566
1677370 569
1677380 569
1677390 569
1677400 574
1677410 577
1677420 577
1677430 580
1677440 584
1677450 584
1677460 587
1677470 591
1677480 591
1677490 595
1677500 599
1677510 599
1677520 603
1677530 607
1677540 607
1677550 610
1677560 615
1677570 615
1677580 618
1677590 620
1677600 620
1677610 624
1677620 628
1677630 631
1677640 631
1677650 635
1677660 638
1677670 638
1677680 641
1677690 646
1677700 646
1677710 650
1677720 654
1677730 654
1677740 658
1677750 662
1677760 662
1677770 665
1677780 667
1677790 667
1677800 670
1677810 674
1677820 674
1677830 680
1677840 686
1677850 686
1677860 693
1677870 698
1677880 698
1677890 703
1677900 709
1677910 709
1677920 714
1677930 717
1677940 717
1677950 720
1677960 723
1677970 715
1677980 718
1677990 722
1678000 722
1678010 727
1678020 732
1678030 732
1678040 736
1678050 741
1678060 741
1678070 741
1678080 737
1678090 737
1678100 736
1678110 734
1678120 734
1678130 731
1678140 731
1678150 731
1678160 731
1678170 733
1678180 733
1678190 734
1678200 730
1678210 730
1678220 726
1678230 725
1678240 725
1678250 726
1678260 727
1678270 727
1678280 728
1678290 730
1678300 730
1678310 731
1678320 731
1678330 731
1678340 733
1678350 734
1678360 735
1678370 735
1678380 737
1678390 738
1678400 738
1678410 739
1678420 740
1678430 740
1678440 741
1678450 742
1678460 742
1678470 744
1678480 748
1678490 748
1678500 751
1678510 753
1678520 753
1678530 754
1678540 756
1678550 756
1678560 757
1678570 758
1678580 758
1678590 760
1678600 761
1678610 761
1678620 763
1678630 763
1678640 761
1678650 761
1678660 762
1678670 762
1678680 763
1678690 763
1678700 763
1678710 764
1678720 765
1678730 765
1678740 765
1678750 766
1678760 766
1678770 765
1678780 763
1678790 763
1678800 761
1678810 756
1678820 756
1678830 751
1678840 746
1678850 746
1678860 742
1678870 737
1678880 737
1678890 733
1678900 730
1678910 730
1678920 729
1678930 727
1678940 727
1678950 726
1678960 725
1678970 725
1678980 724
1678990 723
1679000 723
1679010 722
1679020 719
1679030 719
1679040 714
1679050 709
1679060 709
1679070 705
1679080 702
1679090 700
1679100 700
1679110 698
1679120 696
1679130 696
1679140 696
1679150 695
1679160 695
1679170 694
1679180 692
1679190 692
1679200 690
1679210 685
1679220 685
1679230 681
1679240 677
1679250 677
1679260 671
1679270 667
1679280 667
1679290 665
1679300 666
1679310 666
1679320 664
1679330 662
1679340 662
1679350 660
1679360 656
1679370 656
1679380 652
1679390 650
1679400 650
1679410 649
1679420 648
1679430 648
1679440 649
1679450 648
1679460 648
1679470 649
1679480 648
1679490 648
1679500 647
1679510 644
1679520 644
1679530 637
1679540 630
1679550 630
1679560 623
1679570 617
1679580 617
1679590 611
1679600 606
1679610 606
1679620 600
1679630 594
1679640 594
1679650 589
1679660 582
1679670 582
1679680 577
1679690 572
1679700 572
1679710 566
1679720 561
1679730 561
1679740 553
1679750 546
1679760 546
1679770 542
1679780 540
1679790 540
1679800 539
1679810 539
1679820 540
1679830 540
1679840 539
1679850 538
1679860 538
1679870 542
1679880 552
1679890 552
1679900 560
1679910 564
1679920 564
1679930 567
1679940 569
1679950 569
1679960 573
1679970 576
1679980 576
1679990 579
