1660000 614
1660010 616
1660020 617
1660030 617
1660040 619
1660050 620
1660060 620
1660070 621
1660080 622
1660090 624
1660100 624
1660110 626
1660120 628
1660130 628
1660140 630
1660150 632
1660160 632
1660170 632
1660180 634
1660190 634
1660200 636
1660210 637
1660220 637
1660230 639
1660240 640
1660250 640
1660260 641
1660270 643
1660280 643
1660290 646
1660300 650
1660310 650
1660320 654
1660330 660
1660340 660
1660350 665
1660360 671
1660370 671
1660380 677
1660390 683
1660400 683
1660410 687
1660420 687
1660430 687
1660440 683
1660450 678
1660460 678
1660470 673
1660480 668
1660490 668
1660500 664
1660510 660
1660520 660
1660530 657
1660540 654
1660550 654
1660560 651
1660570 647
1660580 647
1660590 642
1660600 638
1660610 638
1660620 633
1660630 629
1660640 629
1660650 626
1660660 627
1660670 625
1660680 628
1660690 631
1660700 631
1660710 634
1660720 634
1660730 634
1660740 633
1660750 628
1660760 628
1660770 623
1660780 617
1660790 617
1660800 611
1660810 608
1660820 608
1660830 608
1660840 611
1660850 612
1660860 612
1660870 609
1660880 605
1660890 605
1660900 603
1660910 602
1660920 602
1660930 601
1660940 598
1660950 598
1660960 596
1660970 595
1660980 595
1660990 592
1661000 597
1661010 597
1661020 602
1661030 605
1661040 605
1661050 605
1661060 603
1661070 603
1661080 601
1661090 602
1661100 602
1661110 604
1661120 609
1661130 609
1661140 614
1661150 619
1661160 619
1661170 624
1661180 629
1661190 629
1661200 634
1661210 639
1661220 639
1661230 643
1661240 644
1661250 644
1661260 639
1661270 633
1661280 633
1661290 626
1661300 618
1661310 618
1661320 613
1661330 608
1661340 608
1661350 605
1661360 611
1661370 611
1661380 616
1661390 620
1661400 618
1661410 622
1661420 625
1661430 625
1661440 628
1661450 631
1661460 631
1661470 634
1661480 636
1661490 636
1661500 640
1661510 642
1661520 642
1661530 643
1661540 645
1661550 645
1661560 645
1661570 645
1661580 642
1661590 642
1661600 637
1661610 632
1661620 632
1661630 627
1661640 623
1661650 623
1661660 622
1661670 623
1661680 623
1661690 627
1661700 632
1661710 632
1661720 634
1661730 631
1661740 631
1661750 625
1661760 621
1661770 621
1661780 620
1661790 620
1661800 620
1661810 621
1661820 622
1661830 622
1661840 623
1661850 624
1661860 624
1661870 626
1661880 629
1661890 629
1661900 631
1661910 634
1661920 634
1661930 637
1661940 639
1661950 639
1661960 641
1661970 643
1661980 643
1661990 645
1662000 646
1662010 646
1662020 647
1662030 648
1662040 648
1662050 648
1662060 649
1662070 649
1662080 649
1662090 649
1662100 649
1662110 648
1662120 648
1662130 642
1662140 642
1662150 641
1662160 641
1662170 639
1662180 636
1662190 636
1662200 633
1662210 635
1662220 635
1662230 638
1662240 638
1662250 638
1662260 637
1662270 634
1662280 634
1662290 633
1662300 637
1662310 637
1662320 642
1662330 648
1662340 654
1662350 654
1662360 658
1662370 664
1662380 664
1662390 668
1662400 671
1662410 671
1662420 672
1662430 669
1662440 669
1662450 668
1662460 669
1662470 669
1662480 668
1662490 666
1662500 666
1662510 665
1662520 664
1662530 664
1662540 664
1662550 664
1662560 664
1662570 664
1662580 663
1662590 663
1662600 663
1662610 663
1662620 663
1662630 663
1662640 662
1662650 662
1662660 662
1662670 662
1662680 662
1662690 662
1662700 662
1662710 662
1662720 661
1662730 661
1662740 661
1662750 660
1662760 660
1662770 660
1662780 659
1662790 658
1662800 658
1662810 656
1662820 654
1662830 654
1662840 652
1662850 645
1662860 645
1662870 644
1662880 644
1662890 644
1662900 643
1662910 641
1662920 641
1662930 640
1662940 638
1662950 638
1662960 633
1662970 628
1662980 628
1662990 624
1663000 620
1663010 620
1663020 616
1663030 613
1663040 613
1663050 609
1663060 605
1663070 601
1663080 601
1663090 595
1663100 588
1663110 588
1663120 580
1663130 574
1663140 574
1663150 568
1663160 562
1663170 562
1663180 558
1663190 554
1663200 554
1663210 550
1663220 548
1663230 548
1663240 544
1663250 539
1663260 539
1663270 534
1663280 529
1663290 529
1663300 524
1663310 520
1663320 520
1663330 516
1663340 509
1663350 509
1663360 501
1663370 496
1663380 496
1663390 494
1663400 496
1663410 496
1663420 502
1663430 511
1663440 511
1663450 513
1663460 512
1663470 512
1663480 508
1663490 501
1663500 501
1663510 498
1663520 498
1663530 498
1663540 499
1663550 499
1663560 499
1663570 507
1663580 510
1663590 510
1663600 515
1663610 520
1663620 520
1663630 524
1663640 527
1663650 527
1663660 530
1663670 533
1663680 533
1663690 537
1663700 540
1663710 540
1663720 541
1663730 542
1663740 542
1663750 542
1663760 541
1663770 541
1663780 538
1663790 534
1663800 534
1663810 532
1663820 532
1663830 530
1663840 530
1663850 530
1663860 528
1663870 528
1663880 524
1663890 523
1663900 523
1663910 523
1663920 523
1663930 523
1663940 522
1663950 520
1663960 520
1663970 519
1663980 523
1663990 523
1664000 528
1664010 533
1664020 533
1664030 539
1664040 541
1664050 541
1664060 540
1664070 540
1664080 540
1664090 540
1664100 540
1664110 540
1664120 542
1664130 547
1664140 547
1664150 550
1664160 549
1664170 549
1664180 546
1664190 545
1664200 545
1664210 549
1664220 555
1664230 555
1664240 562
1664250 568
1664260 568
1664270 570
1664280 570
1664290 576
1664300 577
1664310 577
1664320 577
1664330 578
1664340 580
1664350 580
1664360 581
1664370 582
1664380 582
1664390 583
1664400 583
1664410 583
1664420 584
1664430 584
1664440 584
1664450 583
1664460 582
1664470 582
1664480 582
1664490 583
1664500 583
1664510 581
1664520 581
1664530 581
1664540 584
1664550 586
1664560 587
1664570 587
1664580 587
1664590 588
1664600 588
1664610 589
1664620 590
1664630 590
1664640 590
1664650 591
1664660 591
1664670 591
1664680 591
1664690 591
1664700 591
1664710 591
1664720 591
1664730 590
1664740 588
1664750 588
1664760 586
1664770 583
1664780 583
1664790 576
1664800 570
1664810 570
1664820 570
1664830 567
1664840 567
1664850 563
1664860 561
1664870 561
1664880 559
1664890 555
1664900 555
1664910 549
1664920 548
1664930 548
1664940 549
1664950 550
1664960 550
1664970 551
1664980 552
1664990 552
1665000 553
1665010 556
1665020 556
1665030 559
1665040 560
1665050 560
1665060 558
1665070 557
1665080 557
1665090 558
1665100 560
1665110 560
1665120 564
1665130 566
1665140 566
1665150 570
1665160 573
1665170 573
1665180 574
1665190 577
1665200 577
1665210 578
1665220 578
1665230 578
1665240 574
1665250 569
1665260 569
1665270 567
1665280 565
1665290 565
1665300 565
1665310 567
1665320 567
1665330 567
1665340 564
1665350 566
1665360 566
1665370 566
1665380 566
1665390 566
1665400 568
1665410 570
1665420 570
1665430 575
1665440 581
1665450 581
1665460 586
1665470 591
1665480 591
1665490 594
1665500 597
1665510 597
1665520 598
1665530 594
1665540 594
1665550 588
1665560 585
1665570 585
1665580 589
1665590 594
1665600 594
1665610 598
1665620 602
1665630 602
1665640 604
1665650 607
1665660 607
1665670 608
1665680 610
1665690 610
1665700 611
1665710 611
1665720 605
1665730 603
1665740 605
1665750 605
1665760 607
1665770 610
1665780 610
1665790 610
1665800 610
1665810 610
1665820 609
1665830 611
1665840 611
1665850 611
1665860 619
1665870 619
1665880 625
1665890 630
1665900 630
1665910 633
1665920 637
1665930 637
1665940 641
1665950 645
1665960 645
1665970 648
1665980 651
1665990 651
1666000 655
1666010 658
1666020 658
1666030 661
1666040 664
1666050 664
1666060 667
1666070 669
1666080 671
1666090 671
1666100 674
1666110 676
1666120 676
1666130 678
1666140 680
1666150 680
1666160 683
1666170 685
1666180 685
1666190 687
1666200 689
1666210 689
1666220 691
1666230 693
1666240 693
1666250 696
1666260 699
1666270 699
1666280 703
1666290 707
1666300 707
1666310 711
1666320 715
1666330 715
1666340 719
1666350 722
1666360 722
1666370 724
1666380 726
1666390 726
1666400 727
1666410 728
1666420 728
1666430 724
1666440 724
1666450 724
1666460 722
1666470 720
1666480 720
1666490 717
1666500 713
1666510 713
1666520 710
1666530 705
1666540 705
1666550 702
1666560 698
1666570 698
1666580 697
1666590 700
1666600 700
1666610 701
1666620 701
1666630 701
1666640 697
1666650 693
1666660 693
1666670 691
1666680 690
1666690 690
1666700 689
1666710 688
1666720 688
1666730 689
1666740 686
1666750 686
1666760 681
1666770 673
1666780 673
1666790 668
1666800 671
1666810 675
1666820 675
1666830 680
1666840 689
1666850 689
1666860 694
1666870 698
1666880 698
1666890 704
1666900 710
1666910 710
1666920 716
1666930 722
1666940 722
1666950 729
1666960 734
1666970 734
1666980 741
1666990 748
1667000 748
1667010 757
1667020 765
1667030 765
1667040 769
1667050 773
1667060 773
1667070 778
1667080 782
1667090 782
1667100 786
1667110 789
1667120 789
1667130 793
1667140 804
1667150 804
1667160 808
1667170 812
1667180 812
1667190 816
1667200 821
1667210 821
1667220 828
1667230 836
1667240 836
1667250 842
1667260 847
1667270 847
1667280 853
1667290 858
1667300 858
1667310 864
1667320 870
1667330 870
1667340 876
1667350 882
1667360 882
1667370 888
1667380 894
1667390 894
1667400 901
1667410 907
1667420 907
1667430 914
1667440 920
1667450 920
1667460 926
1667470 932
1667480 932
1667490 936
1667500 939
1667510 939
1667520 942
1667530 944
1667540 944
1667550 946
1667560 947
1667570 948
1667580 948
1667590 948
1667600 947
1667610 947
1667620 946
1667630 944
1667640 944
1667650 942
1667660 940
1667670 940
1667680 937
1667690 934
1667700 934
1667710 932
1667720 929
1667730 929
1667740 926
1667750 923
1667760 923
1667770 919
1667780 916
1667790 916
1667800 912
1667810 909
1667820 909
1667830 906
1667840 898
1667850 898
1667860 896
1667870 894
1667880 894
1667890 893
1667900 892
1667910 892
1667920 891
1667930 891
1667940 891
1667950 889
1667960 888
1667970 888
1667980 886
1667990 884
1668000 884
1668010 881
1668020 878
1668030 878
1668040 874
1668050 870
1668060 870
1668070 865
1668080 859
1668090 859
1668100 854
1668110 848
1668120 848
1668130 842
1668140 837
1668150 837
1668160 830
1668170 825
1668180 825
1668190 820
1668200 815
1668210 815
1668220 809
1668230 804
1668240 804
1668250 798
1668260 793
1668270 793
1668280 788
1668290 784
1668300 779
1668310 779
1668320 772
1668330 762
1668340 762
1668350 760
1668360 768
1668370 768
1668380 772
1668390 772
1668400 772
1668410 773
1668420 771
1668430 771
1668440 765
1668450 767
1668460 767
1668470 776
1668480 786
1668490 786
1668500 792
1668510 797
1668520 797
1668530 803
1668540 809
1668550 809
1668560 814
1668570 819
1668580 819
1668590 824
1668600 828
1668610 828
1668620 833
1668630 836
1668640 836
1668650 840
1668660 843
1668670 843
1668680 847
1668690 850
1668700 850
1668710 853
1668720 855
1668730 855
1668740 857
1668750 859
1668760 859
1668770 860
1668780 860
1668790 860
1668800 860
1668810 858
1668820 858
1668830 857
1668840 854
1668850 854
1668860 852
1668870 849
1668880 849
1668890 846
1668900 842
1668910 842
1668920 839
1668930 835
1668940 835
1668950 832
1668960 829
1668970 829
1668980 825
1668990 820
1669000 820
1669010 816
1669020 812
1669030 812
1669040 809
1669050 805
1669060 802
1669070 802
1669080 799
1669090 796
1669100 796
1669110 794
1669120 791
1669130 791
1669140 788
1669150 783
1669160 783
1669170 777
1669180 772
1669190 772
1669200 768
1669210 764
1669220 764
1669230 761
1669240 755
1669250 755
1669260 757
1669270 759
1669280 759
1669290 762
1669300 764
1669310 764
1669320 766
1669330 768
1669340 768
1669350 769
1669360 771
1669370 771
1669380 772
1669390 773
1669400 773
1669410 773
1669420 772
1669430 772
1669440 770
1669450 768
1669460 768
1669470 765
1669480 762
1669490 762
1669500 756
1669510 758
1669520 758
1669530 766
1669540 773
1669550 773
1669560 780
1669570 785
1669580 785
1669590 790
1669600 794
1669610 794
1669620 798
1669630 801
1669640 801
1669650 804
1669660 808
1669670 808
1669680 810
1669690 813
1669700 813
1669710 817
1669720 820
1669730 820
1669740 823
1669750 827
1669760 827
1669770 831
1669780 835
1669790 835
1669800 840
1669810 844
1669820 848
1669830 848
1669840 852
1669850 857
1669860 857
1669870 861
1669880 866
1669890 866
1669900 870
1669910 873
1669920 873
1669930 874
1669940 869
1669950 869
1669960 868
1669970 867
1669980 867
1669990 865
1670000 863
1670010 863
1670020 861
1670030 859
1670040 859
1670050 858
1670060 857
1670070 857
1670080 855
1670090 854
1670100 854
1670110 853
1670120 851
1670130 851
1670140 849
1670150 847
1670160 847
1670170 845
1670180 842
1670190 842
1670200 840
1670210 838
1670220 838
1670230 836
1670240 835
1670250 835
1670260 834
1670270 832
1670280 832
1670290 830
1670300 827
1670310 827
1670320 824
1670330 826
1670340 826
1670350 830
1670360 834
1670370 834
1670380 837
1670390 841
1670400 841
1670410 845
1670420 846
1670430 846
1670440 848
1670450 849
1670460 849
1670470 849
1670480 849
1670490 849
1670500 849
1670510 850
1670520 850
1670530 851
1670540 854
1670550 855
1670560 855
1670570 858
1670580 861
1670590 861
1670600 865
1670610 868
1670620 868
1670630 871
1670640 876
1670650 876
1670660 880
1670670 884
1670680 884
1670690 888
1670700 893
1670710 893
1670720 897
1670730 902
1670740 902
1670750 907
1670760 913
1670770 913
1670780 920
1670790 924
1670800 924
1670810 927
1670820 929
1670830 929
1670840 927
1670850 924
1670860 924
1670870 921
1670880 919
1670890 919
1670900 917
1670910 917
1670920 917
1670930 917
1670940 920
1670950 920
1670960 922
1670970 925
1670980 925
1670990 927
1671000 931
1671010 931
1671020 934
1671030 938
1671040 938
1671050 942
1671060 946
1671070 946
1671080 950
1671090 954
1671100 954
1671110 958
1671120 962
1671130 962
1671140 965
1671150 966
1671160 966
1671170 967
1671180 968
1671190 968
1671200 968
1671210 969
1671220 969
1671230 970
1671240 971
1671250 971
1671260 972
1671270 973
1671280 973
1671290 974
1671300 976
1671310 978
1671320 978
1671330 981
1671340 983
1671350 983
1671360 984
1671370 985
1671380 985
1671390 986
1671400 987
1671410 987
1671420 987
1671430 988
1671440 988
1671450 988
1671460 988
1671470 988
1671480 987
1671490 986
1671500 986
1671510 985
1671520 984
1671530 984
1671540 983
1671550 982
1671560 982
1671570 981
1671580 980
1671590 980
1671600 980
1671610 980
1671620 980
1671630 980
1671640 980
1671650 980
1671660 980
1671670 981
1671680 981
1671690 982
1671700 983
1671710 983
1671720 984
1671730 985
1671740 985
1671750 986
1671760 986
1671770 986
1671780 987
1671790 988
1671800 988
1671810 988
1671820 988
1671830 988
1671840 988
1671850 988
1671860 988
1671870 988
1671880 986
1671890 986
1671900 985
1671910 984
1671920 984
1671930 984
1671940 984
1671950 984
1671960 985
1671970 985
1671980 985
1671990 986
1672000 986
1672010 986
1672020 987
1672030 988
1672040 988
1672050 988
1672060 989
1672070 990
1672080 990
1672090 990
1672100 991
1672110 991
1672120 992
1672130 992
1672140 992
1672150 993
1672160 994
1672170 994
1672180 995
1672190 996
1672200 996
1672210 997
1672220 998
1672230 998
1672240 999
1672250 1000
1672260 1000
1672270 1001
1672280 1003
1672290 1003
1672300 1003
1672310 1004
1672320 1004
1672330 1005
1672340 1006
1672350 1006
1672360 1006
1672370 1007
1672380 1007
1672390 1007
1672400 1007
1672410 1007
1672420 1007
1672430 1007
1672440 1007
1672450 1006
1672460 1006
1672470 1006
1672480 1005
1672490 1004
1672500 1004
1672510 1004
1672520 1003
1672530 1003
1672540 1002
1672550 1001
1672560 1001
1672570 1000
1672580 1000
1672590 1000
1672600 999
1672610 998
1672620 998
1672630 998
1672640 997
1672650 997
1672660 996
1672670 995
1672680 995
1672690 994
1672700 991
1672710 991
1672720 989
1672730 987
1672740 987
1672750 987
1672760 986
1672770 986
1672780 985
1672790 984
1672800 983
1672810 983
1672820 981
1672830 979
1672840 979
1672850 976
1672860 973
1672870 973
1672880 970
1672890 968
1672900 968
1672910 965
1672920 963
1672930 963
1672940 961
1672950 958
1672960 958
1672970 955
1672980 953
1672990 953
1673000 950
1673010 948
1673020 948
1673030 945
1673040 943
1673050 943
1673060 941
1673070 938
1673080 938
1673090 935
1673100 932
1673110 932
1673120 929
1673130 928
1673140 928
1673150 927
1673160 925
1673170 925
1673180 924
1673190 924
1673200 924
1673210 923
1673220 922
1673230 922
1673240 922
1673250 922
1673260 922
1673270 922
1673280 921
1673290 921
1673300 921
1673310 920
1673320 920
1673330 920
1673340 919
1673350 919
1673360 919
1673370 919
1673380 919
1673390 919
1673400 919
1673410 919
1673420 919
1673430 919
1673440 919
1673450 919
1673460 919
1673470 919
1673480 918
1673490 918
1673500 918
1673510 918
1673520 917
1673530 917
1673540 917
1673550 916
1673560 915
1673570 915
1673580 914
1673590 914
1673600 914
1673610 913
1673620 912
1673630 912
1673640 911
1673650 909
1673660 909
1673670 907
1673680 905
1673690 905
1673700 902
1673710 899
1673720 899
1673730 895
1673740 891
1673750 891
1673760 889
1673770 886
1673780 886
1673790 886
1673800 888
1673810 888
1673820 890
1673830 892
1673840 892
1673850 892
1673860 891
1673870 891
1673880 889
1673890 886
1673900 886
1673910 884
1673920 882
1673930 882
1673940 881
1673950 881
1673960 881
1673970 881
1673980 881
1673990 881
1674000 879
1674010 875
1674020 875
1674030 877
1674040 880
1674050 880
1674060 882
1674070 887
1674080 887
1674090 888
1674100 887
1674110 887
1674120 881
1674130 875
1674140 875
1674150 869
1674160 865
1674170 865
1674180 861
1674190 858
1674200 858
1674210 855
1674220 853
1674230 853
1674240 851
1674250 848
1674260 848
1674270 841
1674280 833
1674290 828
1674300 828
1674310 824
1674320 825
1674330 825
1674340 829
1674350 833
1674360 833
1674370 838
1674380 840
1674390 840
1674400 842
1674410 844
1674420 844
1674430 846
1674440 850
1674450 850
1674460 851
1674470 847
1674480 847
1674490 843
1674500 843
1674510 843
1674520 842
1674530 841
1674540 841
1674550 841
1674560 842
1674570 842
1674580 842
1674590 842
1674600 842
1674610 844
1674620 845
1674630 845
1674640 847
1674650 847
1674660 847
1674670 846
1674680 842
1674690 842
1674700 836
1674710 828
1674720 828
1674730 822
1674740 814
1674750 814
1674760 815
1674770 809
1674780 809
1674790 807
1674800 807
1674810 807
1674820 807
1674830 807
1674840 807
1674850 807
1674860 808
1674870 808
1674880 807
1674890 806
1674900 806
1674910 806
1674920 809
1674930 809
1674940 813
1674950 814
1674960 814
1674970 817
1674980 822
1674990 822
1675000 827
1675010 831
1675020 831
1675030 834
1675040 837
1675050 840
1675060 840
1675070 844
1675080 848
1675090 848
1675100 853
1675110 859
1675120 859
1675130 864
1675140 869
1675150 869
1675160 872
1675170 875
1675180 875
1675190 877
1675200 880
1675210 880
1675220 882
1675230 884
1675240 884
1675250 885
1675260 885
1675270 885
1675280 886
1675290 887
1675300 887
1675310 888
1675320 889
1675330 889
1675340 891
1675350 892
1675360 892
1675370 894
1675380 895
1675390 895
1675400 896
1675410 898
1675420 896
1675430 897
1675440 897
1675450 897
1675460 898
1675470 898
1675480 898
1675490 898
1675500 899
1675510 899
1675520 900
1675530 901
1675540 901
1675550 901
1675560 901
1675570 901
1675580 902
1675590 903
1675600 903
1675610 905
1675620 907
1675630 907
1675640 909
1675650 911
1675660 911
1675670 913
1675680 916
1675690 916
1675700 918
1675710 921
1675720 921
1675730 923
1675740 926
1675750 926
1675760 929
1675770 931
1675780 931
1675790 934
1675800 936
1675810 939
1675820 939
1675830 941
1675840 944
1675850 944
1675860 946
1675870 948
1675880 948
1675890 951
1675900 953
1675910 953
1675920 956
1675930 959
1675940 959
1675950 961
1675960 963
1675970 963
1675980 961
1675990 956
1676000 956
1676010 950
1676020 943
1676030 943
1676040 937
1676050 930
1676060 930
1676070 923
1676080 916
1676090 919
1676100 912
1676110 906
1676120 906
1676130 900
1676140 893
1676150 893
1676160 887
1676170 880
1676180 880
1676190 874
1676200 867
1676210 867
1676220 861
1676230 856
1676240 856
1676250 851
1676260 846
1676270 846
1676280 842
1676290 839
1676300 839
1676310 837
1676320 835
1676330 835
1676340 834
1676350 831
1676360 831
1676370 829
1676380 828
1676390 828
1676400 827
1676410 827
1676420 827
1676430 827
1676440 828
1676450 828
1676460 828
1676470 829
1676480 829
1676490 829
1676500 830
1676510 830
1676520 830
1676530 830
1676540 829
1676550 829
1676560 829
1676570 830
1676580 830
1676590 829
1676600 829
1676610 829
1676620 827
1676630 824
1676640 824
1676650 820
1676660 815
1676670 815
1676680 809
1676690 802
1676700 802
1676710 795
1676720 788
1676730 788
1676740 780
1676750 771
1676760 771
1676770 761
1676780 753
1676790 753
1676800 746
1676810 739
1676820 739
1676830 732
1676840 724
1676850 724
1676860 716
1676870 709
1676880 709
1676890 702
1676900 694
1676910 694
1676920 688
1676930 682
1676940 682
1676950 677
1676960 673
1676970 673
1676980 668
1676990 665
1677000 665
1677010 663
1677020 661
1677030 661
1677040 658
1677050 655
1677060 655
1677070 650
1677080 646
1677090 646
1677100 642
1677110 638
1677120 638
1677130 637
1677140 636
1677150 636
1677160 635
1677170 632
1677180 632
1677190 627
1677200 618
1677210 618
1677220 609
1677230 601
1677240 601
1677250 596
1677260 593
1677270 593
1677280 589
1677290 584
1677300 579
1677310 579
1677320 576
1677330 574
1677340 574
1677350 573
1677360 572
1677370 572
1677380 572
1677390 570
1677400 570
1677410 568
1677420 569
1677430 576
1677440 579
1677450 584
1677460 584
1677470 585
1677480 587
1677490 587
1677500 589
1677510 590
1677520 590
1677530 586
1677540 579
1677550 579
1677560 573
1677570 567
1677580 567
1677590 561
1677600 557
1677610 557
1677620 552
1677630 549
1677640 549
1677650 544
1677660 540
1677670 540
1677680 535
1677690 532
1677700 532
1677710 527
1677720 523
1677730 523
1677740 518
1677750 512
1677760 512
1677770 506
1677780 500
1677790 500
1677800 495
1677810 488
1677820 488
1677830 479
1677840 473
1677850 473
1677860 471
1677870 471
1677880 471
1677890 470
1677900 468
1677910 468
1677920 468
1677930 473
1677940 473
1677950 482
1677960 490
1677970 490
1677980 498
1677990 505
1678000 505
1678010 513
1678020 520
1678030 520
1678040 527
1678050 534
1678060 541
1678070 541
1678080 548
1678090 555
1678100 554
1678110 562
1678120 569
1678130 569
1678140 576
1678150 583
1678160 583
1678170 591
1678180 600
1678190 600
1678200 608
1678210 609
1678220 609
1678230 610
1678240 609
1678250 609
1678260 609
1678270 607
1678280 607
1678290 607
1678300 606
1678310 606
1678320 607
1678330 607
1678340 607
1678350 607
1678360 607
1678370 607
1678380 607
1678390 607
1678400 607
1678410 607
1678420 608
1678430 608
1678440 609
1678450 610
1678460 610
1678470 612
1678480 614
1678490 614
1678500 616
1678510 618
1678520 618
1678530 621
1678540 623
1678550 623
1678560 625
1678570 628
1678580 628
1678590 631
1678600 634
1678610 634
1678620 637
1678630 642
1678640 642
1678650 646
1678660 650
1678670 650
1678680 652
1678690 653
1678700 653
1678710 652
1678720 652
1678730 652
1678740 653
1678750 655
1678760 649
1678770 652
1678780 655
1678790 656
1678800 656
1678810 660
1678820 666
1678830 666
1678840 672
1678850 676
1678860 676
1678870 681
1678880 687
1678890 687
1678900 690
1678910 695
1678920 695
1678930 699
1678940 704
1678950 704
1678960 707
1678970 707
1678980 707
1678990 710
1679000 712
1679010 712
1679020 714
1679030 716
1679040 716
1679050 717
1679060 718
1679070 718
1679080 717
1679090 715
1679100 715
1679110 714
1679120 713
1679130 713
1679140 712
1679150 712
1679160 712
1679170 712
1679180 710
1679190 710
1679200 708
1679210 706
1679220 706
1679230 704
1679240 701
1679250 701
1679260 699
1679270 697
1679280 697
1679290 694
1679300 692
1679310 692
1679320 690
1679330 687
1679340 687
1679350 685
1679360 682
1679370 682
1679380 680
1679390 677
1679400 677
1679410 674
1679420 671
1679430 668
1679440 665
1679450 662
1679460 662
1679470 659
1679480 657
1679490 657
1679500 655
1679510 653
1679520 653
1679530 650
1679540 648
1679550 645
1679560 645
1679570 643
1679580 638
1679590 638
1679600 633
1679610 629
1679620 629
1679630 625
1679640 622
1679650 622
1679660 618
1679670 613
1679680 613
1679690 607
1679700 602
1679710 602
1679720 598
1679730 594
1679740 594
1679750 590
1679760 586
1679770 586
1679780 580
1679790 574
1679800 574
1679810 570
1679820 567
1679830 567
1679840 565
1679850 564
1679860 564
1679870 562
1679880 561
1679890 561
1679900 558
1679910 556
1679920 556
1679930 552
1679940 547
1679950 547
1679960 542
1679970 535
1679980 535
1679990 529
