1660000 926
1660010 926
1660020 930
1660030 934
1660040 934
1660050 940
1660060 952
1660070 952
1660080 962
1660090 965
1660100 965
1660110 964
1660120 962
1660130 962
1660140 962
1660150 966
1660160 966
1660170 973
1660180 987
1660190 987
1660200 993
1660210 995
1660220 995
1660230 998
1660240 998
1660250 998
1660260 998
1660270 995
1660280 995
1660290 993
1660300 993
1660310 993
1660320 997
1660330 999
1660340 999
1660350 1003
1660360 1006
1660370 1006
1660380 1009
1660390 1011
1660400 1011
1660410 1013
1660420 1015
1660430 1015
1660440 1017
1660450 1019
1660460 1019
1660470 1022
1660480 1025
1660490 1025
1660500 1027
1660510 1030
1660520 1030
1660530 1033
1660540 1036
1660550 1036
1660560 1038
1660570 1041
1660580 1044
1660590 1044
1660600 1047
1660610 1051
1660620 1051
1660630 1053
1660640 1057
1660650 1057
1660660 1059
1660670 1062
1660680 1062
1660690 1064
1660700 1067
1660710 1067
1660720 1069
1660730 1068
1660740 1068
1660750 1066
1660760 1062
1660770 1062
1660780 1059
1660790 1055
1660800 1055
1660810 1053
1660820 1049
1660830 1049
1660840 1046
1660850 1044
1660860 1044
1660870 1042
1660880 1042
1660890 1042
1660900 1040
1660910 1038
1660920 1038
1660930 1035
1660940 1034
1660950 1034
1660960 1033
1660970 1032
1660980 1032
1660990 1029
1661000 1027
1661010 1027
1661020 1024
1661030 1022
1661040 1022
1661050 1020
1661060 1018
1661070 1018
1661080 1017
1661090 1014
1661100 1014
1661110 1010
1661120 1007
1661130 1007
1661140 1004
1661150 1003
1661160 1003
1661170 1002
1661180 1001
1661190 1001
1661200 999
1661210 996
1661220 996
1661230 994
1661240 990
1661250 990
1661260 987
1661270 983
1661280 983
1661290 978
1661300 974
1661310 974
1661320 970
1661330 965
1661340 959
1661350 959
1661360 953
1661370 947
1661380 947
1661390 942
1661400 936
1661410 936
1661420 931
1661430 926
1661440 926
1661450 921
1661460 914
1661470 914
1661480 908
1661490 902
1661500 902
1661510 897
1661520 892
1661530 892
1661540 888
1661550 883
1661560 883
1661570 878
1661580 872
1661590 872
1661600 867
1661610 861
1661620 861
1661630 855
1661640 849
1661650 849
1661660 845
1661670 840
1661680 840
1661690 835
1661700 831
1661710 831
1661720 827
1661730 823
1661740 823
1661750 818
1661760 813
1661770 813
1661780 808
1661790 803
1661800 803
1661810 798
1661820 794
1661830 794
1661840 790
1661850 787
1661860 787
1661870 783
1661880 779
1661890 779
1661900 775
1661910 771
1661920 771
1661930 767
1661940 764
1661950 764
1661960 761
1661970 758
1661980 758
1661990 756
1662000 754
1662010 754
1662020 751
1662030 748
1662040 748
1662050 745
1662060 742
1662070 742
1662080 738
1662090 735
1662100 735
1662110 731
1662120 727
1662130 724
1662140 724
1662150 720
1662160 716
1662170 716
1662180 712
1662190 708
1662200 708
1662210 704
1662220 699
1662230 699
1662240 695
1662250 691
1662260 691
1662270 688
1662280 686
1662290 686
1662300 683
1662310 680
1662320 680
1662330 678
1662340 676
1662350 676
1662360 674
1662370 672
1662380 672
1662390 672
1662400 671
1662410 671
1662420 670
1662430 669
1662440 669
1662450 668
1662460 666
1662470 666
1662480 665
1662490 664
1662500 664
1662510 662
1662520 661
1662530 661
1662540 659
1662550 656
1662560 656
1662570 654
1662580 651
1662590 651
1662600 649
1662610 643
1662620 643
1662630 636
1662640 630
1662650 630
1662660 624
1662670 620
1662680 620
1662690 621
1662700 623
1662710 623
1662720 625
1662730 625
1662740 625
1662750 624
1662760 624
1662770 624
1662780 624
1662790 626
1662800 626
1662810 627
1662820 627
1662830 627
1662840 627
1662850 627
1662860 627
1662870 627
1662880 625
1662890 625
1662900 623
1662910 621
1662920 620
1662930 620
1662940 619
1662950 618
1662960 618
1662970 617
1662980 615
1662990 615
1663000 614
1663010 612
1663020 612
1663030 610
1663040 607
1663050 607
1663060 605
1663070 603
1663080 603
1663090 599
1663100 596
1663110 596
1663120 593
1663130 590
1663140 590
1663150 587
1663160 583
1663170 583
1663180 578
1663190 574
1663200 574
1663210 569
1663220 565
1663230 565
1663240 562
1663250 558
1663260 558
1663270 555
1663280 551
1663290 551
1663300 546
1663310 542
1663320 542
1663330 537
1663340 531
1663350 531
1663360 525
1663370 520
1663380 520
1663390 516
1663400 511
1663410 511
1663420 505
1663430 498
1663440 498
1663450 493
1663460 486
1663470 486
1663480 479
1663490 473
1663500 473
1663510 466
1663520 463
1663530 463
1663540 463
1663550 463
1663560 463
1663570 462
1663580 463
1663590 463
1663600 463
1663610 463
1663620 463
1663630 464
1663640 470
1663650 470
1663660 477
1663670 484
1663680 484
1663690 492
1663700 499
1663710 505
1663720 505
1663730 512
1663740 519
1663750 519
1663760 526
1663770 531
1663780 531
1663790 537
1663800 543
1663810 547
1663820 555
1663830 561
1663840 561
1663850 562
1663860 561
1663870 561
1663880 560
1663890 561
1663900 561
1663910 563
1663920 565
1663930 565
1663940 566
1663950 568
1663960 568
1663970 570
1663980 572
1663990 572
1664000 574
1664010 577
1664020 577
1664030 581
1664040 584
1664050 584
1664060 588
1664070 592
1664080 592
1664090 596
1664100 600
1664110 600
1664120 604
1664130 609
1664140 609
1664150 614
1664160 619
1664170 619
1664180 624
1664190 630
1664200 630
1664210 635
1664220 641
1664230 641
1664240 647
1664250 653
1664260 653
1664270 659
1664280 665
1664290 665
1664300 671
1664310 677
1664320 677
1664330 683
1664340 689
1664350 689
1664360 695
1664370 701
1664380 701
1664390 707
1664400 714
1664410 714
1664420 720
1664430 726
1664440 726
1664450 731
1664460 737
1664470 737
1664480 744
1664490 749
1664500 753
1664510 753
1664520 756
1664530 753
1664540 753
1664550 755
1664560 757
1664570 757
1664580 759
1664590 761
1664600 761
1664610 764
1664620 765
1664630 765
1664640 767
1664650 769
1664660 769
1664670 770
1664680 771
1664690 771
1664700 772
1664710 773
1664720 773
1664730 773
1664740 773
1664750 773
1664760 772
1664770 771
1664780 771
1664790 768
1664800 765
1664810 765
1664820 761
1664830 759
1664840 759
1664850 756
1664860 756
1664870 756
1664880 757
1664890 757
1664900 757
1664910 758
1664920 759
1664930 759
1664940 760
1664950 761
1664960 761
1664970 763
1664980 765
1664990 765
1665000 767
1665010 770
1665020 770
1665030 773
1665040 776
1665050 776
1665060 778
1665070 781
1665080 781
1665090 785
1665100 789
1665110 789
1665120 793
1665130 797
1665140 797
1665150 801
1665160 805
1665170 805
1665180 808
1665190 812
1665200 812
1665210 817
1665220 821
1665230 821
1665240 826
1665250 827
1665260 827
1665270 831
1665280 835
1665290 839
1665300 839
1665310 842
1665320 838
1665330 838
1665340 831
1665350 824
1665360 824
1665370 816
1665380 809
1665390 809
1665400 801
1665410 794
1665420 794
1665430 787
1665440 782
1665450 782
1665460 777
1665470 773
1665480 773
1665490 770
1665500 768
1665510 768
1665520 766
1665530 764
1665540 764
1665550 763
1665560 762
1665570 762
1665580 762
1665590 762
1665600 762
1665610 761
1665620 761
1665630 761
1665640 761
1665650 763
1665660 763
1665670 765
1665680 766
1665690 766
1665700 768
1665710 771
1665720 771
1665730 775
1665740 779
1665750 779
1665760 784
1665770 789
1665780 789
1665790 793
1665800 796
1665810 796
1665820 799
1665830 801
1665840 801
1665850 802
1665860 802
1665870 802
1665880 802
1665890 800
1665900 800
1665910 798
1665920 795
1665930 795
1665940 792
1665950 788
1665960 788
1665970 784
1665980 779
1665990 779
1666000 774
1666010 768
1666020 768
1666030 762
1666040 757
1666050 757
1666060 752
1666070 746
1666080 742
1666090 742
1666100 737
1666110 735
1666120 735
1666130 735
1666140 735
1666150 735
1666160 737
1666170 738
1666180 738
1666190 739
1666200 739
1666210 739
1666220 738
1666230 737
1666240 737
1666250 736
1666260 735
1666270 735
1666280 734
1666290 733
1666300 733
1666310 731
1666320 731
1666330 731
1666340 727
1666350 722
1666360 722
1666370 713
1666380 704
1666390 704
1666400 696
1666410 689
1666420 689
1666430 683
1666440 680
1666450 680
1666460 679
1666470 681
1666480 681
1666490 683
1666500 685
1666510 685
1666520 688
1666530 690
1666540 690
1666550 692
1666560 694
1666570 694
1666580 696
1666590 698
1666600 698
1666610 700
1666620 701
1666630 701
1666640 700
1666650 699
1666660 699
1666670 699
1666680 693
1666690 693
1666700 691
1666710 692
1666720 692
1666730 695
1666740 697
1666750 697
1666760 699
1666770 701
1666780 701
1666790 702
1666800 704
1666810 704
1666820 708
1666830 712
1666840 716
1666850 716
1666860 719
1666870 723
1666880 723
1666890 727
1666900 730
1666910 730
1666920 734
1666930 737
1666940 737
1666950 740
1666960 743
1666970 743
1666980 746
1666990 748
1667000 748
1667010 751
1667020 753
1667030 753
1667040 754
1667050 754
1667060 754
1667070 752
1667080 748
1667090 748
1667100 744
1667110 741
1667120 741
1667130 738
1667140 737
1667150 737
1667160 736
1667170 737
1667180 737
1667190 737
1667200 739
1667210 739
1667220 740
1667230 741
1667240 741
1667250 742
1667260 743
1667270 743
1667280 745
1667290 746
1667300 746
1667310 748
1667320 749
1667330 749
1667340 751
1667350 752
1667360 752
1667370 758
1667380 760
1667390 760
1667400 762
1667410 765
1667420 765
1667430 768
1667440 771
1667450 771
1667460 774
1667470 775
1667480 775
1667490 778
1667500 781
1667510 781
1667520 785
1667530 788
1667540 788
1667550 791
1667560 794
1667570 794
1667580 796
1667590 798
1667600 798
1667610 800
1667620 803
1667630 805
1667640 805
1667650 806
1667660 807
1667670 807
1667680 808
1667690 808
1667700 808
1667710 804
1667720 798
1667730 798
1667740 793
1667750 789
1667760 789
1667770 784
1667780 779
1667790 779
1667800 775
1667810 771
1667820 771
1667830 769
1667840 767
1667850 767
1667860 765
1667870 763
1667880 763
1667890 761
1667900 760
1667910 760
1667920 758
1667930 757
1667940 757
1667950 757
1667960 757
1667970 757
1667980 757
1667990 758
1668000 758
1668010 760
1668020 762
1668030 762
1668040 764
1668050 767
1668060 767
1668070 769
1668080 768
1668090 768
1668100 770
1668110 771
1668120 771
1668130 771
1668140 771
1668150 771
1668160 771
1668170 772
1668180 772
1668190 773
1668200 774
1668210 774
1668220 774
1668230 775
1668240 775
1668250 774
1668260 773
1668270 773
1668280 771
1668290 769
1668300 769
1668310 767
1668320 764
1668330 764
1668340 762
1668350 759
1668360 759
1668370 757
1668380 756
1668390 756
1668400 753
1668410 749
1668420 744
1668430 744
1668440 742
1668450 743
1668460 743
1668470 741
1668480 737
1668490 737
1668500 730
1668510 722
1668520 722
1668530 716
1668540 714
1668550 714
1668560 716
1668570 712
1668580 712
1668590 711
1668600 715
1668610 715
1668620 720
1668630 721
1668640 721
1668650 722
1668660 723
1668670 723
1668680 723
1668690 723
1668700 723
1668710 722
1668720 722
1668730 722
1668740 720
1668750 717
1668760 717
1668770 719
1668780 719
1668790 719
1668800 723
1668810 728
1668820 728
1668830 731
1668840 735
1668850 735
1668860 740
1668870 744
1668880 744
1668890 748
1668900 752
1668910 752
1668920 755
1668930 758
1668940 758
1668950 761
1668960 763
1668970 763
1668980 765
1668990 765
1669000 765
1669010 765
1669020 763
1669030 763
1669040 761
1669050 762
1669060 762
1669070 764
1669080 769
1669090 769
1669100 772
1669110 776
1669120 776
1669130 781
1669140 786
1669150 786
1669160 791
1669170 795
1669180 795
1669190 799
1669200 803
1669210 806
1669220 806
1669230 809
1669240 811
1669250 811
1669260 813
1669270 814
1669280 814
1669290 814
1669300 813
1669310 813
1669320 810
1669330 806
1669340 806
1669350 804
1669360 801
1669370 801
1669380 799
1669390 797
1669400 797
1669410 794
1669420 794
1669430 794
1669440 794
1669450 794
1669460 794
1669470 796
1669480 793
1669490 793
1669500 795
1669510 797
1669520 797
1669530 799
1669540 800
1669550 800
1669560 802
1669570 803
1669580 803
1669590 805
1669600 806
1669610 806
1669620 808
1669630 810
1669640 810
1669650 813
1669660 816
1669670 816
1669680 818
1669690 821
1669700 821
1669710 823
1669720 826
1669730 826
1669740 829
1669750 831
1669760 831
1669770 834
1669780 836
1669790 836
1669800 838
1669810 840
1669820 840
1669830 840
1669840 838
1669850 838
1669860 837
1669870 836
1669880 836
1669890 835
1669900 834
1669910 834
1669920 833
1669930 832
1669940 832
1669950 831
1669960 831
1669970 831
1669980 830
1669990 828
1670000 826
1670010 826
1670020 822
1670030 818
1670040 818
1670050 815
1670060 811
1670070 811
1670080 807
1670090 803
1670100 803
1670110 798
1670120 794
1670130 794
1670140 793
1670150 792
1670160 792
1670170 792
1670180 798
1670190 798
1670200 799
1670210 801
1670220 801
1670230 802
1670240 803
1670250 803
1670260 803
1670270 803
1670280 803
1670290 803
1670300 804
1670310 804
1670320 803
1670330 803
1670340 803
1670350 804
1670360 804
1670370 804
1670380 805
1670390 806
1670400 806
1670410 807
1670420 809
1670430 809
1670440 811
1670450 813
1670460 813
1670470 816
1670480 818
1670490 818
1670500 820
1670510 822
1670520 822
1670530 825
1670540 827
1670550 827
1670560 829
1670570 831
1670580 831
1670590 833
1670600 834
1670610 834
1670620 836
1670630 837
1670640 837
1670650 837
1670660 837
1670670 837
1670680 834
1670690 830
1670700 830
1670710 826
1670720 821
1670730 821
1670740 817
1670750 812
1670760 812
1670770 807
1670780 802
1670790 797
1670800 797
1670810 791
1670820 785
1670830 785
1670840 778
1670850 771
1670860 771
1670870 766
1670880 760
1670890 760
1670900 753
1670910 745
1670920 745
1670930 736
1670940 729
1670950 729
1670960 722
1670970 717
1670980 717
1670990 710
1671000 705
1671010 705
1671020 699
1671030 695
1671040 695
1671050 692
1671060 688
1671070 688
1671080 686
1671090 686
1671100 686
1671110 685
1671120 685
1671130 685
1671140 685
1671150 685
1671160 685
1671170 685
1671180 684
1671190 684
1671200 683
1671210 682
1671220 682
1671230 679
1671240 676
1671250 676
1671260 666
1671270 658
1671280 658
1671290 650
1671300 643
1671310 643
1671320 637
1671330 635
1671340 635
1671350 634
1671360 634
1671370 634
1671380 633
1671390 631
1671400 631
1671410 629
1671420 624
1671430 624
1671440 620
1671450 619
1671460 619
1671470 619
1671480 619
1671490 619
1671500 619
1671510 621
1671520 621
1671530 625
1671540 628
1671550 628
1671560 635
1671570 637
1671580 638
1671590 638
1671600 639
1671610 638
1671620 638
1671630 637
1671640 636
1671650 636
1671660 634
1671670 632
1671680 632
1671690 629
1671700 626
1671710 626
1671720 623
1671730 619
1671740 619
1671750 614
1671760 607
1671770 607
1671780 602
1671790 598
1671800 598
1671810 594
1671820 589
1671830 589
1671840 585
1671850 582
1671860 582
1671870 577
1671880 572
1671890 572
1671900 568
1671910 565
1671920 565
1671930 562
1671940 558
1671950 558
1671960 554
1671970 551
1671980 551
1671990 548
1672000 545
1672010 545
1672020 544
1672030 543
1672040 543
1672050 542
1672060 540
1672070 540
1672080 539
1672090 537
1672100 537
1672110 536
1672120 535
1672130 535
1672140 534
1672150 533
1672160 533
1672170 533
1672180 532
1672190 532
1672200 532
1672210 531
1672220 531
1672230 530
1672240 529
1672250 534
1672260 532
1672270 531
1672280 531
1672290 529
1672300 526
1672310 526
1672320 523
1672330 519
1672340 519
1672350 518
1672360 517
1672370 516
1672380 516
1672390 515
1672400 514
1672410 514
1672420 513
1672430 513
1672440 513
1672450 512
1672460 512
1672470 512
1672480 512
1672490 511
1672500 511
1672510 511
1672520 511
1672530 511
1672540 510
1672550 510
1672560 510
1672570 511
1672580 512
1672590 512
1672600 513
1672610 514
1672620 514
1672630 514
1672640 515
1672650 515
1672660 515
1672670 515
1672680 515
1672690 516
1672700 516
1672710 516
1672720 515
1672730 516
1672740 516
1672750 516
1672760 515
1672770 515
1672780 515
1672790 514
1672800 514
1672810 514
1672820 514
1672830 514
1672840 513
1672850 513
1672860 513
1672870 513
1672880 513
1672890 513
1672900 513
1672910 513
1672920 513
1672930 513
1672940 513
1672950 513
1672960 513
1672970 513
1672980 513
1672990 514
1673000 514
1673010 514
1673020 515
1673030 516
1673040 516
1673050 517
1673060 518
1673070 518
1673080 520
1673090 522
1673100 522
1673110 524
1673120 525
1673130 525
1673140 527
1673150 529
1673160 531
1673170 531
1673180 533
1673190 536
1673200 536
1673210 538
1673220 540
1673230 540
1673240 543
1673250 545
1673260 545
1673270 548
1673280 551
1673290 551
1673300 555
1673310 560
1673320 560
1673330 565
1673340 569
1673350 569
1673360 574
1673370 579
1673380 579
1673390 583
1673400 588
1673410 588
1673420 593
1673430 598
1673440 598
1673450 603
1673460 608
1673470 608
1673480 614
1673490 619
1673500 619
1673510 624
1673520 629
1673530 629
1673540 634
1673550 640
1673560 640
1673570 645
1673580 651
1673590 651
1673600 656
1673610 661
1673620 657
1673630 663
1673640 668
1673650 668
1673660 674
1673670 679
1673680 679
1673690 685
1673700 690
1673710 690
1673720 696
1673730 701
1673740 701
1673750 707
1673760 713
1673770 713
1673780 719
1673790 725
1673800 725
1673810 731
1673820 737
1673830 737
1673840 743
1673850 749
1673860 749
1673870 755
1673880 761
1673890 761
1673900 767
1673910 773
1673920 779
1673930 779
1673940 785
1673950 791
1673960 791
1673970 797
1673980 803
1673990 803
1674000 808
1674010 812
1674020 812
1674030 817
1674040 820
1674050 820
1674060 823
1674070 824
1674080 824
1674090 826
1674100 827
1674110 827
1674120 827
1674130 828
1674140 828
1674150 828
1674160 828
1674170 828
1674180 828
1674190 828
1674200 828
1674210 828
1674220 829
1674230 829
1674240 830
1674250 832
1674260 832
1674270 834
1674280 836
1674290 836
1674300 832
1674310 834
1674320 834
1674330 835
1674340 837
1674350 837
1674360 838
1674370 839
1674380 839
1674390 841
1674400 842
1674410 842
1674420 844
1674430 846
1674440 846
1674450 848
1674460 850
1674470 850
1674480 852
1674490 854
1674500 854
1674510 856
1674520 858
1674530 858
1674540 859
1674550 860
1674560 860
1674570 860
1674580 858
1674590 858
1674600 854
1674610 847
1674620 847
1674630 840
1674640 833
1674650 833
1674660 829
1674670 826
1674680 826
1674690 823
1674700 819
1674710 817
1674720 817
1674730 817
1674740 820
1674750 820
1674760 821
1674770 823
1674780 823
1674790 825
1674800 828
1674810 828
1674820 828
1674830 828
1674840 828
1674850 826
1674860 823
1674870 823
1674880 819
1674890 814
1674900 814
1674910 809
1674920 804
1674930 804
1674940 798
1674950 790
1674960 790
1674970 784
1674980 774
1674990 774
1675000 769
1675010 763
1675020 763
1675030 761
1675040 762
1675050 762
1675060 766
1675070 770
1675080 770
1675090 774
1675100 775
1675110 775
1675120 776
1675130 776
1675140 776
1675150 776
1675160 776
1675170 776
1675180 779
1675190 786
1675200 786
1675210 792
1675220 796
1675230 796
1675240 799
1675250 803
1675260 803
1675270 807
1675280 811
1675290 811
1675300 814
1675310 819
1675320 819
1675330 823
1675340 826
1675350 826
1675360 829
1675370 832
1675380 832
1675390 834
1675400 837
1675410 837
1675420 840
1675430 843
1675440 843
1675450 846
1675460 850
1675470 850
1675480 855
1675490 861
1675500 868
1675510 868
1675520 875
1675530 882
1675540 882
1675550 890
1675560 898
1675570 898
1675580 905
1675590 913
1675600 913
1675610 921
1675620 933
1675630 933
1675640 951
1675650 954
1675660 954
1675670 962
1675680 967
1675690 967
1675700 971
1675710 977
1675720 977
1675730 983
1675740 990
1675750 990
1675760 999
1675770 1008
1675780 1008
1675790 1014
1675800 1017
1675810 1017
1675820 1017
1675830 1016
1675840 1016
1675850 1014
1675860 1013
1675870 1013
1675880 1010
1675890 1007
1675900 1007
1675910 1005
1675920 1006
1675930 1006
1675940 1007
1675950 1007
1675960 1007
1675970 1008
1675980 1008
1675990 1008
1676000 1010
1676010 1013
1676020 1013
1676030 1015
1676040 1017
1676050 1017
1676060 1021
1676070 1025
1676080 1025
1676090 1029
1676100 1032
1676110 1032
1676120 1036
1676130 1039
1676140 1039
1676150 1043
1676160 1048
1676170 1048
1676180 1052
1676190 1056
1676200 1056
1676210 1060
1676220 1064
1676230 1064
1676240 1068
1676250 1072
1676260 1072
1676270 1076
1676280 1080
1676290 1083
1676300 1083
1676310 1085
1676320 1086
1676330 1086
1676340 1089
1676350 1090
1676360 1090
1676370 1091
1676380 1092
1676390 1092
1676400 1090
1676410 1088
1676420 1088
1676430 1087
1676440 1085
1676450 1085
1676460 1083
1676470 1081
1676480 1081
1676490 1079
1676500 1077
1676510 1077
1676520 1075
1676530 1072
1676540 1072
1676550 1070
1676560 1068
1676570 1068
1676580 1065
1676590 1062
1676600 1062
1676610 1060
1676620 1057
1676630 1057
1676640 1054
1676650 1052
1676660 1052
1676670 1049
1676680 1046
1676690 1046
1676700 1044
1676710 1042
1676720 1042
1676730 1039
1676740 1037
1676750 1037
1676760 1034
1676770 1031
1676780 1031
1676790 1029
1676800 1026
1676810 1026
1676820 1024
1676830 1022
1676840 1022
1676850 1019
1676860 1017
1676870 1017
1676880 1015
1676890 1013
1676900 1013
1676910 1011
1676920 1009
1676930 1009
1676940 1008
1676950 1007
1676960 1007
1676970 1005
1676980 1004
1676990 1009
1677000 1009
1677010 1007
1677020 1007
1677030 1006
1677040 1005
1677050 1005
1677060 1004
1677070 1003
1677080 1002
1677090 1002
1677100 1001
1677110 1000
1677120 1000
1677130 999
1677140 997
1677150 997
1677160 996
1677170 994
1677180 994
1677190 993
1677200 992
1677210 992
1677220 990
1677230 989
1677240 989
1677250 987
1677260 986
1677270 986
1677280 984
1677290 983
1677300 983
1677310 982
1677320 981
1677330 981
1677340 979
1677350 977
1677360 977
1677370 975
1677380 972
1677390 972
1677400 970
1677410 967
1677420 967
1677430 965
1677440 965
1677450 965
1677460 965
1677470 965
1677480 965
1677490 964
1677500 963
1677510 963
1677520 962
1677530 962
1677540 962
1677550 961
1677560 961
1677570 961
1677580 960
1677590 958
1677600 958
1677610 957
1677620 955
1677630 955
1677640 954
1677650 951
1677660 954
1677670 952
1677680 953
1677690 953
1677700 953
1677710 953
1677720 953
1677730 953
1677740 953
1677750 953
1677760 953
1677770 953
1677780 953
1677790 953
1677800 953
1677810 953
1677820 953
1677830 953
1677840 953
1677850 953
1677860 953
1677870 951
1677880 951
1677890 951
1677900 950
1677910 950
1677920 949
1677930 948
1677940 948
1677950 947
1677960 946
1677970 946
1677980 945
1677990 945
1678000 945
1678010 944
1678020 942
1678030 942
1678040 941
1678050 941
1678060 941
1678070 940
1678080 939
1678090 939
1678100 938
1678110 936
1678120 936
1678130 934
1678140 933
1678150 933
1678160 931
1678170 930
1678180 930
1678190 928
1678200 926
1678210 926
1678220 924
1678230 921
1678240 921
1678250 918
1678260 914
1678270 914
1678280 910
1678290 906
1678300 906
1678310 902
1678320 896
1678330 901
1678340 895
1678350 890
1678360 890
1678370 881
1678380 872
1678390 872
1678400 864
1678410 857
1678420 857
1678430 850
1678440 842
1678450 842
1678460 833
1678470 823
1678480 823
1678490 814
1678500 805
1678510 805
1678520 796
1678530 789
1678540 789
1678550 782
1678560 776
1678570 776
1678580 771
1678590 764
1678600 764
1678610 757
1678620 752
1678630 752
1678640 747
1678650 742
1678660 738
1678670 738
1678680 734
1678690 729
1678700 729
1678710 721
1678720 714
1678730 714
1678740 707
1678750 701
1678760 701
1678770 694
1678780 687
1678790 687
1678800 682
1678810 677
1678820 677
1678830 672
1678840 668
1678850 668
1678860 663
1678870 659
1678880 659
1678890 655
1678900 651
1678910 651
1678920 647
1678930 643
1678940 643
1678950 639
1678960 633
1678970 633
1678980 629
1678990 629
1679000 629
1679010 625
1679020 621
1679030 621
1679040 616
1679050 611
1679060 611
1679070 606
1679080 601
1679090 601
1679100 596
1679110 592
1679120 592
1679130 587
1679140 583
1679150 583
1679160 579
1679170 575
1679180 575
1679190 571
1679200 566
1679210 566
1679220 562
1679230 557
1679240 557
1679250 553
1679260 549
1679270 549
1679280 545
1679290 540
1679300 540
1679310 535
1679320 530
1679330 530
1679340 525
1679350 520
1679360 520
1679370 515
1679380 510
1679390 510
1679400 506
1679410 501
1679420 501
1679430 496
1679440 491
1679450 485
1679460 485
1679470 476
1679480 468
1679490 468
1679500 465
1679510 461
1679520 461
1679530 458
1679540 456
1679550 456
1679560 453
1679570 450
1679580 450
1679590 448
1679600 445
1679610 445
1679620 443
1679630 441
1679640 441
1679650 438
1679660 436
1679670 436
1679680 434
1679690 431
1679700 431
1679710 429
1679720 427
1679730 427
1679740 426
1679750 425
1679760 425
1679770 430
1679780 435
1679790 435
1679800 441
1679810 446
1679820 446
1679830 452
1679840 458
1679850 458
1679860 464
1679870 470
1679880 470
1679890 477
1679900 484
1679910 484
1679920 489
1679930 492
1679940 492
1679950 493
1679960 494
1679970 494
1679980 495
1679990 496
