1660000 788
1660010 794
1660020 794
1660030 800
1660040 805
1660050 805
1660060 810
1660070 816
1660080 816
1660090 820
1660100 824
1660110 824
1660120 828
1660130 831
1660140 834
1660150 834
1660160 837
1660170 839
1660180 839
1660190 842
1660200 845
1660210 845
1660220 847
1660230 850
1660240 850
1660250 849
1660260 852
1660270 852
1660280 854
1660290 857
1660300 857
1660310 859
1660320 862
1660330 862
1660340 864
1660350 866
1660360 866
1660370 868
1660380 868
1660390 868
1660400 868
1660410 868
1660420 868
1660430 869
1660440 870
1660450 870
1660460 871
1660470 872
1660480 872
1660490 874
1660500 875
1660510 875
1660520 876
1660530 876
1660540 876
1660550 876
1660560 877
1660570 877
1660580 878
1660590 878
1660600 878
1660610 879
1660620 879
1660630 879
1660640 880
1660650 880
1660660 880
1660670 880
1660680 879
1660690 879
1660700 878
1660710 877
1660720 877
1660730 876
1660740 873
1660750 873
1660760 870
1660770 865
1660780 865
1660790 861
1660800 856
1660810 856
1660820 851
1660830 847
1660840 847
1660850 844
1660860 843
1660870 843
1660880 843
1660890 844
1660900 844
1660910 844
1660920 845
1660930 848
1660940 848
1660950 850
1660960 851
1660970 851
1660980 846
1660990 847
1661000 847
1661010 848
1661020 850
1661030 850
1661040 852
1661050 854
1661060 854
1661070 855
1661080 856
1661090 856
1661100 856
1661110 855
1661120 855
1661130 858
1661140 860
1661150 860
1661160 861
1661170 863
1661180 863
1661190 865
1661200 866
1661210 866
1661220 867
1661230 869
1661240 869
1661250 871
1661260 874
1661270 874
1661280 876
1661290 879
1661300 879
1661310 887
1661320 892
1661330 892
1661340 899
1661350 899
1661360 899
1661370 900
1661380 900
1661390 900
1661400 899
1661410 897
1661420 897
1661430 895
1661440 893
1661450 893
1661460 891
1661470 889
1661480 889
1661490 886
1661500 883
1661510 883
1661520 880
1661530 878
1661540 878
1661550 876
1661560 874
1661570 874
1661580 871
1661590 869
1661600 869
1661610 868
1661620 866
1661630 866
1661640 864
1661650 862
1661660 862
1661670 859
1661680 856
1661690 856
1661700 853
1661710 850
1661720 847
1661730 847
1661740 845
1661750 843
1661760 843
1661770 841
1661780 836
1661790 836
1661800 834
1661810 830
1661820 830
1661830 827
1661840 824
1661850 824
1661860 821
1661870 819
1661880 819
1661890 815
1661900 812
1661910 812
1661920 809
1661930 806
1661940 806
1661950 803
1661960 800
1661970 800
1661980 796
1661990 793
1662000 793
1662010 790
1662020 787
1662030 787
1662040 784
1662050 781
1662060 781
1662070 778
1662080 776
1662090 776
1662100 773
1662110 771
1662120 771
1662130 769
1662140 768
1662150 768
1662160 766
1662170 764
1662180 764
1662190 763
1662200 762
1662210 762
1662220 761
1662230 760
1662240 760
1662250 759
1662260 757
1662270 757
1662280 755
1662290 754
1662300 754
1662310 752
1662320 749
1662330 749
1662340 747
1662350 745
1662360 745
1662370 742
1662380 739
1662390 739
1662400 736
1662410 733
1662420 733
1662430 730
1662440 729
1662450 729
1662460 726
1662470 723
1662480 723
1662490 720
1662500 717
1662510 717
1662520 715
1662530 712
1662540 709
1662550 709
1662560 706
1662570 703
1662580 703
1662590 701
1662600 697
1662610 697
1662620 694
1662630 691
1662640 691
1662650 688
1662660 685
1662670 685
1662680 681
1662690 678
1662700 678
1662710 675
1662720 672
1662730 672
1662740 669
1662750 665
1662760 665
1662770 662
1662780 660
1662790 660
1662800 657
1662810 654
1662820 654
1662830 651
1662840 647
1662850 647
1662860 644
1662870 640
1662880 640
1662890 636
1662900 633
1662910 633
1662920 629
1662930 625
1662940 625
1662950 622
1662960 618
1662970 618
1662980 614
1662990 610
1663000 610
1663010 606
1663020 604
1663030 604
1663040 601
1663050 597
1663060 597
1663070 594
1663080 590
1663090 590
1663100 585
1663110 581
1663120 581
1663130 577
1663140 573
1663150 573
1663160 566
1663170 557
1663180 557
1663190 549
1663200 542
1663210 542
1663220 536
1663230 531
1663240 531
1663250 526
1663260 522
1663270 522
1663280 517
1663290 513
1663300 513
1663310 510
1663320 508
1663330 505
1663340 505
1663350 502
1663360 499
1663370 499
1663380 496
1663390 493
1663400 493
1663410 490
1663420 487
1663430 487
1663440 485
1663450 482
1663460 482
1663470 479
1663480 476
1663490 476
1663500 473
1663510 471
1663520 471
1663530 469
1663540 467
1663550 467
1663560 464
1663570 461
1663580 461
1663590 458
1663600 457
1663610 457
1663620 456
1663630 455
1663640 455
1663650 454
1663660 454
1663670 454
1663680 455
1663690 455
1663700 455
1663710 457
1663720 464
1663730 464
1663740 471
1663750 477
1663760 477
1663770 483
1663780 488
1663790 488
1663800 492
1663810 495
1663820 495
1663830 497
1663840 499
1663850 499
1663860 500
1663870 501
1663880 501
1663890 501
1663900 501
1663910 501
1663920 501
1663930 501
1663940 501
1663950 501
1663960 501
1663970 501
1663980 501
1663990 501
1664000 501
1664010 501
1664020 500
1664030 500
1664040 500
1664050 500
1664060 500
1664070 500
1664080 501
1664090 501
1664100 501
1664110 501
1664120 501
1664130 501
1664140 502
1664150 503
1664160 503
1664170 503
1664180 503
1664190 503
1664200 504
1664210 504
1664220 504
1664230 503
1664240 503
1664250 503
1664260 503
1664270 503
1664280 503
1664290 503
1664300 503
1664310 503
1664320 503
1664330 503
1664340 503
1664350 504
1664360 504
1664370 504
1664380 505
1664390 505
1664400 505
1664410 505
1664420 505
1664430 505
1664440 506
1664450 506
1664460 506
1664470 507
1664480 508
1664490 508
1664500 509
1664510 510
1664520 510
1664530 511
1664540 512
1664550 512
1664560 513
1664570 515
1664580 515
1664590 516
1664600 516
1664610 516
1664620 518
1664630 519
1664640 519
1664650 521
1664660 522
1664670 522
1664680 524
1664690 525
1664700 525
1664710 526
1664720 528
1664730 528
1664740 530
1664750 531
1664760 531
1664770 533
1664780 535
1664790 535
1664800 537
1664810 540
1664820 540
1664830 542
1664840 545
1664850 545
1664860 548
1664870 552
1664880 552
1664890 556
1664900 560
1664910 560
1664920 565
1664930 569
1664940 573
1664950 573
1664960 576
1664970 579
1664980 579
1664990 582
1665000 585
1665010 585
1665020 587
1665030 589
1665040 589
1665050 590
1665060 591
1665070 591
1665080 591
1665090 591
1665100 591
1665110 590
1665120 590
1665130 590
1665140 588
1665150 587
1665160 587
1665170 587
1665180 586
1665190 586
1665200 586
1665210 586
1665220 586
1665230 585
1665240 585
1665250 585
1665260 586
1665270 587
1665280 587
1665290 588
1665300 588
1665310 585
1665320 585
1665330 585
1665340 585
1665350 581
1665360 577
1665370 577
1665380 572
1665390 566
1665400 566
1665410 565
1665420 567
1665430 567
1665440 570
1665450 573
1665460 573
1665470 576
1665480 580
1665490 580
1665500 584
1665510 587
1665520 587
1665530 590
1665540 594
1665550 594
1665560 598
1665570 603
1665580 603
1665590 607
1665600 613
1665610 613
1665620 619
1665630 624
1665640 624
1665650 629
1665660 635
1665670 635
1665680 640
1665690 646
1665700 646
1665710 651
1665720 657
1665730 662
1665740 662
1665750 668
1665760 673
1665770 673
1665780 678
1665790 683
1665800 683
1665810 688
1665820 693
1665830 693
1665840 699
1665850 704
1665860 704
1665870 708
1665880 712
1665890 712
1665900 715
1665910 718
1665920 718
1665930 721
1665940 724
1665950 724
1665960 726
1665970 728
1665980 728
1665990 729
1666000 730
1666010 730
1666020 731
1666030 726
1666040 726
1666050 726
1666060 725
1666070 725
1666080 725
1666090 724
1666100 724
1666110 723
1666120 722
1666130 722
1666140 721
1666150 720
1666160 720
1666170 719
1666180 717
1666190 717
1666200 716
1666210 715
1666220 715
1666230 714
1666240 713
1666250 713
1666260 711
1666270 710
1666280 710
1666290 709
1666300 708
1666310 708
1666320 708
1666330 707
1666340 707
1666350 707
1666360 706
1666370 706
1666380 706
1666390 705
1666400 705
1666410 705
1666420 705
1666430 705
1666440 704
1666450 703
1666460 703
1666470 703
1666480 702
1666490 702
1666500 701
1666510 701
1666520 701
1666530 700
1666540 700
1666550 699
1666560 699
1666570 698
1666580 698
1666590 698
1666600 697
1666610 697
1666620 697
1666630 696
1666640 695
1666650 695
1666660 694
1666670 693
1666680 693
1666690 692
1666700 691
1666710 691
1666720 690
1666730 690
1666740 686
1666750 685
1666760 684
1666770 684
1666780 683
1666790 682
1666800 682
1666810 682
1666820 682
1666830 682
1666840 681
1666850 680
1666860 680
1666870 679
1666880 678
1666890 678
1666900 677
1666910 674
1666920 674
1666930 670
1666940 666
1666950 666
1666960 662
1666970 660
1666980 660
1666990 658
1667000 656
1667010 656
1667020 654
1667030 652
1667040 652
1667050 647
1667060 641
1667070 641
1667080 635
1667090 629
1667100 629
1667110 623
1667120 620
1667130 620
1667140 622
1667150 624
1667160 624
1667170 626
1667180 625
1667190 625
1667200 620
1667210 616
1667220 616
1667230 612
1667240 608
1667250 608
1667260 606
1667270 606
1667280 606
1667290 608
1667300 612
1667310 612
1667320 617
1667330 622
1667340 627
1667350 627
1667360 632
1667370 637
1667380 637
1667390 641
1667400 645
1667410 645
1667420 648
1667430 652
1667440 652
1667450 656
1667460 659
1667470 659
1667480 662
1667490 664
1667500 664
1667510 667
1667520 669
1667530 669
1667540 670
1667550 669
1667560 669
1667570 668
1667580 666
1667590 666
1667600 664
1667610 662
1667620 662
1667630 659
1667640 657
1667650 657
1667660 657
1667670 661
1667680 661
1667690 665
1667700 670
1667710 670
1667720 674
1667730 679
1667740 679
1667750 683
1667760 687
1667770 687
1667780 692
1667790 696
1667800 696
1667810 699
1667820 700
1667830 700
1667840 701
1667850 701
1667860 701
1667870 701
1667880 698
1667890 698
1667900 693
1667910 687
1667920 687
1667930 682
1667940 679
1667950 679
1667960 681
1667970 683
1667980 683
1667990 685
1668000 686
1668010 686
1668020 688
1668030 689
1668040 689
1668050 690
1668060 692
1668070 692
1668080 693
1668090 695
1668100 695
1668110 699
1668120 703
1668130 708
1668140 708
1668150 709
1668160 714
1668170 714
1668180 718
1668190 722
1668200 722
1668210 726
1668220 730
1668230 730
1668240 733
1668250 735
1668260 735
1668270 735
1668280 732
1668290 732
1668300 726
1668310 720
1668320 720
1668330 715
1668340 710
1668350 710
1668360 705
1668370 701
1668380 701
1668390 697
1668400 692
1668410 692
1668420 689
1668430 686
1668440 686
1668450 682
1668460 678
1668470 678
1668480 675
1668490 672
1668500 672
1668510 670
1668520 668
1668530 668
1668540 665
1668550 662
1668560 662
1668570 658
1668580 654
1668590 654
1668600 647
1668610 641
1668620 641
1668630 635
1668640 631
1668650 631
1668660 629
1668670 627
1668680 627
1668690 625
1668700 624
1668710 624
1668720 621
1668730 619
1668740 619
1668750 616
1668760 614
1668770 614
1668780 613
1668790 611
1668800 611
1668810 609
1668820 607
1668830 607
1668840 604
1668850 605
1668860 605
1668870 602
1668880 598
1668890 598
1668900 594
1668910 590
1668920 590
1668930 587
1668940 585
1668950 586
1668960 586
1668970 588
1668980 588
1668990 588
1669000 589
1669010 589
1669020 589
1669030 591
1669040 594
1669050 594
1669060 598
1669070 601
1669080 601
1669090 604
1669100 607
1669110 607
1669120 609
1669130 610
1669140 610
1669150 611
1669160 611
1669170 611
1669180 610
1669190 608
1669200 608
1669210 606
1669220 605
1669230 605
1669240 603
1669250 602
1669260 602
1669270 601
1669280 600
1669290 600
1669300 599
1669310 597
1669320 597
1669330 595
1669340 593
1669350 593
1669360 594
1669370 595
1669380 595
1669390 597
1669400 602
1669410 602
1669420 606
1669430 610
1669440 610
1669450 613
1669460 616
1669470 616
1669480 618
1669490 619
1669500 619
1669510 621
1669520 623
1669530 623
1669540 626
1669550 633
1669560 633
1669570 636
1669580 638
1669590 638
1669600 640
1669610 643
1669620 643
1669630 647
1669640 652
1669650 652
1669660 657
1669670 662
1669680 662
1669690 668
1669700 673
1669710 673
1669720 678
1669730 682
1669740 687
1669750 687
1669760 691
1669770 695
1669780 695
1669790 700
1669800 704
1669810 704
1669820 708
1669830 713
1669840 713
1669850 718
1669860 723
1669870 723
1669880 728
1669890 734
1669900 734
1669910 739
1669920 744
1669930 744
1669940 749
1669950 754
1669960 754
1669970 758
1669980 762
1669990 762
1670000 766
1670010 769
1670020 769
1670030 772
1670040 774
1670050 774
1670060 775
1670070 776
1670080 776
1670090 777
1670100 777
1670110 777
1670120 775
1670130 772
1670140 772
1670150 768
1670160 763
1670170 763
1670180 759
1670190 755
1670200 755
1670210 751
1670220 747
1670230 747
1670240 749
1670250 747
1670260 747
1670270 744
1670280 742
1670290 742
1670300 740
1670310 738
1670320 738
1670330 735
1670340 732
1670350 732
1670360 729
1670370 725
1670380 725
1670390 722
1670400 718
1670410 718
1670420 714
1670430 709
1670440 709
1670450 704
1670460 699
1670470 699
1670480 693
1670490 687
1670500 687
1670510 681
1670520 675
1670530 675
1670540 669
1670550 663
1670560 656
1670570 656
1670580 649
1670590 643
1670600 643
1670610 638
1670620 635
1670630 635
1670640 633
1670650 632
1670660 632
1670670 630
1670680 628
1670690 628
1670700 626
1670710 622
1670720 622
1670730 618
1670740 614
1670750 614
1670760 610
1670770 606
1670780 606
1670790 601
1670800 597
1670810 597
1670820 592
1670830 587
1670840 587
1670850 584
1670860 581
1670870 581
1670880 577
1670890 574
1670900 574
1670910 571
1670920 568
1670930 570
1670940 567
1670950 564
1670960 564
1670970 563
1670980 562
1670990 562
1671000 561
1671010 560
1671020 560
1671030 561
1671040 562
1671050 562
1671060 565
1671070 565
1671080 565
1671090 564
1671100 565
1671110 565
1671120 566
1671130 572
1671140 572
1671150 578
1671160 585
1671170 585
1671180 591
1671190 597
1671200 597
1671210 603
1671220 609
1671230 609
1671240 615
1671250 619
1671260 619
1671270 622
1671280 624
1671290 624
1671300 625
1671310 624
1671320 624
1671330 620
1671340 614
1671350 611
1671360 611
1671370 611
1671380 615
1671390 615
1671400 620
1671410 624
1671420 624
1671430 628
1671440 630
1671450 630
1671460 632
1671470 634
1671480 634
1671490 634
1671500 634
1671510 634
1671520 632
1671530 631
1671540 631
1671550 630
1671560 629
1671570 629
1671580 629
1671590 630
1671600 630
1671610 631
1671620 633
1671630 631
1671640 633
1671650 634
1671660 634
1671670 634
1671680 634
1671690 634
1671700 634
1671710 633
1671720 633
1671730 633
1671740 631
1671750 631
1671760 629
1671770 624
1671780 624
1671790 618
1671800 612
1671810 612
1671820 611
1671830 616
1671840 616
1671850 620
1671860 625
1671870 625
1671880 629
1671890 633
1671900 633
1671910 637
1671920 640
1671930 640
1671940 643
1671950 646
1671960 646
1671970 649
1671980 651
1671990 651
1672000 654
1672010 656
1672020 656
1672030 658
1672040 661
1672050 661
1672060 663
1672070 665
1672080 665
1672090 667
1672100 669
1672110 669
1672120 671
1672130 672
1672140 674
1672150 674
1672160 675
1672170 676
1672180 676
1672190 677
1672200 678
1672210 678
1672220 679
1672230 680
1672240 680
1672250 680
1672260 681
1672270 681
1672280 681
1672290 681
1672300 681
1672310 679
1672320 679
1672330 679
1672340 679
1672350 678
1672360 678
1672370 677
1672380 673
1672390 673
1672400 668
1672410 663
1672420 663
1672430 657
1672440 652
1672450 652
1672460 647
1672470 642
1672480 642
1672490 637
1672500 632
1672510 632
1672520 627
1672530 622
1672540 622
1672550 617
1672560 611
1672570 611
1672580 606
1672590 600
1672600 600
1672610 593
1672620 587
1672630 587
1672640 581
1672650 576
1672660 576
1672670 570
1672680 565
1672690 565
1672700 560
1672710 554
1672720 554
1672730 546
1672740 538
1672750 538
1672760 530
1672770 522
1672780 522
1672790 515
1672800 508
1672810 508
1672820 502
1672830 497
1672840 497
1672850 494
1672860 493
1672870 493
1672880 491
1672890 490
1672900 490
1672910 490
1672920 490
1672930 490
1672940 490
1672950 490
1672960 490
1672970 490
1672980 490
1672990 490
1673000 489
1673010 489
1673020 490
1673030 490
1673040 495
1673050 500
1673060 500
1673070 504
1673080 509
1673090 509
1673100 512
1673110 516
1673120 516
1673130 519
1673140 523
1673150 523
1673160 526
1673170 527
1673180 527
1673190 530
1673200 533
1673210 533
1673220 538
1673230 542
1673240 542
1673250 547
1673260 552
1673270 552
1673280 557
1673290 562
1673300 562
1673310 567
1673320 572
1673330 572
1673340 576
1673350 581
1673360 581
1673370 586
1673380 590
1673390 590
1673400 594
1673410 599
1673420 599
1673430 603
1673440 607
1673450 607
1673460 611
1673470 615
1673480 615
1673490 618
1673500 621
1673510 621
1673520 623
1673530 622
1673540 622
1673550 616
1673560 610
1673570 610
1673580 604
1673590 597
1673600 597
1673610 591
1673620 585
1673630 585
1673640 580
1673650 575
1673660 575
1673670 568
1673680 562
1673690 562
1673700 556
1673710 551
1673720 551
1673730 548
1673740 546
1673750 543
1673760 543
1673770 541
1673780 539
1673790 539
1673800 540
1673810 539
1673820 539
1673830 538
1673840 535
1673850 535
1673860 533
1673870 531
1673880 531
1673890 528
1673900 526
1673910 526
1673920 524
1673930 521
1673940 521
1673950 519
1673960 518
1673970 518
1673980 517
1673990 517
1674000 517
1674010 517
1674020 516
1674030 516
1674040 516
1674050 516
1674060 516
1674070 516
1674080 516
1674090 516
1674100 515
1674110 515
1674120 515
1674130 515
1674140 515
1674150 515
1674160 515
1674170 516
1674180 516
1674190 517
1674200 518
1674210 518
1674220 519
1674230 519
1674240 519
1674250 520
1674260 521
1674270 521
1674280 522
1674290 522
1674300 522
1674310 522
1674320 522
1674330 522
1674340 522
1674350 523
1674360 521
1674370 521
1674380 522
1674390 522
1674400 523
1674410 525
1674420 525
1674430 525
1674440 527
1674450 527
1674460 528
1674470 529
1674480 529
1674490 530
1674500 531
1674510 531
1674520 533
1674530 533
1674540 533
1674550 534
1674560 534
1674570 536
1674580 536
1674590 538
1674600 541
1674610 541
1674620 543
1674630 546
1674640 546
1674650 548
1674660 549
1674670 549
1674680 550
1674690 550
1674700 550
1674710 550
1674720 551
1674730 551
1674740 552
1674750 552
1674760 552
1674770 552
1674780 553
1674790 553
1674800 554
1674810 554
1674820 554
1674830 554
1674840 555
1674850 555
1674860 557
1674870 558
1674880 558
1674890 561
1674900 565
1674910 565
1674920 570
1674930 574
1674940 574
1674950 577
1674960 580
1674970 580
1674980 583
1674990 585
1675000 585
1675010 587
1675020 589
1675030 589
1675040 586
1675050 588
1675060 588
1675070 589
1675080 588
1675090 588
1675100 588
1675110 589
1675120 589
1675130 591
1675140 595
1675150 595
1675160 599
1675170 603
1675180 603
1675190 607
1675200 611
1675210 611
1675220 613
1675230 616
1675240 616
1675250 617
1675260 618
1675270 618
1675280 620
1675290 622
1675300 622
1675310 623
1675320 625
1675330 625
1675340 626
1675350 627
1675360 628
1675370 628
1675380 629
1675390 629
1675400 629
1675410 630
1675420 632
1675430 632
1675440 633
1675450 634
1675460 634
1675470 635
1675480 636
1675490 636
1675500 636
1675510 635
1675520 635
1675530 638
1675540 643
1675550 643
1675560 650
1675570 658
1675580 658
1675590 665
1675600 673
1675610 673
1675620 680
1675630 686
1675640 686
1675650 692
1675660 697
1675670 697
1675680 700
1675690 703
1675700 703
1675710 706
1675720 702
1675730 702
1675740 704
1675750 705
1675760 705
1675770 704
1675780 703
1675790 703
1675800 703
1675810 703
1675820 703
1675830 706
1675840 712
1675850 712
1675860 717
1675870 723
1675880 723
1675890 728
1675900 734
1675910 734
1675920 739
1675930 744
1675940 744
1675950 749
1675960 753
1675970 753
1675980 757
1675990 761
1676000 761
1676010 764
1676020 766
1676030 766
1676040 768
1676050 769
1676060 769
1676070 768
1676080 765
1676090 765
1676100 762
1676110 760
1676120 760
1676130 757
1676140 756
1676150 756
1676160 756
1676170 757
1676180 758
1676190 758
1676200 758
1676210 757
1676220 757
1676230 754
1676240 750
1676250 750
1676260 744
1676270 736
1676280 736
1676290 737
1676300 744
1676310 744
1676320 751
1676330 759
1676340 759
1676350 766
1676360 773
1676370 773
1676380 780
1676390 786
1676400 786
1676410 793
1676420 800
1676430 800
1676440 807
1676450 814
1676460 814
1676470 821
1676480 827
1676490 827
1676500 833
1676510 838
1676520 838
1676530 843
1676540 847
1676550 847
1676560 850
1676570 851
1676580 851
1676590 853
1676600 854
1676610 854
1676620 855
1676630 856
1676640 856
1676650 857
1676660 858
1676670 858
1676680 859
1676690 860
1676700 860
1676710 861
1676720 861
1676730 861
1676740 861
1676750 862
1676760 862
1676770 862
1676780 862
1676790 862
1676800 862
1676810 862
1676820 862
1676830 862
1676840 861
1676850 861
1676860 861
1676870 859
1676880 859
1676890 857
1676900 853
1676910 853
1676920 849
1676930 843
1676940 843
1676950 838
1676960 834
1676970 831
1676980 831
1676990 828
1677000 825
1677010 825
1677020 821
1677030 812
1677040 812
1677050 810
1677060 814
1677070 814
1677080 821
1677090 826
1677100 826
1677110 830
1677120 834
1677130 834
1677140 837
1677150 840
1677160 840
1677170 841
1677180 839
1677190 839
1677200 836
1677210 834
1677220 834
1677230 830
1677240 822
1677250 822
1677260 817
1677270 813
1677280 813
1677290 809
1677300 806
1677310 806
1677320 801
1677330 797
1677340 797
1677350 792
1677360 783
1677370 783
1677380 785
1677390 798
1677400 798
1677410 805
1677420 810
1677430 810
1677440 816
1677450 822
1677460 822
1677470 828
1677480 834
1677490 834
1677500 840
1677510 846
1677520 846
1677530 852
1677540 858
1677550 858
1677560 864
1677570 870
1677580 870
1677590 876
1677600 882
1677610 882
1677620 887
1677630 893
1677640 893
1677650 898
1677660 903
1677670 903
1677680 907
1677690 910
1677700 910
1677710 912
1677720 913
1677730 908
1677740 908
1677750 899
1677760 899
1677770 891
1677780 887
1677790 884
1677800 884
1677810 882
1677820 880
1677830 880
1677840 879
1677850 878
1677860 878
1677870 876
1677880 872
1677890 872
1677900 870
1677910 874
1677920 874
1677930 878
1677940 882
1677950 882
1677960 887
1677970 893
1677980 893
1677990 899
1678000 905
1678010 905
1678020 911
1678030 915
1678040 915
1678050 922
1678060 927
1678070 927
1678080 932
1678090 937
1678100 937
1678110 943
1678120 948
1678130 948
1678140 951
1678150 955
1678160 955
1678170 957
1678180 960
1678190 960
1678200 963
1678210 966
1678220 966
1678230 969
1678240 972
1678250 972
1678260 975
1678270 978
1678280 978
1678290 980
1678300 982
1678310 982
1678320 985
1678330 985
1678340 985
1678350 985
1678360 986
1678370 986
1678380 985
1678390 980
1678400 980
1678410 973
1678420 965
1678430 965
1678440 960
1678450 957
1678460 957
1678470 951
1678480 946
1678490 946
1678500 942
1678510 938
1678520 938
1678530 936
1678540 933
1678550 933
1678560 931
1678570 929
1678580 926
1678590 926
1678600 922
1678610 918
1678620 918
1678630 913
1678640 908
1678650 908
1678660 903
1678670 898
1678680 898
1678690 893
1678700 889
1678710 889
1678720 886
1678730 882
1678740 882
1678750 879
1678760 877
1678770 877
1678780 875
1678790 874
1678800 874
1678810 871
1678820 866
1678830 866
1678840 860
1678850 854
1678860 854
1678870 848
1678880 846
1678890 846
1678900 844
1678910 841
1678920 841
1678930 835
1678940 827
1678950 827
1678960 821
1678970 818
1678980 818
1678990 813
1679000 808
1679010 808
1679020 805
1679030 803
1679040 803
1679050 804
1679060 812
1679070 812
1679080 814
1679090 815
1679100 815
1679110 817
1679120 819
1679130 819
1679140 820
1679150 822
1679160 822
1679170 824
1679180 826
1679190 826
1679200 828
1679210 829
1679220 829
1679230 831
1679240 831
1679250 831
1679260 828
1679270 822
1679280 822
1679290 817
1679300 811
1679310 811
1679320 807
1679330 802
1679340 802
1679350 798
1679360 793
1679370 793
1679380 788
1679390 783
1679400 778
1679410 778
1679420 774
1679430 769
1679440 769
1679450 764
1679460 761
1679470 761
1679480 758
1679490 754
1679500 754
1679510 750
1679520 747
1679530 747
1679540 743
1679550 739
1679560 739
1679570 735
1679580 732
1679590 732
1679600 728
1679610 723
1679620 723
1679630 718
1679640 711
1679650 711
1679660 704
1679670 697
1679680 697
1679690 690
1679700 683
1679710 683
1679720 680
1679730 675
1679740 675
1679750 671
1679760 668
1679770 668
1679780 663
1679790 659
1679800 659
1679810 656
1679820 652
1679830 652
1679840 648
1679850 645
1679860 645
1679870 641
1679880 638
1679890 638
1679900 635
1679910 631
1679920 631
1679930 628
1679940 625
1679950 625
1679960 622
1679970 619
1679980 619
1679990 615
