1660000 507
1660010 507
1660020 507
1660030 507
1660040 508
1660050 508
1660060 508
1660070 508
1660080 508
1660090 509
1660100 509
1660110 509
1660120 510
1660130 511
1660140 511
1660150 511
1660160 512
1660170 512
1660180 513
1660190 514
1660200 514
1660210 515
1660220 516
1660230 516
1660240 516
1660250 517
1660260 517
1660270 517
1660280 518
1660290 518
1660300 519
1660310 520
1660320 520
1660330 520
1660340 520
1660350 520
1660360 521
1660370 521
1660380 521
1660390 521
1660400 521
1660410 521
1660420 522
1660430 521
1660440 521
1660450 521
1660460 520
1660470 520
1660480 519
1660490 518
1660500 518
1660510 517
1660520 516
1660530 516
1660540 515
1660550 513
1660560 513
1660570 515
1660580 515
1660590 515
1660600 515
1660610 514
1660620 514
1660630 512
1660640 513
1660650 513
1660660 513
1660670 513
1660680 513
1660690 514
1660700 513
1660710 514
1660720 514
1660730 513
1660740 514
1660750 514
1660760 515
1660770 516
1660780 516
1660790 517
1660800 518
1660810 518
1660820 519
1660830 520
1660840 520
1660850 521
1660860 522
1660870 522
1660880 523
1660890 524
1660900 524
1660910 524
1660920 525
1660930 525
1660940 525
1660950 526
1660960 526
1660970 527
1660980 529
1660990 529
1661000 530
1661010 530
1661020 530
1661030 530
1661040 530
1661050 530
1661060 530
1661070 531
1661080 531
1661090 531
1661100 530
1661110 530
1661120 529
1661130 528
1661140 528
1661150 527
1661160 527
1661170 527
1661180 527
1661190 527
1661200 527
1661210 526
1661220 526
1661230 526
1661240 525
1661250 525
1661260 525
1661270 524
1661280 524
1661290 524
1661300 524
1661310 521
1661320 521
1661330 519
1661340 519
1661350 519
1661360 518
1661370 517
1661380 517
1661390 516
1661400 514
1661410 514
1661420 512
1661430 509
1661440 509
1661450 506
1661460 500
1661470 500
1661480 496
1661490 493
1661500 493
1661510 491
1661520 488
1661530 488
1661540 487
1661550 488
1661560 491
1661570 491
1661580 492
1661590 493
1661600 493
1661610 494
1661620 494
1661630 494
1661640 495
1661650 495
1661660 495
1661670 494
1661680 494
1661690 494
1661700 492
1661710 492
1661720 492
1661730 491
1661740 490
1661750 490
1661760 490
1661770 490
1661780 490
1661790 492
1661800 493
1661810 493
1661820 494
1661830 495
1661840 495
1661850 496
1661860 496
1661870 496
1661880 496
1661890 495
1661900 495
1661910 493
1661920 491
1661930 491
1661940 488
1661950 487
1661960 487
1661970 487
1661980 489
1661990 489
1662000 492
1662010 495
1662020 495
1662030 499
1662040 501
1662050 501
1662060 503
1662070 505
1662080 505
1662090 506
1662100 507
1662110 507
1662120 507
1662130 508
1662140 508
1662150 508
1662160 509
1662170 509
1662180 509
1662190 506
1662200 506
1662210 506
1662220 506
1662230 506
1662240 506
1662250 505
1662260 505
1662270 504
1662280 505
1662290 505
1662300 507
1662310 507
1662320 507
1662330 507
1662340 506
1662350 506
1662360 506
1662370 505
1662380 504
1662390 504
1662400 503
1662410 502
1662420 502
1662430 500
1662440 499
1662450 499
1662460 497
1662470 493
1662480 493
1662490 488
1662500 488
1662510 488
1662520 493
1662530 496
1662540 496
1662550 498
1662560 496
1662570 496
1662580 494
1662590 493
1662600 493
1662610 493
1662620 491
1662630 491
1662640 486
1662650 484
1662660 484
1662670 490
1662680 496
1662690 496
1662700 501
1662710 505
1662720 505
1662730 508
1662740 510
1662750 510
1662760 511
1662770 513
1662780 513
1662790 513
1662800 514
1662810 514
1662820 513
1662830 512
1662840 512
1662850 511
1662860 510
1662870 510
1662880 508
1662890 508
1662900 508
1662910 504
1662920 503
1662930 503
1662940 500
1662950 499
1662960 499
1662970 497
1662980 494
1662990 494
1663000 492
1663010 490
1663020 490
1663030 487
1663040 485
1663050 485
1663060 484
1663070 484
1663080 484
1663090 482
1663100 480
1663110 480
1663120 479
1663130 477
1663140 477
1663150 475
1663160 474
1663170 474
1663180 473
1663190 472
1663200 470
1663210 470
1663220 468
1663230 465
1663240 465
1663250 463
1663260 462
1663270 462
1663280 460
1663290 459
1663300 459
1663310 458
1663320 456
1663330 456
1663340 454
1663350 452
1663360 452
1663370 450
1663380 449
1663390 449
1663400 447
1663410 446
1663420 446
1663430 446
1663440 446
1663450 446
1663460 446
1663470 446
1663480 446
1663490 446
1663500 446
1663510 446
1663520 446
1663530 446
1663540 446
1663550 445
1663560 445
1663570 445
1663580 447
1663590 449
1663600 449
1663610 452
1663620 457
1663630 458
1663640 464
1663650 469
1663660 469
1663670 476
1663680 482
1663690 482
1663700 488
1663710 493
1663720 493
1663730 499
1663740 505
1663750 505
1663760 512
1663770 519
1663780 519
1663790 525
1663800 531
1663810 531
1663820 536
1663830 542
1663840 542
1663850 547
1663860 554
1663870 554
1663880 561
1663890 567
1663900 567
1663910 572
1663920 577
1663930 577
1663940 581
1663950 585
1663960 585
1663970 589
1663980 594
1663990 594
1664000 599
1664010 603
1664020 608
1664030 608
1664040 613
1664050 619
1664060 619
1664070 625
1664080 631
1664090 631
1664100 636
1664110 642
1664120 642
1664130 647
1664140 653
1664150 653
1664160 654
1664170 652
1664180 652
1664190 650
1664200 650
1664210 650
1664220 649
1664230 648
1664240 648
1664250 648
1664260 649
1664270 649
1664280 650
1664290 651
1664300 651
1664310 653
1664320 654
1664330 654
1664340 656
1664350 658
1664360 658
1664370 659
1664380 660
1664390 660
1664400 660
1664410 661
1664420 661
1664430 662
1664440 663
1664450 663
1664460 663
1664470 665
1664480 665
1664490 666
1664500 667
1664510 667
1664520 669
1664530 670
1664540 670
1664550 671
1664560 673
1664570 673
1664580 674
1664590 674
1664600 674
1664610 675
1664620 675
1664630 675
1664640 676
1664650 676
1664660 676
1664670 676
1664680 676
1664690 676
1664700 676
1664710 675
1664720 675
1664730 675
1664740 674
1664750 674
1664760 674
1664770 673
1664780 673
1664790 672
1664800 670
1664810 670
1664820 669
1664830 667
1664840 665
1664850 665
1664860 663
1664870 661
1664880 661
1664890 659
1664900 656
1664910 656
1664920 652
1664930 646
1664940 646
1664950 640
1664960 634
1664970 634
1664980 629
1664990 625
1665000 625
1665010 621
1665020 617
1665030 617
1665040 614
1665050 610
1665060 610
1665070 610
1665080 606
1665090 606
1665100 601
1665110 597
1665120 597
1665130 592
1665140 587
1665150 587
1665160 582
1665170 578
1665180 578
1665190 574
1665200 570
1665210 570
1665220 565
1665230 558
1665240 558
1665250 553
1665260 548
1665270 548
1665280 544
1665290 539
1665300 539
1665310 534
1665320 530
1665330 530
1665340 525
1665350 520
1665360 520
1665370 515
1665380 511
1665390 511
1665400 505
1665410 502
1665420 502
1665430 500
1665440 497
1665450 497
1665460 495
1665470 492
1665480 492
1665490 489
1665500 484
1665510 484
1665520 483
1665530 483
1665540 483
1665550 483
1665560 482
1665570 482
1665580 486
1665590 488
1665600 488
1665610 489
1665620 490
1665630 490
1665640 493
1665650 499
1665660 499
1665670 502
1665680 507
1665690 510
1665700 510
1665710 513
1665720 517
1665730 517
1665740 520
1665750 523
1665760 523
1665770 525
1665780 524
1665790 524
1665800 527
1665810 529
1665820 529
1665830 531
1665840 534
1665850 534
1665860 536
1665870 539
1665880 539
1665890 541
1665900 544
1665910 544
1665920 547
1665930 550
1665940 550
1665950 552
1665960 554
1665970 554
1665980 555
1665990 557
1666000 557
1666010 559
1666020 561
1666030 561
1666040 561
1666050 563
1666060 563
1666070 565
1666080 566
1666090 566
1666100 568
1666110 569
1666120 569
1666130 571
1666140 572
1666150 572
1666160 573
1666170 575
1666180 575
1666190 577
1666200 579
1666210 579
1666220 581
1666230 582
1666240 582
1666250 584
1666260 587
1666270 587
1666280 590
1666290 592
1666300 592
1666310 592
1666320 594
1666330 594
1666340 595
1666350 597
1666360 597
1666370 599
1666380 602
1666390 602
1666400 605
1666410 609
1666420 609
1666430 613
1666440 617
1666450 617
1666460 622
1666470 626
1666480 626
1666490 631
1666500 636
1666510 640
1666520 640
1666530 644
1666540 646
1666550 646
1666560 648
1666570 651
1666580 651
1666590 653
1666600 656
1666610 656
1666620 658
1666630 658
1666640 658
1666650 659
1666660 659
1666670 659
1666680 657
1666690 655
1666700 655
1666710 654
1666720 653
1666730 653
1666740 652
1666750 649
1666760 649
1666770 649
1666780 650
1666790 650
1666800 650
1666810 651
1666820 651
1666830 652
1666840 654
1666850 654
1666860 655
1666870 657
1666880 657
1666890 661
1666900 665
1666910 665
1666920 670
1666930 676
1666940 676
1666950 683
1666960 689
1666970 689
1666980 692
1666990 693
1667000 693
1667010 693
1667020 693
1667030 693
1667040 693
1667050 693
1667060 693
1667070 693
1667080 694
1667090 694
1667100 695
1667110 696
1667120 696
1667130 697
1667140 698
1667150 698
1667160 699
1667170 700
1667180 700
1667190 701
1667200 707
1667210 707
1667220 708
1667230 709
1667240 709
1667250 710
1667260 713
1667270 713
1667280 715
1667290 718
1667300 718
1667310 720
1667320 722
1667330 723
1667340 723
1667350 725
1667360 727
1667370 727
1667380 729
1667390 731
1667400 731
1667410 732
1667420 735
1667430 735
1667440 736
1667450 738
1667460 738
1667470 739
1667480 741
1667490 741
1667500 742
1667510 743
1667520 743
1667530 744
1667540 745
1667550 745
1667560 746
1667570 746
1667580 746
1667590 747
1667600 747
1667610 747
1667620 747
1667630 747
1667640 747
1667650 747
1667660 747
1667670 747
1667680 747
1667690 746
1667700 746
1667710 746
1667720 745
1667730 745
1667740 745
1667750 744
1667760 744
1667770 742
1667780 742
1667790 742
1667800 743
1667810 741
1667820 741
1667830 739
1667840 738
1667850 738
1667860 736
1667870 735
1667880 735
1667890 734
1667900 732
1667910 737
1667920 735
1667930 732
1667940 732
1667950 729
1667960 726
1667970 726
1667980 724
1667990 721
1668000 721
1668010 719
1668020 718
1668030 718
1668040 717
1668050 717
1668060 717
1668070 718
1668080 719
1668090 719
1668100 721
1668110 723
1668120 723
1668130 723
1668140 722
1668150 722
1668160 722
1668170 722
1668180 722
1668190 722
1668200 722
1668210 720
1668220 720
1668230 719
1668240 718
1668250 718
1668260 718
1668270 718
1668280 718
1668290 718
1668300 718
1668310 718
1668320 719
1668330 719
1668340 719
1668350 720
1668360 720
1668370 720
1668380 721
1668390 721
1668400 721
1668410 722
1668420 722
1668430 722
1668440 721
1668450 721
1668460 721
1668470 722
1668480 723
1668490 723
1668500 722
1668510 723
1668520 723
1668530 723
1668540 723
1668550 723
1668560 723
1668570 724
1668580 724
1668590 724
1668600 725
1668610 728
1668620 729
1668630 729
1668640 729
1668650 730
1668660 730
1668670 730
1668680 731
1668690 732
1668700 732
1668710 734
1668720 737
1668730 737
1668740 742
1668750 747
1668760 747
1668770 752
1668780 757
1668790 757
1668800 763
1668810 766
1668820 766
1668830 762
1668840 753
1668850 753
1668860 751
1668870 750
1668880 750
1668890 750
1668900 750
1668910 750
1668920 751
1668930 751
1668940 751
1668950 751
1668960 751
1668970 751
1668980 751
1668990 750
1669000 748
1669010 748
1669020 746
1669030 744
1669040 744
1669050 743
1669060 743
1669070 743
1669080 742
1669090 742
1669100 742
1669110 743
1669120 746
1669130 746
1669140 749
1669150 752
1669160 752
1669170 756
1669180 759
1669190 759
1669200 763
1669210 765
1669220 765
1669230 768
1669240 770
1669250 770
1669260 771
1669270 772
1669280 772
1669290 772
1669300 772
1669310 775
1669320 774
1669330 772
1669340 772
1669350 770
1669360 767
1669370 767
1669380 765
1669390 763
1669400 763
1669410 760
1669420 757
1669430 757
1669440 755
1669450 753
1669460 753
1669470 751
1669480 748
1669490 748
1669500 745
1669510 742
1669520 742
1669530 739
1669540 736
1669550 736
1669560 736
1669570 735
1669580 735
1669590 733
1669600 730
1669610 730
1669620 729
1669630 729
1669640 729
1669650 726
1669660 723
1669670 723
1669680 718
1669690 713
1669700 713
1669710 710
1669720 707
1669730 707
1669740 705
1669750 704
1669760 704
1669770 703
1669780 703
1669790 703
1669800 701
1669810 701
1669820 700
1669830 700
1669840 699
1669850 698
1669860 698
1669870 698
1669880 697
1669890 697
1669900 697
1669910 698
1669920 698
1669930 699
1669940 701
1669950 701
1669960 705
1669970 707
1669980 707
1669990 709
1670000 711
1670010 711
1670020 712
1670030 713
1670040 713
1670050 714
1670060 715
1670070 715
1670080 716
1670090 717
1670100 717
1670110 718
1670120 719
1670130 719
1670140 719
1670150 718
1670160 718
1670170 716
1670180 714
1670190 714
1670200 713
1670210 711
1670220 711
1670230 710
1670240 710
1670250 710
1670260 710
1670270 710
1670280 710
1670290 711
1670300 710
1670310 710
1670320 709
1670330 708
1670340 708
1670350 706
1670360 705
1670370 705
1670380 703
1670390 701
1670400 701
1670410 700
1670420 699
1670430 699
1670440 700
1670450 700
1670460 700
1670470 701
1670480 701
1670490 701
1670500 700
1670510 698
1670520 698
1670530 697
1670540 699
1670550 699
1670560 700
1670570 700
1670580 700
1670590 700
1670600 700
1670610 700
1670620 700
1670630 700
1670640 700
1670650 700
1670660 699
1670670 697
1670680 697
1670690 695
1670700 701
1670710 701
1670720 702
1670730 703
1670740 703
1670750 704
1670760 705
1670770 705
1670780 706
1670790 707
1670800 707
1670810 707
1670820 707
1670830 707
1670840 708
1670850 710
1670860 710
1670870 714
1670880 717
1670890 717
1670900 720
1670910 722
1670920 722
1670930 725
1670940 728
1670950 728
1670960 731
1670970 734
1670980 734
1670990 737
1671000 740
1671010 740
1671020 743
1671030 746
1671040 746
1671050 747
1671060 749
1671070 749
1671080 748
1671090 747
1671100 747
1671110 745
1671120 742
1671130 742
1671140 740
1671150 738
1671160 738
1671170 736
1671180 733
1671190 733
1671200 731
1671210 729
1671220 729
1671230 727
1671240 725
1671250 725
1671260 723
1671270 722
1671280 722
1671290 720
1671300 718
1671310 718
1671320 715
1671330 710
1671340 710
1671350 704
1671360 698
1671370 698
1671380 692
1671390 686
1671400 686
1671410 681
1671420 675
1671430 675
1671440 670
1671450 665
1671460 660
1671470 660
1671480 653
1671490 645
1671500 645
1671510 637
1671520 632
1671530 632
1671540 631
1671550 629
1671560 629
1671570 628
1671580 625
1671590 625
1671600 623
1671610 621
1671620 621
1671630 619
1671640 617
1671650 617
1671660 615
1671670 614
1671680 614
1671690 612
1671700 610
1671710 610
1671720 607
1671730 605
1671740 605
1671750 604
1671760 604
1671770 604
1671780 602
1671790 601
1671800 601
1671810 598
1671820 595
1671830 595
1671840 593
1671850 591
1671860 591
1671870 588
1671880 585
1671890 585
1671900 583
1671910 581
1671920 581
1671930 579
1671940 577
1671950 577
1671960 575
1671970 573
1671980 573
1671990 569
1672000 567
1672010 567
1672020 564
1672030 563
1672040 563
1672050 562
1672060 561
1672070 561
1672080 561
1672090 560
1672100 560
1672110 559
1672120 557
1672130 557
1672140 556
1672150 556
1672160 556
1672170 555
1672180 555
1672190 555
1672200 554
1672210 553
1672220 553
1672230 552
1672240 552
1672250 552
1672260 552
1672270 551
1672280 551
1672290 551
1672300 549
1672310 548
1672320 548
1672330 546
1672340 544
1672350 544
1672360 540
1672370 536
1672380 536
1672390 531
1672400 528
1672410 528
1672420 525
1672430 522
1672440 522
1672450 518
1672460 517
1672470 517
1672480 517
1672490 515
1672500 515
1672510 514
1672520 512
1672530 512
1672540 510
1672550 506
1672560 506
1672570 503
1672580 502
1672590 502
1672600 502
1672610 501
1672620 501
1672630 500
1672640 498
1672650 498
1672660 497
1672670 495
1672680 495
1672690 494
1672700 493
1672710 493
1672720 491
1672730 489
1672740 489
1672750 488
1672760 491
1672770 491
1672780 489
1672790 487
1672800 487
1672810 487
1672820 487
1672830 487
1672840 486
1672850 485
1672860 485
1672870 485
1672880 482
1672890 482
1672900 476
1672910 470
1672920 470
1672930 467
1672940 466
1672950 466
1672960 465
1672970 465
1672980 465
1672990 464
1673000 464
1673010 464
1673020 465
1673030 465
1673040 465
1673050 465
1673060 464
1673070 464
1673080 464
1673090 465
1673100 465
1673110 465
1673120 466
1673130 467
1673140 467
1673150 470
1673160 473
1673170 473
1673180 476
1673190 479
1673200 479
1673210 482
1673220 485
1673230 485
1673240 488
1673250 491
1673260 491
1673270 494
1673280 497
1673290 497
1673300 500
1673310 503
1673320 503
1673330 505
1673340 508
1673350 508
1673360 512
1673370 516
1673380 516
1673390 518
1673400 519
1673410 519
1673420 521
1673430 523
1673440 523
1673450 522
1673460 525
1673470 525
1673480 527
1673490 528
1673500 528
1673510 531
1673520 534
1673530 534
1673540 537
1673550 541
1673560 541
1673570 544
1673580 547
1673590 547
1673600 549
1673610 552
1673620 552
1673630 554
1673640 555
1673650 555
1673660 556
1673670 556
1673680 556
1673690 556
1673700 553
1673710 553
1673720 549
1673730 544
1673740 544
1673750 542
1673760 541
1673770 541
1673780 540
1673790 540
1673800 540
1673810 540
1673820 539
1673830 539
1673840 538
1673850 538
1673860 538
1673870 537
1673880 537
1673890 537
1673900 537
1673910 536
1673920 536
1673930 535
1673940 534
1673950 533
1673960 533
1673970 533
1673980 534
1673990 534
1674000 534
1674010 534
1674020 534
1674030 534
1674040 535
1674050 535
1674060 535
1674070 535
1674080 535
1674090 535
1674100 535
1674110 535
1674120 535
1674130 528
1674140 528
1674150 528
1674160 528
1674170 528
1674180 527
1674190 528
1674200 528
1674210 531
1674220 535
1674230 535
1674240 538
1674250 542
1674260 542
1674270 547
1674280 551
1674290 551
1674300 555
1674310 559
1674320 559
1674330 562
1674340 565
1674350 565
1674360 568
1674370 571
1674380 571
1674390 575
1674400 578
1674410 578
1674420 581
1674430 584
1674440 584
1674450 588
1674460 591
1674470 591
1674480 594
1674490 598
1674500 598
1674510 602
1674520 606
1674530 606
1674540 609
1674550 614
1674560 614
1674570 618
1674580 623
1674590 623
1674600 628
1674610 634
1674620 634
1674630 639
1674640 645
1674650 645
1674660 651
1674670 656
1674680 656
1674690 662
1674700 665
1674710 665
1674720 664
1674730 659
1674740 659
1674750 652
1674760 645
1674770 645
1674780 639
1674790 633
1674800 628
1674810 624
1674820 620
1674830 615
1674840 615
1674850 611
1674860 608
1674870 608
1674880 604
1674890 601
1674900 601
1674910 603
1674920 606
1674930 606
1674940 610
1674950 614
1674960 614
1674970 617
1674980 620
1674990 620
1675000 624
1675010 628
1675020 628
1675030 631
1675040 635
1675050 635
1675060 639
1675070 642
1675080 642
1675090 645
1675100 648
1675110 648
1675120 650
1675130 652
1675140 652
1675150 654
1675160 652
1675170 652
1675180 653
1675190 657
1675200 657
1675210 662
1675220 667
1675230 667
1675240 672
1675250 677
1675260 677
1675270 681
1675280 685
1675290 685
1675300 688
1675310 691
1675320 691
1675330 692
1675340 693
1675350 693
1675360 693
1675370 692
1675380 692
1675390 690
1675400 689
1675410 689
1675420 688
1675430 685
1675440 685
1675450 683
1675460 680
1675470 680
1675480 677
1675490 669
1675500 669
1675510 666
1675520 662
1675530 662
1675540 658
1675550 653
1675560 653
1675570 647
1675580 645
1675590 645
1675600 646
1675610 646
1675620 646
1675630 646
1675640 646
1675650 646
1675660 646
1675670 644
1675680 642
1675690 642
1675700 638
1675710 632
1675720 632
1675730 628
1675740 629
1675750 629
1675760 631
1675770 633
1675780 633
1675790 633
1675800 634
1675810 634
1675820 633
1675830 633
1675840 633
1675850 633
1675860 632
1675870 632
1675880 632
1675890 630
1675900 630
1675910 629
1675920 628
1675930 628
1675940 626
1675950 625
1675960 625
1675970 623
1675980 622
1675990 622
1676000 621
1676010 620
1676020 620
1676030 619
1676040 617
1676050 617
1676060 616
1676070 615
1676080 615
1676090 614
1676100 613
1676110 613
1676120 612
1676130 611
1676140 611
1676150 610
1676160 605
1676170 605
1676180 604
1676190 603
1676200 603
1676210 603
1676220 603
1676230 603
1676240 603
1676250 602
1676260 602
1676270 602
1676280 601
1676290 601
1676300 600
1676310 600
1676320 600
1676330 599
1676340 598
1676350 598
1676360 597
1676370 596
1676380 596
1676390 595
1676400 594
1676410 594
1676420 593
1676430 591
1676440 590
1676450 590
1676460 589
1676470 587
1676480 587
1676490 586
1676500 585
1676510 585
1676520 583
1676530 582
1676540 582
1676550 580
1676560 578
1676570 578
1676580 576
1676590 573
1676600 573
1676610 571
1676620 569
1676630 569
1676640 566
1676650 562
1676660 562
1676670 559
1676680 555
1676690 555
1676700 553
1676710 550
1676720 550
1676730 548
1676740 545
1676750 545
1676760 541
1676770 536
1676780 536
1676790 532
1676800 529
1676810 529
1676820 524
1676830 517
1676840 517
1676850 513
1676860 511
1676870 511
1676880 510
1676890 508
1676900 508
1676910 506
1676920 505
1676930 505
1676940 504
1676950 503
1676960 503
1676970 502
1676980 501
1676990 501
1677000 501
1677010 501
1677020 501
1677030 500
1677040 499
1677050 499
1677060 499
1677070 498
1677080 498
1677090 498
1677100 498
1677110 498
1677120 497
1677130 497
1677140 497
1677150 496
1677160 496
1677170 496
1677180 496
1677190 496
1677200 496
1677210 497
1677220 497
1677230 497
1677240 498
1677250 499
1677260 499
1677270 500
1677280 502
1677290 504
1677300 504
1677310 506
1677320 507
1677330 507
1677340 509
1677350 510
1677360 510
1677370 512
1677380 514
1677390 514
1677400 515
1677410 517
1677420 517
1677430 518
1677440 520
1677450 520
1677460 521
1677470 523
1677480 523
1677490 524
1677500 525
1677510 525
1677520 526
1677530 527
1677540 527
1677550 529
1677560 530
1677570 530
1677580 532
1677590 533
1677600 533
1677610 534
1677620 535
1677630 535
1677640 537
1677650 538
1677660 538
1677670 539
1677680 540
1677690 540
1677700 541
1677710 543
1677720 543
1677730 544
1677740 545
1677750 545
1677760 546
1677770 546
1677780 546
1677790 547
1677800 547
1677810 547
1677820 548
1677830 549
1677840 549
1677850 550
1677860 550
1677870 550
1677880 550
1677890 551
1677900 551
1677910 551
1677920 552
1677930 552
1677940 552
1677950 553
1677960 553
1677970 553
1677980 552
1677990 552
1678000 553
1678010 552
1678020 552
1678030 552
1678040 552
1678050 552
1678060 552
1678070 551
1678080 551
1678090 550
1678100 550
1678110 549
1678120 549
1678130 547
1678140 546
1678150 546
1678160 543
1678170 538
1678180 538
1678190 537
1678200 537
1678210 537
1678220 537
1678230 538
1678240 538
1678250 539
1678260 539
1678270 539
1678280 539
1678290 539
1678300 539
1678310 539
1678320 539
1678330 539
1678340 539
1678350 539
1678360 539
1678370 538
1678380 538
1678390 538
1678400 538
1678410 537
1678420 537
1678430 537
1678440 537
1678450 537
1678460 536
1678470 535
1678480 535
1678490 535
1678500 534
1678510 534
1678520 533
1678530 533
1678540 533
1678550 532
1678560 530
1678570 530
1678580 529
1678590 528
1678600 528
1678610 526
1678620 526
1678630 526
1678640 525
1678650 524
1678660 524
1678670 523
1678680 522
1678690 522
1678700 522
1678710 522
1678720 522
1678730 522
1678740 522
1678750 522
1678760 522
1678770 523
1678780 523
1678790 522
1678800 522
1678810 522
1678820 522
1678830 519
1678840 519
1678850 519
1678860 518
1678870 518
1678880 516
1678890 512
1678900 512
1678910 507
1678920 503
1678930 500
1678940 500
1678950 496
1678960 492
1678970 492
1678980 489
1678990 487
1679000 487
1679010 485
1679020 484
1679030 484
1679040 485
1679050 486
1679060 486
1679070 489
1679080 492
1679090 492
1679100 495
1679110 497
1679120 497
1679130 500
1679140 501
1679150 501
1679160 503
1679170 505
1679180 505
1679190 508
1679200 511
1679210 511
1679220 513
1679230 515
1679240 515
1679250 518
1679260 521
1679270 521
1679280 524
1679290 525
1679300 525
1679310 526
1679320 527
1679330 527
1679340 527
1679350 526
1679360 526
1679370 525
1679380 523
1679390 523
1679400 520
1679410 518
1679420 518
1679430 515
1679440 511
1679450 511
1679460 508
1679470 505
1679480 505
1679490 501
1679500 494
1679510 494
1679520 491
1679530 488
1679540 488
1679550 485
1679560 482
1679570 482
1679580 479
1679590 476
1679600 476
1679610 473
1679620 470
1679630 470
1679640 467
1679650 466
1679660 466
1679670 464
1679680 463
1679690 463
1679700 461
1679710 459
1679720 459
1679730 457
1679740 454
1679750 454
1679760 452
1679770 450
1679780 448
1679790 448
1679800 446
1679810 444
1679820 444
1679830 441
1679840 439
1679850 439
1679860 437
1679870 435
1679880 435
1679890 431
1679900 429
1679910 429
1679920 428
1679930 427
1679940 427
1679950 426
1679960 426
1679970 426
1679980 426
1679990 426
