1660000 423
1660010 423
1660020 423
1660030 424
1660040 424
1660050 424
1660060 424
1660070 424
1660080 424
1660090 425
1660100 425
1660110 425
1660120 425
1660130 426
1660140 426
1660150 426
1660160 426
1660170 426
1660180 426
1660190 426
1660200 426
1660210 426
1660220 427
1660230 427
1660240 427
1660250 427
1660260 427
1660270 426
1660280 426
1660290 426
1660300 426
1660310 426
1660320 426
1660330 426
1660340 426
1660350 426
1660360 426
1660370 426
1660380 426
1660390 426
1660400 426
1660410 426
1660420 425
1660430 425
1660440 425
1660450 425
1660460 424
1660470 424
1660480 424
1660490 424
1660500 424
1660510 424
1660520 424
1660530 424
1660540 424
1660550 424
1660560 424
1660570 424
1660580 424
1660590 424
1660600 424
1660610 424
1660620 424
1660630 425
1660640 425
1660650 425
1660660 425
1660670 425
1660680 425
1660690 424
1660700 423
1660710 423
1660720 424
1660730 425
1660740 425
1660750 425
1660760 425
1660770 425
1660780 425
1660790 426
1660800 427
1660810 427
1660820 427
1660830 427
1660840 427
1660850 427
1660860 427
1660870 427
1660880 427
1660890 427
1660900 427
1660910 427
1660920 427
1660930 427
1660940 428
1660950 428
1660960 428
1660970 429
1660980 430
1660990 430
1661000 431
1661010 433
1661020 433
1661030 437
1661040 443
1661050 443
1661060 447
1661070 450
1661080 450
1661090 451
1661100 450
1661110 450
1661120 450
1661130 451
1661140 451
1661150 452
1661160 453
1661170 453
1661180 452
1661190 449
1661200 449
1661210 446
1661220 442
1661230 442
1661240 439
1661250 435
1661260 435
1661270 434
1661280 435
1661290 435
1661300 433
1661310 431
1661320 431
1661330 430
1661340 430
1661350 429
1661360 429
1661370 429
1661380 429
1661390 429
1661400 429
1661410 429
1661420 429
1661430 429
1661440 429
1661450 430
1661460 430
1661470 430
1661480 430
1661490 430
1661500 430
1661510 430
1661520 430
1661530 430
1661540 430
1661550 430
1661560 430
1661570 430
1661580 430
1661590 430
1661600 430
1661610 430
1661620 430
1661630 430
1661640 431
1661650 431
1661660 431
1661670 431
1661680 431
1661690 431
1661700 431
1661710 431
1661720 431
1661730 431
1661740 432
1661750 432
1661760 432
1661770 433
1661780 433
1661790 433
1661800 433
1661810 433
1661820 433
1661830 433
1661840 433
1661850 433
1661860 433
1661870 433
1661880 433
1661890 433
1661900 433
1661910 434
1661920 434
1661930 434
1661940 434
1661950 434
1661960 434
1661970 434
1661980 435
1661990 435
1662000 435
1662010 435
1662020 435
1662030 435
1662040 435
1662050 435
1662060 435
1662070 436
1662080 435
1662090 435
1662100 435
1662110 435
1662120 436
1662130 436
1662140 436
1662150 436
1662160 436
1662170 436
1662180 436
1662190 437
1662200 437
1662210 437
1662220 438
1662230 438
1662240 438
1662250 438
1662260 438
1662270 439
1662280 439
1662290 439
1662300 440
1662310 442
1662320 442
1662330 444
1662340 446
1662350 446
1662360 449
1662370 454
1662380 454
1662390 457
1662400 459
1662410 459
1662420 459
1662430 460
1662440 461
1662450 461
1662460 462
1662470 463
1662480 463
1662490 464
1662500 465
1662510 465
1662520 465
1662530 464
1662540 464
1662550 464
1662560 464
1662570 464
1662580 465
1662590 467
1662600 467
1662610 469
1662620 472
1662630 472
1662640 473
1662650 473
1662660 473
1662670 473
1662680 473
1662690 473
1662700 473
1662710 472
1662720 472
1662730 472
1662740 472
1662750 472
1662760 472
1662770 472
1662780 472
1662790 472
1662800 478
1662810 478
1662820 479
1662830 480
1662840 480
1662850 482
1662860 484
1662870 484
1662880 486
1662890 488
1662900 488
1662910 489
1662920 489
1662930 489
1662940 489
1662950 490
1662960 490
1662970 490
1662980 491
1662990 491
1663000 491
1663010 492
1663020 492
1663030 492
1663040 493
1663050 493
1663060 494
1663070 494
1663080 494
1663090 495
1663100 495
1663110 495
1663120 495
1663130 496
1663140 496
1663150 495
1663160 494
1663170 494
1663180 491
1663190 487
1663200 487
1663210 484
1663220 480
1663230 480
1663240 479
1663250 478
1663260 478
1663270 479
1663280 480
1663290 483
1663300 483
1663310 488
1663320 494
1663330 494
1663340 500
1663350 506
1663360 506
1663370 511
1663380 511
1663390 511
1663400 510
1663410 509
1663420 509
1663430 509
1663440 510
1663450 510
1663460 511
1663470 512
1663480 512
1663490 513
1663500 515
1663510 515
1663520 517
1663530 521
1663540 521
1663550 525
1663560 529
1663570 529
1663580 533
1663590 535
1663600 535
1663610 538
1663620 542
1663630 542
1663640 545
1663650 548
1663660 548
1663670 551
1663680 552
1663690 552
1663700 553
1663710 552
1663720 552
1663730 551
1663740 549
1663750 549
1663760 547
1663770 546
1663780 546
1663790 544
1663800 542
1663810 542
1663820 540
1663830 538
1663840 538
1663850 536
1663860 534
1663870 534
1663880 534
1663890 535
1663900 535
1663910 536
1663920 537
1663930 537
1663940 538
1663950 539
1663960 539
1663970 541
1663980 542
1663990 542
1664000 544
1664010 546
1664020 546
1664030 548
1664040 550
1664050 550
1664060 552
1664070 554
1664080 554
1664090 556
1664100 558
1664110 558
1664120 560
1664130 562
1664140 564
1664150 564
1664160 566
1664170 568
1664180 568
1664190 570
1664200 572
1664210 572
1664220 574
1664230 577
1664240 577
1664250 579
1664260 582
1664270 582
1664280 584
1664290 586
1664300 586
1664310 588
1664320 589
1664330 589
1664340 590
1664350 592
1664360 592
1664370 593
1664380 594
1664390 594
1664400 596
1664410 597
1664420 597
1664430 599
1664440 600
1664450 600
1664460 602
1664470 603
1664480 603
1664490 604
1664500 606
1664510 606
1664520 607
1664530 610
1664540 610
1664550 612
1664560 612
1664570 612
1664580 614
1664590 615
1664600 615
1664610 616
1664620 617
1664630 617
1664640 618
1664650 619
1664660 619
1664670 620
1664680 621
1664690 621
1664700 622
1664710 623
1664720 623
1664730 624
1664740 626
1664750 626
1664760 627
1664770 628
1664780 628
1664790 628
1664800 628
1664810 628
1664820 628
1664830 627
1664840 627
1664850 626
1664860 625
1664870 625
1664880 624
1664890 618
1664900 618
1664910 610
1664920 603
1664930 603
1664940 596
1664950 590
1664960 584
1664970 584
1664980 580
1664990 577
1665000 577
1665010 575
1665020 573
1665030 573
1665040 572
1665050 571
1665060 571
1665070 569
1665080 567
1665090 567
1665100 565
1665110 564
1665120 564
1665130 563
1665140 562
1665150 562
1665160 561
1665170 560
1665180 560
1665190 561
1665200 564
1665210 564
1665220 567
1665230 568
1665240 568
1665250 569
1665260 568
1665270 568
1665280 568
1665290 567
1665300 567
1665310 567
1665320 567
1665330 567
1665340 567
1665350 568
1665360 568
1665370 571
1665380 573
1665390 573
1665400 575
1665410 577
1665420 577
1665430 577
1665440 578
1665450 578
1665460 577
1665470 577
1665480 577
1665490 575
1665500 573
1665510 573
1665520 572
1665530 570
1665540 570
1665550 568
1665560 563
1665570 563
1665580 557
1665590 553
1665600 553
1665610 550
1665620 547
1665630 547
1665640 544
1665650 541
1665660 541
1665670 538
1665680 534
1665690 534
1665700 531
1665710 528
1665720 528
1665730 525
1665740 521
1665750 521
1665760 514
1665770 505
1665780 505
1665790 498
1665800 496
1665810 497
1665820 497
1665830 498
1665840 510
1665850 510
1665860 513
1665870 512
1665880 512
1665890 512
1665900 513
1665910 513
1665920 515
1665930 516
1665940 516
1665950 519
1665960 524
1665970 524
1665980 526
1665990 529
1666000 529
1666010 532
1666020 534
1666030 534
1666040 535
1666050 537
1666060 537
1666070 539
1666080 541
1666090 541
1666100 542
1666110 544
1666120 544
1666130 544
1666140 545
1666150 545
1666160 547
1666170 550
1666180 550
1666190 553
1666200 554
1666210 554
1666220 555
1666230 552
1666240 552
1666250 555
1666260 559
1666270 559
1666280 560
1666290 564
1666300 564
1666310 565
1666320 567
1666330 567
1666340 569
1666350 573
1666360 573
1666370 574
1666380 576
1666390 574
1666400 575
1666410 577
1666420 577
1666430 579
1666440 581
1666450 581
1666460 583
1666470 585
1666480 585
1666490 587
1666500 588
1666510 588
1666520 590
1666530 591
1666540 591
1666550 592
1666560 593
1666570 593
1666580 594
1666590 595
1666600 595
1666610 596
1666620 598
1666630 599
1666640 599
1666650 601
1666660 602
1666670 602
1666680 602
1666690 604
1666700 604
1666710 604
1666720 603
1666730 603
1666740 605
1666750 607
1666760 607
1666770 608
1666780 609
1666790 609
1666800 611
1666810 612
1666820 612
1666830 613
1666840 614
1666850 614
1666860 615
1666870 616
1666880 616
1666890 617
1666900 618
1666910 618
1666920 620
1666930 621
1666940 621
1666950 622
1666960 623
1666970 623
1666980 625
1666990 626
1667000 626
1667010 626
1667020 630
1667030 630
1667040 631
1667050 630
1667060 630
1667070 634
1667080 636
1667090 636
1667100 634
1667110 635
1667120 635
1667130 635
1667140 638
1667150 638
1667160 639
1667170 637
1667180 637
1667190 642
1667200 643
1667210 643
1667220 645
1667230 646
1667240 646
1667250 647
1667260 648
1667270 648
1667280 649
1667290 651
1667300 651
1667310 652
1667320 652
1667330 652
1667340 653
1667350 654
1667360 654
1667370 656
1667380 657
1667390 657
1667400 659
1667410 660
1667420 660
1667430 661
1667440 663
1667450 663
1667460 664
1667470 665
1667480 667
1667490 667
1667500 669
1667510 670
1667520 670
1667530 672
1667540 673
1667550 673
1667560 675
1667570 677
1667580 677
1667590 678
1667600 680
1667610 680
1667620 682
1667630 683
1667640 683
1667650 684
1667660 685
1667670 685
1667680 686
1667690 688
1667700 688
1667710 690
1667720 691
1667730 691
1667740 692
1667750 693
1667760 693
1667770 695
1667780 696
1667790 696
1667800 694
1667810 695
1667820 695
1667830 697
1667840 700
1667850 700
1667860 702
1667870 704
1667880 704
1667890 705
1667900 707
1667910 707
1667920 709
1667930 711
1667940 711
1667950 713
1667960 715
1667970 715
1667980 718
1667990 720
1668000 720
1668010 723
1668020 725
1668030 725
1668040 728
1668050 730
1668060 730
1668070 732
1668080 734
1668090 734
1668100 736
1668110 738
1668120 738
1668130 740
1668140 742
1668150 742
1668160 744
1668170 746
1668180 746
1668190 747
1668200 749
1668210 749
1668220 750
1668230 751
1668240 751
1668250 753
1668260 755
1668270 755
1668280 756
1668290 757
1668300 757
1668310 759
1668320 760
1668330 762
1668340 762
1668350 764
1668360 766
1668370 766
1668380 768
1668390 770
1668400 770
1668410 772
1668420 774
1668430 774
1668440 776
1668450 777
1668460 777
1668470 779
1668480 780
1668490 780
1668500 775
1668510 777
1668520 777
1668530 779
1668540 781
1668550 781
1668560 783
1668570 785
1668580 785
1668590 787
1668600 789
1668610 789
1668620 790
1668630 791
1668640 791
1668650 793
1668660 795
1668670 795
1668680 797
1668690 799
1668700 799
1668710 801
1668720 803
1668730 803
1668740 806
1668750 808
1668760 808
1668770 811
1668780 814
1668790 814
1668800 816
1668810 818
1668820 818
1668830 821
1668840 824
1668850 824
1668860 827
1668870 830
1668880 830
1668890 833
1668900 837
1668910 837
1668920 840
1668930 843
1668940 843
1668950 846
1668960 848
1668970 848
1668980 851
1668990 854
1669000 854
1669010 857
1669020 859
1669030 859
1669040 862
1669050 865
1669060 865
1669070 867
1669080 869
1669090 869
1669100 872
1669110 875
1669120 875
1669130 877
1669140 880
1669150 882
1669160 882
1669170 883
1669180 885
1669190 885
1669200 880
1669210 881
1669220 881
1669230 883
1669240 884
1669250 884
1669260 887
1669270 888
1669280 888
1669290 890
1669300 892
1669310 892
1669320 894
1669330 896
1669340 896
1669350 898
1669360 901
1669370 901
1669380 904
1669390 906
1669400 906
1669410 908
1669420 910
1669430 910
1669440 912
1669450 914
1669460 914
1669470 915
1669480 917
1669490 917
1669500 918
1669510 919
1669520 919
1669530 921
1669540 922
1669550 922
1669560 924
1669570 925
1669580 925
1669590 926
1669600 927
1669610 927
1669620 927
1669630 927
1669640 927
1669650 927
1669660 927
1669670 927
1669680 928
1669690 929
1669700 929
1669710 931
1669720 934
1669730 934
1669740 932
1669750 931
1669760 931
1669770 929
1669780 927
1669790 927
1669800 926
1669810 924
1669820 924
1669830 922
1669840 919
1669850 919
1669860 916
1669870 914
1669880 914
1669890 912
1669900 915
1669910 915
1669920 914
1669930 913
1669940 913
1669950 911
1669960 909
1669970 909
1669980 907
1669990 905
1670000 903
1670010 903
1670020 902
1670030 898
1670040 898
1670050 895
1670060 893
1670070 893
1670080 892
1670090 893
1670100 893
1670110 894
1670120 895
1670130 895
1670140 897
1670150 898
1670160 898
1670170 900
1670180 902
1670190 902
1670200 904
1670210 905
1670220 905
1670230 907
1670240 909
1670250 909
1670260 911
1670270 916
1670280 916
1670290 919
1670300 918
1670310 918
1670320 918
1670330 919
1670340 919
1670350 919
1670360 917
1670370 917
1670380 916
1670390 915
1670400 915
1670410 914
1670420 913
1670430 913
1670440 912
1670450 911
1670460 911
1670470 910
1670480 909
1670490 909
1670500 909
1670510 908
1670520 908
1670530 906
1670540 904
1670550 904
1670560 900
1670570 895
1670580 895
1670590 890
1670600 885
1670610 885
1670620 880
1670630 875
1670640 875
1670650 869
1670660 863
1670670 863
1670680 858
1670690 852
1670700 852
1670710 846
1670720 840
1670730 840
1670740 834
1670750 827
1670760 827
1670770 821
1670780 815
1670790 815
1670800 808
1670810 801
1670820 801
1670830 794
1670840 788
1670850 783
1670860 783
1670870 780
1670880 776
1670890 776
1670900 772
1670910 768
1670920 768
1670930 765
1670940 761
1670950 761
1670960 756
1670970 752
1670980 752
1670990 748
1671000 744
1671010 744
1671020 741
1671030 738
1671040 738
1671050 734
1671060 730
1671070 730
1671080 726
1671090 721
1671100 721
1671110 715
1671120 709
1671130 709
1671140 704
1671150 697
1671160 697
1671170 692
1671180 687
1671190 687
1671200 683
1671210 678
1671220 678
1671230 672
1671240 669
1671250 669
1671260 662
1671270 655
1671280 655
1671290 652
1671300 649
1671310 649
1671320 648
1671330 648
1671340 648
1671350 647
1671360 646
1671370 646
1671380 647
1671390 647
1671400 647
1671410 648
1671420 651
1671430 651
1671440 651
1671450 651
1671460 651
1671470 650
1671480 648
1671490 648
1671500 648
1671510 649
1671520 649
1671530 654
1671540 658
1671550 658
1671560 661
1671570 663
1671580 663
1671590 666
1671600 668
1671610 668
1671620 670
1671630 672
1671640 672
1671650 674
1671660 676
1671670 677
1671680 677
1671690 678
1671700 676
1671710 676
1671720 670
1671730 663
1671740 663
1671750 656
1671760 649
1671770 649
1671780 644
1671790 638
1671800 638
1671810 630
1671820 624
1671830 624
1671840 619
1671850 614
1671860 614
1671870 610
1671880 606
1671890 606
1671900 600
1671910 594
1671920 594
1671930 588
1671940 585
1671950 585
1671960 581
1671970 576
1671980 576
1671990 572
1672000 568
1672010 568
1672020 565
1672030 561
1672040 561
1672050 557
1672060 555
1672070 555
1672080 553
1672090 552
1672100 552
1672110 550
1672120 548
1672130 548
1672140 546
1672150 544
1672160 544
1672170 542
1672180 539
1672190 539
1672200 537
1672210 534
1672220 534
1672230 532
1672240 531
1672250 531
1672260 529
1672270 527
1672280 527
1672290 526
1672300 525
1672310 525
1672320 523
1672330 522
1672340 522
1672350 521
1672360 520
1672370 520
1672380 518
1672390 516
1672400 516
1672410 514
1672420 512
1672430 512
1672440 510
1672450 507
1672460 507
1672470 505
1672480 503
1672490 503
1672500 502
1672510 502
1672520 501
1672530 501
1672540 500
1672550 500
1672560 500
1672570 499
1672580 499
1672590 499
1672600 499
1672610 498
1672620 498
1672630 498
1672640 497
1672650 497
1672660 498
1672670 497
1672680 497
1672690 495
1672700 494
1672710 494
1672720 493
1672730 492
1672740 492
1672750 490
1672760 487
1672770 487
1672780 485
1672790 484
1672800 484
1672810 484
1672820 486
1672830 486
1672840 486
1672850 485
1672860 485
1672870 485
1672880 484
1672890 484
1672900 484
1672910 483
1672920 483
1672930 481
1672940 480
1672950 480
1672960 479
1672970 479
1672980 479
1672990 479
1673000 479
1673010 479
1673020 480
1673030 480
1673040 480
1673050 481
1673060 481
1673070 481
1673080 482
1673090 481
1673100 481
1673110 481
1673120 480
1673130 480
1673140 478
1673150 476
1673160 476
1673170 473
1673180 469
1673190 469
1673200 467
1673210 466
1673220 466
1673230 465
1673240 464
1673250 464
1673260 459
1673270 458
1673280 458
1673290 456
1673300 456
1673310 456
1673320 455
1673330 455
1673340 455
1673350 455
1673360 455
1673370 455
1673380 455
1673390 455
1673400 455
1673410 455
1673420 454
1673430 454
1673440 454
1673450 454
1673460 454
1673470 454
1673480 454
1673490 454
1673500 454
1673510 455
1673520 454
1673530 454
1673540 454
1673550 455
1673560 455
1673570 456
1673580 456
1673590 456
1673600 458
1673610 459
1673620 459
1673630 461
1673640 464
1673650 464
1673660 467
1673670 470
1673680 470
1673690 473
1673700 476
1673710 476
1673720 479
1673730 482
1673740 482
1673750 484
1673760 486
1673770 486
1673780 487
1673790 488
1673800 488
1673810 490
1673820 492
1673830 492
1673840 495
1673850 497
1673860 497
1673870 500
1673880 502
1673890 502
1673900 504
1673910 507
1673920 507
1673930 510
1673940 514
1673950 514
1673960 516
1673970 519
1673980 519
1673990 521
1674000 524
1674010 524
1674020 526
1674030 527
1674040 527
1674050 529
1674060 531
1674070 531
1674080 532
1674090 534
1674100 534
1674110 535
1674120 537
1674130 537
1674140 538
1674150 538
1674160 538
1674170 539
1674180 539
1674190 538
1674200 538
1674210 538
1674220 537
1674230 537
1674240 536
1674250 535
1674260 535
1674270 534
1674280 533
1674290 533
1674300 531
1674310 529
1674320 529
1674330 526
1674340 523
1674350 523
1674360 521
1674370 519
1674380 519
1674390 518
1674400 517
1674410 517
1674420 515
1674430 513
1674440 513
1674450 512
1674460 512
1674470 512
1674480 511
1674490 510
1674500 510
1674510 511
1674520 513
1674530 513
1674540 514
1674550 515
1674560 515
1674570 516
1674580 518
1674590 518
1674600 518
1674610 519
1674620 519
1674630 519
1674640 520
1674650 520
1674660 521
1674670 523
1674680 523
1674690 525
1674700 527
1674710 522
1674720 524
1674730 526
1674740 526
1674750 528
1674760 529
1674770 529
1674780 530
1674790 530
1674800 530
1674810 530
1674820 529
1674830 529
1674840 528
1674850 525
1674860 525
1674870 522
1674880 518
1674890 518
1674900 515
1674910 512
1674920 512
1674930 509
1674940 507
1674950 507
1674960 505
1674970 503
1674980 503
1674990 503
1675000 505
1675010 505
1675020 505
1675030 505
1675040 503
1675050 503
1675060 502
1675070 500
1675080 500
1675090 500
1675100 502
1675110 502
1675120 506
1675130 511
1675140 511
1675150 515
1675160 518
1675170 518
1675180 521
1675190 522
1675200 522
1675210 523
1675220 524
1675230 524
1675240 525
1675250 526
1675260 526
1675270 528
1675280 528
1675290 528
1675300 529
1675310 530
1675320 530
1675330 530
1675340 530
1675350 530
1675360 529
1675370 528
1675380 528
1675390 521
1675400 521
1675410 521
1675420 521
1675430 521
1675440 521
1675450 521
1675460 521
1675470 521
1675480 521
1675490 519
1675500 519
1675510 518
1675520 517
1675530 517
1675540 516
1675550 514
1675560 514
1675570 513
1675580 512
1675590 512
1675600 509
1675610 505
1675620 505
1675630 502
1675640 499
1675650 499
1675660 497
1675670 495
1675680 495
1675690 495
1675700 496
1675710 496
1675720 496
1675730 496
1675740 496
1675750 495
1675760 495
1675770 495
1675780 494
1675790 494
1675800 494
1675810 493
1675820 492
1675830 492
1675840 492
1675850 491
1675860 491
1675870 490
1675880 490
1675890 489
1675900 489
1675910 488
1675920 487
1675930 487
1675940 486
1675950 486
1675960 486
1675970 486
1675980 487
1675990 487
1676000 487
1676010 487
1676020 487
1676030 487
1676040 487
1676050 487
1676060 486
1676070 485
1676080 485
1676090 485
1676100 485
1676110 485
1676120 485
1676130 485
1676140 485
1676150 485
1676160 485
1676170 485
1676180 484
1676190 484
1676200 484
1676210 484
1676220 483
1676230 483
1676240 482
1676250 481
1676260 481
1676270 481
1676280 480
1676290 480
1676300 480
1676310 480
1676320 480
1676330 480
1676340 479
1676350 479
1676360 478
1676370 478
1676380 478
1676390 477
1676400 477
1676410 477
1676420 476
1676430 476
1676440 476
1676450 475
1676460 475
1676470 475
1676480 475
1676490 474
1676500 474
1676510 474
1676520 474
1676530 474
1676540 474
1676550 474
1676560 474
1676570 474
1676580 474
1676590 474
1676600 474
1676610 474
1676620 474
1676630 474
1676640 474
1676650 474
1676660 474
1676670 474
1676680 474
1676690 474
1676700 474
1676710 474
1676720 474
1676730 474
1676740 474
1676750 474
1676760 474
1676770 475
1676780 475
1676790 475
1676800 475
1676810 475
1676820 475
1676830 475
1676840 475
1676850 476
1676860 476
1676870 476
1676880 477
1676890 477
1676900 477
1676910 477
1676920 477
1676930 477
1676940 478
1676950 478
1676960 478
1676970 478
1676980 479
1676990 479
1677000 479
1677010 479
1677020 479
1677030 479
1677040 479
1677050 479
1677060 479
1677070 480
1677080 480
1677090 480
1677100 480
1677110 480
1677120 480
1677130 480
1677140 480
1677150 480
1677160 480
1677170 480
1677180 480
1677190 480
1677200 480
1677210 480
1677220 480
1677230 480
1677240 480
1677250 480
1677260 480
1677270 480
1677280 481
1677290 481
1677300 481
1677310 481
1677320 481
1677330 481
1677340 481
1677350 481
1677360 481
1677370 480
1677380 480
1677390 480
1677400 481
1677410 481
1677420 481
1677430 481
1677440 481
1677450 481
1677460 481
1677470 481
1677480 480
1677490 479
1677500 479
1677510 479
1677520 479
1677530 479
1677540 479
1677550 480
1677560 480
1677570 480
1677580 480
1677590 481
1677600 481
1677610 483
1677620 484
1677630 484
1677640 485
1677650 486
1677660 486
1677670 488
1677680 489
1677690 489
1677700 491
1677710 493
1677720 493
1677730 495
1677740 496
1677750 496
1677760 497
1677770 498
1677780 498
1677790 499
1677800 500
1677810 500
1677820 501
1677830 502
1677840 502
1677850 503
1677860 504
1677870 504
1677880 505
1677890 505
1677900 505
1677910 505
1677920 504
1677930 504
1677940 504
1677950 504
1677960 504
1677970 504
1677980 504
1677990 504
1678000 504
1678010 505
1678020 505
1678030 506
1678040 507
1678050 507
1678060 508
1678070 514
1678080 514
1678090 515
1678100 516
1678110 516
1678120 516
1678130 516
1678140 516
1678150 516
1678160 515
1678170 515
1678180 514
1678190 512
1678200 512
1678210 507
1678220 501
1678230 501
1678240 495
1678250 489
1678260 489
1678270 484
1678280 482
1678290 482
1678300 483
1678310 487
1678320 487
1678330 491
1678340 495
1678350 495
1678360 498
1678370 501
1678380 501
1678390 504
1678400 507
1678410 509
1678420 509
1678430 511
1678440 512
1678450 512
1678460 514
1678470 515
1678480 515
1678490 515
1678500 515
1678510 515
1678520 515
1678530 515
1678540 515
1678550 514
1678560 513
1678570 513
1678580 512
1678590 511
1678600 511
1678610 510
1678620 509
1678630 509
1678640 508
1678650 506
1678660 506
1678670 505
1678680 504
1678690 504
1678700 503
1678710 502
1678720 502
1678730 501
1678740 506
1678750 506
1678760 505
1678770 504
1678780 504
1678790 502
1678800 501
1678810 501
1678820 499
1678830 497
1678840 497
1678850 492
1678860 488
1678870 488
1678880 485
1678890 484
1678900 484
1678910 481
1678920 478
1678930 478
1678940 477
1678950 478
1678960 478
1678970 479
1678980 480
1678990 480
1679000 481
1679010 481
1679020 481
1679030 480
1679040 480
1679050 480
1679060 479
1679070 479
1679080 479
1679090 479
1679100 479
1679110 479
1679120 480
1679130 480
1679140 480
1679150 480
1679160 480
1679170 480
1679180 479
1679190 479
1679200 479
1679210 479
1679220 479
1679230 479
1679240 480
1679250 480
1679260 481
1679270 481
1679280 481
1679290 481
1679300 481
1679310 482
1679320 482
1679330 482
1679340 482
1679350 483
1679360 483
1679370 484
1679380 485
1679390 485
1679400 489
1679410 490
1679420 490
1679430 491
1679440 491
1679450 491
1679460 491
1679470 491
1679480 491
1679490 491
1679500 491
1679510 491
1679520 492
1679530 493
1679540 493
1679550 493
1679560 493
1679570 493
1679580 494
1679590 496
1679600 496
1679610 497
1679620 498
1679630 498
1679640 500
1679650 501
1679660 501
1679670 502
1679680 504
1679690 504
1679700 506
1679710 507
1679720 507
1679730 509
1679740 511
1679750 511
1679760 513
1679770 515
1679780 515
1679790 517
1679800 518
1679810 518
1679820 520
1679830 522
1679840 522
1679850 524
1679860 526
1679870 526
1679880 527
1679890 528
1679900 528
1679910 529
1679920 530
1679930 530
1679940 531
1679950 532
1679960 532
1679970 533
1679980 533
1679990 533
