1660000 494
1660010 495
1660020 495
1660030 496
1660040 497
1660050 497
1660060 497
1660070 497
1660080 497
1660090 497
1660100 497
1660110 497
1660120 497
1660130 496
1660140 496
1660150 495
1660160 494
1660170 494
1660180 493
1660190 492
1660200 492
1660210 490
1660220 486
1660230 486
1660240 480
1660250 474
1660260 474
1660270 468
1660280 463
1660290 463
1660300 462
1660310 466
1660320 466
1660330 467
1660340 467
1660350 467
1660360 469
1660370 473
1660380 473
1660390 477
1660400 479
1660410 479
1660420 481
1660430 482
1660440 482
1660450 483
1660460 483
1660470 483
1660480 483
1660490 483
1660500 483
1660510 483
1660520 483
1660530 483
1660540 483
1660550 478
1660560 478
1660570 478
1660580 479
1660590 479
1660600 479
1660610 479
1660620 479
1660630 479
1660640 482
1660650 482
1660660 483
1660670 484
1660680 484
1660690 485
1660700 486
1660710 487
1660720 487
1660730 488
1660740 489
1660750 489
1660760 490
1660770 490
1660780 490
1660790 491
1660800 492
1660810 492
1660820 493
1660830 494
1660840 494
1660850 495
1660860 495
1660870 495
1660880 496
1660890 497
1660900 497
1660910 497
1660920 497
1660930 497
1660940 498
1660950 498
1660960 498
1660970 499
1660980 500
1660990 500
1661000 500
1661010 499
1661020 499
1661030 499
1661040 499
1661050 499
1661060 499
1661070 500
1661080 500
1661090 500
1661100 500
1661110 500
1661120 500
1661130 499
1661140 499
1661150 499
1661160 498
1661170 498
1661180 498
1661190 498
1661200 498
1661210 497
1661220 497
1661230 497
1661240 497
1661250 497
1661260 497
1661270 496
1661280 491
1661290 491
1661300 490
1661310 489
1661320 489
1661330 487
1661340 485
1661350 485
1661360 482
1661370 477
1661380 477
1661390 480
1661400 481
1661410 481
1661420 481
1661430 481
1661440 481
1661450 481
1661460 481
1661470 481
1661480 480
1661490 479
1661500 479
1661510 478
1661520 478
1661530 478
1661540 477
1661550 477
1661560 477
1661570 476
1661580 476
1661590 476
1661600 475
1661610 474
1661620 474
1661630 473
1661640 473
1661650 473
1661660 472
1661670 471
1661680 471
1661690 470
1661700 469
1661710 469
1661720 466
1661730 464
1661740 463
1661750 463
1661760 462
1661770 461
1661780 461
1661790 460
1661800 457
1661810 457
1661820 455
1661830 452
1661840 452
1661850 450
1661860 448
1661870 448
1661880 447
1661890 446
1661900 446
1661910 445
1661920 444
1661930 444
1661940 443
1661950 442
1661960 442
1661970 442
1661980 441
1661990 441
1662000 440
1662010 437
1662020 437
1662030 437
1662040 437
1662050 437
1662060 437
1662070 436
1662080 436
1662090 434
1662100 433
1662110 433
1662120 432
1662130 431
1662140 431
1662150 430
1662160 429
1662170 429
1662180 429
1662190 429
1662200 429
1662210 429
1662220 428
1662230 428
1662240 428
1662250 427
1662260 427
1662270 427
1662280 427
1662290 427
1662300 426
1662310 426
1662320 426
1662330 425
1662340 425
1662350 425
1662360 424
1662370 424
1662380 424
1662390 423
1662400 422
1662410 422
1662420 422
1662430 422
1662440 422
1662450 422
1662460 422
1662470 422
1662480 421
1662490 420
1662500 420
1662510 419
1662520 419
1662530 419
1662540 418
1662550 418
1662560 418
1662570 418
1662580 417
1662590 417
1662600 416
1662610 416
1662620 416
1662630 416
1662640 415
1662650 415
1662660 414
1662670 413
1662680 413
1662690 414
1662700 419
1662710 419
1662720 421
1662730 423
1662740 419
1662750 419
1662760 420
1662770 421
1662780 421
1662790 421
1662800 420
1662810 420
1662820 420
1662830 419
1662840 419
1662850 418
1662860 417
1662870 417
1662880 417
1662890 417
1662900 417
1662910 416
1662920 415
1662930 415
1662940 415
1662950 415
1662960 415
1662970 416
1662980 417
1662990 417
1663000 418
1663010 420
1663020 420
1663030 421
1663040 421
1663050 421
1663060 420
1663070 421
1663080 421
1663090 422
1663100 424
1663110 424
1663120 425
1663130 427
1663140 427
1663150 428
1663160 430
1663170 430
1663180 431
1663190 432
1663200 432
1663210 434
1663220 435
1663230 435
1663240 436
1663250 438
1663260 438
1663270 439
1663280 441
1663290 441
1663300 442
1663310 444
1663320 444
1663330 446
1663340 448
1663350 448
1663360 449
1663370 451
1663380 451
1663390 453
1663400 455
1663410 455
1663420 456
1663430 458
1663440 458
1663450 459
1663460 455
1663470 455
1663480 456
1663490 455
1663500 455
1663510 451
1663520 447
1663530 447
1663540 443
1663550 439
1663560 439
1663570 437
1663580 436
1663590 436
1663600 435
1663610 436
1663620 436
1663630 440
1663640 446
1663650 446
1663660 453
1663670 458
1663680 458
1663690 464
1663700 470
1663710 470
1663720 476
1663730 481
1663740 487
1663750 487
1663760 492
1663770 496
1663780 496
1663790 501
1663800 506
1663810 506
1663820 512
1663830 517
1663840 517
1663850 522
1663860 528
1663870 528
1663880 533
1663890 538
1663900 538
1663910 543
1663920 548
1663930 548
1663940 553
1663950 557
1663960 557
1663970 561
1663980 564
1663990 564
1664000 565
1664010 564
1664020 564
1664030 564
1664040 565
1664050 565
1664060 565
1664070 566
1664080 566
1664090 568
1664100 569
1664110 569
1664120 571
1664130 572
1664140 572
1664150 574
1664160 576
1664170 576
1664180 575
1664190 577
1664200 577
1664210 579
1664220 581
1664230 581
1664240 584
1664250 586
1664260 586
1664270 590
1664280 594
1664290 594
1664300 597
1664310 599
1664320 599
1664330 598
1664340 594
1664350 594
1664360 588
1664370 582
1664380 582
1664390 576
1664400 569
1664410 569
1664420 562
1664430 555
1664440 555
1664450 548
1664460 541
1664470 541
1664480 535
1664490 529
1664500 529
1664510 523
1664520 517
1664530 517
1664540 510
1664550 505
1664560 505
1664570 499
1664580 494
1664590 494
1664600 489
1664610 485
1664620 485
1664630 482
1664640 475
1664650 475
1664660 473
1664670 478
1664680 478
1664690 482
1664700 486
1664710 486
1664720 490
1664730 494
1664740 498
1664750 498
1664760 502
1664770 506
1664780 506
1664790 510
1664800 514
1664810 514
1664820 518
1664830 522
1664840 522
1664850 526
1664860 530
1664870 530
1664880 534
1664890 538
1664900 532
1664910 537
1664920 542
1664930 542
1664940 548
1664950 552
1664960 552
1664970 556
1664980 562
1664990 562
1665000 567
1665010 571
1665020 571
1665030 576
1665040 580
1665050 580
1665060 585
1665070 590
1665080 590
1665090 595
1665100 599
1665110 599
1665120 603
1665130 608
1665140 608
1665150 612
1665160 617
1665170 617
1665180 621
1665190 625
1665200 625
1665210 630
1665220 634
1665230 634
1665240 639
1665250 643
1665260 643
1665270 648
1665280 652
1665290 652
1665300 656
1665310 660
1665320 660
1665330 664
1665340 668
1665350 668
1665360 672
1665370 675
1665380 675
1665390 676
1665400 676
1665410 676
1665420 676
1665430 677
1665440 677
1665450 677
1665460 676
1665470 676
1665480 676
1665490 676
1665500 676
1665510 675
1665520 675
1665530 675
1665540 674
1665550 674
1665560 674
1665570 673
1665580 671
1665590 671
1665600 669
1665610 665
1665620 665
1665630 663
1665640 661
1665650 661
1665660 660
1665670 658
1665680 658
1665690 656
1665700 654
1665710 654
1665720 652
1665730 650
1665740 650
1665750 649
1665760 647
1665770 645
1665780 645
1665790 643
1665800 642
1665810 642
1665820 641
1665830 640
1665840 640
1665850 639
1665860 638
1665870 638
1665880 637
1665890 636
1665900 636
1665910 635
1665920 635
1665930 635
1665940 634
1665950 635
1665960 635
1665970 635
1665980 636
1665990 636
1666000 636
1666010 637
1666020 637
1666030 637
1666040 638
1666050 638
1666060 638
1666070 638
1666080 638
1666090 638
1666100 638
1666110 638
1666120 638
1666130 638
1666140 638
1666150 637
1666160 636
1666170 636
1666180 635
1666190 633
1666200 633
1666210 632
1666220 629
1666230 629
1666240 626
1666250 624
1666260 624
1666270 621
1666280 619
1666290 619
1666300 616
1666310 612
1666320 612
1666330 608
1666340 605
1666350 605
1666360 603
1666370 601
1666380 601
1666390 598
1666400 595
1666410 595
1666420 592
1666430 588
1666440 588
1666450 583
1666460 579
1666470 579
1666480 574
1666490 568
1666500 568
1666510 561
1666520 554
1666530 554
1666540 548
1666550 541
1666560 541
1666570 535
1666580 528
1666590 528
1666600 522
1666610 516
1666620 516
1666630 510
1666640 503
1666650 503
1666660 496
1666670 489
1666680 489
1666690 484
1666700 480
1666710 480
1666720 477
1666730 475
1666740 475
1666750 472
1666760 470
1666770 466
1666780 466
1666790 462
1666800 459
1666810 459
1666820 456
1666830 453
1666840 453
1666850 451
1666860 450
1666870 450
1666880 449
1666890 448
1666900 448
1666910 445
1666920 442
1666930 442
1666940 439
1666950 436
1666960 436
1666970 433
1666980 431
1666990 431
1667000 430
1667010 429
1667020 429
1667030 428
1667040 426
1667050 426
1667060 424
1667070 422
1667080 422
1667090 419
1667100 416
1667110 416
1667120 413
1667130 408
1667140 408
1667150 407
1667160 411
1667170 411
1667180 415
1667190 419
1667200 419
1667210 422
1667220 424
1667230 424
1667240 426
1667250 429
1667260 429
1667270 431
1667280 434
1667290 434
1667300 436
1667310 438
1667320 438
1667330 440
1667340 443
1667350 443
1667360 445
1667370 448
1667380 448
1667390 450
1667400 453
1667410 453
1667420 454
1667430 457
1667440 457
1667450 460
1667460 462
1667470 462
1667480 464
1667490 466
1667500 466
1667510 468
1667520 469
1667530 469
1667540 471
1667550 472
1667560 472
1667570 473
1667580 474
1667590 474
1667600 475
1667610 475
1667620 475
1667630 476
1667640 475
1667650 475
1667660 476
1667670 475
1667680 475
1667690 475
1667700 475
1667710 475
1667720 475
1667730 474
1667740 471
1667750 470
1667760 469
1667770 469
1667780 469
1667790 468
1667800 466
1667810 466
1667820 465
1667830 465
1667840 465
1667850 464
1667860 463
1667870 463
1667880 462
1667890 461
1667900 461
1667910 459
1667920 457
1667930 457
1667940 454
1667950 453
1667960 453
1667970 451
1667980 449
1667990 449
1668000 446
1668010 443
1668020 443
1668030 439
1668040 433
1668050 433
1668060 430
1668070 425
1668080 425
1668090 427
1668100 428
1668110 428
1668120 428
1668130 427
1668140 427
1668150 428
1668160 430
1668170 430
1668180 429
1668190 429
1668200 429
1668210 429
1668220 427
1668230 427
1668240 428
1668250 427
1668260 427
1668270 426
1668280 425
1668290 425
1668300 425
1668310 425
1668320 425
1668330 425
1668340 425
1668350 425
1668360 424
1668370 423
1668380 423
1668390 423
1668400 423
1668410 423
1668420 421
1668430 421
1668440 418
1668450 418
1668460 416
1668470 416
1668480 417
1668490 418
1668500 418
1668510 417
1668520 417
1668530 417
1668540 416
1668550 416
1668560 416
1668570 416
1668580 415
1668590 415
1668600 414
1668610 411
1668620 411
1668630 410
1668640 408
1668650 408
1668660 408
1668670 407
1668680 407
1668690 407
1668700 406
1668710 406
1668720 405
1668730 403
1668740 403
1668750 402
1668760 401
1668770 401
1668780 399
1668790 398
1668800 397
1668810 397
1668820 396
1668830 395
1668840 395
1668850 395
1668860 394
1668870 394
1668880 393
1668890 391
1668900 391
1668910 389
1668920 386
1668930 386
1668940 383
1668950 380
1668960 380
1668970 378
1668980 376
1668990 376
1669000 375
1669010 375
1669020 375
1669030 375
1669040 375
1669050 375
1669060 376
1669070 376
1669080 376
1669090 377
1669100 377
1669110 377
1669120 377
1669130 377
1669140 377
1669150 378
1669160 378
1669170 378
1669180 378
1669190 378
1669200 378
1669210 378
1669220 379
1669230 379
1669240 379
1669250 380
1669260 380
1669270 380
1669280 380
1669290 380
1669300 381
1669310 381
1669320 381
1669330 381
1669340 381
1669350 381
1669360 381
1669370 382
1669380 382
1669390 382
1669400 382
1669410 382
1669420 382
1669430 382
1669440 382
1669450 383
1669460 383
1669470 383
1669480 384
1669490 385
1669500 385
1669510 385
1669520 385
1669530 385
1669540 385
1669550 387
1669560 387
1669570 387
1669580 388
1669590 388
1669600 389
1669610 390
1669620 390
1669630 390
1669640 390
1669650 390
1669660 392
1669670 392
1669680 392
1669690 392
1669700 393
1669710 393
1669720 394
1669730 395
1669740 395
1669750 397
1669760 399
1669770 399
1669780 401
1669790 403
1669800 405
1669810 405
1669820 407
1669830 410
1669840 412
1669850 414
1669860 417
1669870 417
1669880 420
1669890 423
1669900 423
1669910 425
1669920 427
1669930 427
1669940 429
1669950 432
1669960 432
1669970 435
1669980 438
1669990 438
1670000 441
1670010 443
1670020 443
1670030 445
1670040 446
1670050 446
1670060 447
1670070 447
1670080 447
1670090 449
1670100 451
1670110 451
1670120 453
1670130 456
1670140 456
1670150 459
1670160 462
1670170 462
1670180 465
1670190 467
1670200 467
1670210 470
1670220 472
1670230 472
1670240 474
1670250 477
1670260 477
1670270 480
1670280 482
1670290 482
1670300 485
1670310 490
1670320 490
1670330 496
1670340 502
1670350 502
1670360 507
1670370 510
1670380 510
1670390 514
1670400 518
1670410 518
1670420 521
1670430 525
1670440 525
1670450 527
1670460 529
1670470 529
1670480 532
1670490 534
1670500 534
1670510 536
1670520 539
1670530 539
1670540 541
1670550 543
1670560 543
1670570 544
1670580 546
1670590 546
1670600 548
1670610 550
1670620 550
1670630 553
1670640 555
1670650 555
1670660 557
1670670 560
1670680 560
1670690 562
1670700 565
1670710 565
1670720 567
1670730 567
1670740 567
1670750 568
1670760 569
1670770 569
1670780 570
1670790 571
1670800 571
1670810 572
1670820 573
1670830 575
1670840 575
1670850 576
1670860 578
1670870 578
1670880 578
1670890 579
1670900 579
1670910 578
1670920 574
1670930 574
1670940 571
1670950 567
1670960 567
1670970 564
1670980 561
1670990 561
1671000 557
1671010 552
1671020 552
1671030 548
1671040 544
1671050 544
1671060 540
1671070 537
1671080 537
1671090 534
1671100 531
1671110 531
1671120 529
1671130 526
1671140 526
1671150 526
1671160 527
1671170 527
1671180 528
1671190 529
1671200 529
1671210 530
1671220 530
1671230 531
1671240 532
1671250 532
1671260 532
1671270 532
1671280 532
1671290 532
1671300 532
1671310 533
1671320 533
1671330 533
1671340 533
1671350 533
1671360 535
1671370 535
1671380 535
1671390 536
1671400 537
1671410 537
1671420 537
1671430 539
1671440 539
1671450 539
1671460 538
1671470 538
1671480 537
1671490 535
1671500 535
1671510 535
1671520 535
1671530 535
1671540 536
1671550 538
1671560 538
1671570 539
1671580 540
1671590 540
1671600 540
1671610 541
1671620 541
1671630 540
1671640 540
1671650 540
1671660 540
1671670 539
1671680 539
1671690 539
1671700 540
1671710 540
1671720 541
1671730 543
1671740 543
1671750 544
1671760 544
1671770 544
1671780 547
1671790 552
1671800 552
1671810 555
1671820 558
1671830 562
1671840 562
1671850 565
1671860 568
1671870 568
1671880 570
1671890 573
1671900 573
1671910 576
1671920 578
1671930 578
1671940 581
1671950 584
1671960 584
1671970 587
1671980 590
1671990 590
1672000 592
1672010 594
1672020 594
1672030 597
1672040 599
1672050 599
1672060 601
1672070 603
1672080 603
1672090 604
1672100 606
1672110 606
1672120 607
1672130 608
1672140 608
1672150 608
1672160 609
1672170 609
1672180 610
1672190 611
1672200 611
1672210 612
1672220 613
1672230 613
1672240 614
1672250 615
1672260 615
1672270 615
1672280 616
1672290 616
1672300 617
1672310 617
1672320 617
1672330 618
1672340 619
1672350 619
1672360 619
1672370 620
1672380 620
1672390 620
1672400 621
1672410 621
1672420 621
1672430 621
1672440 621
1672450 621
1672460 621
1672470 621
1672480 621
1672490 620
1672500 620
1672510 619
1672520 618
1672530 618
1672540 617
1672550 616
1672560 616
1672570 615
1672580 615
1672590 615
1672600 613
1672610 609
1672620 609
1672630 608
1672640 605
1672650 605
1672660 603
1672670 601
1672680 601
1672690 600
1672700 598
1672710 598
1672720 597
1672730 595
1672740 595
1672750 591
1672760 587
1672770 587
1672780 585
1672790 582
1672800 582
1672810 579
1672820 577
1672830 577
1672840 575
1672850 573
1672860 571
1672870 571
1672880 569
1672890 566
1672900 566
1672910 564
1672920 563
1672930 563
1672940 562
1672950 559
1672960 559
1672970 557
1672980 557
1672990 557
1673000 555
1673010 553
1673020 553
1673030 552
1673040 551
1673050 551
1673060 549
1673070 549
1673080 549
1673090 549
1673100 548
1673110 548
1673120 546
1673130 545
1673140 545
1673150 545
1673160 545
1673170 545
1673180 545
1673190 546
1673200 546
1673210 546
1673220 545
1673230 545
1673240 544
1673250 544
1673260 544
1673270 543
1673280 542
1673290 542
1673300 539
1673310 538
1673320 538
1673330 537
1673340 533
1673350 533
1673360 534
1673370 533
1673380 533
1673390 531
1673400 530
1673410 530
1673420 530
1673430 529
1673440 529
1673450 527
1673460 525
1673470 525
1673480 524
1673490 520
1673500 520
1673510 517
1673520 516
1673530 516
1673540 516
1673550 515
1673560 515
1673570 513
1673580 512
1673590 512
1673600 510
1673610 510
1673620 510
1673630 509
1673640 509
1673650 509
1673660 509
1673670 509
1673680 509
1673690 508
1673700 508
1673710 508
1673720 507
1673730 507
1673740 507
1673750 506
1673760 506
1673770 506
1673780 505
1673790 505
1673800 505
1673810 506
1673820 506
1673830 506
1673840 506
1673850 506
1673860 507
1673870 507
1673880 507
1673890 507
1673900 507
1673910 508
1673920 508
1673930 508
1673940 508
1673950 508
1673960 508
1673970 509
1673980 507
1673990 507
1674000 507
1674010 508
1674020 508
1674030 508
1674040 508
1674050 508
1674060 508
1674070 508
1674080 508
1674090 508
1674100 508
1674110 508
1674120 509
1674130 510
1674140 510
1674150 511
1674160 511
1674170 511
1674180 509
1674190 507
1674200 507
1674210 505
1674220 503
1674230 503
1674240 501
1674250 498
1674260 498
1674270 496
1674280 494
1674290 494
1674300 491
1674310 489
1674320 489
1674330 487
1674340 484
1674350 484
1674360 481
1674370 478
1674380 478
1674390 474
1674400 471
1674410 471
1674420 467
1674430 464
1674440 464
1674450 460
1674460 456
1674470 456
1674480 454
1674490 451
1674500 451
1674510 448
1674520 446
1674530 446
1674540 444
1674550 443
1674560 443
1674570 442
1674580 442
1674590 442
1674600 443
1674610 444
1674620 444
1674630 444
1674640 442
1674650 442
1674660 438
1674670 436
1674680 436
1674690 433
1674700 430
1674710 430
1674720 427
1674730 421
1674740 421
1674750 416
1674760 410
1674770 410
1674780 404
1674790 403
1674800 403
1674810 406
1674820 406
1674830 406
1674840 405
1674850 403
1674860 403
1674870 402
1674880 401
1674890 400
1674900 400
1674910 399
1674920 398
1674930 398
1674940 396
1674950 397
1674960 397
1674970 397
1674980 397
1674990 397
1675000 398
1675010 399
1675020 399
1675030 399
1675040 400
1675050 400
1675060 400
1675070 401
1675080 401
1675090 401
1675100 401
1675110 401
1675120 401
1675130 401
1675140 401
1675150 400
1675160 400
1675170 400
1675180 401
1675190 401
1675200 401
1675210 401
1675220 401
1675230 401
1675240 401
1675250 401
1675260 401
1675270 402
1675280 403
1675290 403
1675300 404
1675310 404
1675320 404
1675330 404
1675340 407
1675350 407
1675360 407
1675370 407
1675380 407
1675390 409
1675400 410
1675410 410
1675420 410
1675430 410
1675440 410
1675450 411
1675460 411
1675470 411
1675480 411
1675490 411
1675500 411
1675510 411
1675520 411
1675530 411
1675540 411
1675550 411
1675560 411
1675570 412
1675580 412
1675590 412
1675600 412
1675610 412
1675620 412
1675630 412
1675640 413
1675650 413
1675660 413
1675670 413
1675680 413
1675690 413
1675700 412
1675710 412
1675720 412
1675730 412
1675740 412
1675750 411
1675760 411
1675770 411
1675780 411
1675790 410
1675800 410
1675810 409
1675820 408
1675830 408
1675840 408
1675850 409
1675860 409
1675870 409
1675880 409
1675890 409
1675900 410
1675910 410
1675920 410
1675930 410
1675940 410
1675950 410
1675960 410
1675970 410
1675980 410
1675990 410
1676000 410
1676010 410
1676020 410
1676030 410
1676040 410
1676050 410
1676060 410
1676070 410
1676080 410
1676090 410
1676100 411
1676110 411
1676120 411
1676130 411
1676140 411
1676150 412
1676160 412
1676170 412
1676180 412
1676190 412
1676200 412
1676210 412
1676220 412
1676230 412
1676240 412
1676250 413
1676260 413
1676270 415
1676280 416
1676290 416
1676300 417
1676310 418
1676320 418
1676330 419
1676340 422
1676350 422
1676360 424
1676370 425
1676380 425
1676390 425
1676400 425
1676410 425
1676420 425
1676430 426
1676440 426
1676450 427
1676460 428
1676470 428
1676480 428
1676490 428
1676500 428
1676510 428
1676520 429
1676530 429
1676540 430
1676550 431
1676560 431
1676570 433
1676580 434
1676590 434
1676600 435
1676610 436
1676620 436
1676630 438
1676640 439
1676650 439
1676660 440
1676670 440
1676680 440
1676690 442
1676700 443
1676710 443
1676720 443
1676730 444
1676740 444
1676750 444
1676760 444
1676770 444
1676780 445
1676790 445
1676800 445
1676810 446
1676820 446
1676830 446
1676840 447
1676850 447
1676860 447
1676870 447
1676880 447
1676890 447
1676900 448
1676910 448
1676920 450
1676930 450
1676940 450
1676950 451
1676960 451
1676970 451
1676980 451
1676990 451
1677000 452
1677010 452
1677020 452
1677030 452
1677040 452
1677050 452
1677060 452
1677070 452
1677080 452
1677090 452
1677100 451
1677110 451
1677120 451
1677130 450
1677140 450
1677150 450
1677160 450
1677170 450
1677180 449
1677190 449
1677200 449
1677210 448
1677220 446
1677230 446
1677240 444
1677250 442
1677260 442
1677270 440
1677280 440
1677290 440
1677300 440
1677310 440
1677320 440
1677330 441
1677340 441
1677350 441
1677360 442
1677370 442
1677380 442
1677390 441
1677400 440
1677410 440
1677420 440
1677430 439
1677440 439
1677450 438
1677460 437
1677470 437
1677480 437
1677490 436
1677500 436
1677510 436
1677520 436
1677530 436
1677540 436
1677550 435
1677560 435
1677570 435
1677580 436
1677590 436
1677600 436
1677610 436
1677620 436
1677630 436
1677640 436
1677650 436
1677660 436
1677670 436
1677680 436
1677690 436
1677700 435
1677710 435
1677720 435
1677730 434
1677740 434
1677750 435
1677760 436
1677770 436
1677780 436
1677790 437
1677800 437
1677810 437
1677820 437
1677830 437
1677840 437
1677850 438
1677860 438
1677870 438
1677880 438
1677890 438
1677900 438
1677910 438
1677920 438
1677930 439
1677940 439
1677950 439
1677960 439
1677970 439
1677980 440
1677990 440
1678000 440
1678010 441
1678020 441
1678030 442
1678040 442
1678050 442
1678060 442
1678070 443
1678080 443
1678090 443
1678100 443
1678110 443
1678120 444
1678130 444
1678140 444
1678150 444
1678160 445
1678170 445
1678180 445
1678190 445
1678200 445
1678210 445
1678220 446
1678230 446
1678240 446
1678250 446
1678260 446
1678270 446
1678280 446
1678290 446
1678300 446
1678310 446
1678320 446
1678330 446
1678340 446
1678350 446
1678360 446
1678370 445
1678380 445
1678390 445
1678400 445
1678410 445
1678420 444
1678430 443
1678440 443
1678450 442
1678460 442
1678470 442
1678480 442
1678490 442
1678500 442
1678510 442
1678520 441
1678530 441
1678540 440
1678550 440
1678560 440
1678570 440
1678580 439
1678590 439
1678600 439
1678610 439
1678620 439
1678630 438
1678640 438
1678650 438
1678660 438
1678670 437
1678680 437
1678690 438
1678700 437
1678710 437
1678720 437
1678730 436
1678740 436
1678750 436
1678760 435
1678770 435
1678780 435
1678790 435
1678800 435
1678810 434
1678820 434
1678830 434
1678840 434
1678850 433
1678860 433
1678870 433
1678880 432
1678890 432
1678900 431
1678910 431
1678920 431
1678930 430
1678940 429
1678950 429
1678960 429
1678970 428
1678980 428
1678990 428
1679000 427
1679010 427
1679020 427
1679030 426
1679040 425
1679050 425
1679060 423
1679070 421
1679080 421
1679090 420
1679100 418
1679110 418
1679120 417
1679130 415
1679140 415
1679150 414
1679160 413
1679170 413
1679180 413
1679190 412
1679200 412
1679210 411
1679220 410
1679230 410
1679240 410
1679250 408
1679260 408
1679270 407
1679280 408
1679290 408
1679300 409
1679310 409
1679320 409
1679330 409
1679340 410
1679350 409
1679360 410
1679370 412
1679380 412
1679390 413
1679400 413
1679410 413
1679420 413
1679430 414
1679440 414
1679450 414
1679460 414
1679470 414
1679480 414
1679490 412
1679500 412
1679510 411
1679520 415
1679530 415
1679540 415
1679550 415
1679560 415
1679570 416
1679580 416
1679590 416
1679600 415
1679610 414
1679620 414
1679630 413
1679640 414
1679650 414
1679660 417
1679670 419
1679680 419
1679690 420
1679700 420
1679710 420
1679720 421
1679730 421
1679740 421
1679750 421
1679760 422
1679770 422
1679780 422
1679790 422
1679800 422
1679810 422
1679820 422
1679830 422
1679840 422
1679850 422
1679860 422
1679870 421
1679880 422
1679890 422
1679900 422
1679910 422
1679920 422
1679930 422
1679940 422
1679950 421
1679960 421
1679970 419
1679980 417
1679990 417
