1660000 667
1660010 668
1660020 668
1660030 669
1660040 671
1660050 671
1660060 671
1660070 672
1660080 672
1660090 672
1660100 673
1660110 673
1660120 673
1660130 673
1660140 673
1660150 674
1660160 674
1660170 674
1660180 673
1660190 673
1660200 673
1660210 672
1660220 672
1660230 672
1660240 671
1660250 670
1660260 670
1660270 669
1660280 668
1660290 668
1660300 667
1660310 665
1660320 665
1660330 664
1660340 662
1660350 662
1660360 660
1660370 658
1660380 658
1660390 656
1660400 654
1660410 654
1660420 651
1660430 649
1660440 649
1660450 646
1660460 644
1660470 644
1660480 641
1660490 637
1660500 637
1660510 634
1660520 629
1660530 629
1660540 625
1660550 622
1660560 622
1660570 619
1660580 615
1660590 615
1660600 611
1660610 607
1660620 607
1660630 603
1660640 600
1660650 600
1660660 598
1660670 596
1660680 596
1660690 594
1660700 592
1660710 592
1660720 588
1660730 584
1660740 584
1660750 582
1660760 583
1660770 583
1660780 582
1660790 580
1660800 580
1660810 579
1660820 578
1660830 578
1660840 578
1660850 579
1660860 579
1660870 577
1660880 576
1660890 576
1660900 575
1660910 574
1660920 574
1660930 572
1660940 570
1660950 570
1660960 569
1660970 567
1660980 567
1660990 565
1661000 563
1661010 563
1661020 562
1661030 561
1661040 561
1661050 559
1661060 558
1661070 558
1661080 558
1661090 557
1661100 556
1661110 556
1661120 554
1661130 552
1661140 552
1661150 550
1661160 548
1661170 548
1661180 545
1661190 543
1661200 543
1661210 541
1661220 539
1661230 539
1661240 536
1661250 534
1661260 534
1661270 531
1661280 529
1661290 529
1661300 528
1661310 526
1661320 526
1661330 523
1661340 520
1661350 520
1661360 518
1661370 517
1661380 517
1661390 517
1661400 517
1661410 517
1661420 518
1661430 520
1661440 520
1661450 519
1661460 519
1661470 519
1661480 520
1661490 521
1661500 521
1661510 516
1661520 516
1661530 516
1661540 516
1661550 515
1661560 515
1661570 514
1661580 513
1661590 513
1661600 513
1661610 512
1661620 512
1661630 513
1661640 512
1661650 512
1661660 511
1661670 509
1661680 509
1661690 507
1661700 502
1661710 502
1661720 502
1661730 506
1661740 506
1661750 507
1661760 508
1661770 508
1661780 508
1661790 508
1661800 508
1661810 508
1661820 509
1661830 509
1661840 509
1661850 509
1661860 509
1661870 509
1661880 509
1661890 509
1661900 510
1661910 511
1661920 511
1661930 512
1661940 513
1661950 513
1661960 513
1661970 514
1661980 514
1661990 515
1662000 516
1662010 516
1662020 517
1662030 517
1662040 517
1662050 518
1662060 519
1662070 519
1662080 519
1662090 520
1662100 520
1662110 521
1662120 522
1662130 522
1662140 523
1662150 524
1662160 525
1662170 525
1662180 526
1662190 527
1662200 527
1662210 527
1662220 528
1662230 528
1662240 526
1662250 528
1662260 528
1662270 529
1662280 530
1662290 530
1662300 530
1662310 530
1662320 530
1662330 532
1662340 534
1662350 534
1662360 533
1662370 534
1662380 534
1662390 536
1662400 538
1662410 538
1662420 538
1662430 539
1662440 539
1662450 540
1662460 542
1662470 542
1662480 543
1662490 543
1662500 543
1662510 545
1662520 546
1662530 546
1662540 549
1662550 550
1662560 550
1662570 551
1662580 553
1662590 553
1662600 555
1662610 556
1662620 556
1662630 558
1662640 560
1662650 560
1662660 562
1662670 563
1662680 563
1662690 565
1662700 566
1662710 566
1662720 567
1662730 568
1662740 568
1662750 569
1662760 569
1662770 569
1662780 570
1662790 570
1662800 570
1662810 571
1662820 572
1662830 572
1662840 572
1662850 573
1662860 573
1662870 573
1662880 574
1662890 574
1662900 574
1662910 575
1662920 575
1662930 576
1662940 577
1662950 577
1662960 578
1662970 575
1662980 575
1662990 575
1663000 575
1663010 575
1663020 576
1663030 576
1663040 576
1663050 577
1663060 577
1663070 577
1663080 577
1663090 577
1663100 577
1663110 577
1663120 577
1663130 577
1663140 577
1663150 576
1663160 576
1663170 576
1663180 575
1663190 575
1663200 575
1663210 574
1663220 573
1663230 573
1663240 572
1663250 571
1663260 571
1663270 569
1663280 567
1663290 567
1663300 565
1663310 563
1663320 563
1663330 560
1663340 556
1663350 556
1663360 551
1663370 546
1663380 546
1663390 543
1663400 541
1663410 541
1663420 540
1663430 539
1663440 539
1663450 539
1663460 538
1663470 538
1663480 537
1663490 537
1663500 537
1663510 536
1663520 536
1663530 536
1663540 535
1663550 535
1663560 535
1663570 534
1663580 534
1663590 534
1663600 534
1663610 534
1663620 534
1663630 534
1663640 533
1663650 533
1663660 533
1663670 533
1663680 533
1663690 529
1663700 529
1663710 529
1663720 528
1663730 527
1663740 527
1663750 527
1663760 527
1663770 527
1663780 526
1663790 525
1663800 525
1663810 524
1663820 524
1663830 524
1663840 523
1663850 522
1663860 522
1663870 521
1663880 520
1663890 520
1663900 519
1663910 518
1663920 518
1663930 517
1663940 516
1663950 516
1663960 515
1663970 514
1663980 514
1663990 514
1664000 513
1664010 513
1664020 512
1664030 510
1664040 510
1664050 509
1664060 508
1664070 508
1664080 507
1664090 506
1664100 506
1664110 504
1664120 503
1664130 503
1664140 502
1664150 500
1664160 500
1664170 498
1664180 497
1664190 497
1664200 495
1664210 493
1664220 493
1664230 491
1664240 488
1664250 488
1664260 484
1664270 478
1664280 478
1664290 471
1664300 464
1664310 457
1664320 457
1664330 451
1664340 445
1664350 445
1664360 439
1664370 433
1664380 433
1664390 428
1664400 423
1664410 423
1664420 418
1664430 411
1664440 411
1664450 409
1664460 412
1664470 412
1664480 416
1664490 420
1664500 420
1664510 425
1664520 430
1664530 430
1664540 435
1664550 440
1664560 440
1664570 445
1664580 450
1664590 450
1664600 455
1664610 460
1664620 460
1664630 465
1664640 469
1664650 469
1664660 473
1664670 477
1664680 477
1664690 481
1664700 484
1664710 484
1664720 487
1664730 489
1664740 489
1664750 492
1664760 494
1664770 494
1664780 495
1664790 498
1664800 498
1664810 500
1664820 502
1664830 502
1664840 504
1664850 508
1664860 508
1664870 510
1664880 513
1664890 513
1664900 516
1664910 517
1664920 517
1664930 519
1664940 521
1664950 521
1664960 523
1664970 526
1664980 526
1664990 528
1665000 530
1665010 530
1665020 532
1665030 535
1665040 535
1665050 538
1665060 541
1665070 541
1665080 543
1665090 546
1665100 546
1665110 548
1665120 553
1665130 553
1665140 556
1665150 559
1665160 559
1665170 562
1665180 564
1665190 564
1665200 568
1665210 571
1665220 571
1665230 575
1665240 578
1665250 578
1665260 581
1665270 585
1665280 585
1665290 589
1665300 592
1665310 592
1665320 595
1665330 599
1665340 599
1665350 603
1665360 605
1665370 605
1665380 609
1665390 613
1665400 616
1665410 616
1665420 620
1665430 623
1665440 623
1665450 626
1665460 629
1665470 629
1665480 632
1665490 635
1665500 635
1665510 637
1665520 639
1665530 639
1665540 642
1665550 644
1665560 644
1665570 647
1665580 648
1665590 648
1665600 647
1665610 645
1665620 645
1665630 642
1665640 639
1665650 639
1665660 635
1665670 632
1665680 632
1665690 627
1665700 623
1665710 623
1665720 619
1665730 615
1665740 615
1665750 611
1665760 607
1665770 607
1665780 603
1665790 600
1665800 600
1665810 596
1665820 592
1665830 592
1665840 587
1665850 583
1665860 583
1665870 579
1665880 575
1665890 575
1665900 571
1665910 568
1665920 568
1665930 565
1665940 561
1665950 561
1665960 558
1665970 555
1665980 555
1665990 551
1666000 547
1666010 547
1666020 544
1666030 541
1666040 541
1666050 538
1666060 535
1666070 535
1666080 532
1666090 529
1666100 529
1666110 526
1666120 523
1666130 523
1666140 520
1666150 518
1666160 518
1666170 517
1666180 514
1666190 514
1666200 512
1666210 510
1666220 510
1666230 508
1666240 505
1666250 505
1666260 503
1666270 502
1666280 502
1666290 500
1666300 497
1666310 497
1666320 495
1666330 493
1666340 493
1666350 491
1666360 489
1666370 489
1666380 487
1666390 485
1666400 485
1666410 483
1666420 481
1666430 481
1666440 479
1666450 477
1666460 477
1666470 475
1666480 473
1666490 471
1666500 471
1666510 469
1666520 466
1666530 466
1666540 465
1666550 463
1666560 463
1666570 461
1666580 460
1666590 460
1666600 458
1666610 455
1666620 455
1666630 453
1666640 452
1666650 452
1666660 450
1666670 448
1666680 448
1666690 446
1666700 444
1666710 444
1666720 443
1666730 441
1666740 441
1666750 439
1666760 437
1666770 437
1666780 435
1666790 433
1666800 433
1666810 431
1666820 430
1666830 430
1666840 428
1666850 426
1666860 426
1666870 423
1666880 421
1666890 421
1666900 418
1666910 416
1666920 416
1666930 414
1666940 411
1666950 411
1666960 407
1666970 403
1666980 403
1666990 399
1667000 396
1667010 396
1667020 394
1667030 394
1667040 394
1667050 393
1667060 391
1667070 391
1667080 387
1667090 384
1667100 384
1667110 380
1667120 374
1667130 374
1667140 371
1667150 370
1667160 370
1667170 371
1667180 373
1667190 373
1667200 374
1667210 376
1667220 376
1667230 377
1667240 379
1667250 379
1667260 385
1667270 386
1667280 386
1667290 388
1667300 388
1667310 388
1667320 389
1667330 389
1667340 389
1667350 387
1667360 386
1667370 386
1667380 384
1667390 379
1667400 379
1667410 372
1667420 365
1667430 365
1667440 360
1667450 355
1667460 355
1667470 353
1667480 353
1667490 353
1667500 353
1667510 353
1667520 353
1667530 353
1667540 353
1667550 353
1667560 353
1667570 353
1667580 354
1667590 354
1667600 354
1667610 354
1667620 354
1667630 353
1667640 353
1667650 353
1667660 353
1667670 353
1667680 353
1667690 353
1667700 352
1667710 352
1667720 351
1667730 351
1667740 351
1667750 351
1667760 350
1667770 350
1667780 350
1667790 350
1667800 350
1667810 350
1667820 350
1667830 350
1667840 350
1667850 350
1667860 350
1667870 350
1667880 350
1667890 350
1667900 349
1667910 347
1667920 347
1667930 350
1667940 356
1667950 356
1667960 360
1667970 365
1667980 365
1667990 368
1668000 370
1668010 370
1668020 373
1668030 375
1668040 375
1668050 376
1668060 377
1668070 377
1668080 378
1668090 379
1668100 379
1668110 380
1668120 380
1668130 380
1668140 381
1668150 381
1668160 381
1668170 382
1668180 382
1668190 382
1668200 383
1668210 383
1668220 383
1668230 383
1668240 383
1668250 383
1668260 383
1668270 384
1668280 384
1668290 384
1668300 384
1668310 384
1668320 384
1668330 384
1668340 384
1668350 384
1668360 383
1668370 383
1668380 382
1668390 381
1668400 381
1668410 381
1668420 381
1668430 381
1668440 380
1668450 381
1668460 381
1668470 381
1668480 377
1668490 377
1668500 375
1668510 379
1668520 379
1668530 382
1668540 381
1668550 381
1668560 381
1668570 384
1668580 384
1668590 385
1668600 385
1668610 385
1668620 382
1668630 385
1668640 385
1668650 386
1668660 387
1668670 385
1668680 385
1668690 386
1668700 386
1668710 386
1668720 386
1668730 387
1668740 387
1668750 387
1668760 387
1668770 387
1668780 387
1668790 387
1668800 387
1668810 388
1668820 387
1668830 387
1668840 387
1668850 387
1668860 387
1668870 387
1668880 387
1668890 387
1668900 387
1668910 387
1668920 387
1668930 387
1668940 387
1668950 387
1668960 387
1668970 386
1668980 386
1668990 383
1669000 380
1669010 380
1669020 380
1669030 385
1669040 385
1669050 390
1669060 393
1669070 393
1669080 395
1669090 397
1669100 397
1669110 397
1669120 398
1669130 398
1669140 399
1669150 400
1669160 400
1669170 406
1669180 410
1669190 410
1669200 413
1669210 416
1669220 416
1669230 419
1669240 422
1669250 422
1669260 427
1669270 430
1669280 430
1669290 432
1669300 434
1669310 434
1669320 436
1669330 439
1669340 439
1669350 441
1669360 444
1669370 449
1669380 452
1669390 454
1669400 454
1669410 457
1669420 459
1669430 459
1669440 462
1669450 464
1669460 464
1669470 466
1669480 470
1669490 470
1669500 474
1669510 478
1669520 478
1669530 481
1669540 484
1669550 484
1669560 486
1669570 486
1669580 486
1669590 487
1669600 487
1669610 487
1669620 488
1669630 490
1669640 490
1669650 490
1669660 490
1669670 490
1669680 491
1669690 495
1669700 495
1669710 502
1669720 507
1669730 507
1669740 511
1669750 514
1669760 518
1669770 518
1669780 522
1669790 525
1669800 525
1669810 529
1669820 533
1669830 533
1669840 534
1669850 535
1669860 535
1669870 538
1669880 540
1669890 540
1669900 543
1669910 546
1669920 546
1669930 549
1669940 552
1669950 552
1669960 555
1669970 558
1669980 558
1669990 561
1670000 565
1670010 565
1670020 568
1670030 572
1670040 572
1670050 576
1670060 578
1670070 578
1670080 583
1670090 587
1670100 587
1670110 591
1670120 596
1670130 596
1670140 600
1670150 604
1670160 604
1670170 608
1670180 611
1670190 611
1670200 613
1670210 615
1670220 615
1670230 617
1670240 618
1670250 618
1670260 619
1670270 620
1670280 620
1670290 621
1670300 623
1670310 623
1670320 624
1670330 626
1670340 626
1670350 629
1670360 632
1670370 632
1670380 635
1670390 638
1670400 638
1670410 642
1670420 645
1670430 645
1670440 649
1670450 652
1670460 652
1670470 655
1670480 658
1670490 658
1670500 660
1670510 663
1670520 663
1670530 665
1670540 668
1670550 668
1670560 670
1670570 671
1670580 671
1670590 670
1670600 666
1670610 666
1670620 663
1670630 659
1670640 659
1670650 656
1670660 654
1670670 654
1670680 652
1670690 649
1670700 649
1670710 647
1670720 645
1670730 645
1670740 643
1670750 641
1670760 639
1670770 638
1670780 636
1670790 636
1670800 635
1670810 634
1670820 634
1670830 632
1670840 631
1670850 630
1670860 630
1670870 629
1670880 628
1670890 628
1670900 627
1670910 626
1670920 626
1670930 626
1670940 625
1670950 625
1670960 625
1670970 624
1670980 624
1670990 624
1671000 624
1671010 624
1671020 624
1671030 625
1671040 625
1671050 625
1671060 625
1671070 625
1671080 625
1671090 626
1671100 626
1671110 626
1671120 627
1671130 627
1671140 627
1671150 628
1671160 628
1671170 629
1671180 630
1671190 630
1671200 631
1671210 631
1671220 631
1671230 633
1671240 634
1671250 634
1671260 635
1671270 636
1671280 636
1671290 638
1671300 639
1671310 639
1671320 640
1671330 641
1671340 641
1671350 642
1671360 643
1671370 643
1671380 644
1671390 645
1671400 645
1671410 646
1671420 647
1671430 647
1671440 647
1671450 646
1671460 646
1671470 647
1671480 648
1671490 648
1671500 650
1671510 651
1671520 651
1671530 652
1671540 653
1671550 653
1671560 654
1671570 655
1671580 655
1671590 656
1671600 657
1671610 657
1671620 657
1671630 657
1671640 657
1671650 657
1671660 657
1671670 657
1671680 656
1671690 656
1671700 656
1671710 656
1671720 655
1671730 655
1671740 654
1671750 652
1671760 652
1671770 651
1671780 649
1671790 649
1671800 648
1671810 646
1671820 646
1671830 644
1671840 642
1671850 642
1671860 640
1671870 639
1671880 639
1671890 637
1671900 635
1671910 635
1671920 633
1671930 632
1671940 629
1671950 629
1671960 627
1671970 624
1671980 624
1671990 621
1672000 619
1672010 619
1672020 616
1672030 614
1672040 614
1672050 613
1672060 610
1672070 610
1672080 608
1672090 606
1672100 606
1672110 604
1672120 603
1672130 603
1672140 606
1672150 605
1672160 605
1672170 605
1672180 604
1672190 604
1672200 603
1672210 602
1672220 602
1672230 600
1672240 599
1672250 599
1672260 598
1672270 597
1672280 597
1672290 596
1672300 595
1672310 595
1672320 594
1672330 593
1672340 593
1672350 593
1672360 592
1672370 592
1672380 592
1672390 592
1672400 592
1672410 592
1672420 591
1672430 591
1672440 591
1672450 591
1672460 591
1672470 590
1672480 589
1672490 589
1672500 588
1672510 587
1672520 587
1672530 586
1672540 584
1672550 584
1672560 583
1672570 582
1672580 582
1672590 580
1672600 579
1672610 579
1672620 578
1672630 576
1672640 576
1672650 574
1672660 573
1672670 573
1672680 571
1672690 569
1672700 569
1672710 567
1672720 564
1672730 564
1672740 561
1672750 559
1672760 559
1672770 557
1672780 555
1672790 555
1672800 553
1672810 551
1672820 551
1672830 551
1672840 549
1672850 549
1672860 548
1672870 545
1672880 545
1672890 543
1672900 540
1672910 540
1672920 538
1672930 536
1672940 536
1672950 534
1672960 533
1672970 533
1672980 532
1672990 531
1673000 531
1673010 529
1673020 528
1673030 526
1673040 526
1673050 523
1673060 520
1673070 520
1673080 518
1673090 515
1673100 515
1673110 513
1673120 511
1673130 511
1673140 510
1673150 509
1673160 509
1673170 507
1673180 504
1673190 504
1673200 502
1673210 500
1673220 500
1673230 497
1673240 495
1673250 495
1673260 492
1673270 489
1673280 489
1673290 486
1673300 483
1673310 483
1673320 479
1673330 475
1673340 475
1673350 471
1673360 467
1673370 467
1673380 463
1673390 460
1673400 460
1673410 457
1673420 454
1673430 454
1673440 451
1673450 448
1673460 448
1673470 445
1673480 444
1673490 444
1673500 442
1673510 441
1673520 441
1673530 440
1673540 438
1673550 438
1673560 434
1673570 432
1673580 432
1673590 430
1673600 428
1673610 428
1673620 426
1673630 423
1673640 423
1673650 422
1673660 420
1673670 420
1673680 418
1673690 416
1673700 416
1673710 413
1673720 410
1673730 410
1673740 407
1673750 404
1673760 404
1673770 402
1673780 399
1673790 399
1673800 396
1673810 393
1673820 393
1673830 390
1673840 387
1673850 387
1673860 384
1673870 381
1673880 381
1673890 378
1673900 372
1673910 372
1673920 366
1673930 362
1673940 362
1673950 360
1673960 360
1673970 360
1673980 361
1673990 362
1674000 362
1674010 362
1674020 363
1674030 363
1674040 368
1674050 374
1674060 374
1674070 379
1674080 383
1674090 383
1674100 388
1674110 394
1674120 400
1674130 400
1674140 405
1674150 409
1674160 409
1674170 414
1674180 417
1674190 417
1674200 420
1674210 423
1674220 423
1674230 427
1674240 430
1674250 430
1674260 433
1674270 436
1674280 436
1674290 439
1674300 442
1674310 442
1674320 444
1674330 446
1674340 446
1674350 449
1674360 452
1674370 452
1674380 455
1674390 458
1674400 458
1674410 460
1674420 462
1674430 462
1674440 464
1674450 465
1674460 465
1674470 466
1674480 468
1674490 468
1674500 469
1674510 470
1674520 470
1674530 471
1674540 472
1674550 472
1674560 472
1674570 472
1674580 472
1674590 472
1674600 472
1674610 472
1674620 472
1674630 471
1674640 471
1674650 470
1674660 470
1674670 470
1674680 469
1674690 468
1674700 468
1674710 468
1674720 468
1674730 468
1674740 469
1674750 471
1674760 471
1674770 472
1674780 473
1674790 473
1674800 474
1674810 475
1674820 475
1674830 477
1674840 478
1674850 478
1674860 479
1674870 481
1674880 485
1674890 486
1674900 487
1674910 487
1674920 488
1674930 489
1674940 489
1674950 490
1674960 490
1674970 490
1674980 492
1674990 495
1675000 495
1675010 497
1675020 499
1675030 499
1675040 501
1675050 503
1675060 503
1675070 505
1675080 508
1675090 508
1675100 510
1675110 512
1675120 512
1675130 513
1675140 514
1675150 514
1675160 515
1675170 516
1675180 516
1675190 517
1675200 517
1675210 517
1675220 517
1675230 518
1675240 518
1675250 518
1675260 518
1675270 516
1675280 516
1675290 515
1675300 516
1675310 516
1675320 517
1675330 517
1675340 517
1675350 516
1675360 517
1675370 517
1675380 517
1675390 518
1675400 518
1675410 518
1675420 518
1675430 518
1675440 521
1675450 525
1675460 525
1675470 530
1675480 534
1675490 534
1675500 538
1675510 542
1675520 542
1675530 546
1675540 549
1675550 546
1675560 550
1675570 555
1675580 555
1675590 560
1675600 563
1675610 563
1675620 565
1675630 567
1675640 567
1675650 570
1675660 573
1675670 573
1675680 576
1675690 579
1675700 579
1675710 582
1675720 585
1675730 585
1675740 587
1675750 591
1675760 591
1675770 595
1675780 599
1675790 599
1675800 602
1675810 604
1675820 604
1675830 607
1675840 611
1675850 611
1675860 614
1675870 618
1675880 618
1675890 622
1675900 626
1675910 626
1675920 629
1675930 632
1675940 632
1675950 636
1675960 640
1675970 640
1675980 644
1675990 648
1676000 648
1676010 652
1676020 655
1676030 655
1676040 658
1676050 661
1676060 661
1676070 663
1676080 665
1676090 665
1676100 667
1676110 668
1676120 668
1676130 670
1676140 671
1676150 671
1676160 672
1676170 672
1676180 672
1676190 672
1676200 672
1676210 672
1676220 672
1676230 670
1676240 670
1676250 670
1676260 670
1676270 670
1676280 670
1676290 669
1676300 669
1676310 669
1676320 669
1676330 669
1676340 669
1676350 668
1676360 668
1676370 668
1676380 667
1676390 665
1676400 665
1676410 663
1676420 662
1676430 662
1676440 661
1676450 661
1676460 661
1676470 661
1676480 663
1676490 663
1676500 664
1676510 664
1676520 664
1676530 665
1676540 665
1676550 665
1676560 666
1676570 667
1676580 667
1676590 668
1676600 669
1676610 669
1676620 669
1676630 671
1676640 671
1676650 673
1676660 674
1676670 674
1676680 675
1676690 676
1676700 676
1676710 677
1676720 678
1676730 678
1676740 679
1676750 678
1676760 678
1676770 680
1676780 682
1676790 682
1676800 682
1676810 683
1676820 683
1676830 683
1676840 684
1676850 684
1676860 684
1676870 685
1676880 685
1676890 686
1676900 685
1676910 685
1676920 687
1676930 689
1676940 689
1676950 692
1676960 694
1676970 694
1676980 696
1676990 697
1677000 697
1677010 699
1677020 701
1677030 701
1677040 703
1677050 705
1677060 705
1677070 707
1677080 710
1677090 710
1677100 713
1677110 715
1677120 715
1677130 717
1677140 719
1677150 719
1677160 721
1677170 720
1677180 720
1677190 720
1677200 720
1677210 720
1677220 719
1677230 719
1677240 719
1677250 718
1677260 718
1677270 718
1677280 717
1677290 717
1677300 717
1677310 717
1677320 716
1677330 716
1677340 716
1677350 715
1677360 715
1677370 715
1677380 714
1677390 714
1677400 714
1677410 714
1677420 714
1677430 714
1677440 714
1677450 714
1677460 714
1677470 714
1677480 714
1677490 714
1677500 714
1677510 714
1677520 714
1677530 714
1677540 714
1677550 714
1677560 714
1677570 713
1677580 713
1677590 713
1677600 713
1677610 713
1677620 713
1677630 713
1677640 713
1677650 713
1677660 713
1677670 713
1677680 713
1677690 712
1677700 712
1677710 711
1677720 710
1677730 710
1677740 709
1677750 708
1677760 708
1677770 707
1677780 707
1677790 707
1677800 706
1677810 704
1677820 704
1677830 703
1677840 701
1677850 701
1677860 700
1677870 699
1677880 699
1677890 697
1677900 696
1677910 696
1677920 695
1677930 693
1677940 693
1677950 692
1677960 690
1677970 690
1677980 688
1677990 687
1678000 687
1678010 685
1678020 684
1678030 684
1678040 682
1678050 681
1678060 681
1678070 680
1678080 678
1678090 678
1678100 676
1678110 674
1678120 674
1678130 672
1678140 670
1678150 670
1678160 668
1678170 665
1678180 665
1678190 663
1678200 660
1678210 660
1678220 657
1678230 654
1678240 653
1678250 648
1678260 642
1678270 642
1678280 636
1678290 631
1678300 631
1678310 626
1678320 621
1678330 621
1678340 617
1678350 614
1678360 614
1678370 610
1678380 606
1678390 606
1678400 601
1678410 597
1678420 597
1678430 594
1678440 590
1678450 590
1678460 586
1678470 584
1678480 584
1678490 581
1678500 577
1678510 574
1678520 574
1678530 571
1678540 567
1678550 567
1678560 563
1678570 560
1678580 560
1678590 557
1678600 554
1678610 554
1678620 552
1678630 550
1678640 550
1678650 549
1678660 548
1678670 548
1678680 544
1678690 539
1678700 539
1678710 537
1678720 535
1678730 535
1678740 532
1678750 528
1678760 528
1678770 524
1678780 521
1678790 521
1678800 519
1678810 517
1678820 517
1678830 515
1678840 512
1678850 512
1678860 510
1678870 506
1678880 506
1678890 503
1678900 502
1678910 502
1678920 501
1678930 499
1678940 499
1678950 496
1678960 494
1678970 494
1678980 492
1678990 491
1679000 491
1679010 490
1679020 495
1679030 495
1679040 498
1679050 501
1679060 501
1679070 504
1679080 507
1679090 507
1679100 510
1679110 512
1679120 512
1679130 514
1679140 515
1679150 515
1679160 517
1679170 518
1679180 518
1679190 519
1679200 520
1679210 520
1679220 522
1679230 523
1679240 523
1679250 524
1679260 525
1679270 525
1679280 526
1679290 527
1679300 527
1679310 528
1679320 528
1679330 528
1679340 528
1679350 527
1679360 527
1679370 526
1679380 525
1679390 525
1679400 524
1679410 522
1679420 522
1679430 521
1679440 520
1679450 520
1679460 518
1679470 518
1679480 518
1679490 517
1679500 516
1679510 516
1679520 516
1679530 514
1679540 514
1679550 513
1679560 512
1679570 514
1679580 514
1679590 513
1679600 512
1679610 512
1679620 510
1679630 509
1679640 509
1679650 508
1679660 507
1679670 507
1679680 505
1679690 504
1679700 504
1679710 502
1679720 500
1679730 500
1679740 499
1679750 498
1679760 498
1679770 497
1679780 495
1679790 495
1679800 493
1679810 492
1679820 492
1679830 491
1679840 490
1679850 490
1679860 489
1679870 488
1679880 488
1679890 487
1679900 486
1679910 486
1679920 485
1679930 484
1679940 484
1679950 484
1679960 483
1679970 483
1679980 482
1679990 481
