1660000 607
1660010 608
1660020 609
1660030 609
1660040 611
1660050 612
1660060 612
1660070 612
1660080 615
1660090 615
1660100 616
1660110 618
1660120 618
1660130 619
1660140 621
1660150 621
1660160 623
1660170 625
1660180 625
1660190 627
1660200 629
1660210 629
1660220 631
1660230 633
1660240 633
1660250 635
1660260 637
1660270 637
1660280 639
1660290 641
1660300 641
1660310 643
1660320 645
1660330 645
1660340 647
1660350 649
1660360 649
1660370 650
1660380 652
1660390 652
1660400 654
1660410 655
1660420 655
1660430 658
1660440 661
1660450 661
1660460 664
1660470 666
1660480 666
1660490 668
1660500 670
1660510 670
1660520 671
1660530 673
1660540 673
1660550 674
1660560 675
1660570 675
1660580 677
1660590 678
1660600 678
1660610 678
1660620 678
1660630 678
1660640 679
1660650 679
1660660 679
1660670 679
1660680 678
1660690 676
1660700 675
1660710 675
1660720 675
1660730 674
1660740 674
1660750 674
1660760 674
1660770 673
1660780 673
1660790 673
1660800 672
1660810 672
1660820 670
1660830 669
1660840 669
1660850 668
1660860 668
1660870 668
1660880 667
1660890 666
1660900 666
1660910 665
1660920 664
1660930 664
1660940 664
1660950 663
1660960 663
1660970 663
1660980 663
1660990 663
1661000 663
1661010 663
1661020 663
1661030 663
1661040 663
1661050 663
1661060 664
1661070 664
1661080 665
1661090 665
1661100 665
1661110 666
1661120 666
1661130 666
1661140 666
1661150 666
1661160 666
1661170 666
1661180 666
1661190 665
1661200 665
1661210 665
1661220 665
1661230 665
1661240 665
1661250 666
1661260 666
1661270 666
1661280 668
1661290 670
1661300 670
1661310 672
1661320 674
1661330 674
1661340 676
1661350 677
1661360 677
1661370 678
1661380 679
1661390 679
1661400 679
1661410 680
1661420 681
1661430 681
1661440 681
1661450 681
1661460 681
1661470 680
1661480 680
1661490 679
1661500 678
1661510 678
1661520 676
1661530 675
1661540 675
1661550 674
1661560 672
1661570 672
1661580 670
1661590 668
1661600 668
1661610 666
1661620 664
1661630 664
1661640 662
1661650 659
1661660 659
1661670 657
1661680 654
1661690 654
1661700 651
1661710 648
1661720 648
1661730 645
1661740 642
1661750 642
1661760 639
1661770 636
1661780 636
1661790 632
1661800 629
1661810 629
1661820 625
1661830 622
1661840 622
1661850 620
1661860 618
1661870 618
1661880 616
1661890 614
1661900 614
1661910 613
1661920 611
1661930 611
1661940 609
1661950 608
1661960 608
1661970 606
1661980 605
1661990 605
1662000 603
1662010 602
1662020 602
1662030 600
1662040 599
1662050 599
1662060 597
1662070 596
1662080 596
1662090 595
1662100 593
1662110 593
1662120 592
1662130 591
1662140 591
1662150 591
1662160 589
1662170 589
1662180 587
1662190 585
1662200 583
1662210 583
1662220 581
1662230 576
1662240 576
1662250 572
1662260 569
1662270 569
1662280 567
1662290 565
1662300 565
1662310 563
1662320 562
1662330 562
1662340 560
1662350 558
1662360 558
1662370 556
1662380 555
1662390 555
1662400 554
1662410 553
1662420 553
1662430 552
1662440 550
1662450 550
1662460 549
1662470 548
1662480 548
1662490 547
1662500 546
1662510 546
1662520 545
1662530 545
1662540 545
1662550 544
1662560 544
1662570 544
1662580 543
1662590 542
1662600 542
1662610 541
1662620 539
1662630 539
1662640 536
1662650 532
1662660 532
1662670 526
1662680 521
1662690 521
1662700 514
1662710 509
1662720 509
1662730 503
1662740 497
1662750 497
1662760 491
1662770 485
1662780 485
1662790 480
1662800 476
1662810 476
1662820 472
1662830 469
1662840 469
1662850 468
1662860 471
1662870 471
1662880 476
1662890 479
1662900 479
1662910 480
1662920 483
1662930 483
1662940 488
1662950 493
1662960 493
1662970 499
1662980 504
1662990 504
1663000 508
1663010 513
1663020 513
1663030 516
1663040 519
1663050 519
1663060 521
1663070 523
1663080 523
1663090 526
1663100 528
1663110 528
1663120 530
1663130 532
1663140 532
1663150 533
1663160 536
1663170 536
1663180 537
1663190 539
1663200 539
1663210 541
1663220 543
1663230 543
1663240 545
1663250 546
1663260 546
1663270 548
1663280 550
1663290 550
1663300 553
1663310 555
1663320 556
1663330 556
1663340 557
1663350 558
1663360 558
1663370 559
1663380 560
1663390 560
1663400 561
1663410 562
1663420 562
1663430 563
1663440 564
1663450 564
1663460 564
1663470 565
1663480 565
1663490 566
1663500 566
1663510 566
1663520 566
1663530 566
1663540 566
1663550 566
1663560 567
1663570 567
1663580 567
1663590 568
1663600 570
1663610 571
1663620 571
1663630 571
1663640 572
1663650 572
1663660 572
1663670 573
1663680 573
1663690 573
1663700 574
1663710 574
1663720 574
1663730 574
1663740 574
1663750 574
1663760 574
1663770 573
1663780 573
1663790 573
1663800 573
1663810 573
1663820 572
1663830 571
1663840 571
1663850 570
1663860 568
1663870 568
1663880 564
1663890 561
1663900 561
1663910 559
1663920 557
1663930 557
1663940 554
1663950 555
1663960 555
1663970 553
1663980 550
1663990 550
1664000 553
1664010 559
1664020 559
1664030 564
1664040 568
1664050 568
1664060 570
1664070 572
1664080 572
1664090 574
1664100 577
1664110 577
1664120 579
1664130 583
1664140 583
1664150 586
1664160 589
1664170 589
1664180 592
1664190 595
1664200 595
1664210 597
1664220 598
1664230 598
1664240 598
1664250 598
1664260 598
1664270 598
1664280 597
1664290 597
1664300 597
1664310 596
1664320 598
1664330 598
1664340 597
1664350 597
1664360 595
1664370 594
1664380 594
1664390 592
1664400 590
1664410 590
1664420 588
1664430 587
1664440 585
1664450 585
1664460 583
1664470 579
1664480 579
1664490 576
1664500 574
1664510 574
1664520 570
1664530 566
1664540 566
1664550 563
1664560 557
1664570 557
1664580 552
1664590 547
1664600 547
1664610 541
1664620 536
1664630 536
1664640 529
1664650 529
1664660 529
1664670 532
1664680 538
1664690 538
1664700 543
1664710 547
1664720 547
1664730 551
1664740 556
1664750 556
1664760 560
1664770 564
1664780 564
1664790 568
1664800 572
1664810 572
1664820 575
1664830 578
1664840 578
1664850 579
1664860 582
1664870 582
1664880 585
1664890 587
1664900 587
1664910 589
1664920 592
1664930 592
1664940 595
1664950 599
1664960 599
1664970 601
1664980 604
1664990 604
1665000 607
1665010 610
1665020 610
1665030 614
1665040 620
1665050 620
1665060 623
1665070 626
1665080 626
1665090 630
1665100 633
1665110 633
1665120 637
1665130 640
1665140 640
1665150 643
1665160 646
1665170 646
1665180 649
1665190 653
1665200 653
1665210 656
1665220 659
1665230 659
1665240 662
1665250 664
1665260 664
1665270 667
1665280 669
1665290 669
1665300 671
1665310 673
1665320 673
1665330 675
1665340 676
1665350 676
1665360 676
1665370 675
1665380 675
1665390 672
1665400 670
1665410 670
1665420 668
1665430 665
1665440 665
1665450 662
1665460 659
1665470 659
1665480 657
1665490 654
1665500 654
1665510 650
1665520 647
1665530 647
1665540 644
1665550 641
1665560 638
1665570 638
1665580 635
1665590 632
1665600 632
1665610 629
1665620 625
1665630 625
1665640 623
1665650 620
1665660 620
1665670 618
1665680 617
1665690 617
1665700 615
1665710 613
1665720 613
1665730 611
1665740 610
1665750 613
1665760 611
1665770 610
1665780 610
1665790 608
1665800 607
1665810 607
1665820 607
1665830 607
1665840 607
1665850 607
1665860 607
1665870 607
1665880 607
1665890 607
1665900 607
1665910 607
1665920 608
1665930 608
1665940 608
1665950 608
1665960 608
1665970 609
1665980 608
1665990 608
1666000 608
1666010 607
1666020 607
1666030 606
1666040 605
1666050 605
1666060 604
1666070 603
1666080 603
1666090 602
1666100 601
1666110 601
1666120 599
1666130 598
1666140 598
1666150 597
1666160 596
1666170 596
1666180 594
1666190 593
1666200 593
1666210 592
1666220 592
1666230 592
1666240 590
1666250 589
1666260 589
1666270 588
1666280 587
1666290 587
1666300 585
1666310 584
1666320 584
1666330 583
1666340 582
1666350 582
1666360 581
1666370 580
1666380 580
1666390 579
1666400 578
1666410 578
1666420 577
1666430 577
1666440 577
1666450 576
1666460 573
1666470 573
1666480 572
1666490 571
1666500 571
1666510 570
1666520 568
1666530 568
1666540 567
1666550 565
1666560 565
1666570 564
1666580 563
1666590 563
1666600 562
1666610 561
1666620 561
1666630 560
1666640 559
1666650 559
1666660 558
1666670 558
1666680 558
1666690 557
1666700 555
1666710 554
1666720 554
1666730 553
1666740 553
1666750 553
1666760 551
1666770 550
1666780 550
1666790 549
1666800 548
1666810 548
1666820 546
1666830 545
1666840 545
1666850 544
1666860 543
1666870 543
1666880 541
1666890 540
1666900 540
1666910 538
1666920 537
1666930 537
1666940 535
1666950 534
1666960 534
1666970 533
1666980 532
1666990 532
1667000 530
1667010 529
1667020 529
1667030 528
1667040 526
1667050 526
1667060 525
1667070 524
1667080 524
1667090 522
1667100 521
1667110 521
1667120 519
1667130 518
1667140 518
1667150 516
1667160 515
1667170 512
1667180 511
1667190 510
1667200 510
1667210 509
1667220 508
1667230 508
1667240 507
1667250 505
1667260 505
1667270 504
1667280 503
1667290 503
1667300 503
1667310 502
1667320 502
1667330 501
1667340 500
1667350 500
1667360 499
1667370 498
1667380 498
1667390 497
1667400 496
1667410 496
1667420 495
1667430 494
1667440 494
1667450 494
1667460 493
1667470 493
1667480 492
1667490 491
1667500 491
1667510 490
1667520 490
1667530 490
1667540 489
1667550 488
1667560 488
1667570 487
1667580 486
1667590 486
1667600 485
1667610 484
1667620 484
1667630 483
1667640 482
1667650 482
1667660 482
1667670 481
1667680 481
1667690 480
1667700 479
1667710 479
1667720 478
1667730 477
1667740 477
1667750 476
1667760 475
1667770 475
1667780 474
1667790 473
1667800 472
1667810 472
1667820 471
1667830 469
1667840 469
1667850 468
1667860 466
1667870 466
1667880 461
1667890 459
1667900 459
1667910 457
1667920 456
1667930 456
1667940 454
1667950 452
1667960 452
1667970 450
1667980 447
1667990 447
1668000 445
1668010 441
1668020 441
1668030 436
1668040 431
1668050 431
1668060 427
1668070 423
1668080 423
1668090 420
1668100 417
1668110 417
1668120 415
1668130 413
1668140 413
1668150 410
1668160 407
1668170 407
1668180 404
1668190 401
1668200 401
1668210 398
1668220 394
1668230 394
1668240 391
1668250 388
1668260 388
1668270 385
1668280 382
1668290 382
1668300 378
1668310 376
1668320 376
1668330 374
1668340 374
1668350 374
1668360 372
1668370 370
1668380 370
1668390 367
1668400 365
1668410 365
1668420 362
1668430 359
1668440 359
1668450 356
1668460 353
1668470 353
1668480 350
1668490 349
1668500 349
1668510 348
1668520 348
1668530 348
1668540 347
1668550 347
1668560 347
1668570 347
1668580 346
1668590 346
1668600 346
1668610 346
1668620 346
1668630 345
1668640 345
1668650 345
1668660 345
1668670 345
1668680 345
1668690 345
1668700 344
1668710 344
1668720 344
1668730 344
1668740 344
1668750 344
1668760 344
1668770 344
1668780 344
1668790 344
1668800 344
1668810 344
1668820 344
1668830 344
1668840 344
1668850 344
1668860 344
1668870 344
1668880 344
1668890 344
1668900 343
1668910 343
1668920 343
1668930 343
1668940 343
1668950 343
1668960 343
1668970 342
1668980 342
1668990 342
1669000 342
1669010 341
1669020 341
1669030 341
1669040 341
1669050 341
1669060 340
1669070 339
1669080 339
1669090 338
1669100 341
1669110 341
1669120 342
1669130 343
1669140 343
1669150 345
1669160 351
1669170 351
1669180 357
1669190 360
1669200 360
1669210 363
1669220 366
1669230 366
1669240 369
1669250 373
1669260 373
1669270 377
1669280 381
1669290 381
1669300 386
1669310 390
1669320 390
1669330 394
1669340 399
1669350 399
1669360 403
1669370 408
1669380 408
1669390 411
1669400 415
1669410 415
1669420 417
1669430 420
1669440 420
1669450 421
1669460 422
1669470 422
1669480 424
1669490 424
1669500 424
1669510 425
1669520 425
1669530 425
1669540 424
1669550 424
1669560 424
1669570 424
1669580 424
1669590 424
1669600 423
1669610 423
1669620 423
1669630 423
1669640 423
1669650 423
1669660 423
1669670 424
1669680 424
1669690 424
1669700 425
1669710 425
1669720 425
1669730 425
1669740 425
1669750 425
1669760 424
1669770 424
1669780 423
1669790 423
1669800 423
1669810 422
1669820 422
1669830 422
1669840 422
1669850 422
1669860 422
1669870 422
1669880 421
1669890 421
1669900 421
1669910 421
1669920 421
1669930 421
1669940 422
1669950 422
1669960 422
1669970 422
1669980 419
1669990 419
1670000 420
1670010 420
1670020 420
1670030 420
1670040 420
1670050 420
1670060 421
1670070 421
1670080 421
1670090 421
1670100 422
1670110 422
1670120 422
1670130 422
1670140 422
1670150 423
1670160 423
1670170 423
1670180 423
1670190 424
1670200 424
1670210 424
1670220 424
1670230 424
1670240 424
1670250 424
1670260 424
1670270 424
1670280 423
1670290 423
1670300 423
1670310 423
1670320 423
1670330 422
1670340 420
1670350 420
1670360 418
1670370 415
1670380 415
1670390 414
1670400 411
1670410 411
1670420 409
1670430 407
1670440 407
1670450 406
1670460 410
1670470 410
1670480 415
1670490 418
1670500 418
1670510 421
1670520 425
1670530 425
1670540 428
1670550 433
1670560 433
1670570 437
1670580 441
1670590 441
1670600 445
1670610 449
1670620 449
1670630 453
1670640 457
1670650 457
1670660 461
1670670 459
1670680 459
1670690 460
1670700 461
1670710 461
1670720 461
1670730 462
1670740 462
1670750 463
1670760 463
1670770 463
1670780 464
1670790 465
1670800 465
1670810 466
1670820 467
1670830 467
1670840 467
1670850 468
1670860 468
1670870 468
1670880 468
1670890 468
1670900 468
1670910 468
1670920 468
1670930 467
1670940 466
1670950 466
1670960 465
1670970 462
1670980 462
1670990 459
1671000 454
1671010 454
1671020 449
1671030 443
1671040 443
1671050 436
1671060 430
1671070 430
1671080 425
1671090 419
1671100 419
1671110 414
1671120 409
1671130 409
1671140 406
1671150 403
1671160 403
1671170 401
1671180 398
1671190 397
1671200 397
1671210 396
1671220 397
1671230 397
1671240 402
1671250 405
1671260 405
1671270 409
1671280 415
1671290 415
1671300 419
1671310 424
1671320 424
1671330 428
1671340 432
1671350 432
1671360 436
1671370 439
1671380 439
1671390 443
1671400 446
1671410 446
1671420 450
1671430 453
1671440 453
1671450 457
1671460 462
1671470 462
1671480 467
1671490 472
1671500 472
1671510 478
1671520 481
1671530 481
1671540 486
1671550 490
1671560 490
1671570 492
1671580 495
1671590 495
1671600 499
1671610 502
1671620 502
1671630 505
1671640 508
1671650 508
1671660 511
1671670 513
1671680 513
1671690 513
1671700 512
1671710 512
1671720 508
1671730 503
1671740 503
1671750 498
1671760 493
1671770 493
1671780 488
1671790 484
1671800 484
1671810 479
1671820 475
1671830 475
1671840 471
1671850 466
1671860 466
1671870 462
1671880 459
1671890 459
1671900 454
1671910 449
1671920 449
1671930 445
1671940 440
1671950 440
1671960 443
1671970 444
1671980 444
1671990 445
1672000 447
1672010 447
1672020 448
1672030 450
1672040 450
1672050 452
1672060 449
1672070 449
1672080 450
1672090 452
1672100 452
1672110 453
1672120 454
1672130 454
1672140 455
1672150 456
1672160 456
1672170 456
1672180 456
1672190 456
1672200 457
1672210 457
1672220 457
1672230 457
1672240 457
1672250 457
1672260 457
1672270 456
1672280 456
1672290 455
1672300 455
1672310 455
1672320 455
1672330 454
1672340 454
1672350 454
1672360 452
1672370 450
1672380 450
1672390 448
1672400 446
1672410 446
1672420 444
1672430 440
1672440 440
1672450 436
1672460 430
1672470 430
1672480 425
1672490 419
1672500 419
1672510 412
1672520 404
1672530 404
1672540 398
1672550 401
1672560 401
1672570 403
1672580 403
1672590 403
1672600 402
1672610 402
1672620 402
1672630 403
1672640 403
1672650 403
1672660 403
1672670 401
1672680 401
1672690 400
1672700 398
1672710 398
1672720 396
1672730 394
1672740 394
1672750 389
1672760 386
1672770 386
1672780 383
1672790 380
1672800 380
1672810 376
1672820 372
1672830 372
1672840 369
1672850 364
1672860 364
1672870 360
1672880 356
1672890 356
1672900 353
1672910 351
1672920 351
1672930 350
1672940 345
1672950 345
1672960 342
1672970 342
1672980 342
1672990 343
1673000 343
1673010 343
1673020 343
1673030 343
1673040 343
1673050 345
1673060 346
1673070 346
1673080 346
1673090 347
1673100 347
1673110 348
1673120 348
1673130 348
1673140 348
1673150 350
1673160 350
1673170 352
1673180 356
1673190 356
1673200 359
1673210 362
1673220 362
1673230 365
1673240 367
1673250 367
1673260 370
1673270 371
1673280 371
1673290 374
1673300 376
1673310 376
1673320 377
1673330 379
1673340 379
1673350 381
1673360 383
1673370 383
1673380 385
1673390 385
1673400 385
1673410 387
1673420 389
1673430 390
1673440 390
1673450 392
1673460 398
1673470 398
1673480 402
1673490 405
1673500 405
1673510 408
1673520 412
1673530 412
1673540 417
1673550 421
1673560 421
1673570 425
1673580 429
1673590 429
1673600 432
1673610 435
1673620 435
1673630 437
1673640 440
1673650 440
1673660 442
1673670 445
1673680 445
1673690 446
1673700 447
1673710 447
1673720 447
1673730 447
1673740 447
1673750 447
1673760 448
1673770 448
1673780 449
1673790 450
1673800 450
1673810 451
1673820 453
1673830 453
1673840 454
1673850 456
1673860 456
1673870 458
1673880 460
1673890 460
1673900 462
1673910 465
1673920 465
1673930 467
1673940 469
1673950 469
1673960 472
1673970 474
1673980 474
1673990 475
1674000 477
1674010 477
1674020 478
1674030 479
1674040 479
1674050 479
1674060 479
1674070 479
1674080 478
1674090 477
1674100 477
1674110 482
1674120 483
1674130 483
1674140 484
1674150 484
1674160 484
1674170 485
1674180 489
1674190 489
1674200 492
1674210 495
1674220 495
1674230 496
1674240 498
1674250 498
1674260 498
1674270 499
1674280 499
1674290 499
1674300 499
1674310 499
1674320 500
1674330 499
1674340 499
1674350 499
1674360 498
1674370 498
1674380 497
1674390 496
1674400 496
1674410 495
1674420 494
1674430 494
1674440 493
1674450 492
1674460 492
1674470 490
1674480 489
1674490 489
1674500 488
1674510 487
1674520 487
1674530 486
1674540 485
1674550 485
1674560 485
1674570 484
1674580 483
1674590 483
1674600 483
1674610 484
1674620 484
1674630 483
1674640 481
1674650 481
1674660 478
1674670 476
1674680 476
1674690 474
1674700 472
1674710 472
1674720 470
1674730 468
1674740 468
1674750 467
1674760 465
1674770 465
1674780 463
1674790 465
1674800 465
1674810 462
1674820 460
1674830 460
1674840 457
1674850 453
1674860 453
1674870 449
1674880 444
1674890 444
1674900 440
1674910 435
1674920 435
1674930 430
1674940 424
1674950 424
1674960 421
1674970 420
1674980 420
1674990 423
1675000 428
1675010 428
1675020 430
1675030 432
1675040 432
1675050 435
1675060 436
1675070 436
1675080 437
1675090 437
1675100 437
1675110 437
1675120 437
1675130 437
1675140 436
1675150 435
1675160 435
1675170 435
1675180 434
1675190 434
1675200 432
1675210 432
1675220 432
1675230 431
1675240 431
1675250 431
1675260 430
1675270 430
1675280 430
1675290 430
1675300 430
1675310 430
1675320 430
1675330 430
1675340 430
1675350 429
1675360 428
1675370 428
1675380 427
1675390 427
1675400 427
1675410 426
1675420 425
1675430 425
1675440 424
1675450 421
1675460 421
1675470 427
1675480 425
1675490 425
1675500 421
1675510 419
1675520 419
1675530 424
1675540 427
1675550 427
1675560 430
1675570 430
1675580 430
1675590 429
1675600 428
1675610 428
1675620 426
1675630 424
1675640 424
1675650 422
1675660 422
1675670 422
1675680 422
1675690 422
1675700 423
1675710 423
1675720 422
1675730 420
1675740 420
1675750 419
1675760 420
1675770 420
1675780 421
1675790 424
1675800 424
1675810 425
1675820 427
1675830 427
1675840 428
1675850 429
1675860 429
1675870 430
1675880 432
1675890 432
1675900 434
1675910 434
1675920 434
1675930 437
1675940 438
1675950 438
1675960 440
1675970 441
1675980 441
1675990 444
1676000 445
1676010 445
1676020 446
1676030 446
1676040 446
1676050 448
1676060 450
1676070 450
1676080 453
1676090 455
1676100 455
1676110 456
1676120 457
1676130 457
1676140 455
1676150 458
1676160 458
1676170 460
1676180 464
1676190 464
1676200 466
1676210 466
1676220 466
1676230 467
1676240 468
1676250 468
1676260 468
1676270 468
1676280 468
1676290 467
1676300 467
1676310 467
1676320 466
1676330 466
1676340 466
1676350 466
1676360 465
1676370 465
1676380 465
1676390 464
1676400 464
1676410 466
1676420 469
1676430 469
1676440 471
1676450 471
1676460 471
1676470 470
1676480 467
1676490 467
1676500 466
1676510 470
1676520 470
1676530 472
1676540 473
1676550 473
1676560 475
1676570 475
1676580 475
1676590 475
1676600 475
1676610 475
1676620 474
1676630 474
1676640 474
1676650 473
1676660 473
1676670 473
1676680 473
1676690 472
1676700 472
1676710 472
1676720 470
1676730 470
1676740 470
1676750 470
1676760 470
1676770 469
1676780 470
1676790 470
1676800 470
1676810 470
1676820 473
1676830 471
1676840 467
1676850 472
1676860 472
1676870 474
1676880 473
1676890 473
1676900 471
1676910 468
1676920 468
1676930 464
1676940 466
1676950 466
1676960 469
1676970 472
1676980 472
1676990 475
1677000 479
1677010 479
1677020 482
1677030 486
1677040 486
1677050 488
1677060 489
1677070 489
1677080 489
1677090 486
1677100 486
1677110 482
1677120 478
1677130 478
1677140 479
1677150 483
1677160 483
1677170 484
1677180 487
1677190 487
1677200 489
1677210 493
1677220 493
1677230 496
1677240 499
1677250 499
1677260 502
1677270 505
1677280 505
1677290 507
1677300 511
1677310 511
1677320 512
1677330 514
1677340 514
1677350 515
1677360 516
1677370 516
1677380 517
1677390 518
1677400 518
1677410 519
1677420 520
1677430 520
1677440 521
1677450 522
1677460 522
1677470 523
1677480 524
1677490 528
1677500 529
1677510 531
1677520 531
1677530 532
1677540 532
1677550 532
1677560 533
1677570 534
1677580 534
1677590 535
1677600 535
1677610 535
1677620 536
1677630 536
1677640 536
1677650 537
1677660 538
1677670 538
1677680 539
1677690 539
1677700 539
1677710 541
1677720 542
1677730 542
1677740 543
1677750 543
1677760 543
1677770 544
1677780 545
1677790 545
1677800 546
1677810 547
1677820 547
1677830 549
1677840 552
1677850 552
1677860 554
1677870 556
1677880 556
1677890 558
1677900 562
1677910 562
1677920 566
1677930 569
1677940 569
1677950 572
1677960 575
1677970 579
1677980 579
1677990 581
1678000 584
1678010 584
1678020 587
1678030 589
1678040 589
1678050 591
1678060 592
1678070 592
1678080 595
1678090 597
1678100 597
1678110 599
1678120 601
1678130 601
1678140 602
1678150 602
1678160 608
1678170 610
1678180 612
1678190 612
1678200 615
1678210 618
1678220 618
1678230 620
1678240 623
1678250 623
1678260 625
1678270 626
1678280 626
1678290 629
1678300 632
1678310 632
1678320 637
1678330 641
1678340 641
1678350 644
1678360 647
1678370 647
1678380 651
1678390 655
1678400 655
1678410 659
1678420 662
1678430 662
1678440 664
1678450 667
1678460 667
1678470 670
1678480 673
1678490 673
1678500 676
1678510 679
1678520 679
1678530 683
1678540 686
1678550 686
1678560 688
1678570 691
1678580 691
1678590 694
1678600 697
1678610 697
1678620 701
1678630 704
1678640 704
1678650 706
1678660 709
1678670 709
1678680 711
1678690 714
1678700 714
1678710 716
1678720 718
1678730 718
1678740 720
1678750 722
1678760 722
1678770 723
1678780 723
1678790 723
1678800 722
1678810 719
1678820 722
1678830 718
1678840 713
1678850 713
1678860 708
1678870 703
1678880 703
1678890 697
1678900 691
1678910 691
1678920 684
1678930 678
1678940 678
1678950 671
1678960 665
1678970 665
1678980 659
1678990 654
1679000 654
1679010 648
1679020 644
1679030 644
1679040 639
1679050 635
1679060 635
1679070 631
1679080 628
1679090 626
1679100 626
1679110 623
1679120 620
1679130 620
1679140 616
1679150 613
1679160 613
1679170 609
1679180 606
1679190 606
1679200 603
1679210 599
1679220 599
1679230 596
1679240 591
1679250 591
1679260 587
1679270 583
1679280 583
1679290 578
1679300 574
1679310 574
1679320 569
1679330 565
1679340 565
1679350 561
1679360 556
1679370 556
1679380 552
1679390 547
1679400 547
1679410 542
1679420 537
1679430 537
1679440 533
1679450 529
1679460 529
1679470 526
1679480 521
1679490 523
1679500 520
1679510 516
1679520 516
1679530 512
1679540 509
1679550 509
1679560 506
1679570 503
1679580 503
1679590 499
1679600 494
1679610 494
1679620 490
1679630 487
1679640 487
1679650 483
1679660 480
1679670 480
1679680 476
1679690 472
1679700 472
1679710 468
1679720 465
1679730 465
1679740 460
1679750 457
1679760 457
1679770 455
1679780 454
1679790 454
1679800 452
1679810 451
1679820 451
1679830 452
1679840 452
1679850 452
1679860 452
1679870 450
1679880 450
1679890 450
1679900 448
1679910 448
1679920 446
1679930 445
1679940 445
1679950 444
1679960 443
1679970 443
1679980 442
1679990 440
