1660000 644
1660010 644
1660020 646
1660030 648
1660040 648
1660050 650
1660060 652
1660070 652
1660080 655
1660090 657
1660100 657
1660110 659
1660120 661
1660130 661
1660140 663
1660150 665
1660160 665
1660170 667
1660180 669
1660190 669
1660200 671
1660210 673
1660220 673
1660230 675
1660240 676
1660250 676
1660260 677
1660270 678
1660280 678
1660290 680
1660300 681
1660310 681
1660320 682
1660330 683
1660340 683
1660350 684
1660360 684
1660370 684
1660380 684
1660390 684
1660400 684
1660410 684
1660420 684
1660430 684
1660440 683
1660450 683
1660460 682
1660470 682
1660480 681
1660490 680
1660500 680
1660510 679
1660520 678
1660530 678
1660540 677
1660550 676
1660560 676
1660570 675
1660580 673
1660590 673
1660600 672
1660610 670
1660620 670
1660630 668
1660640 666
1660650 666
1660660 664
1660670 663
1660680 663
1660690 661
1660700 660
1660710 660
1660720 661
1660730 661
1660740 661
1660750 660
1660760 659
1660770 659
1660780 660
1660790 660
1660800 660
1660810 660
1660820 660
1660830 660
1660840 661
1660850 660
1660860 660
1660870 660
1660880 659
1660890 659
1660900 658
1660910 657
1660920 657
1660930 656
1660940 654
1660950 654
1660960 655
1660970 652
1660980 652
1660990 650
1661000 647
1661010 647
1661020 644
1661030 641
1661040 641
1661050 637
1661060 634
1661070 634
1661080 631
1661090 628
1661100 628
1661110 625
1661120 622
1661130 622
1661140 621
1661150 618
1661160 618
1661170 616
1661180 615
1661190 615
1661200 613
1661210 612
1661220 612
1661230 610
1661240 609
1661250 609
1661260 608
1661270 607
1661280 607
1661290 607
1661300 606
1661310 606
1661320 606
1661330 605
1661340 605
1661350 604
1661360 604
1661370 604
1661380 603
1661390 604
1661400 604
1661410 604
1661420 605
1661430 605
1661440 605
1661450 605
1661460 605
1661470 606
1661480 606
1661490 606
1661500 607
1661510 607
1661520 607
1661530 607
1661540 607
1661550 607
1661560 606
1661570 606
1661580 606
1661590 606
1661600 606
1661610 606
1661620 606
1661630 605
1661640 604
1661650 604
1661660 604
1661670 603
1661680 603
1661690 605
1661700 605
1661710 605
1661720 604
1661730 603
1661740 603
1661750 602
1661760 601
1661770 601
1661780 601
1661790 600
1661800 600
1661810 599
1661820 598
1661830 598
1661840 596
1661850 595
1661860 595
1661870 593
1661880 590
1661890 590
1661900 588
1661910 586
1661920 586
1661930 583
1661940 580
1661950 580
1661960 575
1661970 570
1661980 570
1661990 563
1662000 559
1662010 559
1662020 555
1662030 551
1662040 551
1662050 548
1662060 543
1662070 543
1662080 539
1662090 535
1662100 535
1662110 529
1662120 531
1662130 531
1662140 533
1662150 534
1662160 534
1662170 534
1662180 534
1662190 534
1662200 533
1662210 533
1662220 533
1662230 532
1662240 531
1662250 531
1662260 530
1662270 530
1662280 530
1662290 529
1662300 529
1662310 529
1662320 528
1662330 526
1662340 526
1662350 525
1662360 524
1662370 524
1662380 523
1662390 521
1662400 521
1662410 520
1662420 522
1662430 522
1662440 520
1662450 518
1662460 518
1662470 517
1662480 515
1662490 515
1662500 514
1662510 513
1662520 513
1662530 512
1662540 510
1662550 510
1662560 509
1662570 507
1662580 507
1662590 506
1662600 505
1662610 505
1662620 504
1662630 503
1662640 503
1662650 502
1662660 501
1662670 501
1662680 500
1662690 499
1662700 498
1662710 498
1662720 497
1662730 496
1662740 496
1662750 495
1662760 494
1662770 494
1662780 493
1662790 492
1662800 492
1662810 491
1662820 490
1662830 490
1662840 489
1662850 488
1662860 488
1662870 486
1662880 484
1662890 484
1662900 482
1662910 479
1662920 479
1662930 476
1662940 473
1662950 473
1662960 470
1662970 467
1662980 467
1662990 464
1663000 460
1663010 460
1663020 455
1663030 452
1663040 452
1663050 450
1663060 450
1663070 450
1663080 450
1663090 450
1663100 450
1663110 453
1663120 459
1663130 459
1663140 463
1663150 464
1663160 464
1663170 465
1663180 466
1663190 466
1663200 466
1663210 467
1663220 467
1663230 467
1663240 467
1663250 467
1663260 468
1663270 468
1663280 468
1663290 469
1663300 469
1663310 469
1663320 470
1663330 471
1663340 471
1663350 472
1663360 473
1663370 473
1663380 474
1663390 475
1663400 475
1663410 476
1663420 477
1663430 477
1663440 478
1663450 479
1663460 479
1663470 480
1663480 481
1663490 481
1663500 482
1663510 483
1663520 483
1663530 484
1663540 485
1663550 485
1663560 487
1663570 488
1663580 488
1663590 490
1663600 491
1663610 491
1663620 491
1663630 492
1663640 492
1663650 493
1663660 493
1663670 493
1663680 494
1663690 495
1663700 495
1663710 495
1663720 496
1663730 496
1663740 496
1663750 496
1663760 496
1663770 496
1663780 494
1663790 490
1663800 490
1663810 485
1663820 478
1663830 478
1663840 473
1663850 476
1663860 476
1663870 482
1663880 486
1663890 486
1663900 490
1663910 494
1663920 494
1663930 498
1663940 502
1663950 502
1663960 505
1663970 508
1663980 508
1663990 512
1664000 515
1664010 515
1664020 519
1664030 522
1664040 522
1664050 525
1664060 528
1664070 528
1664080 531
1664090 534
1664100 534
1664110 535
1664120 537
1664130 537
1664140 538
1664150 538
1664160 538
1664170 538
1664180 538
1664190 538
1664200 538
1664210 537
1664220 537
1664230 534
1664240 531
1664250 531
1664260 525
1664270 519
1664280 519
1664290 514
1664300 508
1664310 508
1664320 502
1664330 498
1664340 498
1664350 495
1664360 493
1664370 493
1664380 490
1664390 486
1664400 486
1664410 482
1664420 478
1664430 478
1664440 475
1664450 473
1664460 473
1664470 472
1664480 470
1664490 470
1664500 469
1664510 469
1664520 469
1664530 471
1664540 475
1664550 475
1664560 480
1664570 485
1664580 484
1664590 489
1664600 493
1664610 493
1664620 497
1664630 502
1664640 502
1664650 506
1664660 511
1664670 511
1664680 516
1664690 521
1664700 521
1664710 525
1664720 529
1664730 529
1664740 532
1664750 536
1664760 536
1664770 540
1664780 543
1664790 543
1664800 546
1664810 550
1664820 550
1664830 553
1664840 556
1664850 556
1664860 559
1664870 562
1664880 562
1664890 565
1664900 568
1664910 570
1664920 570
1664930 573
1664940 575
1664950 575
1664960 577
1664970 579
1664980 579
1664990 581
1665000 582
1665010 582
1665020 584
1665030 585
1665040 585
1665050 587
1665060 588
1665070 588
1665080 591
1665090 593
1665100 593
1665110 595
1665120 596
1665130 596
1665140 598
1665150 600
1665160 600
1665170 602
1665180 604
1665190 604
1665200 607
1665210 609
1665220 609
1665230 612
1665240 614
1665250 614
1665260 616
1665270 619
1665280 619
1665290 622
1665300 626
1665310 626
1665320 629
1665330 631
1665340 631
1665350 633
1665360 635
1665370 635
1665380 637
1665390 639
1665400 639
1665410 640
1665420 641
1665430 641
1665440 643
1665450 643
1665460 643
1665470 642
1665480 641
1665490 641
1665500 638
1665510 633
1665520 633
1665530 627
1665540 621
1665550 621
1665560 615
1665570 609
1665580 609
1665590 602
1665600 596
1665610 596
1665620 591
1665630 587
1665640 587
1665650 583
1665660 578
1665670 578
1665680 574
1665690 570
1665700 570
1665710 566
1665720 563
1665730 563
1665740 560
1665750 557
1665760 557
1665770 553
1665780 549
1665790 549
1665800 544
1665810 540
1665820 540
1665830 536
1665840 532
1665850 532
1665860 528
1665870 524
1665880 524
1665890 525
1665900 527
1665910 527
1665920 529
1665930 530
1665940 530
1665950 532
1665960 534
1665970 534
1665980 536
1665990 538
1666000 538
1666010 542
1666020 544
1666030 546
1666040 546
1666050 547
1666060 548
1666070 548
1666080 549
1666090 550
1666100 550
1666110 550
1666120 551
1666130 551
1666140 551
1666150 550
1666160 550
1666170 550
1666180 549
1666190 549
1666200 549
1666210 548
1666220 548
1666230 547
1666240 547
1666250 547
1666260 547
1666270 546
1666280 546
1666290 546
1666300 546
1666310 546
1666320 545
1666330 545
1666340 545
1666350 545
1666360 545
1666370 545
1666380 545
1666390 545
1666400 545
1666410 545
1666420 545
1666430 545
1666440 545
1666450 544
1666460 544
1666470 544
1666480 544
1666490 544
1666500 544
1666510 544
1666520 544
1666530 545
1666540 545
1666550 545
1666560 545
1666570 545
1666580 545
1666590 544
1666600 544
1666610 544
1666620 543
1666630 543
1666640 543
1666650 542
1666660 541
1666670 541
1666680 540
1666690 540
1666700 540
1666710 540
1666720 545
1666730 545
1666740 545
1666750 546
1666760 546
1666770 547
1666780 548
1666790 548
1666800 549
1666810 550
1666820 550
1666830 551
1666840 552
1666850 552
1666860 553
1666870 553
1666880 553
1666890 553
1666900 553
1666910 553
1666920 554
1666930 553
1666940 553
1666950 552
1666960 551
1666970 551
1666980 550
1666990 549
1667000 549
1667010 549
1667020 547
1667030 547
1667040 546
1667050 545
1667060 545
1667070 543
1667080 541
1667090 541
1667100 539
1667110 537
1667120 537
1667130 534
1667140 532
1667150 530
1667160 530
1667170 528
1667180 525
1667190 525
1667200 523
1667210 520
1667220 520
1667230 518
1667240 517
1667250 517
1667260 515
1667270 513
1667280 513
1667290 511
1667300 509
1667310 509
1667320 507
1667330 505
1667340 505
1667350 502
1667360 499
1667370 499
1667380 496
1667390 493
1667400 493
1667410 490
1667420 488
1667430 490
1667440 486
1667450 482
1667460 482
1667470 478
1667480 473
1667490 473
1667500 468
1667510 464
1667520 464
1667530 459
1667540 454
1667550 454
1667560 447
1667570 442
1667580 442
1667590 443
1667600 443
1667610 443
1667620 442
1667630 442
1667640 442
1667650 441
1667660 440
1667670 440
1667680 440
1667690 439
1667700 439
1667710 438
1667720 437
1667730 437
1667740 436
1667750 435
1667760 435
1667770 434
1667780 434
1667790 434
1667800 432
1667810 431
1667820 431
1667830 430
1667840 429
1667850 429
1667860 428
1667870 427
1667880 427
1667890 426
1667900 425
1667910 425
1667920 424
1667930 423
1667940 423
1667950 421
1667960 419
1667970 419
1667980 418
1667990 417
1668000 417
1668010 415
1668020 412
1668030 412
1668040 410
1668050 408
1668060 408
1668070 406
1668080 404
1668090 404
1668100 401
1668110 398
1668120 398
1668130 395
1668140 394
1668150 394
1668160 389
1668170 386
1668180 386
1668190 383
1668200 382
1668210 382
1668220 381
1668230 381
1668240 380
1668250 380
1668260 379
1668270 377
1668280 377
1668290 375
1668300 372
1668310 372
1668320 368
1668330 362
1668340 362
1668350 358
1668360 354
1668370 354
1668380 349
1668390 348
1668400 348
1668410 347
1668420 347
1668430 347
1668440 347
1668450 346
1668460 346
1668470 346
1668480 346
1668490 346
1668500 345
1668510 345
1668520 345
1668530 344
1668540 344
1668550 344
1668560 345
1668570 345
1668580 345
1668590 345
1668600 345
1668610 345
1668620 344
1668630 344
1668640 344
1668650 344
1668660 344
1668670 344
1668680 344
1668690 344
1668700 344
1668710 344
1668720 344
1668730 344
1668740 343
1668750 344
1668760 344
1668770 344
1668780 343
1668790 343
1668800 342
1668810 343
1668820 343
1668830 343
1668840 343
1668850 343
1668860 343
1668870 342
1668880 342
1668890 339
1668900 340
1668910 340
1668920 344
1668930 349
1668940 349
1668950 356
1668960 364
1668970 364
1668980 370
1668990 372
1669000 372
1669010 376
1669020 380
1669030 380
1669040 384
1669050 389
1669060 389
1669070 393
1669080 398
1669090 398
1669100 403
1669110 408
1669120 408
1669130 412
1669140 417
1669150 417
1669160 422
1669170 427
1669180 427
1669190 432
1669200 436
1669210 436
1669220 440
1669230 443
1669240 443
1669250 445
1669260 442
1669270 442
1669280 438
1669290 434
1669300 434
1669310 430
1669320 428
1669330 428
1669340 424
1669350 422
1669360 419
1669370 419
1669380 414
1669390 413
1669400 413
1669410 419
1669420 425
1669430 425
1669440 430
1669450 435
1669460 435
1669470 440
1669480 444
1669490 444
1669500 449
1669510 454
1669520 454
1669530 459
1669540 465
1669550 465
1669560 469
1669570 472
1669580 472
1669590 476
1669600 480
1669610 480
1669620 484
1669630 488
1669640 488
1669650 492
1669660 496
1669670 496
1669680 500
1669690 504
1669700 504
1669710 508
1669720 512
1669730 512
1669740 515
1669750 519
1669760 519
1669770 521
1669780 524
1669790 524
1669800 526
1669810 528
1669820 528
1669830 529
1669840 530
1669850 530
1669860 531
1669870 532
1669880 532
1669890 532
1669900 533
1669910 533
1669920 534
1669930 534
1669940 534
1669950 534
1669960 535
1669970 535
1669980 536
1669990 537
1670000 537
1670010 538
1670020 540
1670030 540
1670040 541
1670050 542
1670060 542
1670070 544
1670080 546
1670090 546
1670100 548
1670110 551
1670120 551
1670130 554
1670140 556
1670150 556
1670160 558
1670170 559
1670180 559
1670190 560
1670200 561
1670210 561
1670220 561
1670230 560
1670240 555
1670250 553
1670260 549
1670270 549
1670280 543
1670290 537
1670300 537
1670310 532
1670320 526
1670330 526
1670340 520
1670350 515
1670360 515
1670370 511
1670380 506
1670390 506
1670400 503
1670410 500
1670420 500
1670430 497
1670440 495
1670450 495
1670460 491
1670470 488
1670480 487
1670490 487
1670500 483
1670510 479
1670520 479
1670530 476
1670540 477
1670550 477
1670560 482
1670570 485
1670580 485
1670590 488
1670600 491
1670610 491
1670620 494
1670630 498
1670640 498
1670650 502
1670660 506
1670670 506
1670680 509
1670690 513
1670700 513
1670710 516
1670720 519
1670730 519
1670740 522
1670750 526
1670760 526
1670770 529
1670780 532
1670790 532
1670800 535
1670810 538
1670820 538
1670830 539
1670840 539
1670850 539
1670860 537
1670870 533
1670880 533
1670890 528
1670900 521
1670910 521
1670920 515
1670930 508
1670940 508
1670950 501
1670960 494
1670970 494
1670980 487
1670990 481
1671000 481
1671010 475
1671020 469
1671030 469
1671040 463
1671050 457
1671060 457
1671070 453
1671080 449
1671090 449
1671100 446
1671110 442
1671120 442
1671130 435
1671140 437
1671150 437
1671160 442
1671170 446
1671180 446
1671190 450
1671200 453
1671210 453
1671220 457
1671230 462
1671240 462
1671250 466
1671260 471
1671270 471
1671280 476
1671290 481
1671300 481
1671310 485
1671320 489
1671330 489
1671340 493
1671350 497
1671360 497
1671370 501
1671380 505
1671390 505
1671400 509
1671410 512
1671420 512
1671430 516
1671440 519
1671450 519
1671460 523
1671470 526
1671480 526
1671490 528
1671500 531
1671510 531
1671520 534
1671530 537
1671540 537
1671550 540
1671560 543
1671570 543
1671580 546
1671590 549
1671600 550
1671610 550
1671620 547
1671630 547
1671640 547
1671650 545
1671660 543
1671670 543
1671680 539
1671690 536
1671700 536
1671710 533
1671720 529
1671730 529
1671740 526
1671750 522
1671760 522
1671770 519
1671780 516
1671790 516
1671800 513
1671810 511
1671820 511
1671830 510
1671840 509
1671850 509
1671860 509
1671870 511
1671880 511
1671890 513
1671900 515
1671910 515
1671920 518
1671930 520
1671940 520
1671950 522
1671960 524
1671970 524
1671980 526
1671990 529
1672000 529
1672010 531
1672020 533
1672030 533
1672040 536
1672050 538
1672060 538
1672070 540
1672080 541
1672090 541
1672100 541
1672110 540
1672120 540
1672130 539
1672140 536
1672150 536
1672160 534
1672170 531
1672180 531
1672190 528
1672200 526
1672210 526
1672220 523
1672230 520
1672240 520
1672250 517
1672260 515
1672270 515
1672280 512
1672290 508
1672300 508
1672310 503
1672320 500
1672330 500
1672340 497
1672350 492
1672360 492
1672370 487
1672380 482
1672390 482
1672400 479
1672410 477
1672420 477
1672430 480
1672440 482
1672450 482
1672460 484
1672470 486
1672480 486
1672490 487
1672500 490
1672510 490
1672520 491
1672530 492
1672540 492
1672550 493
1672560 494
1672570 494
1672580 494
1672590 495
1672600 495
1672610 496
1672620 497
1672630 497
1672640 497
1672650 496
1672660 496
1672670 494
1672680 493
1672690 491
1672700 491
1672710 488
1672720 485
1672730 485
1672740 482
1672750 479
1672760 479
1672770 475
1672780 470
1672790 470
1672800 465
1672810 460
1672820 460
1672830 455
1672840 450
1672850 450
1672860 445
1672870 439
1672880 439
1672890 434
1672900 428
1672910 428
1672920 423
1672930 417
1672940 417
1672950 412
1672960 407
1672970 407
1672980 402
1672990 397
1673000 397
1673010 391
1673020 386
1673030 386
1673040 385
1673050 389
1673060 389
1673070 391
1673080 392
1673090 392
1673100 393
1673110 393
1673120 393
1673130 394
1673140 394
1673150 394
1673160 394
1673170 394
1673180 394
1673190 393
1673200 392
1673210 392
1673220 390
1673230 388
1673240 388
1673250 387
1673260 384
1673270 384
1673280 382
1673290 380
1673300 380
1673310 378
1673320 375
1673330 375
1673340 373
1673350 370
1673360 370
1673370 369
1673380 367
1673390 367
1673400 363
1673410 359
1673420 359
1673430 355
1673440 353
1673450 353
1673460 351
1673470 350
1673480 350
1673490 350
1673500 350
1673510 350
1673520 350
1673530 349
1673540 349
1673550 348
1673560 349
1673570 349
1673580 349
1673590 350
1673600 350
1673610 351
1673620 352
1673630 352
1673640 353
1673650 354
1673660 354
1673670 356
1673680 362
1673690 362
1673700 364
1673710 366
1673720 366
1673730 368
1673740 370
1673750 370
1673760 373
1673770 376
1673780 376
1673790 377
1673800 379
1673810 381
1673820 381
1673830 384
1673840 388
1673850 388
1673860 391
1673870 395
1673880 395
1673890 399
1673900 403
1673910 403
1673920 407
1673930 411
1673940 411
1673950 414
1673960 418
1673970 418
1673980 421
1673990 424
1674000 424
1674010 428
1674020 431
1674030 431
1674040 434
1674050 436
1674060 436
1674070 437
1674080 438
1674090 438
1674100 439
1674110 440
1674120 440
1674130 441
1674140 442
1674150 442
1674160 442
1674170 442
1674180 442
1674190 442
1674200 442
1674210 442
1674220 441
1674230 441
1674240 441
1674250 440
1674260 438
1674270 438
1674280 437
1674290 435
1674300 435
1674310 433
1674320 431
1674330 431
1674340 429
1674350 428
1674360 428
1674370 431
1674380 431
1674390 431
1674400 431
1674410 431
1674420 431
1674430 431
1674440 431
1674450 431
1674460 430
1674470 430
1674480 430
1674490 429
1674500 429
1674510 429
1674520 428
1674530 427
1674540 427
1674550 426
1674560 425
1674570 425
1674580 424
1674590 423
1674600 423
1674610 422
1674620 421
1674630 421
1674640 420
1674650 418
1674660 418
1674670 416
1674680 414
1674690 414
1674700 413
1674710 411
1674720 411
1674730 409
1674740 407
1674750 407
1674760 405
1674770 403
1674780 403
1674790 402
1674800 400
1674810 400
1674820 399
1674830 398
1674840 398
1674850 396
1674860 392
1674870 392
1674880 389
1674890 386
1674900 386
1674910 386
1674920 386
1674930 386
1674940 386
1674950 387
1674960 388
1674970 388
1674980 389
1674990 391
1675000 391
1675010 396
1675020 400
1675030 400
1675040 403
1675050 404
1675060 404
1675070 407
1675080 411
1675090 411
1675100 414
1675110 418
1675120 418
1675130 421
1675140 426
1675150 426
1675160 431
1675170 435
1675180 435
1675190 439
1675200 441
1675210 441
1675220 443
1675230 446
1675240 446
1675250 447
1675260 448
1675270 448
1675280 448
1675290 446
1675300 446
1675310 446
1675320 443
1675330 443
1675340 443
1675350 447
1675360 447
1675370 453
1675380 457
1675390 457
1675400 461
1675410 463
1675420 463
1675430 466
1675440 471
1675450 471
1675460 475
1675470 478
1675480 478
1675490 480
1675500 480
1675510 480
1675520 482
1675530 482
1675540 482
1675550 483
1675560 484
1675570 484
1675580 484
1675590 484
1675600 484
1675610 485
1675620 486
1675630 486
1675640 488
1675650 489
1675660 489
1675670 490
1675680 491
1675690 491
1675700 493
1675710 494
1675720 489
1675730 491
1675740 491
1675750 491
1675760 492
1675770 493
1675780 493
1675790 494
1675800 495
1675810 495
1675820 495
1675830 495
1675840 495
1675850 494
1675860 494
1675870 494
1675880 493
1675890 493
1675900 493
1675910 493
1675920 492
1675930 492
1675940 491
1675950 489
1675960 489
1675970 490
1675980 490
1675990 490
1676000 489
1676010 488
1676020 488
1676030 485
1676040 484
1676050 487
1676060 487
1676070 488
1676080 487
1676090 487
1676100 487
1676110 486
1676120 486
1676130 485
1676140 485
1676150 485
1676160 484
1676170 484
1676180 484
1676190 483
1676200 481
1676210 481
1676220 478
1676230 475
1676240 475
1676250 473
1676260 472
1676270 472
1676280 471
1676290 467
1676300 467
1676310 471
1676320 478
1676330 478
1676340 484
1676350 490
1676360 490
1676370 495
1676380 499
1676390 499
1676400 501
1676410 503
1676420 503
1676430 505
1676440 506
1676450 506
1676460 507
1676470 507
1676480 507
1676490 507
1676500 506
1676510 506
1676520 503
1676530 499
1676540 499
1676550 496
1676560 493
1676570 493
1676580 490
1676590 488
1676600 488
1676610 483
1676620 486
1676630 486
1676640 491
1676650 497
1676660 497
1676670 501
1676680 506
1676690 506
1676700 510
1676710 514
1676720 514
1676730 516
1676740 520
1676750 520
1676760 523
1676770 528
1676780 528
1676790 532
1676800 535
1676810 535
1676820 541
1676830 545
1676840 545
1676850 548
1676860 551
1676870 551
1676880 553
1676890 555
1676900 555
1676910 557
1676920 559
1676930 559
1676940 560
1676950 561
1676960 561
1676970 562
1676980 563
1676990 563
1677000 565
1677010 566
1677020 566
1677030 567
1677040 568
1677050 568
1677060 568
1677070 566
1677080 566
1677090 567
1677100 568
1677110 568
1677120 569
1677130 570
1677140 570
1677150 571
1677160 571
1677170 571
1677180 571
1677190 572
1677200 572
1677210 572
1677220 572
1677230 572
1677240 572
1677250 571
1677260 570
1677270 570
1677280 564
1677290 559
1677300 559
1677310 554
1677320 550
1677330 550
1677340 547
1677350 545
1677360 545
1677370 543
1677380 536
1677390 536
1677400 535
1677410 543
1677420 543
1677430 548
1677440 551
1677450 551
1677460 555
1677470 558
1677480 558
1677490 560
1677500 563
1677510 563
1677520 566
1677530 568
1677540 568
1677550 569
1677560 572
1677570 572
1677580 575
1677590 577
1677600 577
1677610 580
1677620 583
1677630 583
1677640 585
1677650 587
1677660 587
1677670 589
1677680 591
1677690 591
1677700 594
1677710 596
1677720 596
1677730 600
1677740 603
1677750 603
1677760 606
1677770 608
1677780 608
1677790 611
1677800 613
1677810 613
1677820 614
1677830 616
1677840 616
1677850 618
1677860 620
1677870 620
1677880 623
1677890 626
1677900 626
1677910 629
1677920 631
1677930 631
1677940 634
1677950 636
1677960 636
1677970 638
1677980 641
1677990 641
1678000 644
1678010 647
1678020 647
1678030 649
1678040 651
1678050 651
1678060 653
1678070 655
1678080 655
1678090 657
1678100 659
1678110 659
1678120 662
1678130 665
1678140 665
1678150 667
1678160 669
1678170 669
1678180 672
1678190 675
1678200 675
1678210 677
1678220 679
1678230 679
1678240 682
1678250 684
1678260 684
1678270 686
1678280 689
1678290 691
1678300 691
1678310 693
1678320 696
1678330 696
1678340 698
1678350 700
1678360 700
1678370 703
1678380 706
1678390 706
1678400 706
1678410 708
1678420 708
1678430 711
1678440 713
1678450 713
1678460 714
1678470 715
1678480 715
1678490 717
1678500 718
1678510 718
1678520 719
1678530 720
1678540 720
1678550 721
1678560 721
1678570 721
1678580 721
1678590 720
1678600 720
1678610 718
1678620 717
1678630 717
1678640 715
1678650 713
1678660 713
1678670 712
1678680 710
1678690 710
1678700 707
1678710 705
1678720 705
1678730 703
1678740 700
1678750 700
1678760 697
1678770 695
1678780 695
1678790 691
1678800 689
1678810 689
1678820 686
1678830 684
1678840 684
1678850 681
1678860 678
1678870 678
1678880 676
1678890 674
1678900 674
1678910 672
1678920 671
1678930 671
1678940 669
1678950 668
1678960 668
1678970 667
1678980 666
1678990 666
1679000 665
1679010 664
1679020 664
1679030 663
1679040 661
1679050 661
1679060 658
1679070 654
1679080 654
1679090 651
1679100 649
1679110 649
1679120 647
1679130 645
1679140 645
1679150 644
1679160 642
1679170 642
1679180 640
1679190 638
1679200 638
1679210 636
1679220 635
1679230 635
1679240 633
1679250 631
1679260 631
1679270 629
1679280 627
1679290 627
1679300 626
1679310 623
1679320 623
1679330 621
1679340 619
1679350 619
1679360 616
1679370 614
1679380 614
1679390 611
1679400 608
1679410 605
1679420 605
1679430 602
1679440 599
1679450 599
1679460 596
1679470 593
1679480 593
1679490 590
1679500 587
1679510 587
1679520 584
1679530 581
1679540 581
1679550 577
1679560 573
1679570 573
1679580 570
1679590 568
1679600 568
1679610 566
1679620 564
1679630 564
1679640 562
1679650 561
1679660 561
1679670 559
1679680 558
1679690 558
1679700 558
1679710 557
1679720 557
1679730 553
1679740 552
1679750 552
1679760 552
1679770 551
1679780 551
1679790 551
1679800 550
1679810 550
1679820 549
1679830 547
1679840 547
1679850 545
1679860 544
1679870 544
1679880 543
1679890 541
1679900 541
1679910 539
1679920 537
1679930 537
1679940 534
1679950 532
1679960 532
1679970 530
1679980 528
1679990 528
