1660000 390
1660010 390
1660020 390
1660030 390
1660040 390
1660050 390
1660060 393
1660070 393
1660080 393
1660090 393
1660100 393
1660110 392
1660120 392
1660130 392
1660140 390
1660150 390
1660160 388
1660170 384
1660180 384
1660190 382
1660200 383
1660210 383
1660220 384
1660230 388
1660240 388
1660250 389
1660260 389
1660270 389
1660280 390
1660290 391
1660300 391
1660310 391
1660320 392
1660330 392
1660340 392
1660350 392
1660360 392
1660370 392
1660380 392
1660390 392
1660400 393
1660410 393
1660420 393
1660430 394
1660440 394
1660450 394
1660460 394
1660470 393
1660480 393
1660490 393
1660500 394
1660510 394
1660520 395
1660530 395
1660540 395
1660550 396
1660560 397
1660570 397
1660580 399
1660590 400
1660600 400
1660610 400
1660620 401
1660630 402
1660640 402
1660650 404
1660660 405
1660670 405
1660680 406
1660690 407
1660700 407
1660710 408
1660720 409
1660730 409
1660740 410
1660750 411
1660760 411
1660770 411
1660780 412
1660790 412
1660800 414
1660810 415
1660820 415
1660830 416
1660840 418
1660850 418
1660860 419
1660870 420
1660880 420
1660890 421
1660900 422
1660910 422
1660920 423
1660930 424
1660940 424
1660950 426
1660960 427
1660970 427
1660980 428
1660990 429
1661000 429
1661010 431
1661020 433
1661030 433
1661040 434
1661050 436
1661060 436
1661070 438
1661080 439
1661090 439
1661100 441
1661110 442
1661120 442
1661130 444
1661140 446
1661150 446
1661160 447
1661170 449
1661180 449
1661190 450
1661200 451
1661210 451
1661220 452
1661230 454
1661240 454
1661250 455
1661260 457
1661270 457
1661280 458
1661290 459
1661300 459
1661310 460
1661320 461
1661330 461
1661340 463
1661350 464
1661360 464
1661370 465
1661380 466
1661390 466
1661400 467
1661410 468
1661420 468
1661430 469
1661440 470
1661450 470
1661460 471
1661470 472
1661480 472
1661490 473
1661500 473
1661510 473
1661520 474
1661530 474
1661540 474
1661550 475
1661560 476
1661570 476
1661580 476
1661590 477
1661600 477
1661610 477
1661620 478
1661630 478
1661640 478
1661650 479
1661660 479
1661670 479
1661680 479
1661690 479
1661700 480
1661710 480
1661720 480
1661730 481
1661740 481
1661750 481
1661760 482
1661770 482
1661780 482
1661790 482
1661800 483
1661810 483
1661820 483
1661830 483
1661840 484
1661850 484
1661860 484
1661870 484
1661880 484
1661890 484
1661900 483
1661910 483
1661920 483
1661930 483
1661940 483
1661950 482
1661960 481
1661970 481
1661980 480
1661990 476
1662000 476
1662010 470
1662020 467
1662030 467
1662040 465
1662050 463
1662060 463
1662070 462
1662080 461
1662090 461
1662100 461
1662110 459
1662120 459
1662130 457
1662140 455
1662150 455
1662160 453
1662170 451
1662180 451
1662190 450
1662200 450
1662210 450
1662220 452
1662230 450
1662240 450
1662250 456
1662260 459
1662270 459
1662280 461
1662290 461
1662300 461
1662310 462
1662320 462
1662330 462
1662340 462
1662350 462
1662360 462
1662370 461
1662380 460
1662390 460
1662400 459
1662410 459
1662420 459
1662430 457
1662440 456
1662450 456
1662460 455
1662470 453
1662480 453
1662490 451
1662500 454
1662510 454
1662520 454
1662530 453
1662540 453
1662550 451
1662560 453
1662570 453
1662580 452
1662590 455
1662600 455
1662610 457
1662620 457
1662630 457
1662640 458
1662650 457
1662660 457
1662670 453
1662680 454
1662690 454
1662700 456
1662710 455
1662720 455
1662730 458
1662740 461
1662750 461
1662760 464
1662770 466
1662780 466
1662790 468
1662800 469
1662810 469
1662820 471
1662830 472
1662840 472
1662850 473
1662860 474
1662870 474
1662880 476
1662890 478
1662900 478
1662910 478
1662920 479
1662930 479
1662940 479
1662950 480
1662960 480
1662970 480
1662980 479
1662990 479
1663000 478
1663010 477
1663020 477
1663030 477
1663040 478
1663050 478
1663060 478
1663070 478
1663080 478
1663090 478
1663100 479
1663110 480
1663120 480
1663130 480
1663140 480
1663150 480
1663160 480
1663170 481
1663180 481
1663190 483
1663200 485
1663210 485
1663220 488
1663230 490
1663240 490
1663250 491
1663260 492
1663270 492
1663280 494
1663290 495
1663300 495
1663310 496
1663320 498
1663330 498
1663340 499
1663350 500
1663360 500
1663370 501
1663380 501
1663390 501
1663400 501
1663410 502
1663420 502
1663430 502
1663440 501
1663450 501
1663460 501
1663470 500
1663480 500
1663490 499
1663500 498
1663510 498
1663520 498
1663530 496
1663540 496
1663550 496
1663560 497
1663570 497
1663580 496
1663590 497
1663600 497
1663610 496
1663620 495
1663630 495
1663640 494
1663650 493
1663660 493
1663670 494
1663680 493
1663690 493
1663700 491
1663710 491
1663720 491
1663730 490
1663740 489
1663750 489
1663760 489
1663770 488
1663780 488
1663790 489
1663800 488
1663810 488
1663820 487
1663830 487
1663840 487
1663850 487
1663860 488
1663870 488
1663880 487
1663890 486
1663900 486
1663910 486
1663920 485
1663930 485
1663940 485
1663950 484
1663960 484
1663970 484
1663980 484
1663990 484
1664000 483
1664010 482
1664020 482
1664030 481
1664040 480
1664050 480
1664060 479
1664070 477
1664080 477
1664090 475
1664100 473
1664110 473
1664120 471
1664130 468
1664140 468
1664150 465
1664160 462
1664170 462
1664180 458
1664190 455
1664200 451
1664210 451
1664220 449
1664230 449
1664240 449
1664250 450
1664260 450
1664270 450
1664280 448
1664290 445
1664300 445
1664310 442
1664320 437
1664330 437
1664340 437
1664350 445
1664360 445
1664370 449
1664380 452
1664390 452
1664400 455
1664410 457
1664420 457
1664430 461
1664440 465
1664450 465
1664460 468
1664470 471
1664480 471
1664490 474
1664500 477
1664510 477
1664520 479
1664530 482
1664540 482
1664550 484
1664560 486
1664570 486
1664580 488
1664590 490
1664600 490
1664610 492
1664620 495
1664630 495
1664640 497
1664650 499
1664660 499
1664670 500
1664680 502
1664690 502
1664700 503
1664710 504
1664720 504
1664730 504
1664740 504
1664750 504
1664760 504
1664770 504
1664780 504
1664790 504
1664800 503
1664810 503
1664820 502
1664830 501
1664840 501
1664850 500
1664860 499
1664870 499
1664880 498
1664890 497
1664900 497
1664910 496
1664920 495
1664930 495
1664940 494
1664950 493
1664960 493
1664970 491
1664980 489
1664990 489
1665000 486
1665010 486
1665020 486
1665030 486
1665040 486
1665050 486
1665060 485
1665070 484
1665080 484
1665090 481
1665100 479
1665110 479
1665120 479
1665130 479
1665140 476
1665150 475
1665160 475
1665170 475
1665180 476
1665190 476
1665200 476
1665210 475
1665220 476
1665230 476
1665240 481
1665250 485
1665260 485
1665270 486
1665280 488
1665290 488
1665300 490
1665310 492
1665320 492
1665330 494
1665340 496
1665350 496
1665360 498
1665370 500
1665380 503
1665390 503
1665400 505
1665410 507
1665420 507
1665430 509
1665440 511
1665450 511
1665460 513
1665470 515
1665480 515
1665490 517
1665500 518
1665510 518
1665520 520
1665530 521
1665540 521
1665550 522
1665560 523
1665570 523
1665580 524
1665590 526
1665600 526
1665610 526
1665620 528
1665630 528
1665640 529
1665650 530
1665660 530
1665670 530
1665680 531
1665690 531
1665700 534
1665710 537
1665720 537
1665730 539
1665740 542
1665750 542
1665760 544
1665770 546
1665780 546
1665790 549
1665800 551
1665810 551
1665820 553
1665830 555
1665840 555
1665850 557
1665860 558
1665870 558
1665880 561
1665890 563
1665900 563
1665910 565
1665920 566
1665930 566
1665940 567
1665950 568
1665960 568
1665970 568
1665980 569
1665990 569
1666000 570
1666010 571
1666020 571
1666030 572
1666040 574
1666050 574
1666060 574
1666070 575
1666080 575
1666090 576
1666100 576
1666110 576
1666120 577
1666130 577
1666140 577
1666150 578
1666160 579
1666170 579
1666180 579
1666190 580
1666200 580
1666210 580
1666220 580
1666230 580
1666240 580
1666250 580
1666260 580
1666270 580
1666280 580
1666290 580
1666300 580
1666310 580
1666320 580
1666330 580
1666340 580
1666350 580
1666360 580
1666370 581
1666380 581
1666390 581
1666400 581
1666410 581
1666420 581
1666430 581
1666440 581
1666450 581
1666460 582
1666470 582
1666480 582
1666490 582
1666500 582
1666510 582
1666520 582
1666530 582
1666540 582
1666550 582
1666560 581
1666570 578
1666580 577
1666590 577
1666600 577
1666610 577
1666620 576
1666630 576
1666640 576
1666650 576
1666660 576
1666670 575
1666680 575
1666690 575
1666700 575
1666710 575
1666720 575
1666730 574
1666740 573
1666750 573
1666760 573
1666770 570
1666780 570
1666790 566
1666800 566
1666810 566
1666820 566
1666830 569
1666840 569
1666850 569
1666860 569
1666870 569
1666880 568
1666890 568
1666900 568
1666910 569
1666920 568
1666930 568
1666940 570
1666950 571
1666960 571
1666970 572
1666980 572
1666990 572
1667000 574
1667010 576
1667020 576
1667030 578
1667040 580
1667050 580
1667060 582
1667070 584
1667080 584
1667090 586
1667100 588
1667110 588
1667120 590
1667130 592
1667140 592
1667150 594
1667160 595
1667170 595
1667180 597
1667190 599
1667200 599
1667210 601
1667220 603
1667230 603
1667240 605
1667250 607
1667260 607
1667270 610
1667280 610
1667290 610
1667300 612
1667310 614
1667320 614
1667330 615
1667340 616
1667350 616
1667360 617
1667370 617
1667380 617
1667390 618
1667400 618
1667410 618
1667420 619
1667430 619
1667440 619
1667450 619
1667460 619
1667470 619
1667480 620
1667490 620
1667500 620
1667510 620
1667520 620
1667530 620
1667540 621
1667550 621
1667560 621
1667570 621
1667580 621
1667590 621
1667600 621
1667610 621
1667620 621
1667630 621
1667640 621
1667650 621
1667660 621
1667670 621
1667680 621
1667690 621
1667700 621
1667710 621
1667720 621
1667730 621
1667740 620
1667750 620
1667760 620
1667770 620
1667780 620
1667790 619
1667800 619
1667810 619
1667820 618
1667830 618
1667840 618
1667850 618
1667860 618
1667870 618
1667880 617
1667890 617
1667900 617
1667910 617
1667920 617
1667930 617
1667940 616
1667950 616
1667960 616
1667970 615
1667980 616
1667990 616
1668000 614
1668010 613
1668020 613
1668030 612
1668040 611
1668050 611
1668060 610
1668070 609
1668080 609
1668090 607
1668100 606
1668110 606
1668120 604
1668130 603
1668140 603
1668150 601
1668160 600
1668170 600
1668180 598
1668190 597
1668200 597
1668210 595
1668220 593
1668230 593
1668240 591
1668250 589
1668260 589
1668270 588
1668280 585
1668290 585
1668300 582
1668310 579
1668320 579
1668330 576
1668340 574
1668350 574
1668360 572
1668370 570
1668380 570
1668390 567
1668400 566
1668410 566
1668420 566
1668430 565
1668440 565
1668450 564
1668460 563
1668470 563
1668480 562
1668490 561
1668500 561
1668510 560
1668520 559
1668530 559
1668540 559
1668550 559
1668560 559
1668570 559
1668580 559
1668590 559
1668600 559
1668610 559
1668620 559
1668630 559
1668640 559
1668650 559
1668660 559
1668670 559
1668680 559
1668690 562
1668700 562
1668710 562
1668720 562
1668730 562
1668740 562
1668750 562
1668760 562
1668770 562
1668780 562
1668790 562
1668800 562
1668810 562
1668820 562
1668830 562
1668840 562
1668850 561
1668860 561
1668870 560
1668880 559
1668890 559
1668900 558
1668910 557
1668920 557
1668930 556
1668940 555
1668950 554
1668960 554
1668970 553
1668980 551
1668990 551
1669000 550
1669010 548
1669020 548
1669030 546
1669040 543
1669050 543
1669060 544
1669070 542
1669080 542
1669090 542
1669100 541
1669110 541
1669120 541
1669130 540
1669140 540
1669150 539
1669160 538
1669170 538
1669180 538
1669190 539
1669200 539
1669210 539
1669220 538
1669230 538
1669240 538
1669250 538
1669260 538
1669270 538
1669280 538
1669290 538
1669300 537
1669310 537
1669320 537
1669330 535
1669340 533
1669350 533
1669360 533
1669370 532
1669380 532
1669390 535
1669400 535
1669410 535
1669420 535
1669430 536
1669440 536
1669450 537
1669460 538
1669470 538
1669480 539
1669490 540
1669500 540
1669510 540
1669520 540
1669530 540
1669540 540
1669550 539
1669560 539
1669570 539
1669580 540
1669590 540
1669600 541
1669610 542
1669620 542
1669630 543
1669640 544
1669650 544
1669660 545
1669670 546
1669680 546
1669690 547
1669700 548
1669710 548
1669720 549
1669730 550
1669740 550
1669750 550
1669760 550
1669770 550
1669780 550
1669790 549
1669800 549
1669810 549
1669820 548
1669830 548
1669840 548
1669850 547
1669860 547
1669870 546
1669880 546
1669890 546
1669900 545
1669910 544
1669920 544
1669930 544
1669940 543
1669950 543
1669960 543
1669970 543
1669980 543
1669990 543
1670000 543
1670010 543
1670020 544
1670030 544
1670040 544
1670050 544
1670060 544
1670070 544
1670080 546
1670090 546
1670100 546
1670110 546
1670120 545
1670130 544
1670140 544
1670150 544
1670160 543
1670170 543
1670180 543
1670190 542
1670200 542
1670210 541
1670220 540
1670230 540
1670240 538
1670250 537
1670260 537
1670270 536
1670280 535
1670290 535
1670300 534
1670310 533
1670320 533
1670330 532
1670340 532
1670350 532
1670360 531
1670370 530
1670380 530
1670390 530
1670400 529
1670410 529
1670420 528
1670430 526
1670440 526
1670450 524
1670460 523
1670470 523
1670480 523
1670490 522
1670500 522
1670510 521
1670520 520
1670530 520
1670540 520
1670550 519
1670560 519
1670570 519
1670580 519
1670590 519
1670600 519
1670610 519
1670620 519
1670630 520
1670640 520
1670650 520
1670660 520
1670670 520
1670680 520
1670690 520
1670700 520
1670710 520
1670720 519
1670730 519
1670740 519
1670750 518
1670760 518
1670770 518
1670780 518
1670790 517
1670800 517
1670810 515
1670820 513
1670830 513
1670840 511
1670850 510
1670860 510
1670870 508
1670880 506
1670890 506
1670900 504
1670910 501
1670920 501
1670930 499
1670940 497
1670950 497
1670960 494
1670970 492
1670980 492
1670990 489
1671000 486
1671010 486
1671020 483
1671030 480
1671040 480
1671050 477
1671060 474
1671070 474
1671080 471
1671090 467
1671100 467
1671110 463
1671120 458
1671130 458
1671140 453
1671150 448
1671160 448
1671170 444
1671180 441
1671190 441
1671200 438
1671210 435
1671220 435
1671230 433
1671240 430
1671250 430
1671260 427
1671270 425
1671280 425
1671290 422
1671300 420
1671310 417
1671320 417
1671330 415
1671340 413
1671350 413
1671360 410
1671370 409
1671380 409
1671390 407
1671400 405
1671410 405
1671420 403
1671430 402
1671440 402
1671450 399
1671460 397
1671470 395
1671480 393
1671490 392
1671500 392
1671510 390
1671520 388
1671530 388
1671540 386
1671550 385
1671560 385
1671570 383
1671580 381
1671590 381
1671600 380
1671610 378
1671620 378
1671630 376
1671640 374
1671650 374
1671660 373
1671670 372
1671680 372
1671690 370
1671700 369
1671710 369
1671720 367
1671730 366
1671740 366
1671750 365
1671760 363
1671770 363
1671780 362
1671790 361
1671800 361
1671810 360
1671820 358
1671830 358
1671840 357
1671850 355
1671860 355
1671870 353
1671880 348
1671890 348
1671900 343
1671910 336
1671920 336
1671930 327
1671940 323
1671950 323
1671960 320
1671970 320
1671980 320
1671990 321
1672000 321
1672010 321
1672020 321
1672030 321
1672040 321
1672050 321
1672060 321
1672070 321
1672080 321
1672090 321
1672100 321
1672110 321
1672120 322
1672130 322
1672140 322
1672150 322
1672160 322
1672170 322
1672180 323
1672190 323
1672200 324
1672210 325
1672220 325
1672230 325
1672240 325
1672250 325
1672260 325
1672270 325
1672280 325
1672290 325
1672300 325
1672310 325
1672320 325
1672330 325
1672340 325
1672350 325
1672360 325
1672370 325
1672380 325
1672390 325
1672400 325
1672410 325
1672420 325
1672430 325
1672440 325
1672450 325
1672460 325
1672470 326
1672480 326
1672490 326
1672500 326
1672510 326
1672520 327
1672530 327
1672540 327
1672550 326
1672560 326
1672570 326
1672580 326
1672590 326
1672600 326
1672610 326
1672620 326
1672630 326
1672640 327
1672650 327
1672660 327
1672670 327
1672680 327
1672690 327
1672700 327
1672710 327
1672720 327
1672730 327
1672740 327
1672750 327
1672760 328
1672770 328
1672780 329
1672790 330
1672800 330
1672810 331
1672820 332
1672830 332
1672840 333
1672850 333
1672860 333
1672870 335
1672880 337
1672890 337
1672900 339
1672910 341
1672920 341
1672930 343
1672940 345
1672950 345
1672960 347
1672970 349
1672980 349
1672990 352
1673000 355
1673010 355
1673020 357
1673030 360
1673040 360
1673050 363
1673060 366
1673070 366
1673080 369
1673090 372
1673100 372
1673110 374
1673120 377
1673130 377
1673140 380
1673150 383
1673160 383
1673170 386
1673180 389
1673190 389
1673200 392
1673210 395
1673220 395
1673230 397
1673240 399
1673250 399
1673260 402
1673270 404
1673280 404
1673290 406
1673300 407
1673310 407
1673320 410
1673330 412
1673340 412
1673350 414
1673360 415
1673370 415
1673380 417
1673390 418
1673400 418
1673410 419
1673420 420
1673430 420
1673440 421
1673450 422
1673460 422
1673470 423
1673480 424
1673490 424
1673500 425
1673510 426
1673520 426
1673530 428
1673540 431
1673550 431
1673560 433
1673570 433
1673580 433
1673590 434
1673600 435
1673610 435
1673620 436
1673630 437
1673640 437
1673650 439
1673660 440
1673670 440
1673680 441
1673690 443
1673700 444
1673710 444
1673720 445
1673730 446
1673740 446
1673750 447
1673760 448
1673770 448
1673780 450
1673790 451
1673800 451
1673810 452
1673820 453
1673830 453
1673840 455
1673850 456
1673860 456
1673870 458
1673880 460
1673890 460
1673900 461
1673910 463
1673920 463
1673930 465
1673940 466
1673950 466
1673960 469
1673970 470
1673980 470
1673990 472
1674000 474
1674010 474
1674020 476
1674030 478
1674040 478
1674050 481
1674060 483
1674070 483
1674080 485
1674090 487
1674100 487
1674110 490
1674120 492
1674130 492
1674140 494
1674150 496
1674160 496
1674170 498
1674180 501
1674190 501
1674200 502
1674210 504
1674220 504
1674230 506
1674240 508
1674250 508
1674260 510
1674270 510
1674280 510
1674290 511
1674300 513
1674310 513
1674320 515
1674330 516
1674340 516
1674350 517
1674360 518
1674370 518
1674380 519
1674390 520
1674400 520
1674410 521
1674420 522
1674430 522
1674440 523
1674450 524
1674460 524
1674470 525
1674480 526
1674490 526
1674500 526
1674510 527
1674520 527
1674530 528
1674540 528
1674550 528
1674560 528
1674570 529
1674580 529
1674590 529
1674600 529
1674610 529
1674620 530
1674630 530
1674640 530
1674650 530
1674660 530
1674670 530
1674680 530
1674690 530
1674700 530
1674710 530
1674720 530
1674730 530
1674740 530
1674750 530
1674760 530
1674770 530
1674780 529
1674790 529
1674800 529
1674810 529
1674820 529
1674830 528
1674840 528
1674850 528
1674860 528
1674870 527
1674880 527
1674890 527
1674900 524
1674910 523
1674920 523
1674930 523
1674940 522
1674950 522
1674960 521
1674970 520
1674980 520
1674990 519
1675000 517
1675010 517
1675020 515
1675030 511
1675040 511
1675050 505
1675060 499
1675070 499
1675080 495
1675090 491
1675100 491
1675110 487
1675120 484
1675130 484
1675140 480
1675150 477
1675160 477
1675170 474
1675180 471
1675190 471
1675200 467
1675210 465
1675220 465
1675230 462
1675240 459
1675250 459
1675260 456
1675270 453
1675280 453
1675290 450
1675300 446
1675310 446
1675320 443
1675330 440
1675340 440
1675350 436
1675360 432
1675370 432
1675380 424
1675390 420
1675400 420
1675410 427
1675420 431
1675430 431
1675440 432
1675450 433
1675460 433
1675470 435
1675480 435
1675490 435
1675500 436
1675510 436
1675520 436
1675530 436
1675540 439
1675550 439
1675560 441
1675570 443
1675580 440
1675590 443
1675600 444
1675610 444
1675620 445
1675630 447
1675640 447
1675650 449
1675660 450
1675670 450
1675680 452
1675690 454
1675700 454
1675710 456
1675720 458
1675730 458
1675740 460
1675750 461
1675760 461
1675770 463
1675780 464
1675790 464
1675800 465
1675810 465
1675820 465
1675830 465
1675840 465
1675850 465
1675860 466
1675870 465
1675880 465
1675890 464
1675900 463
1675910 463
1675920 462
1675930 459
1675940 459
1675950 456
1675960 453
1675970 453
1675980 450
1675990 447
1676000 447
1676010 445
1676020 442
1676030 442
1676040 435
1676050 435
1676060 435
1676070 443
1676080 445
1676090 449
1676100 449
1676110 452
1676120 454
1676130 454
1676140 455
1676150 455
1676160 455
1676170 454
1676180 453
1676190 453
1676200 452
1676210 451
1676220 451
1676230 450
1676240 449
1676250 446
1676260 445
1676270 444
1676280 444
1676290 443
1676300 442
1676310 442
1676320 441
1676330 441
1676340 441
1676350 441
1676360 442
1676370 442
1676380 442
1676390 443
1676400 443
1676410 444
1676420 445
1676430 445
1676440 446
1676450 447
1676460 447
1676470 448
1676480 449
1676490 449
1676500 450
1676510 450
1676520 450
1676530 450
1676540 449
1676550 449
1676560 448
1676570 448
1676580 448
1676590 447
1676600 447
1676610 447
1676620 446
1676630 447
1676640 447
1676650 448
1676660 449
1676670 449
1676680 450
1676690 450
1676700 450
1676710 451
1676720 452
1676730 452
1676740 454
1676750 456
1676760 456
1676770 458
1676780 461
1676790 461
1676800 465
1676810 469
1676820 469
1676830 471
1676840 473
1676850 473
1676860 477
1676870 479
1676880 479
1676890 482
1676900 486
1676910 486
1676920 489
1676930 491
1676940 491
1676950 493
1676960 495
1676970 495
1676980 497
1676990 498
1677000 498
1677010 500
1677020 501
1677030 501
1677040 503
1677050 505
1677060 505
1677070 507
1677080 509
1677090 509
1677100 511
1677110 512
1677120 512
1677130 514
1677140 516
1677150 516
1677160 518
1677170 520
1677180 520
1677190 522
1677200 524
1677210 524
1677220 526
1677230 526
1677240 526
1677250 528
1677260 529
1677270 529
1677280 531
1677290 532
1677300 533
1677310 533
1677320 533
1677330 534
1677340 534
1677350 534
1677360 534
1677370 534
1677380 533
1677390 533
1677400 533
1677410 533
1677420 533
1677430 533
1677440 533
1677450 533
1677460 533
1677470 531
1677480 531
1677490 531
1677500 532
1677510 532
1677520 532
1677530 532
1677540 533
1677550 533
1677560 533
1677570 533
1677580 533
1677590 531
1677600 531
1677610 531
1677620 531
1677630 531
1677640 531
1677650 531
1677660 531
1677670 531
1677680 530
1677690 529
1677700 529
1677710 528
1677720 528
1677730 528
1677740 528
1677750 527
1677760 527
1677770 527
1677780 526
1677790 526
1677800 525
1677810 524
1677820 524
1677830 524
1677840 522
1677850 522
1677860 521
1677870 521
1677880 521
1677890 521
1677900 520
1677910 520
1677920 517
1677930 517
1677940 517
1677950 518
1677960 518
1677970 518
1677980 517
1677990 516
1678000 516
1678010 515
1678020 515
1678030 515
1678040 514
1678050 514
1678060 514
1678070 514
1678080 513
1678090 513
1678100 512
1678110 511
1678120 511
1678130 511
1678140 510
1678150 510
1678160 509
1678170 508
1678180 508
1678190 507
1678200 506
1678210 506
1678220 505
1678230 504
1678240 504
1678250 503
1678260 499
1678270 499
1678280 501
1678290 500
1678300 500
1678310 499
1678320 499
1678330 499
1678340 498
1678350 498
1678360 498
1678370 497
1678380 497
1678390 497
1678400 496
1678410 495
1678420 495
1678430 494
1678440 493
1678450 493
1678460 492
1678470 491
1678480 491
1678490 491
1678500 490
1678510 489
1678520 489
1678530 488
1678540 487
1678550 487
1678560 486
1678570 485
1678580 485
1678590 484
1678600 483
1678610 483
1678620 482
1678630 481
1678640 481
1678650 480
1678660 479
1678670 479
1678680 478
1678690 477
1678700 477
1678710 476
1678720 475
1678730 475
1678740 474
1678750 473
1678760 473
1678770 472
1678780 471
1678790 471
1678800 471
1678810 470
1678820 470
1678830 468
1678840 467
1678850 467
1678860 466
1678870 465
1678880 465
1678890 463
1678900 461
1678910 461
1678920 459
1678930 452
1678940 452
1678950 449
1678960 446
1678970 446
1678980 444
1678990 441
1679000 441
1679010 439
1679020 437
1679030 437
1679040 435
1679050 434
1679060 434
1679070 435
1679080 435
1679090 435
1679100 435
1679110 435
1679120 435
1679130 435
1679140 434
1679150 434
1679160 433
1679170 432
1679180 432
1679190 430
1679200 429
1679210 429
1679220 427
1679230 426
1679240 426
1679250 425
1679260 424
1679270 424
1679280 423
1679290 421
1679300 421
1679310 420
1679320 418
1679330 418
1679340 417
1679350 416
1679360 416
1679370 415
1679380 413
1679390 413
1679400 412
1679410 410
1679420 410
1679430 409
1679440 407
1679450 407
1679460 406
1679470 404
1679480 404
1679490 404
1679500 403
1679510 403
1679520 400
1679530 401
1679540 401
1679550 401
1679560 401
1679570 401
1679580 400
1679590 396
1679600 396
1679610 396
1679620 393
1679630 393
1679640 392
1679650 390
1679660 390
1679670 388
1679680 388
1679690 388
1679700 388
1679710 388
1679720 386
1679730 386
1679740 384
1679750 383
1679760 383
1679770 382
1679780 381
1679790 381
1679800 379
1679810 377
1679820 377
1679830 375
1679840 373
1679850 373
1679860 372
1679870 371
1679880 371
1679890 370
1679900 368
1679910 368
1679920 367
1679930 366
1679940 366
1679950 365
1679960 365
1679970 365
1679980 364
1679990 363
