1660000 318
1660010 318
1660020 318
1660030 318
1660040 318
1660050 318
1660060 318
1660070 318
1660080 318
1660090 318
1660100 318
1660110 318
1660120 317
1660130 317
1660140 317
1660150 317
1660160 317
1660170 316
1660180 316
1660190 316
1660200 316
1660210 315
1660220 315
1660230 315
1660240 314
1660250 314
1660260 314
1660270 314
1660280 313
1660290 313
1660300 312
1660310 312
1660320 312
1660330 311
1660340 310
1660350 310
1660360 309
1660370 309
1660380 309
1660390 309
1660400 307
1660410 307
1660420 306
1660430 305
1660440 305
1660450 304
1660460 303
1660470 303
1660480 301
1660490 300
1660500 300
1660510 299
1660520 298
1660530 298
1660540 298
1660550 296
1660560 296
1660570 295
1660580 295
1660590 295
1660600 294
1660610 293
1660620 293
1660630 292
1660640 291
1660650 291
1660660 291
1660670 290
1660680 290
1660690 290
1660700 289
1660710 289
1660720 288
1660730 288
1660740 288
1660750 287
1660760 287
1660770 287
1660780 287
1660790 287
1660800 287
1660810 287
1660820 287
1660830 287
1660840 287
1660850 288
1660860 288
1660870 292
1660880 295
1660890 295
1660900 297
1660910 299
1660920 299
1660930 300
1660940 302
1660950 302
1660960 303
1660970 304
1660980 304
1660990 304
1661000 305
1661010 305
1661020 306
1661030 307
1661040 307
1661050 308
1661060 309
1661070 309
1661080 310
1661090 311
1661100 311
1661110 312
1661120 313
1661130 313
1661140 314
1661150 314
1661160 314
1661170 315
1661180 316
1661190 316
1661200 316
1661210 316
1661220 316
1661230 317
1661240 317
1661250 317
1661260 317
1661270 318
1661280 318
1661290 318
1661300 319
1661310 319
1661320 319
1661330 319
1661340 319
1661350 319
1661360 320
1661370 320
1661380 320
1661390 320
1661400 320
1661410 320
1661420 320
1661430 320
1661440 320
1661450 320
1661460 320
1661470 321
1661480 321
1661490 321
1661500 321
1661510 321
1661520 321
1661530 321
1661540 321
1661550 321
1661560 321
1661570 321
1661580 321
1661590 321
1661600 321
1661610 321
1661620 321
1661630 321
1661640 321
1661650 321
1661660 321
1661670 321
1661680 321
1661690 321
1661700 321
1661710 321
1661720 321
1661730 321
1661740 321
1661750 321
1661760 321
1661770 321
1661780 322
1661790 322
1661800 322
1661810 322
1661820 322
1661830 322
1661840 322
1661850 322
1661860 322
1661870 322
1661880 322
1661890 322
1661900 322
1661910 322
1661920 322
1661930 322
1661940 322
1661950 322
1661960 322
1661970 322
1661980 322
1661990 322
1662000 323
1662010 323
1662020 323
1662030 323
1662040 322
1662050 322
1662060 322
1662070 322
1662080 322
1662090 322
1662100 322
1662110 322
1662120 322
1662130 322
1662140 322
1662150 322
1662160 322
1662170 321
1662180 321
1662190 321
1662200 322
1662210 321
1662220 321
1662230 321
1662240 321
1662250 321
1662260 321
1662270 321
1662280 321
1662290 321
1662300 321
1662310 321
1662320 321
1662330 321
1662340 321
1662350 320
1662360 320
1662370 320
1662380 320
1662390 320
1662400 320
1662410 320
1662420 320
1662430 320
1662440 320
1662450 320
1662460 320
1662470 320
1662480 319
1662490 319
1662500 319
1662510 319
1662520 319
1662530 319
1662540 319
1662550 319
1662560 319
1662570 319
1662580 319
1662590 319
1662600 319
1662610 319
1662620 319
1662630 319
1662640 319
1662650 319
1662660 318
1662670 318
1662680 318
1662690 318
1662700 318
1662710 318
1662720 318
1662730 318
1662740 317
1662750 317
1662760 317
1662770 316
1662780 316
1662790 316
1662800 315
1662810 315
1662820 315
1662830 314
1662840 314
1662850 314
1662860 313
1662870 312
1662880 312
1662890 312
1662900 311
1662910 311
1662920 310
1662930 310
1662940 309
1662950 309
1662960 308
1662970 307
1662980 307
1662990 306
1663000 305
1663010 305
1663020 304
1663030 303
1663040 303
1663050 303
1663060 302
1663070 302
1663080 301
1663090 300
1663100 300
1663110 299
1663120 299
1663130 299
1663140 298
1663150 297
1663160 297
1663170 297
1663180 296
1663190 296
1663200 295
1663210 294
1663220 294
1663230 294
1663240 293
1663250 293
1663260 292
1663270 291
1663280 291
1663290 291
1663300 291
1663310 291
1663320 290
1663330 290
1663340 290
1663350 290
1663360 290
1663370 290
1663380 290
1663390 289
1663400 289
1663410 289
1663420 289
1663430 289
1663440 288
1663450 288
1663460 288
1663470 288
1663480 287
1663490 287
1663500 287
1663510 287
1663520 287
1663530 287
1663540 287
1663550 287
1663560 287
1663570 287
1663580 287
1663590 287
1663600 287
1663610 287
1663620 287
1663630 287
1663640 287
1663650 287
1663660 287
1663670 287
1663680 287
1663690 287
1663700 287
1663710 287
1663720 287
1663730 287
1663740 287
1663750 287
1663760 287
1663770 287
1663780 286
1663790 286
1663800 286
1663810 286
1663820 286
1663830 286
1663840 287
1663850 287
1663860 287
1663870 286
1663880 286
1663890 286
1663900 286
1663910 286
1663920 286
1663930 287
1663940 287
1663950 288
1663960 289
1663970 289
1663980 289
1663990 290
1664000 290
1664010 290
1664020 290
1664030 290
1664040 290
1664050 291
1664060 291
1664070 291
1664080 292
1664090 292
1664100 292
1664110 293
1664120 293
1664130 293
1664140 294
1664150 294
1664160 294
1664170 294
1664180 294
1664190 295
1664200 295
1664210 295
1664220 297
1664230 297
1664240 297
1664250 297
1664260 298
1664270 298
1664280 298
1664290 298
1664300 299
1664310 299
1664320 299
1664330 299
1664340 299
1664350 299
1664360 299
1664370 299
1664380 300
1664390 300
1664400 300
1664410 300
1664420 300
1664430 300
1664440 300
1664450 301
1664460 301
1664470 301
1664480 301
1664490 301
1664500 301
1664510 301
1664520 301
1664530 301
1664540 301
1664550 301
1664560 302
1664570 302
1664580 302
1664590 302
1664600 302
1664610 302
1664620 302
1664630 302
1664640 302
1664650 302
1664660 302
1664670 302
1664680 302
1664690 303
1664700 303
1664710 303
1664720 303
1664730 303
1664740 303
1664750 303
1664760 303
1664770 303
1664780 303
1664790 303
1664800 303
1664810 303
1664820 303
1664830 303
1664840 303
1664850 303
1664860 304
1664870 304
1664880 304
1664890 304
1664900 304
1664910 304
1664920 304
1664930 305
1664940 305
1664950 305
1664960 305
1664970 305
1664980 305
1664990 305
1665000 305
1665010 305
1665020 305
1665030 305
1665040 305
1665050 305
1665060 305
1665070 305
1665080 305
1665090 305
1665100 305
1665110 305
1665120 305
1665130 305
1665140 305
1665150 305
1665160 306
1665170 305
1665180 305
1665190 305
1665200 305
1665210 305
1665220 306
1665230 306
1665240 306
1665250 305
1665260 305
1665270 305
1665280 305
1665290 306
1665300 306
1665310 305
1665320 306
1665330 306
1665340 306
1665350 306
1665360 306
1665370 306
1665380 306
1665390 306
1665400 306
1665410 306
1665420 306
1665430 306
1665440 306
1665450 306
1665460 306
1665470 306
1665480 306
1665490 305
1665500 305
1665510 305
1665520 305
1665530 304
1665540 304
1665550 304
1665560 303
1665570 303
1665580 302
1665590 302
1665600 302
1665610 301
1665620 301
1665630 301
1665640 300
1665650 300
1665660 300
1665670 300
1665680 300
1665690 299
1665700 299
1665710 299
1665720 299
1665730 299
1665740 299
1665750 298
1665760 298
1665770 298
1665780 298
1665790 298
1665800 298
1665810 298
1665820 298
1665830 298
1665840 298
1665850 298
1665860 298
1665870 299
1665880 299
1665890 298
1665900 299
1665910 299
1665920 299
1665930 299
1665940 299
1665950 299
1665960 300
1665970 300
1665980 300
1665990 300
1666000 300
1666010 301
1666020 301
1666030 301
1666040 301
1666050 302
1666060 302
1666070 303
1666080 303
1666090 303
1666100 303
1666110 304
1666120 304
1666130 304
1666140 305
1666150 305
1666160 305
1666170 305
1666180 305
1666190 306
1666200 306
1666210 306
1666220 306
1666230 307
1666240 307
1666250 307
1666260 307
1666270 307
1666280 307
1666290 307
1666300 307
1666310 307
1666320 307
1666330 307
1666340 307
1666350 306
1666360 307
1666370 306
1666380 306
1666390 306
1666400 305
1666410 305
1666420 305
1666430 304
1666440 305
1666450 305
1666460 305
1666470 306
1666480 306
1666490 306
1666500 306
1666510 306
1666520 306
1666530 306
1666540 306
1666550 307
1666560 307
1666570 307
1666580 307
1666590 307
1666600 307
1666610 307
1666620 306
1666630 306
1666640 306
1666650 306
1666660 306
1666670 306
1666680 306
1666690 306
1666700 306
1666710 305
1666720 305
1666730 305
1666740 305
1666750 305
1666760 305
1666770 305
1666780 305
1666790 305
1666800 305
1666810 305
1666820 305
1666830 304
1666840 304
1666850 304
1666860 304
1666870 304
1666880 303
1666890 303
1666900 303
1666910 303
1666920 302
1666930 302
1666940 302
1666950 302
1666960 302
1666970 302
1666980 302
1666990 302
1667000 301
1667010 301
1667020 300
1667030 300
1667040 300
1667050 300
1667060 300
1667070 300
1667080 300
1667090 300
1667100 299
1667110 299
1667120 299
1667130 298
1667140 298
1667150 298
1667160 297
1667170 297
1667180 297
1667190 296
1667200 296
1667210 296
1667220 295
1667230 294
1667240 294
1667250 294
1667260 293
1667270 293
1667280 293
1667290 292
1667300 292
1667310 291
1667320 290
1667330 290
1667340 289
1667350 288
1667360 288
1667370 286
1667380 286
1667390 286
1667400 285
1667410 285
1667420 285
1667430 285
1667440 285
1667450 285
1667460 285
1667470 284
1667480 284
1667490 284
1667500 284
1667510 284
1667520 284
1667530 284
1667540 284
1667550 284
1667560 283
1667570 283
1667580 283
1667590 283
1667600 283
1667610 284
1667620 283
1667630 283
1667640 282
1667650 282
1667660 282
1667670 282
1667680 282
1667690 282
1667700 282
1667710 282
1667720 282
1667730 283
1667740 283
1667750 283
1667760 283
1667770 283
1667780 282
1667790 282
1667800 282
1667810 282
1667820 282
1667830 282
1667840 282
1667850 283
1667860 284
1667870 284
1667880 286
1667890 287
1667900 287
1667910 288
1667920 289
1667930 289
1667940 290
1667950 290
1667960 290
1667970 291
1667980 291
1667990 291
1668000 291
1668010 292
1668020 292
1668030 292
1668040 292
1668050 292
1668060 293
1668070 292
1668080 292
1668090 292
1668100 293
1668110 293
1668120 293
1668130 293
1668140 293
1668150 293
1668160 293
1668170 293
1668180 293
1668190 293
1668200 293
1668210 293
1668220 293
1668230 293
1668240 293
1668250 294
1668260 294
1668270 294
1668280 295
1668290 295
1668300 295
1668310 295
1668320 295
1668330 295
1668340 295
1668350 295
1668360 296
1668370 296
1668380 296
1668390 297
1668400 297
1668410 297
1668420 297
1668430 298
1668440 297
1668450 297
1668460 297
1668470 296
1668480 295
1668490 295
1668500 294
1668510 294
1668520 293
1668530 294
1668540 294
1668550 295
1668560 297
1668570 297
1668580 296
1668590 296
1668600 296
1668610 295
1668620 295
1668630 295
1668640 295
1668650 294
1668660 294
1668670 294
1668680 295
1668690 295
1668700 295
1668710 294
1668720 294
1668730 294
1668740 294
1668750 294
1668760 294
1668770 293
1668780 293
1668790 293
1668800 293
1668810 293
1668820 291
1668830 289
1668840 289
1668850 287
1668860 287
1668870 287
1668880 287
1668890 287
1668900 287
1668910 287
1668920 287
1668930 287
1668940 286
1668950 286
1668960 286
1668970 287
1668980 288
1668990 288
1669000 288
1669010 288
1669020 288
1669030 288
1669040 288
1669050 288
1669060 288
1669070 289
1669080 289
1669090 289
1669100 289
1669110 289
1669120 289
1669130 290
1669140 290
1669150 290
1669160 291
1669170 291
1669180 292
1669190 292
1669200 292
1669210 292
1669220 294
1669230 294
1669240 294
1669250 295
1669260 295
1669270 296
1669280 298
1669290 298
1669300 299
1669310 300
1669320 300
1669330 301
1669340 303
1669350 303
1669360 304
1669370 305
1669380 305
1669390 307
1669400 308
1669410 308
1669420 309
1669430 310
1669440 310
1669450 311
1669460 312
1669470 312
1669480 313
1669490 312
1669500 312
1669510 313
1669520 314
1669530 314
1669540 315
1669550 315
1669560 315
1669570 315
1669580 315
1669590 315
1669600 315
1669610 315
1669620 315
1669630 315
1669640 314
1669650 314
1669660 314
1669670 313
1669680 313
1669690 312
1669700 312
1669710 312
1669720 312
1669730 311
1669740 311
1669750 310
1669760 309
1669770 308
1669780 308
1669790 308
1669800 308
1669810 308
1669820 307
1669830 307
1669840 307
1669850 306
1669860 306
1669870 306
1669880 308
1669890 308
1669900 308
1669910 308
1669920 307
1669930 307
1669940 308
1669950 307
1669960 307
1669970 308
1669980 308
1669990 308
1670000 308
1670010 308
1670020 308
1670030 308
1670040 308
1670050 308
1670060 308
1670070 308
1670080 308
1670090 308
1670100 309
1670110 309
1670120 310
1670130 311
1670140 311
1670150 311
1670160 312
1670170 312
1670180 313
1670190 313
1670200 313
1670210 315
1670220 315
1670230 315
1670240 316
1670250 318
1670260 318
1670270 320
1670280 321
1670290 321
1670300 322
1670310 323
1670320 323
1670330 324
1670340 326
1670350 326
1670360 327
1670370 328
1670380 328
1670390 329
1670400 331
1670410 331
1670420 332
1670430 334
1670440 334
1670450 336
1670460 337
1670470 337
1670480 338
1670490 339
1670500 339
1670510 340
1670520 341
1670530 341
1670540 342
1670550 343
1670560 343
1670570 344
1670580 343
1670590 343
1670600 344
1670610 345
1670620 345
1670630 346
1670640 347
1670650 347
1670660 348
1670670 349
1670680 349
1670690 349
1670700 350
1670710 350
1670720 349
1670730 349
1670740 349
1670750 350
1670760 351
1670770 351
1670780 353
1670790 355
1670800 355
1670810 357
1670820 358
1670830 358
1670840 360
1670850 361
1670860 361
1670870 363
1670880 364
1670890 364
1670900 365
1670910 366
1670920 366
1670930 367
1670940 368
1670950 368
1670960 368
1670970 368
1670980 368
1670990 369
1671000 370
1671010 370
1671020 371
1671030 372
1671040 372
1671050 373
1671060 373
1671070 373
1671080 374
1671090 375
1671100 375
1671110 375
1671120 376
1671130 376
1671140 376
1671150 376
1671160 377
1671170 377
1671180 377
1671190 378
1671200 378
1671210 378
1671220 378
1671230 378
1671240 378
1671250 378
1671260 378
1671270 376
1671280 376
1671290 376
1671300 375
1671310 373
1671320 373
1671330 373
1671340 374
1671350 374
1671360 375
1671370 376
1671380 376
1671390 377
1671400 378
1671410 378
1671420 380
1671430 381
1671440 381
1671450 381
1671460 381
1671470 381
1671480 382
1671490 381
1671500 381
1671510 381
1671520 380
1671530 380
1671540 379
1671550 378
1671560 378
1671570 377
1671580 376
1671590 376
1671600 377
1671610 377
1671620 377
1671630 377
1671640 377
1671650 377
1671660 377
1671670 376
1671680 376
1671690 376
1671700 376
1671710 376
1671720 375
1671730 375
1671740 375
1671750 374
1671760 373
1671770 373
1671780 373
1671790 373
1671800 373
1671810 372
1671820 372
1671830 372
1671840 371
1671850 370
1671860 370
1671870 370
1671880 368
1671890 368
1671900 367
1671910 366
1671920 366
1671930 366
1671940 366
1671950 366
1671960 365
1671970 364
1671980 364
1671990 363
1672000 363
1672010 363
1672020 362
1672030 361
1672040 361
1672050 359
1672060 358
1672070 358
1672080 357
1672090 356
1672100 356
1672110 356
1672120 356
1672130 356
1672140 355
1672150 353
1672160 353
1672170 351
1672180 351
1672190 351
1672200 350
1672210 349
1672220 349
1672230 350
1672240 350
1672250 350
1672260 350
1672270 348
1672280 348
1672290 347
1672300 346
1672310 346
1672320 345
1672330 344
1672340 344
1672350 343
1672360 342
1672370 342
1672380 341
1672390 340
1672400 340
1672410 338
1672420 337
1672430 337
1672440 335
1672450 334
1672460 334
1672470 331
1672480 330
1672490 330
1672500 330
1672510 330
1672520 330
1672530 330
1672540 329
1672550 332
1672560 332
1672570 333
1672580 333
1672590 333
1672600 333
1672610 334
1672620 334
1672630 334
1672640 334
1672650 332
1672660 332
1672670 331
1672680 331
1672690 330
1672700 329
1672710 329
1672720 328
1672730 328
1672740 328
1672750 327
1672760 327
1672770 327
1672780 328
1672790 328
1672800 328
1672810 329
1672820 329
1672830 329
1672840 329
1672850 329
1672860 329
1672870 329
1672880 329
1672890 329
1672900 329
1672910 327
1672920 327
1672930 327
1672940 328
1672950 328
1672960 328
1672970 328
1672980 328
1672990 328
1673000 327
1673010 327
1673020 325
1673030 326
1673040 326
1673050 327
1673060 328
1673070 328
1673080 329
1673090 329
1673100 329
1673110 329
1673120 329
1673130 329
1673140 329
1673150 328
1673160 328
1673170 328
1673180 327
1673190 327
1673200 327
1673210 326
1673220 326
1673230 325
1673240 323
1673250 323
1673260 322
1673270 321
1673280 321
1673290 320
1673300 321
1673310 321
1673320 320
1673330 320
1673340 320
1673350 321
1673360 321
1673370 321
1673380 322
1673390 324
1673400 324
1673410 325
1673420 327
1673430 327
1673440 328
1673450 329
1673460 329
1673470 330
1673480 331
1673490 331
1673500 332
1673510 332
1673520 332
1673530 333
1673540 333
1673550 333
1673560 334
1673570 335
1673580 335
1673590 335
1673600 336
1673610 336
1673620 336
1673630 337
1673640 337
1673650 337
1673660 338
1673670 338
1673680 339
1673690 339
1673700 339
1673710 339
1673720 339
1673730 339
1673740 340
1673750 340
1673760 340
1673770 340
1673780 340
1673790 340
1673800 340
1673810 340
1673820 340
1673830 340
1673840 339
1673850 339
1673860 339
1673870 339
1673880 339
1673890 338
1673900 338
1673910 337
1673920 337
1673930 337
1673940 336
1673950 336
1673960 335
1673970 334
1673980 334
1673990 334
1674000 333
1674010 333
1674020 333
1674030 333
1674040 333
1674050 332
1674060 331
1674070 331
1674080 331
1674090 329
1674100 329
1674110 329
1674120 328
1674130 328
1674140 327
1674150 326
1674160 326
1674170 325
1674180 324
1674190 324
1674200 324
1674210 324
1674220 324
1674230 323
1674240 323
1674250 323
1674260 323
1674270 322
1674280 322
1674290 322
1674300 322
1674310 322
1674320 323
1674330 323
1674340 323
1674350 324
1674360 325
1674370 325
1674380 325
1674390 326
1674400 326
1674410 327
1674420 328
1674430 328
1674440 329
1674450 330
1674460 330
1674470 330
1674480 331
1674490 331
1674500 331
1674510 332
1674520 332
1674530 332
1674540 332
1674550 332
1674560 333
1674570 333
1674580 333
1674590 333
1674600 333
1674610 333
1674620 333
1674630 332
1674640 332
1674650 332
1674660 332
1674670 332
1674680 331
1674690 330
1674700 331
1674710 330
1674720 330
1674730 330
1674740 329
1674750 329
1674760 329
1674770 328
1674780 328
1674790 328
1674800 328
1674810 327
1674820 327
1674830 327
1674840 327
1674850 327
1674860 326
1674870 326
1674880 326
1674890 326
1674900 325
1674910 325
1674920 325
1674930 324
1674940 324
1674950 324
1674960 323
1674970 323
1674980 323
1674990 323
1675000 323
1675010 322
1675020 322
1675030 322
1675040 321
1675050 320
1675060 320
1675070 319
1675080 319
1675090 319
1675100 319
1675110 318
1675120 318
1675130 318
1675140 318
1675150 318
1675160 318
1675170 317
1675180 317
1675190 317
1675200 316
1675210 316
1675220 315
1675230 315
1675240 315
1675250 314
1675260 313
1675270 313
1675280 313
1675290 313
1675300 312
1675310 312
1675320 312
1675330 312
1675340 312
1675350 311
1675360 311
1675370 311
1675380 311
1675390 312
1675400 312
1675410 312
1675420 312
1675430 312
1675440 312
1675450 311
1675460 311
1675470 311
1675480 311
1675490 311
1675500 310
1675510 310
1675520 310
1675530 310
1675540 310
1675550 310
1675560 309
1675570 308
1675580 308
1675590 308
1675600 307
1675610 307
1675620 307
1675630 307
1675640 307
1675650 307
1675660 306
1675670 306
1675680 306
1675690 306
1675700 306
1675710 306
1675720 305
1675730 305
1675740 305
1675750 305
1675760 305
1675770 305
1675780 305
1675790 305
1675800 304
1675810 303
1675820 303
1675830 303
1675840 303
1675850 303
1675860 303
1675870 302
1675880 302
1675890 302
1675900 302
1675910 302
1675920 302
1675930 302
1675940 302
1675950 301
1675960 301
1675970 301
1675980 301
1675990 300
1676000 300
1676010 300
1676020 300
1676030 300
1676040 300
1676050 299
1676060 300
1676070 299
1676080 299
1676090 299
1676100 299
1676110 299
1676120 299
1676130 298
1676140 298
1676150 298
1676160 298
1676170 298
1676180 298
1676190 297
1676200 297
1676210 297
1676220 297
1676230 297
1676240 297
1676250 297
1676260 297
1676270 297
1676280 297
1676290 297
1676300 297
1676310 297
1676320 297
1676330 297
1676340 296
1676350 296
1676360 296
1676370 296
1676380 296
1676390 296
1676400 296
1676410 296
1676420 296
1676430 296
1676440 295
1676450 295
1676460 295
1676470 295
1676480 295
1676490 295
1676500 295
1676510 295
1676520 295
1676530 295
1676540 295
1676550 295
1676560 295
1676570 295
1676580 295
1676590 295
1676600 295
1676610 295
1676620 295
1676630 295
1676640 295
1676650 295
1676660 295
1676670 295
1676680 295
1676690 295
1676700 295
1676710 295
1676720 295
1676730 295
1676740 295
1676750 295
1676760 295
1676770 295
1676780 295
1676790 295
1676800 295
1676810 295
1676820 295
1676830 295
1676840 295
1676850 295
1676860 295
1676870 295
1676880 295
1676890 295
1676900 295
1676910 295
1676920 295
1676930 295
1676940 295
1676950 295
1676960 295
1676970 295
1676980 295
1676990 295
1677000 295
1677010 294
1677020 294
1677030 294
1677040 294
1677050 294
1677060 294
1677070 294
1677080 294
1677090 294
1677100 294
1677110 294
1677120 294
1677130 294
1677140 294
1677150 294
1677160 294
1677170 294
1677180 294
1677190 294
1677200 294
1677210 294
1677220 294
1677230 294
1677240 294
1677250 294
1677260 294
1677270 294
1677280 294
1677290 294
1677300 294
1677310 294
1677320 294
1677330 294
1677340 294
1677350 294
1677360 294
1677370 294
1677380 294
1677390 294
1677400 293
1677410 293
1677420 293
1677430 293
1677440 293
1677450 293
1677460 293
1677470 293
1677480 293
1677490 294
1677500 294
1677510 294
1677520 294
1677530 293
1677540 293
1677550 292
1677560 292
1677570 292
1677580 290
1677590 290
1677600 290
1677610 292
1677620 292
1677630 292
1677640 292
1677650 292
1677660 292
1677670 291
1677680 291
1677690 291
1677700 291
1677710 291
1677720 291
1677730 291
1677740 291
1677750 291
1677760 291
1677770 291
1677780 291
1677790 291
1677800 291
1677810 291
1677820 291
1677830 291
1677840 291
1677850 291
1677860 291
1677870 291
1677880 291
1677890 291
1677900 291
1677910 290
1677920 290
1677930 290
1677940 290
1677950 291
1677960 291
1677970 291
1677980 291
1677990 291
1678000 291
1678010 291
1678020 291
1678030 291
1678040 291
1678050 291
1678060 291
1678070 288
1678080 289
1678090 289
1678100 290
1678110 291
1678120 291
1678130 291
1678140 290
1678150 290
1678160 290
1678170 290
1678180 290
1678190 290
1678200 289
1678210 289
1678220 289
1678230 289
1678240 289
1678250 289
1678260 289
1678270 289
1678280 289
1678290 289
1678300 289
1678310 289
1678320 289
1678330 289
1678340 288
1678350 288
1678360 288
1678370 288
1678380 288
1678390 288
1678400 289
1678410 288
1678420 288
1678430 288
1678440 288
1678450 288
1678460 288
1678470 287
1678480 287
1678490 287
1678500 285
1678510 285
1678520 283
1678530 284
1678540 284
1678550 286
1678560 288
1678570 288
1678580 288
1678590 288
1678600 288
1678610 288
1678620 288
1678630 288
1678640 288
1678650 288
1678660 288
1678670 288
1678680 288
1678690 288
1678700 288
1678710 288
1678720 288
1678730 288
1678740 288
1678750 288
1678760 288
1678770 288
1678780 288
1678790 288
1678800 288
1678810 288
1678820 288
1678830 288
1678840 288
1678850 289
1678860 289
1678870 289
1678880 289
1678890 289
1678900 289
1678910 289
1678920 289
1678930 289
1678940 289
1678950 289
1678960 289
1678970 289
1678980 289
1678990 289
1679000 289
1679010 289
1679020 289
1679030 289
1679040 289
1679050 289
1679060 289
1679070 289
1679080 289
1679090 289
1679100 289
1679110 289
1679120 289
1679130 289
1679140 289
1679150 290
1679160 290
1679170 290
1679180 290
1679190 290
1679200 290
1679210 290
1679220 290
1679230 290
1679240 290
1679250 291
1679260 291
1679270 291
1679280 292
1679290 292
1679300 293
1679310 293
1679320 293
1679330 293
1679340 294
1679350 294
1679360 294
1679370 295
1679380 295
1679390 295
1679400 296
1679410 295
1679420 295
1679430 296
1679440 296
1679450 296
1679460 296
1679470 297
1679480 297
1679490 297
1679500 298
1679510 298
1679520 298
1679530 298
1679540 298
1679550 299
1679560 299
1679570 299
1679580 299
1679590 300
1679600 300
1679610 300
1679620 300
1679630 300
1679640 300
1679650 300
1679660 300
1679670 300
1679680 300
1679690 300
1679700 300
1679710 300
1679720 300
1679730 300
1679740 299
1679750 299
1679760 299
1679770 298
1679780 298
1679790 296
1679800 295
1679810 295
1679820 294
1679830 293
1679840 293
1679850 293
1679860 292
1679870 292
1679880 291
1679890 291
1679900 291
1679910 290
1679920 290
1679930 290
1679940 290
1679950 290
1679960 290
1679970 291
1679980 291
1679990 291
