1660000 272
1660010 272
1660020 272
1660030 272
1660040 272
1660050 272
1660060 272
1660070 272
1660080 272
1660090 272
1660100 271
1660110 271
1660120 271
1660130 271
1660140 271
1660150 271
1660160 271
1660170 271
1660180 271
1660190 272
1660200 272
1660210 272
1660220 272
1660230 272
1660240 272
1660250 272
1660260 272
1660270 272
1660280 272
1660290 272
1660300 272
1660310 273
1660320 273
1660330 273
1660340 273
1660350 273
1660360 273
1660370 274
1660380 273
1660390 273
1660400 273
1660410 273
1660420 273
1660430 273
1660440 273
1660450 273
1660460 273
1660470 274
1660480 274
1660490 274
1660500 274
1660510 274
1660520 274
1660530 274
1660540 274
1660550 274
1660560 274
1660570 274
1660580 274
1660590 274
1660600 274
1660610 274
1660620 275
1660630 275
1660640 275
1660650 275
1660660 275
1660670 275
1660680 275
1660690 275
1660700 275
1660710 275
1660720 275
1660730 275
1660740 274
1660750 274
1660760 274
1660770 274
1660780 274
1660790 274
1660800 274
1660810 275
1660820 275
1660830 277
1660840 279
1660850 279
1660860 281
1660870 283
1660880 283
1660890 283
1660900 286
1660910 286
1660920 287
1660930 288
1660940 288
1660950 289
1660960 289
1660970 289
1660980 290
1660990 291
1661000 291
1661010 291
1661020 291
1661030 291
1661040 291
1661050 291
1661060 291
1661070 290
1661080 289
1661090 289
1661100 289
1661110 288
1661120 288
1661130 287
1661140 286
1661150 286
1661160 286
1661170 285
1661180 285
1661190 285
1661200 283
1661210 283
1661220 281
1661230 280
1661240 280
1661250 279
1661260 279
1661270 279
1661280 280
1661290 281
1661300 281
1661310 282
1661320 283
1661330 283
1661340 285
1661350 286
1661360 286
1661370 287
1661380 288
1661390 288
1661400 289
1661410 290
1661420 290
1661430 292
1661440 293
1661450 293
1661460 294
1661470 295
1661480 295
1661490 296
1661500 297
1661510 297
1661520 298
1661530 299
1661540 299
1661550 300
1661560 301
1661570 301
1661580 302
1661590 304
1661600 304
1661610 305
1661620 305
1661630 305
1661640 307
1661650 308
1661660 308
1661670 308
1661680 309
1661690 309
1661700 310
1661710 310
1661720 310
1661730 310
1661740 311
1661750 311
1661760 311
1661770 311
1661780 311
1661790 311
1661800 312
1661810 312
1661820 312
1661830 312
1661840 312
1661850 312
1661860 313
1661870 313
1661880 313
1661890 313
1661900 313
1661910 314
1661920 314
1661930 314
1661940 314
1661950 314
1661960 314
1661970 314
1661980 314
1661990 315
1662000 315
1662010 315
1662020 315
1662030 315
1662040 315
1662050 315
1662060 315
1662070 314
1662080 314
1662090 314
1662100 314
1662110 312
1662120 312
1662130 311
1662140 311
1662150 311
1662160 310
1662170 310
1662180 310
1662190 310
1662200 311
1662210 311
1662220 311
1662230 311
1662240 311
1662250 310
1662260 310
1662270 310
1662280 309
1662290 308
1662300 308
1662310 308
1662320 307
1662330 307
1662340 307
1662350 306
1662360 306
1662370 305
1662380 303
1662390 303
1662400 302
1662410 301
1662420 301
1662430 299
1662440 297
1662450 297
1662460 296
1662470 295
1662480 295
1662490 293
1662500 291
1662510 291
1662520 289
1662530 287
1662540 287
1662550 286
1662560 284
1662570 284
1662580 283
1662590 282
1662600 282
1662610 281
1662620 280
1662630 280
1662640 279
1662650 278
1662660 278
1662670 278
1662680 276
1662690 276
1662700 275
1662710 275
1662720 274
1662730 274
1662740 275
1662750 275
1662760 275
1662770 275
1662780 275
1662790 275
1662800 276
1662810 276
1662820 279
1662830 284
1662840 284
1662850 287
1662860 289
1662870 289
1662880 289
1662890 290
1662900 290
1662910 291
1662920 292
1662930 292
1662940 294
1662950 294
1662960 294
1662970 295
1662980 296
1662990 296
1663000 297
1663010 298
1663020 298
1663030 299
1663040 299
1663050 299
1663060 300
1663070 300
1663080 300
1663090 301
1663100 301
1663110 301
1663120 302
1663130 301
1663140 301
1663150 300
1663160 302
1663170 302
1663180 303
1663190 302
1663200 302
1663210 302
1663220 300
1663230 300
1663240 300
1663250 301
1663260 301
1663270 302
1663280 305
1663290 305
1663300 309
1663310 310
1663320 310
1663330 310
1663340 311
1663350 311
1663360 311
1663370 311
1663380 312
1663390 312
1663400 312
1663410 312
1663420 312
1663430 312
1663440 313
1663450 312
1663460 313
1663470 313
1663480 313
1663490 314
1663500 314
1663510 314
1663520 314
1663530 315
1663540 315
1663550 315
1663560 315
1663570 315
1663580 316
1663590 316
1663600 316
1663610 316
1663620 316
1663630 316
1663640 316
1663650 316
1663660 316
1663670 317
1663680 317
1663690 317
1663700 317
1663710 317
1663720 317
1663730 317
1663740 317
1663750 317
1663760 317
1663770 317
1663780 317
1663790 317
1663800 317
1663810 317
1663820 317
1663830 317
1663840 317
1663850 317
1663860 317
1663870 317
1663880 317
1663890 317
1663900 317
1663910 317
1663920 317
1663930 317
1663940 317
1663950 317
1663960 317
1663970 316
1663980 316
1663990 316
1664000 316
1664010 316
1664020 316
1664030 316
1664040 316
1664050 316
1664060 316
1664070 315
1664080 315
1664090 315
1664100 315
1664110 315
1664120 313
1664130 314
1664140 314
1664150 315
1664160 316
1664170 316
1664180 316
1664190 316
1664200 316
1664210 317
1664220 317
1664230 317
1664240 317
1664250 317
1664260 317
1664270 317
1664280 317
1664290 317
1664300 317
1664310 318
1664320 318
1664330 318
1664340 318
1664350 318
1664360 318
1664370 318
1664380 318
1664390 318
1664400 318
1664410 318
1664420 318
1664430 318
1664440 318
1664450 318
1664460 318
1664470 318
1664480 318
1664490 317
1664500 317
1664510 317
1664520 317
1664530 317
1664540 317
1664550 317
1664560 317
1664570 316
1664580 316
1664590 316
1664600 316
1664610 315
1664620 315
1664630 315
1664640 315
1664650 315
1664660 314
1664670 314
1664680 314
1664690 313
1664700 312
1664710 312
1664720 312
1664730 311
1664740 311
1664750 310
1664760 310
1664770 310
1664780 310
1664790 310
1664800 309
1664810 309
1664820 309
1664830 309
1664840 309
1664850 309
1664860 309
1664870 309
1664880 309
1664890 309
1664900 309
1664910 310
1664920 310
1664930 310
1664940 311
1664950 312
1664960 312
1664970 312
1664980 312
1664990 312
1665000 312
1665010 313
1665020 313
1665030 313
1665040 313
1665050 313
1665060 313
1665070 313
1665080 313
1665090 313
1665100 313
1665110 313
1665120 313
1665130 312
1665140 312
1665150 312
1665160 311
1665170 311
1665180 311
1665190 309
1665200 309
1665210 307
1665220 307
1665230 307
1665240 307
1665250 308
1665260 308
1665270 311
1665280 312
1665290 312
1665300 312
1665310 312
1665320 312
1665330 313
1665340 314
1665350 314
1665360 314
1665370 315
1665380 315
1665390 315
1665400 315
1665410 315
1665420 316
1665430 316
1665440 316
1665450 316
1665460 317
1665470 317
1665480 317
1665490 317
1665500 317
1665510 317
1665520 317
1665530 317
1665540 317
1665550 317
1665560 317
1665570 317
1665580 317
1665590 317
1665600 316
1665610 316
1665620 316
1665630 316
1665640 316
1665650 316
1665660 316
1665670 316
1665680 316
1665690 316
1665700 315
1665710 315
1665720 315
1665730 315
1665740 315
1665750 315
1665760 315
1665770 315
1665780 314
1665790 313
1665800 313
1665810 313
1665820 314
1665830 314
1665840 315
1665850 316
1665860 316
1665870 317
1665880 317
1665890 317
1665900 317
1665910 318
1665920 318
1665930 318
1665940 318
1665950 318
1665960 319
1665970 319
1665980 319
1665990 319
1666000 320
1666010 320
1666020 320
1666030 320
1666040 320
1666050 320
1666060 320
1666070 320
1666080 321
1666090 321
1666100 321
1666110 321
1666120 321
1666130 321
1666140 321
1666150 322
1666160 322
1666170 322
1666180 322
1666190 322
1666200 322
1666210 322
1666220 322
1666230 322
1666240 322
1666250 322
1666260 322
1666270 322
1666280 322
1666290 322
1666300 322
1666310 322
1666320 322
1666330 322
1666340 322
1666350 322
1666360 322
1666370 322
1666380 322
1666390 322
1666400 322
1666410 322
1666420 322
1666430 322
1666440 322
1666450 321
1666460 321
1666470 321
1666480 321
1666490 321
1666500 321
1666510 321
1666520 320
1666530 320
1666540 320
1666550 320
1666560 320
1666570 320
1666580 320
1666590 320
1666600 319
1666610 319
1666620 319
1666630 318
1666640 318
1666650 318
1666660 317
1666670 317
1666680 317
1666690 317
1666700 316
1666710 316
1666720 315
1666730 314
1666740 314
1666750 313
1666760 313
1666770 313
1666780 312
1666790 311
1666800 311
1666810 311
1666820 310
1666830 310
1666840 310
1666850 309
1666860 309
1666870 308
1666880 307
1666890 307
1666900 307
1666910 306
1666920 306
1666930 305
1666940 304
1666950 304
1666960 303
1666970 302
1666980 302
1666990 302
1667000 301
1667010 301
1667020 300
1667030 300
1667040 300
1667050 299
1667060 298
1667070 298
1667080 297
1667090 297
1667100 297
1667110 296
1667120 294
1667130 294
1667140 293
1667150 292
1667160 292
1667170 292
1667180 291
1667190 291
1667200 290
1667210 290
1667220 290
1667230 289
1667240 289
1667250 289
1667260 288
1667270 288
1667280 288
1667290 287
1667300 286
1667310 286
1667320 286
1667330 285
1667340 285
1667350 285
1667360 285
1667370 285
1667380 285
1667390 284
1667400 284
1667410 284
1667420 283
1667430 283
1667440 284
1667450 287
1667460 287
1667470 288
1667480 288
1667490 288
1667500 288
1667510 287
1667520 287
1667530 287
1667540 287
1667550 287
1667560 286
1667570 286
1667580 286
1667590 285
1667600 285
1667610 285
1667620 285
1667630 284
1667640 284
1667650 284
1667660 283
1667670 283
1667680 283
1667690 283
1667700 282
1667710 282
1667720 282
1667730 281
1667740 281
1667750 281
1667760 281
1667770 281
1667780 281
1667790 281
1667800 281
1667810 281
1667820 280
1667830 280
1667840 280
1667850 279
1667860 279
1667870 279
1667880 279
1667890 279
1667900 279
1667910 279
1667920 279
1667930 278
1667940 278
1667950 278
1667960 278
1667970 278
1667980 278
1667990 277
1668000 277
1668010 277
1668020 277
1668030 277
1668040 277
1668050 277
1668060 277
1668070 277
1668080 277
1668090 276
1668100 276
1668110 276
1668120 276
1668130 276
1668140 276
1668150 275
1668160 275
1668170 275
1668180 274
1668190 274
1668200 274
1668210 273
1668220 273
1668230 272
1668240 272
1668250 272
1668260 271
1668270 271
1668280 271
1668290 271
1668300 271
1668310 271
1668320 270
1668330 272
1668340 272
1668350 272
1668360 271
1668370 271
1668380 271
1668390 271
1668400 271
1668410 271
1668420 271
1668430 271
1668440 271
1668450 271
1668460 271
1668470 271
1668480 272
1668490 272
1668500 273
1668510 276
1668520 276
1668530 278
1668540 279
1668550 279
1668560 281
1668570 282
1668580 282
1668590 284
1668600 286
1668610 286
1668620 288
1668630 290
1668640 290
1668650 292
1668660 294
1668670 294
1668680 296
1668690 298
1668700 298
1668710 300
1668720 302
1668730 302
1668740 304
1668750 306
1668760 306
1668770 307
1668780 309
1668790 309
1668800 310
1668810 311
1668820 311
1668830 312
1668840 313
1668850 313
1668860 313
1668870 314
1668880 314
1668890 314
1668900 315
1668910 315
1668920 315
1668930 316
1668940 316
1668950 316
1668960 317
1668970 317
1668980 317
1668990 317
1669000 317
1669010 317
1669020 318
1669030 318
1669040 318
1669050 318
1669060 318
1669070 318
1669080 319
1669090 319
1669100 319
1669110 319
1669120 319
1669130 319
1669140 319
1669150 319
1669160 318
1669170 318
1669180 318
1669190 318
1669200 318
1669210 318
1669220 318
1669230 317
1669240 317
1669250 317
1669260 317
1669270 316
1669280 316
1669290 316
1669300 316
1669310 316
1669320 315
1669330 315
1669340 315
1669350 314
1669360 314
1669370 314
1669380 313
1669390 312
1669400 312
1669410 312
1669420 311
1669430 311
1669440 310
1669450 309
1669460 309
1669470 308
1669480 308
1669490 308
1669500 307
1669510 306
1669520 306
1669530 305
1669540 304
1669550 304
1669560 304
1669570 301
1669580 301
1669590 299
1669600 298
1669610 298
1669620 298
1669630 298
1669640 298
1669650 298
1669660 297
1669670 297
1669680 297
1669690 298
1669700 298
1669710 300
1669720 302
1669730 302
1669740 304
1669750 305
1669760 305
1669770 306
1669780 307
1669790 307
1669800 308
1669810 310
1669820 310
1669830 311
1669840 310
1669850 310
1669860 310
1669870 311
1669880 311
1669890 311
1669900 312
1669910 312
1669920 312
1669930 312
1669940 312
1669950 312
1669960 312
1669970 312
1669980 311
1669990 311
1670000 311
1670010 309
1670020 306
1670030 306
1670040 303
1670050 303
1670060 303
1670070 305
1670080 308
1670090 308
1670100 311
1670110 312
1670120 312
1670130 312
1670140 313
1670150 313
1670160 314
1670170 315
1670180 315
1670190 315
1670200 316
1670210 316
1670220 317
1670230 317
1670240 317
1670250 318
1670260 318
1670270 318
1670280 319
1670290 320
1670300 320
1670310 320
1670320 321
1670330 321
1670340 321
1670350 322
1670360 322
1670370 322
1670380 323
1670390 323
1670400 323
1670410 323
1670420 323
1670430 323
1670440 324
1670450 324
1670460 324
1670470 324
1670480 324
1670490 323
1670500 323
1670510 323
1670520 323
1670530 322
1670540 322
1670550 322
1670560 322
1670570 322
1670580 321
1670590 320
1670600 320
1670610 320
1670620 319
1670630 317
1670640 317
1670650 316
1670660 315
1670670 315
1670680 315
1670690 314
1670700 314
1670710 313
1670720 313
1670730 313
1670740 312
1670750 311
1670760 311
1670770 310
1670780 308
1670790 308
1670800 307
1670810 306
1670820 306
1670830 305
1670840 304
1670850 304
1670860 303
1670870 301
1670880 301
1670890 300
1670900 298
1670910 298
1670920 297
1670930 295
1670940 295
1670950 294
1670960 292
1670970 292
1670980 290
1670990 292
1671000 292
1671010 291
1671020 289
1671030 289
1671040 289
1671050 290
1671060 290
1671070 291
1671080 290
1671090 290
1671100 290
1671110 289
1671120 289
1671130 289
1671140 288
1671150 288
1671160 287
1671170 286
1671180 286
1671190 285
1671200 284
1671210 284
1671220 283
1671230 281
1671240 281
1671250 281
1671260 281
1671270 281
1671280 281
1671290 281
1671300 281
1671310 282
1671320 286
1671330 286
1671340 293
1671350 298
1671360 298
1671370 304
1671380 307
1671390 307
1671400 307
1671410 308
1671420 308
1671430 309
1671440 309
1671450 309
1671460 308
1671470 308
1671480 308
1671490 308
1671500 307
1671510 307
1671520 306
1671530 306
1671540 306
1671550 305
1671560 304
1671570 304
1671580 303
1671590 302
1671600 302
1671610 301
1671620 300
1671630 300
1671640 299
1671650 298
1671660 298
1671670 294
1671680 291
1671690 291
1671700 291
1671710 290
1671720 290
1671730 291
1671740 290
1671750 290
1671760 289
1671770 287
1671780 287
1671790 286
1671800 286
1671810 286
1671820 288
1671830 289
1671840 289
1671850 289
1671860 290
1671870 290
1671880 291
1671890 292
1671900 292
1671910 292
1671920 291
1671930 291
1671940 291
1671950 291
1671960 291
1671970 291
1671980 291
1671990 291
1672000 291
1672010 291
1672020 291
1672030 290
1672040 290
1672050 290
1672060 290
1672070 290
1672080 290
1672090 290
1672100 289
1672110 289
1672120 289
1672130 289
1672140 288
1672150 288
1672160 288
1672170 288
1672180 288
1672190 288
1672200 287
1672210 287
1672220 286
1672230 286
1672240 286
1672250 284
1672260 284
1672270 284
1672280 284
1672290 285
1672300 285
1672310 285
1672320 285
1672330 285
1672340 285
1672350 284
1672360 284
1672370 284
1672380 284
1672390 284
1672400 284
1672410 284
1672420 284
1672430 285
1672440 285
1672450 285
1672460 285
1672470 284
1672480 284
1672490 286
1672500 289
1672510 289
1672520 293
1672530 295
1672540 295
1672550 295
1672560 295
1672570 295
1672580 295
1672590 295
1672600 295
1672610 297
1672620 297
1672630 297
1672640 298
1672650 298
1672660 298
1672670 298
1672680 299
1672690 299
1672700 300
1672710 301
1672720 301
1672730 301
1672740 302
1672750 302
1672760 302
1672770 302
1672780 302
1672790 303
1672800 303
1672810 303
1672820 303
1672830 304
1672840 304
1672850 304
1672860 305
1672870 305
1672880 305
1672890 305
1672900 305
1672910 305
1672920 306
1672930 306
1672940 306
1672950 306
1672960 306
1672970 305
1672980 303
1672990 303
1673000 301
1673010 303
1673020 303
1673030 307
1673040 309
1673050 309
1673060 311
1673070 313
1673080 313
1673090 314
1673100 315
1673110 315
1673120 316
1673130 317
1673140 317
1673150 318
1673160 318
1673170 318
1673180 318
1673190 319
1673200 319
1673210 319
1673220 319
1673230 319
1673240 319
1673250 318
1673260 318
1673270 318
1673280 318
1673290 318
1673300 319
1673310 319
1673320 319
1673330 319
1673340 319
1673350 319
1673360 319
1673370 320
1673380 320
1673390 320
1673400 320
1673410 320
1673420 320
1673430 321
1673440 321
1673450 321
1673460 321
1673470 321
1673480 322
1673490 323
1673500 323
1673510 323
1673520 324
1673530 325
1673540 325
1673550 326
1673560 327
1673570 327
1673580 328
1673590 329
1673600 329
1673610 330
1673620 330
1673630 330
1673640 331
1673650 332
1673660 332
1673670 333
1673680 334
1673690 334
1673700 335
1673710 336
1673720 336
1673730 336
1673740 337
1673750 337
1673760 337
1673770 337
1673780 337
1673790 337
1673800 337
1673810 337
1673820 337
1673830 337
1673840 337
1673850 338
1673860 338
1673870 338
1673880 338
1673890 337
1673900 337
1673910 337
1673920 337
1673930 337
1673940 337
1673950 337
1673960 337
1673970 338
1673980 339
1673990 339
1674000 339
1674010 339
1674020 339
1674030 339
1674040 339
1674050 339
1674060 339
1674070 339
1674080 339
1674090 339
1674100 339
1674110 339
1674120 339
1674130 339
1674140 339
1674150 339
1674160 339
1674170 339
1674180 339
1674190 339
1674200 339
1674210 339
1674220 339
1674230 339
1674240 339
1674250 339
1674260 339
1674270 339
1674280 339
1674290 339
1674300 339
1674310 339
1674320 339
1674330 338
1674340 338
1674350 338
1674360 337
1674370 336
1674380 336
1674390 336
1674400 335
1674410 335
1674420 334
1674430 334
1674440 334
1674450 333
1674460 331
1674470 331
1674480 331
1674490 329
1674500 329
1674510 327
1674520 326
1674530 326
1674540 324
1674550 322
1674560 322
1674570 323
1674580 323
1674590 323
1674600 324
1674610 325
1674620 325
1674630 326
1674640 327
1674650 327
1674660 328
1674670 328
1674680 328
1674690 329
1674700 329
1674710 329
1674720 330
1674730 330
1674740 330
1674750 331
1674760 332
1674770 332
1674780 332
1674790 332
1674800 332
1674810 333
1674820 333
1674830 333
1674840 333
1674850 333
1674860 333
1674870 333
1674880 333
1674890 333
1674900 333
1674910 332
1674920 332
1674930 332
1674940 333
1674950 333
1674960 333
1674970 333
1674980 333
1674990 333
1675000 332
1675010 332
1675020 332
1675030 332
1675040 332
1675050 332
1675060 331
1675070 331
1675080 331
1675090 331
1675100 331
1675110 331
1675120 330
1675130 330
1675140 330
1675150 330
1675160 329
1675170 329
1675180 329
1675190 329
1675200 329
1675210 329
1675220 328
1675230 328
1675240 328
1675250 328
1675260 328
1675270 327
1675280 327
1675290 327
1675300 326
1675310 326
1675320 326
1675330 325
1675340 325
1675350 325
1675360 325
1675370 324
1675380 324
1675390 324
1675400 323
1675410 323
1675420 323
1675430 322
1675440 322
1675450 322
1675460 321
1675470 321
1675480 321
1675490 320
1675500 320
1675510 320
1675520 320
1675530 320
1675540 319
1675550 319
1675560 319
1675570 318
1675580 317
1675590 317
1675600 315
1675610 314
1675620 314
1675630 314
1675640 314
1675650 314
1675660 315
1675670 317
1675680 317
1675690 317
1675700 318
1675710 318
1675720 318
1675730 318
1675740 318
1675750 318
1675760 318
1675770 318
1675780 319
1675790 319
1675800 319
1675810 319
1675820 319
1675830 319
1675840 319
1675850 319
1675860 319
1675870 319
1675880 319
1675890 319
1675900 319
1675910 319
1675920 319
1675930 319
1675940 319
1675950 319
1675960 319
1675970 319
1675980 319
1675990 319
1676000 318
1676010 318
1676020 318
1676030 318
1676040 318
1676050 318
1676060 318
1676070 318
1676080 318
1676090 317
1676100 317
1676110 317
1676120 317
1676130 317
1676140 317
1676150 316
1676160 316
1676170 316
1676180 316
1676190 316
1676200 315
1676210 315
1676220 315
1676230 315
1676240 314
1676250 314
1676260 314
1676270 314
1676280 314
1676290 314
1676300 313
1676310 313
1676320 313
1676330 313
1676340 313
1676350 312
1676360 312
1676370 312
1676380 312
1676390 311
1676400 311
1676410 311
1676420 311
1676430 311
1676440 310
1676450 310
1676460 309
1676470 309
1676480 309
1676490 309
1676500 309
1676510 308
1676520 308
1676530 308
1676540 307
1676550 307
1676560 307
1676570 306
1676580 305
1676590 305
1676600 305
1676610 304
1676620 304
1676630 303
1676640 303
1676650 303
1676660 302
1676670 302
1676680 302
1676690 301
1676700 300
1676710 300
1676720 299
1676730 299
1676740 299
1676750 299
1676760 299
1676770 299
1676780 299
1676790 299
1676800 299
1676810 299
1676820 299
1676830 299
1676840 299
1676850 299
1676860 299
1676870 299
1676880 299
1676890 299
1676900 299
1676910 299
1676920 299
1676930 299
1676940 299
1676950 299
1676960 299
1676970 299
1676980 299
1676990 299
1677000 299
1677010 299
1677020 299
1677030 299
1677040 299
1677050 299
1677060 298
1677070 298
1677080 298
1677090 298
1677100 298
1677110 298
1677120 298
1677130 298
1677140 298
1677150 298
1677160 298
1677170 298
1677180 297
1677190 297
1677200 297
1677210 297
1677220 297
1677230 297
1677240 297
1677250 297
1677260 297
1677270 297
1677280 297
1677290 297
1677300 297
1677310 297
1677320 297
1677330 296
1677340 296
1677350 296
1677360 296
1677370 296
1677380 296
1677390 296
1677400 296
1677410 296
1677420 296
1677430 296
1677440 296
1677450 296
1677460 296
1677470 296
1677480 296
1677490 296
1677500 296
1677510 296
1677520 296
1677530 295
1677540 295
1677550 295
1677560 295
1677570 295
1677580 295
1677590 295
1677600 295
1677610 295
1677620 295
1677630 294
1677640 294
1677650 294
1677660 294
1677670 294
1677680 294
1677690 294
1677700 294
1677710 293
1677720 293
1677730 293
1677740 293
1677750 293
1677760 293
1677770 292
1677780 292
1677790 292
1677800 292
1677810 292
1677820 292
1677830 292
1677840 292
1677850 292
1677860 291
1677870 291
1677880 291
1677890 291
1677900 291
1677910 291
1677920 291
1677930 291
1677940 291
1677950 291
1677960 291
1677970 293
1677980 293
1677990 293
1678000 293
1678010 293
1678020 293
1678030 293
1678040 291
1678050 291
1678060 292
1678070 292
1678080 293
1678090 292
1678100 292
1678110 291
1678120 290
1678130 290
1678140 291
1678150 292
1678160 292
1678170 292
1678180 292
1678190 292
1678200 293
1678210 293
1678220 293
1678230 293
1678240 293
1678250 293
1678260 293
1678270 293
1678280 293
1678290 293
1678300 294
1678310 294
1678320 294
1678330 294
1678340 294
1678350 294
1678360 294
1678370 294
1678380 294
1678390 294
1678400 294
1678410 294
1678420 294
1678430 294
1678440 294
1678450 294
1678460 294
1678470 294
1678480 294
1678490 294
1678500 294
1678510 294
1678520 294
1678530 294
1678540 294
1678550 294
1678560 294
1678570 294
1678580 294
1678590 294
1678600 294
1678610 294
1678620 294
1678630 294
1678640 294
1678650 294
1678660 294
1678670 294
1678680 294
1678690 294
1678700 294
1678710 294
1678720 294
1678730 294
1678740 294
1678750 294
1678760 294
1678770 294
1678780 294
1678790 294
1678800 294
1678810 294
1678820 294
1678830 294
1678840 294
1678850 294
1678860 294
1678870 294
1678880 294
1678890 294
1678900 294
1678910 294
1678920 294
1678930 294
1678940 294
1678950 294
1678960 294
1678970 294
1678980 294
1678990 294
1679000 294
1679010 294
1679020 294
1679030 294
1679040 294
1679050 294
1679060 294
1679070 294
1679080 294
1679090 294
1679100 294
1679110 294
1679120 294
1679130 293
1679140 293
1679150 293
1679160 293
1679170 293
1679180 293
1679190 293
1679200 293
1679210 293
1679220 293
1679230 293
1679240 293
1679250 293
1679260 293
1679270 293
1679280 293
1679290 293
1679300 293
1679310 293
1679320 293
1679330 293
1679340 293
1679350 293
1679360 293
1679370 292
1679380 292
1679390 292
1679400 292
1679410 292
1679420 292
1679430 292
1679440 292
1679450 292
1679460 292
1679470 292
1679480 292
1679490 292
1679500 292
1679510 292
1679520 292
1679530 292
1679540 291
1679550 291
1679560 291
1679570 291
1679580 291
1679590 291
1679600 291
1679610 291
1679620 291
1679630 291
1679640 291
1679650 291
1679660 291
1679670 291
1679680 291
1679690 291
1679700 291
1679710 290
1679720 290
1679730 290
1679740 291
1679750 291
1679760 291
1679770 291
1679780 291
1679790 291
1679800 291
1679810 291
1679820 291
1679830 291
1679840 291
1679850 291
1679860 291
1679870 290
1679880 290
1679890 290
1679900 290
1679910 290
1679920 290
1679930 290
1679940 290
1679950 290
1679960 290
1679970 290
1679980 290
1679990 290
