1660000 261
1660010 261
1660020 261
1660030 261
1660040 261
1660050 261
1660060 261
1660070 262
1660080 262
1660090 262
1660100 261
1660110 261
1660120 261
1660130 261
1660140 260
1660150 260
1660160 259
1660170 258
1660180 258
1660190 259
1660200 259
1660210 259
1660220 259
1660230 259
1660240 259
1660250 259
1660260 259
1660270 259
1660280 259
1660290 259
1660300 259
1660310 259
1660320 259
1660330 259
1660340 259
1660350 260
1660360 260
1660370 260
1660380 260
1660390 260
1660400 260
1660410 260
1660420 260
1660430 260
1660440 260
1660450 260
1660460 260
1660470 260
1660480 260
1660490 260
1660500 260
1660510 260
1660520 260
1660530 260
1660540 260
1660550 260
1660560 260
1660570 260
1660580 260
1660590 259
1660600 259
1660610 259
1660620 259
1660630 259
1660640 259
1660650 259
1660660 259
1660670 259
1660680 259
1660690 259
1660700 259
1660710 259
1660720 259
1660730 259
1660740 259
1660750 259
1660760 259
1660770 259
1660780 259
1660790 259
1660800 259
1660810 259
1660820 259
1660830 258
1660840 258
1660850 258
1660860 258
1660870 258
1660880 258
1660890 258
1660900 258
1660910 258
1660920 258
1660930 258
1660940 258
1660950 258
1660960 258
1660970 258
1660980 258
1660990 258
1661000 258
1661010 258
1661020 258
1661030 258
1661040 258
1661050 258
1661060 258
1661070 258
1661080 258
1661090 258
1661100 258
1661110 258
1661120 258
1661130 258
1661140 258
1661150 258
1661160 258
1661170 258
1661180 258
1661190 258
1661200 258
1661210 258
1661220 258
1661230 258
1661240 258
1661250 258
1661260 258
1661270 258
1661280 258
1661290 258
1661300 258
1661310 258
1661320 257
1661330 257
1661340 257
1661350 257
1661360 257
1661370 257
1661380 257
1661390 257
1661400 257
1661410 257
1661420 257
1661430 256
1661440 256
1661450 256
1661460 256
1661470 257
1661480 257
1661490 257
1661500 257
1661510 257
1661520 257
1661530 257
1661540 257
1661550 256
1661560 256
1661570 256
1661580 256
1661590 256
1661600 256
1661610 256
1661620 257
1661630 257
1661640 256
1661650 256
1661660 256
1661670 256
1661680 256
1661690 256
1661700 255
1661710 255
1661720 255
1661730 255
1661740 256
1661750 256
1661760 257
1661770 256
1661780 256
1661790 256
1661800 256
1661810 256
1661820 256
1661830 256
1661840 256
1661850 256
1661860 256
1661870 256
1661880 256
1661890 256
1661900 256
1661910 256
1661920 256
1661930 256
1661940 256
1661950 256
1661960 256
1661970 256
1661980 256
1661990 256
1662000 256
1662010 256
1662020 256
1662030 256
1662040 257
1662050 257
1662060 257
1662070 256
1662080 256
1662090 256
1662100 256
1662110 256
1662120 256
1662130 257
1662140 257
1662150 257
1662160 257
1662170 257
1662180 257
1662190 257
1662200 256
1662210 256
1662220 256
1662230 256
1662240 256
1662250 256
1662260 256
1662270 256
1662280 256
1662290 256
1662300 256
1662310 256
1662320 256
1662330 256
1662340 256
1662350 256
1662360 256
1662370 256
1662380 256
1662390 256
1662400 256
1662410 256
1662420 256
1662430 256
1662440 256
1662450 256
1662460 256
1662470 256
1662480 256
1662490 256
1662500 256
1662510 256
1662520 256
1662530 256
1662540 255
1662550 255
1662560 255
1662570 255
1662580 255
1662590 255
1662600 255
1662610 255
1662620 255
1662630 256
1662640 256
1662650 256
1662660 256
1662670 256
1662680 255
1662690 255
1662700 254
1662710 253
1662720 253
1662730 253
1662740 253
1662750 253
1662760 254
1662770 254
1662780 254
1662790 255
1662800 255
1662810 255
1662820 256
1662830 256
1662840 256
1662850 255
1662860 255
1662870 255
1662880 255
1662890 255
1662900 255
1662910 254
1662920 254
1662930 254
1662940 254
1662950 254
1662960 254
1662970 254
1662980 254
1662990 254
1663000 254
1663010 254
1663020 254
1663030 254
1663040 254
1663050 254
1663060 255
1663070 254
1663080 254
1663090 254
1663100 253
1663110 253
1663120 254
1663130 254
1663140 254
1663150 254
1663160 254
1663170 254
1663180 254
1663190 253
1663200 253
1663210 254
1663220 254
1663230 254
1663240 254
1663250 254
1663260 254
1663270 253
1663280 253
1663290 253
1663300 253
1663310 252
1663320 252
1663330 252
1663340 252
1663350 252
1663360 251
1663370 251
1663380 251
1663390 252
1663400 252
1663410 252
1663420 252
1663430 253
1663440 253
1663450 253
1663460 253
1663470 253
1663480 253
1663490 254
1663500 254
1663510 254
1663520 254
1663530 254
1663540 253
1663550 254
1663560 254
1663570 254
1663580 253
1663590 253
1663600 254
1663610 254
1663620 254
1663630 253
1663640 253
1663650 253
1663660 253
1663670 253
1663680 253
1663690 253
1663700 253
1663710 253
1663720 253
1663730 252
1663740 252
1663750 252
1663760 252
1663770 252
1663780 252
1663790 252
1663800 252
1663810 253
1663820 253
1663830 253
1663840 253
1663850 253
1663860 253
1663870 253
1663880 253
1663890 253
1663900 253
1663910 253
1663920 253
1663930 253
1663940 253
1663950 253
1663960 253
1663970 253
1663980 253
1663990 253
1664000 253
1664010 253
1664020 252
1664030 252
1664040 252
1664050 252
1664060 252
1664070 252
1664080 252
1664090 252
1664100 252
1664110 252
1664120 252
1664130 252
1664140 252
1664150 252
1664160 252
1664170 252
1664180 252
1664190 252
1664200 251
1664210 251
1664220 251
1664230 251
1664240 251
1664250 251
1664260 251
1664270 251
1664280 251
1664290 251
1664300 251
1664310 251
1664320 251
1664330 251
1664340 251
1664350 251
1664360 252
1664370 252
1664380 252
1664390 252
1664400 253
1664410 253
1664420 252
1664430 252
1664440 252
1664450 252
1664460 252
1664470 252
1664480 252
1664490 252
1664500 252
1664510 252
1664520 252
1664530 252
1664540 252
1664550 251
1664560 251
1664570 250
1664580 250
1664590 250
1664600 251
1664610 251
1664620 251
1664630 251
1664640 251
1664650 251
1664660 251
1664670 251
1664680 251
1664690 252
1664700 252
1664710 252
1664720 252
1664730 252
1664740 252
1664750 252
1664760 252
1664770 252
1664780 252
1664790 253
1664800 253
1664810 253
1664820 252
1664830 252
1664840 252
1664850 252
1664860 252
1664870 252
1664880 253
1664890 253
1664900 253
1664910 253
1664920 253
1664930 253
1664940 252
1664950 252
1664960 253
1664970 253
1664980 253
1664990 253
1665000 253
1665010 253
1665020 253
1665030 253
1665040 253
1665050 253
1665060 257
1665070 257
1665080 264
1665090 264
1665100 264
1665110 271
1665120 278
1665130 278
1665140 283
1665150 289
1665160 289
1665170 293
1665180 295
1665190 295
1665200 297
1665210 298
1665220 298
1665230 300
1665240 301
1665250 301
1665260 302
1665270 303
1665280 303
1665290 303
1665300 304
1665310 304
1665320 305
1665330 306
1665340 306
1665350 307
1665360 307
1665370 307
1665380 308
1665390 309
1665400 309
1665410 310
1665420 310
1665430 310
1665440 310
1665450 311
1665460 311
1665470 311
1665480 312
1665490 312
1665500 312
1665510 312
1665520 312
1665530 312
1665540 312
1665550 312
1665560 312
1665570 313
1665580 313
1665590 313
1665600 313
1665610 313
1665620 313
1665630 313
1665640 313
1665650 313
1665660 313
1665670 313
1665680 313
1665690 312
1665700 312
1665710 312
1665720 312
1665730 312
1665740 312
1665750 312
1665760 312
1665770 312
1665780 312
1665790 312
1665800 312
1665810 312
1665820 312
1665830 312
1665840 312
1665850 312
1665860 312
1665870 312
1665880 312
1665890 312
1665900 312
1665910 312
1665920 312
1665930 312
1665940 312
1665950 312
1665960 312
1665970 311
1665980 311
1665990 311
1666000 311
1666010 311
1666020 311
1666030 310
1666040 310
1666050 310
1666060 309
1666070 309
1666080 309
1666090 308
1666100 308
1666110 307
1666120 307
1666130 307
1666140 306
1666150 305
1666160 305
1666170 304
1666180 304
1666190 304
1666200 302
1666210 298
1666220 298
1666230 294
1666240 293
1666250 293
1666260 289
1666270 294
1666280 294
1666290 300
1666300 303
1666310 303
1666320 304
1666330 305
1666340 305
1666350 306
1666360 307
1666370 307
1666380 308
1666390 309
1666400 309
1666410 310
1666420 311
1666430 311
1666440 312
1666450 312
1666460 312
1666470 313
1666480 314
1666490 314
1666500 314
1666510 314
1666520 314
1666530 315
1666540 315
1666550 315
1666560 315
1666570 315
1666580 315
1666590 315
1666600 315
1666610 315
1666620 315
1666630 315
1666640 315
1666650 315
1666660 315
1666670 315
1666680 315
1666690 315
1666700 315
1666710 315
1666720 315
1666730 315
1666740 315
1666750 315
1666760 315
1666770 315
1666780 315
1666790 315
1666800 314
1666810 314
1666820 314
1666830 314
1666840 314
1666850 314
1666860 314
1666870 314
1666880 314
1666890 314
1666900 314
1666910 314
1666920 314
1666930 314
1666940 314
1666950 314
1666960 314
1666970 314
1666980 314
1666990 314
1667000 314
1667010 315
1667020 315
1667030 315
1667040 315
1667050 315
1667060 315
1667070 315
1667080 315
1667090 315
1667100 315
1667110 315
1667120 315
1667130 315
1667140 315
1667150 315
1667160 315
1667170 315
1667180 315
1667190 315
1667200 315
1667210 315
1667220 315
1667230 314
1667240 314
1667250 314
1667260 314
1667270 314
1667280 314
1667290 314
1667300 314
1667310 314
1667320 314
1667330 314
1667340 313
1667350 313
1667360 313
1667370 312
1667380 312
1667390 312
1667400 312
1667410 312
1667420 312
1667430 311
1667440 311
1667450 311
1667460 311
1667470 311
1667480 311
1667490 311
1667500 311
1667510 311
1667520 311
1667530 310
1667540 310
1667550 310
1667560 310
1667570 310
1667580 310
1667590 310
1667600 309
1667610 309
1667620 309
1667630 309
1667640 309
1667650 309
1667660 308
1667670 308
1667680 308
1667690 308
1667700 308
1667710 308
1667720 308
1667730 308
1667740 307
1667750 307
1667760 307
1667770 307
1667780 307
1667790 307
1667800 306
1667810 306
1667820 306
1667830 306
1667840 306
1667850 306
1667860 305
1667870 305
1667880 305
1667890 304
1667900 304
1667910 304
1667920 303
1667930 303
1667940 303
1667950 302
1667960 302
1667970 302
1667980 301
1667990 300
1668000 300
1668010 300
1668020 299
1668030 299
1668040 298
1668050 297
1668060 297
1668070 296
1668080 296
1668090 296
1668100 295
1668110 294
1668120 294
1668130 293
1668140 293
1668150 293
1668160 292
1668170 292
1668180 292
1668190 291
1668200 290
1668210 290
1668220 289
1668230 289
1668240 289
1668250 288
1668260 287
1668270 287
1668280 287
1668290 286
1668300 286
1668310 285
1668320 282
1668330 282
1668340 281
1668350 281
1668360 281
1668370 281
1668380 283
1668390 283
1668400 283
1668410 283
1668420 283
1668430 282
1668440 282
1668450 282
1668460 282
1668470 281
1668480 281
1668490 282
1668500 282
1668510 282
1668520 282
1668530 281
1668540 281
1668550 281
1668560 281
1668570 281
1668580 281
1668590 281
1668600 281
1668610 281
1668620 281
1668630 281
1668640 281
1668650 281
1668660 281
1668670 281
1668680 280
1668690 280
1668700 280
1668710 280
1668720 280
1668730 279
1668740 279
1668750 279
1668760 279
1668770 278
1668780 278
1668790 278
1668800 278
1668810 278
1668820 278
1668830 277
1668840 277
1668850 277
1668860 277
1668870 277
1668880 277
1668890 277
1668900 277
1668910 276
1668920 276
1668930 276
1668940 275
1668950 275
1668960 275
1668970 274
1668980 274
1668990 274
1669000 274
1669010 273
1669020 273
1669030 273
1669040 272
1669050 272
1669060 272
1669070 272
1669080 272
1669090 271
1669100 271
1669110 271
1669120 271
1669130 270
1669140 270
1669150 270
1669160 270
1669170 271
1669180 271
1669190 270
1669200 270
1669210 270
1669220 269
1669230 269
1669240 269
1669250 268
1669260 267
1669270 267
1669280 267
1669290 267
1669300 267
1669310 266
1669320 266
1669330 266
1669340 267
1669350 267
1669360 267
1669370 266
1669380 266
1669390 266
1669400 265
1669410 265
1669420 265
1669430 265
1669440 264
1669450 264
1669460 264
1669470 264
1669480 264
1669490 263
1669500 263
1669510 263
1669520 263
1669530 263
1669540 263
1669550 262
1669560 261
1669570 261
1669580 260
1669590 259
1669600 259
1669610 258
1669620 256
1669630 256
1669640 256
1669650 255
1669660 255
1669670 255
1669680 255
1669690 255
1669700 255
1669710 255
1669720 255
1669730 255
1669740 255
1669750 255
1669760 255
1669770 254
1669780 254
1669790 254
1669800 254
1669810 254
1669820 254
1669830 255
1669840 255
1669850 253
1669860 253
1669870 253
1669880 254
1669890 255
1669900 255
1669910 255
1669920 255
1669930 255
1669940 255
1669950 255
1669960 255
1669970 255
1669980 255
1669990 255
1670000 255
1670010 256
1670020 256
1670030 256
1670040 257
1670050 257
1670060 258
1670070 259
1670080 259
1670090 261
1670100 262
1670110 262
1670120 263
1670130 265
1670140 265
1670150 266
1670160 268
1670170 268
1670180 269
1670190 271
1670200 271
1670210 272
1670220 274
1670230 274
1670240 275
1670250 277
1670260 277
1670270 278
1670280 279
1670290 279
1670300 281
1670310 282
1670320 282
1670330 283
1670340 284
1670350 284
1670360 285
1670370 286
1670380 286
1670390 287
1670400 288
1670410 288
1670420 288
1670430 289
1670440 289
1670450 290
1670460 291
1670470 291
1670480 292
1670490 292
1670500 292
1670510 293
1670520 294
1670530 294
1670540 294
1670550 295
1670560 295
1670570 297
1670580 298
1670590 298
1670600 299
1670610 300
1670620 300
1670630 301
1670640 301
1670650 301
1670660 301
1670670 301
1670680 301
1670690 302
1670700 302
1670710 302
1670720 302
1670730 302
1670740 302
1670750 302
1670760 302
1670770 302
1670780 302
1670790 302
1670800 302
1670810 302
1670820 301
1670830 301
1670840 301
1670850 301
1670860 301
1670870 301
1670880 300
1670890 299
1670900 299
1670910 298
1670920 298
1670930 298
1670940 297
1670950 296
1670960 296
1670970 294
1670980 293
1670990 293
1671000 291
1671010 290
1671020 290
1671030 289
1671040 290
1671050 290
1671060 291
1671070 292
1671080 292
1671090 293
1671100 295
1671110 295
1671120 297
1671130 299
1671140 299
1671150 301
1671160 302
1671170 302
1671180 303
1671190 303
1671200 303
1671210 303
1671220 303
1671230 303
1671240 303
1671250 303
1671260 303
1671270 304
1671280 304
1671290 304
1671300 304
1671310 304
1671320 304
1671330 304
1671340 304
1671350 304
1671360 304
1671370 304
1671380 304
1671390 304
1671400 303
1671410 303
1671420 303
1671430 303
1671440 303
1671450 302
1671460 302
1671470 302
1671480 301
1671490 301
1671500 301
1671510 300
1671520 299
1671530 299
1671540 298
1671550 297
1671560 297
1671570 297
1671580 295
1671590 295
1671600 294
1671610 293
1671620 293
1671630 291
1671640 289
1671650 289
1671660 287
1671670 285
1671680 285
1671690 285
1671700 286
1671710 286
1671720 287
1671730 288
1671740 288
1671750 287
1671760 287
1671770 287
1671780 287
1671790 287
1671800 287
1671810 286
1671820 286
1671830 286
1671840 286
1671850 285
1671860 285
1671870 285
1671880 284
1671890 284
1671900 283
1671910 283
1671920 283
1671930 282
1671940 282
1671950 282
1671960 281
1671970 280
1671980 280
1671990 280
1672000 279
1672010 279
1672020 279
1672030 279
1672040 279
1672050 278
1672060 276
1672070 276
1672080 274
1672090 272
1672100 272
1672110 271
1672120 271
1672130 271
1672140 271
1672150 271
1672160 271
1672170 271
1672180 272
1672190 272
1672200 272
1672210 273
1672220 273
1672230 274
1672240 277
1672250 277
1672260 279
1672270 281
1672280 281
1672290 283
1672300 285
1672310 285
1672320 287
1672330 289
1672340 289
1672350 291
1672360 293
1672370 295
1672380 295
1672390 297
1672400 298
1672410 298
1672420 300
1672430 301
1672440 301
1672450 302
1672460 303
1672470 303
1672480 304
1672490 304
1672500 304
1672510 305
1672520 306
1672530 306
1672540 307
1672550 307
1672560 307
1672570 308
1672580 308
1672590 308
1672600 309
1672610 312
1672620 312
1672630 313
1672640 313
1672650 313
1672660 311
1672670 312
1672680 312
1672690 312
1672700 313
1672710 313
1672720 313
1672730 313
1672740 313
1672750 314
1672760 314
1672770 314
1672780 314
1672790 314
1672800 314
1672810 314
1672820 314
1672830 314
1672840 314
1672850 314
1672860 314
1672870 314
1672880 314
1672890 314
1672900 314
1672910 314
1672920 314
1672930 314
1672940 314
1672950 314
1672960 314
1672970 314
1672980 314
1672990 314
1673000 314
1673010 314
1673020 314
1673030 315
1673040 315
1673050 315
1673060 315
1673070 315
1673080 315
1673090 315
1673100 315
1673110 316
1673120 316
1673130 316
1673140 316
1673150 316
1673160 316
1673170 316
1673180 316
1673190 316
1673200 316
1673210 316
1673220 316
1673230 316
1673240 316
1673250 316
1673260 316
1673270 316
1673280 316
1673290 316
1673300 316
1673310 316
1673320 315
1673330 315
1673340 315
1673350 315
1673360 315
1673370 315
1673380 315
1673390 314
1673400 314
1673410 314
1673420 314
1673430 314
1673440 313
1673450 313
1673460 313
1673470 312
1673480 311
1673490 311
1673500 311
1673510 310
1673520 310
1673530 310
1673540 309
1673550 309
1673560 309
1673570 308
1673580 308
1673590 307
1673600 306
1673610 306
1673620 305
1673630 304
1673640 304
1673650 303
1673660 302
1673670 302
1673680 302
1673690 301
1673700 301
1673710 300
1673720 299
1673730 299
1673740 299
1673750 298
1673760 298
1673770 298
1673780 297
1673790 297
1673800 297
1673810 297
1673820 297
1673830 296
1673840 296
1673850 296
1673860 295
1673870 295
1673880 295
1673890 294
1673900 293
1673910 293
1673920 293
1673930 292
1673940 292
1673950 292
1673960 291
1673970 291
1673980 290
1673990 290
1674000 289
1674010 289
1674020 288
1674030 288
1674040 288
1674050 287
1674060 286
1674070 286
1674080 285
1674090 284
1674100 284
1674110 283
1674120 283
1674130 283
1674140 282
1674150 281
1674160 281
1674170 281
1674180 280
1674190 280
1674200 280
1674210 280
1674220 280
1674230 279
1674240 278
1674250 278
1674260 278
1674270 278
1674280 278
1674290 278
1674300 278
1674310 278
1674320 278
1674330 283
1674340 283
1674350 288
1674360 291
1674370 291
1674380 293
1674390 296
1674400 296
1674410 300
1674420 303
1674430 303
1674440 305
1674450 306
1674460 306
1674470 307
1674480 308
1674490 308
1674500 309
1674510 309
1674520 309
1674530 309
1674540 309
1674550 309
1674560 310
1674570 310
1674580 310
1674590 310
1674600 310
1674610 310
1674620 310
1674630 310
1674640 310
1674650 309
1674660 309
1674670 309
1674680 308
1674690 308
1674700 308
1674710 307
1674720 306
1674730 306
1674740 305
1674750 304
1674760 304
1674770 304
1674780 304
1674790 304
1674800 303
1674810 303
1674820 303
1674830 303
1674840 303
1674850 303
1674860 301
1674870 301
1674880 301
1674890 300
1674900 299
1674910 299
1674920 299
1674930 299
1674940 299
1674950 299
1674960 299
1674970 299
1674980 299
1674990 300
1675000 300
1675010 300
1675020 300
1675030 300
1675040 300
1675050 301
1675060 301
1675070 301
1675080 301
1675090 301
1675100 302
1675110 302
1675120 302
1675130 303
1675140 303
1675150 303
1675160 303
1675170 303
1675180 303
1675190 303
1675200 304
1675210 304
1675220 304
1675230 304
1675240 304
1675250 305
1675260 305
1675270 305
1675280 305
1675290 306
1675300 306
1675310 306
1675320 306
1675330 306
1675340 306
1675350 306
1675360 306
1675370 307
1675380 307
1675390 307
1675400 307
1675410 307
1675420 307
1675430 308
1675440 308
1675450 308
1675460 308
1675470 308
1675480 308
1675490 309
1675500 310
1675510 310
1675520 311
1675530 311
1675540 312
1675550 313
1675560 313
1675570 313
1675580 314
1675590 315
1675600 315
1675610 316
1675620 317
1675630 317
1675640 317
1675650 318
1675660 319
1675670 319
1675680 320
1675690 321
1675700 321
1675710 321
1675720 322
1675730 322
1675740 322
1675750 323
1675760 323
1675770 323
1675780 324
1675790 324
1675800 324
1675810 325
1675820 325
1675830 325
1675840 325
1675850 325
1675860 325
1675870 325
1675880 325
1675890 325
1675900 325
1675910 325
1675920 325
1675930 325
1675940 325
1675950 325
1675960 325
1675970 325
1675980 325
1675990 324
1676000 324
1676010 324
1676020 324
1676030 324
1676040 324
1676050 323
1676060 323
1676070 323
1676080 322
1676090 322
1676100 321
1676110 319
1676120 319
1676130 317
1676140 316
1676150 316
1676160 314
1676170 312
1676180 312
1676190 311
1676200 312
1676210 310
1676220 312
1676230 313
1676240 313
1676250 314
1676260 315
1676270 315
1676280 316
1676290 317
1676300 317
1676310 318
1676320 318
1676330 318
1676340 318
1676350 318
1676360 318
1676370 318
1676380 318
1676390 318
1676400 318
1676410 318
1676420 318
1676430 318
1676440 317
1676450 317
1676460 317
1676470 316
1676480 316
1676490 316
1676500 316
1676510 316
1676520 315
1676530 315
1676540 315
1676550 314
1676560 313
1676570 313
1676580 312
1676590 311
1676600 311
1676610 311
1676620 310
1676630 310
1676640 309
1676650 308
1676660 308
1676670 307
1676680 306
1676690 306
1676700 305
1676710 304
1676720 304
1676730 303
1676740 303
1676750 303
1676760 302
1676770 302
1676780 302
1676790 302
1676800 303
1676810 303
1676820 304
1676830 305
1676840 305
1676850 306
1676860 307
1676870 307
1676880 307
1676890 310
1676900 310
1676910 311
1676920 311
1676930 311
1676940 312
1676950 312
1676960 312
1676970 313
1676980 314
1676990 314
1677000 314
1677010 315
1677020 315
1677030 315
1677040 316
1677050 316
1677060 316
1677070 317
1677080 317
1677090 318
1677100 318
1677110 318
1677120 319
1677130 319
1677140 319
1677150 320
1677160 321
1677170 321
1677180 322
1677190 323
1677200 323
1677210 324
1677220 325
1677230 325
1677240 325
1677250 326
1677260 327
1677270 327
1677280 328
1677290 328
1677300 328
1677310 329
1677320 329
1677330 329
1677340 330
1677350 330
1677360 330
1677370 331
1677380 331
1677390 331
1677400 331
1677410 332
1677420 332
1677430 332
1677440 332
1677450 332
1677460 332
1677470 332
1677480 332
1677490 332
1677500 332
1677510 332
1677520 332
1677530 331
1677540 331
1677550 331
1677560 331
1677570 331
1677580 330
1677590 330
1677600 330
1677610 329
1677620 328
1677630 328
1677640 327
1677650 326
1677660 326
1677670 325
1677680 324
1677690 324
1677700 323
1677710 322
1677720 322
1677730 321
1677740 320
1677750 320
1677760 319
1677770 318
1677780 318
1677790 316
1677800 315
1677810 315
1677820 314
1677830 314
1677840 314
1677850 313
1677860 312
1677870 312
1677880 311
1677890 310
1677900 310
1677910 309
1677920 309
1677930 309
1677940 307
1677950 306
1677960 306
1677970 305
1677980 305
1677990 305
1678000 305
1678010 306
1678020 306
1678030 307
1678040 306
1678050 306
1678060 306
1678070 306
1678080 306
1678090 306
1678100 305
1678110 305
1678120 305
1678130 304
1678140 304
1678150 304
1678160 303
1678170 303
1678180 303
1678190 303
1678200 303
1678210 302
1678220 302
1678230 301
1678240 301
1678250 300
1678260 300
1678270 298
1678280 297
1678290 297
1678300 297
1678310 297
1678320 297
1678330 297
1678340 298
1678350 298
1678360 299
1678370 299
1678380 299
1678390 299
1678400 299
1678410 299
1678420 300
1678430 300
1678440 300
1678450 300
1678460 300
1678470 300
1678480 300
1678490 299
1678500 299
1678510 299
1678520 299
1678530 299
1678540 299
1678550 299
1678560 299
1678570 299
1678580 299
1678590 299
1678600 298
1678610 298
1678620 298
1678630 298
1678640 298
1678650 298
1678660 298
1678670 297
1678680 297
1678690 297
1678700 297
1678710 297
1678720 297
1678730 297
1678740 297
1678750 296
1678760 296
1678770 296
1678780 296
1678790 295
1678800 295
1678810 295
1678820 295
1678830 295
1678840 294
1678850 294
1678860 294
1678870 293
1678880 293
1678890 293
1678900 293
1678910 293
1678920 292
1678930 292
1678940 291
1678950 291
1678960 291
1678970 291
1678980 292
1678990 292
1679000 292
1679010 292
1679020 292
1679030 292
1679040 292
1679050 292
1679060 293
1679070 293
1679080 293
1679090 293
1679100 293
1679110 293
1679120 293
1679130 293
1679140 293
1679150 293
1679160 293
1679170 293
1679180 293
1679190 293
1679200 293
1679210 293
1679220 293
1679230 293
1679240 293
1679250 294
1679260 294
1679270 294
1679280 294
1679290 294
1679300 294
1679310 294
1679320 294
1679330 294
1679340 294
1679350 294
1679360 294
1679370 294
1679380 294
1679390 294
1679400 293
1679410 293
1679420 293
1679430 293
1679440 293
1679450 293
1679460 293
1679470 293
1679480 293
1679490 293
1679500 293
1679510 293
1679520 293
1679530 293
1679540 293
1679550 293
1679560 293
1679570 292
1679580 292
1679590 292
1679600 292
1679610 292
1679620 292
1679630 291
1679640 291
1679650 291
1679660 291
1679670 290
1679680 290
1679690 290
1679700 289
1679710 289
1679720 289
1679730 288
1679740 288
1679750 288
1679760 287
1679770 287
1679780 287
1679790 287
1679800 287
1679810 286
1679820 285
1679830 285
1679840 284
1679850 283
1679860 283
1679870 283
1679880 283
1679890 283
1679900 283
1679910 284
1679920 284
1679930 285
1679940 286
1679950 286
1679960 286
1679970 286
1679980 286
1679990 286
