1660000 261
1660010 261
1660020 261
1660030 261
1660040 261
1660050 261
1660060 261
1660070 261
1660080 261
1660090 261
1660100 261
1660110 261
1660120 261
1660130 261
1660140 261
1660150 261
1660160 261
1660170 261
1660180 261
1660190 261
1660200 261
1660210 261
1660220 261
1660230 261
1660240 261
1660250 260
1660260 260
1660270 260
1660280 260
1660290 260
1660300 261
1660310 261
1660320 261
1660330 260
1660340 260
1660350 260
1660360 260
1660370 260
1660380 260
1660390 260
1660400 260
1660410 260
1660420 260
1660430 260
1660440 260
1660450 260
1660460 260
1660470 260
1660480 260
1660490 260
1660500 260
1660510 260
1660520 260
1660530 260
1660540 260
1660550 260
1660560 260
1660570 260
1660580 260
1660590 260
1660600 260
1660610 260
1660620 260
1660630 260
1660640 260
1660650 260
1660660 258
1660670 258
1660680 258
1660690 257
1660700 258
1660710 258
1660720 258
1660730 259
1660740 259
1660750 258
1660760 258
1660770 258
1660780 258
1660790 259
1660800 259
1660810 259
1660820 259
1660830 259
1660840 258
1660850 258
1660860 258
1660870 258
1660880 258
1660890 258
1660900 258
1660910 258
1660920 258
1660930 258
1660940 258
1660950 258
1660960 258
1660970 258
1660980 258
1660990 257
1661000 257
1661010 257
1661020 257
1661030 257
1661040 257
1661050 257
1661060 257
1661070 257
1661080 258
1661090 259
1661100 259
1661110 259
1661120 259
1661130 259
1661140 259
1661150 259
1661160 259
1661170 259
1661180 258
1661190 258
1661200 258
1661210 258
1661220 258
1661230 258
1661240 258
1661250 258
1661260 258
1661270 258
1661280 258
1661290 258
1661300 258
1661310 258
1661320 258
1661330 258
1661340 258
1661350 258
1661360 258
1661370 258
1661380 258
1661390 257
1661400 257
1661410 256
1661420 256
1661430 256
1661440 256
1661450 256
1661460 256
1661470 256
1661480 256
1661490 256
1661500 256
1661510 255
1661520 255
1661530 255
1661540 255
1661550 255
1661560 255
1661570 255
1661580 255
1661590 255
1661600 255
1661610 255
1661620 255
1661630 256
1661640 258
1661650 258
1661660 259
1661670 259
1661680 259
1661690 259
1661700 259
1661710 259
1661720 259
1661730 259
1661740 259
1661750 259
1661760 259
1661770 259
1661780 259
1661790 259
1661800 259
1661810 259
1661820 259
1661830 259
1661840 257
1661850 255
1661860 255
1661870 255
1661880 256
1661890 256
1661900 257
1661910 257
1661920 257
1661930 257
1661940 258
1661950 258
1661960 258
1661970 255
1661980 255
1661990 255
1662000 255
1662010 255
1662020 255
1662030 256
1662040 256
1662050 256
1662060 257
1662070 257
1662080 256
1662090 256
1662100 256
1662110 256
1662120 256
1662130 256
1662140 256
1662150 256
1662160 256
1662170 256
1662180 256
1662190 256
1662200 256
1662210 255
1662220 255
1662230 255
1662240 255
1662250 255
1662260 255
1662270 255
1662280 255
1662290 255
1662300 256
1662310 256
1662320 256
1662330 256
1662340 256
1662350 256
1662360 256
1662370 256
1662380 256
1662390 256
1662400 256
1662410 255
1662420 255
1662430 255
1662440 255
1662450 256
1662460 256
1662470 255
1662480 255
1662490 255
1662500 254
1662510 253
1662520 253
1662530 254
1662540 254
1662550 254
1662560 254
1662570 254
1662580 254
1662590 254
1662600 256
1662610 256
1662620 256
1662630 255
1662640 255
1662650 255
1662660 255
1662670 255
1662680 255
1662690 255
1662700 255
1662710 255
1662720 255
1662730 255
1662740 255
1662750 255
1662760 255
1662770 254
1662780 255
1662790 255
1662800 255
1662810 254
1662820 254
1662830 254
1662840 254
1662850 254
1662860 254
1662870 254
1662880 254
1662890 254
1662900 254
1662910 254
1662920 254
1662930 254
1662940 254
1662950 254
1662960 254
1662970 254
1662980 254
1662990 255
1663000 255
1663010 255
1663020 256
1663030 256
1663040 255
1663050 255
1663060 255
1663070 255
1663080 255
1663090 255
1663100 255
1663110 256
1663120 256
1663130 257
1663140 257
1663150 257
1663160 257
1663170 257
1663180 257
1663190 257
1663200 256
1663210 256
1663220 256
1663230 256
1663240 256
1663250 256
1663260 256
1663270 256
1663280 256
1663290 255
1663300 255
1663310 255
1663320 255
1663330 255
1663340 255
1663350 255
1663360 255
1663370 255
1663380 255
1663390 255
1663400 255
1663410 255
1663420 255
1663430 255
1663440 255
1663450 255
1663460 255
1663470 254
1663480 255
1663490 255
1663500 256
1663510 255
1663520 255
1663530 255
1663540 255
1663550 255
1663560 255
1663570 255
1663580 255
1663590 254
1663600 254
1663610 254
1663620 254
1663630 254
1663640 254
1663650 254
1663660 254
1663670 254
1663680 254
1663690 254
1663700 254
1663710 254
1663720 254
1663730 254
1663740 254
1663750 254
1663760 254
1663770 254
1663780 255
1663790 255
1663800 255
1663810 255
1663820 255
1663830 255
1663840 254
1663850 254
1663860 254
1663870 254
1663880 254
1663890 254
1663900 254
1663910 254
1663920 254
1663930 254
1663940 254
1663950 254
1663960 254
1663970 254
1663980 254
1663990 254
1664000 254
1664010 254
1664020 253
1664030 253
1664040 253
1664050 253
1664060 253
1664070 253
1664080 254
1664090 254
1664100 254
1664110 253
1664120 253
1664130 253
1664140 253
1664150 253
1664160 253
1664170 253
1664180 253
1664190 254
1664200 254
1664210 254
1664220 254
1664230 254
1664240 254
1664250 255
1664260 255
1664270 255
1664280 255
1664290 255
1664300 255
1664310 255
1664320 255
1664330 255
1664340 255
1664350 255
1664360 255
1664370 255
1664380 255
1664390 255
1664400 255
1664410 255
1664420 255
1664430 255
1664440 255
1664450 255
1664460 254
1664470 253
1664480 253
1664490 253
1664500 253
1664510 253
1664520 252
1664530 252
1664540 252
1664550 252
1664560 252
1664570 252
1664580 252
1664590 252
1664600 252
1664610 252
1664620 252
1664630 252
1664640 252
1664650 252
1664660 252
1664670 252
1664680 252
1664690 252
1664700 252
1664710 252
1664720 252
1664730 251
1664740 251
1664750 251
1664760 251
1664770 251
1664780 251
1664790 251
1664800 251
1664810 251
1664820 251
1664830 251
1664840 251
1664850 251
1664860 251
1664870 251
1664880 251
1664890 251
1664900 251
1664910 251
1664920 251
1664930 251
1664940 251
1664950 251
1664960 251
1664970 251
1664980 251
1664990 251
1665000 251
1665010 251
1665020 251
1665030 251
1665040 251
1665050 251
1665060 251
1665070 251
1665080 251
1665090 251
1665100 251
1665110 251
1665120 251
1665130 251
1665140 251
1665150 251
1665160 251
1665170 251
1665180 251
1665190 250
1665200 250
1665210 250
1665220 251
1665230 251
1665240 251
1665250 250
1665260 250
1665270 250
1665280 250
1665290 250
1665300 250
1665310 250
1665320 251
1665330 251
1665340 251
1665350 251
1665360 251
1665370 251
1665380 251
1665390 251
1665400 251
1665410 251
1665420 251
1665430 251
1665440 251
1665450 251
1665460 250
1665470 250
1665480 250
1665490 250
1665500 249
1665510 249
1665520 249
1665530 248
1665540 248
1665550 249
1665560 249
1665570 249
1665580 249
1665590 249
1665600 249
1665610 249
1665620 249
1665630 249
1665640 249
1665650 249
1665660 249
1665670 249
1665680 249
1665690 249
1665700 249
1665710 249
1665720 249
1665730 249
1665740 249
1665750 249
1665760 249
1665770 249
1665780 249
1665790 249
1665800 250
1665810 250
1665820 250
1665830 249
1665840 249
1665850 250
1665860 250
1665870 250
1665880 250
1665890 250
1665900 250
1665910 250
1665920 250
1665930 250
1665940 250
1665950 250
1665960 250
1665970 250
1665980 250
1665990 250
1666000 250
1666010 250
1666020 250
1666030 250
1666040 250
1666050 250
1666060 250
1666070 250
1666080 250
1666090 250
1666100 250
1666110 250
1666120 250
1666130 250
1666140 250
1666150 250
1666160 250
1666170 250
1666180 249
1666190 248
1666200 248
1666210 249
1666220 248
1666230 248
1666240 248
1666250 248
1666260 248
1666270 248
1666280 248
1666290 248
1666300 248
1666310 248
1666320 248
1666330 248
1666340 248
1666350 248
1666360 248
1666370 247
1666380 247
1666390 247
1666400 247
1666410 247
1666420 247
1666430 247
1666440 247
1666450 247
1666460 245
1666470 245
1666480 244
1666490 244
1666500 244
1666510 243
1666520 243
1666530 243
1666540 243
1666550 243
1666560 243
1666570 243
1666580 243
1666590 243
1666600 243
1666610 243
1666620 244
1666630 244
1666640 244
1666650 245
1666660 245
1666670 245
1666680 246
1666690 246
1666700 246
1666710 246
1666720 246
1666730 246
1666740 248
1666750 248
1666760 248
1666770 248
1666780 248
1666790 248
1666800 248
1666810 248
1666820 248
1666830 248
1666840 248
1666850 248
1666860 248
1666870 248
1666880 247
1666890 247
1666900 247
1666910 247
1666920 247
1666930 247
1666940 247
1666950 247
1666960 247
1666970 247
1666980 248
1666990 247
1667000 247
1667010 248
1667020 248
1667030 249
1667040 249
1667050 249
1667060 251
1667070 252
1667080 252
1667090 254
1667100 255
1667110 255
1667120 257
1667130 258
1667140 258
1667150 260
1667160 264
1667170 264
1667180 268
1667190 270
1667200 270
1667210 270
1667220 269
1667230 269
1667240 267
1667250 267
1667260 267
1667270 267
1667280 267
1667290 267
1667300 267
1667310 264
1667320 264
1667330 260
1667340 256
1667350 256
1667360 255
1667370 259
1667380 259
1667390 264
1667400 267
1667410 267
1667420 271
1667430 274
1667440 274
1667450 276
1667460 280
1667470 280
1667480 284
1667490 288
1667500 288
1667510 292
1667520 294
1667530 294
1667540 296
1667550 298
1667560 298
1667570 300
1667580 302
1667590 302
1667600 303
1667610 303
1667620 303
1667630 304
1667640 305
1667650 305
1667660 306
1667670 307
1667680 307
1667690 308
1667700 308
1667710 308
1667720 309
1667730 309
1667740 309
1667750 310
1667760 311
1667770 311
1667780 311
1667790 312
1667800 312
1667810 312
1667820 313
1667830 313
1667840 313
1667850 314
1667860 314
1667870 314
1667880 314
1667890 314
1667900 314
1667910 314
1667920 314
1667930 314
1667940 314
1667950 314
1667960 314
1667970 314
1667980 314
1667990 314
1668000 314
1668010 314
1668020 313
1668030 313
1668040 313
1668050 313
1668060 313
1668070 313
1668080 313
1668090 313
1668100 313
1668110 312
1668120 312
1668130 312
1668140 311
1668150 310
1668160 310
1668170 310
1668180 310
1668190 309
1668200 309
1668210 308
1668220 308
1668230 308
1668240 307
1668250 307
1668260 307
1668270 307
1668280 307
1668290 307
1668300 307
1668310 306
1668320 306
1668330 306
1668340 305
1668350 305
1668360 305
1668370 304
1668380 304
1668390 304
1668400 304
1668410 304
1668420 304
1668430 304
1668440 304
1668450 304
1668460 304
1668470 304
1668480 303
1668490 303
1668500 303
1668510 303
1668520 303
1668530 303
1668540 303
1668550 303
1668560 303
1668570 303
1668580 303
1668590 303
1668600 303
1668610 303
1668620 303
1668630 303
1668640 303
1668650 303
1668660 303
1668670 303
1668680 303
1668690 303
1668700 303
1668710 303
1668720 303
1668730 303
1668740 303
1668750 303
1668760 303
1668770 303
1668780 303
1668790 303
1668800 303
1668810 303
1668820 303
1668830 303
1668840 303
1668850 303
1668860 303
1668870 303
1668880 303
1668890 303
1668900 302
1668910 302
1668920 302
1668930 302
1668940 302
1668950 302
1668960 301
1668970 301
1668980 301
1668990 301
1669000 301
1669010 301
1669020 301
1669030 300
1669040 300
1669050 300
1669060 300
1669070 300
1669080 299
1669090 299
1669100 299
1669110 297
1669120 296
1669130 296
1669140 296
1669150 295
1669160 295
1669170 295
1669180 294
1669190 294
1669200 293
1669210 292
1669220 292
1669230 291
1669240 290
1669250 290
1669260 290
1669270 289
1669280 289
1669290 288
1669300 287
1669310 287
1669320 286
1669330 285
1669340 285
1669350 284
1669360 284
1669370 284
1669380 283
1669390 282
1669400 282
1669410 281
1669420 280
1669430 280
1669440 279
1669450 279
1669460 279
1669470 278
1669480 277
1669490 277
1669500 276
1669510 275
1669520 275
1669530 275
1669540 274
1669550 274
1669560 273
1669570 272
1669580 272
1669590 272
1669600 271
1669610 271
1669620 271
1669630 270
1669640 270
1669650 270
1669660 270
1669670 270
1669680 269
1669690 268
1669700 268
1669710 267
1669720 266
1669730 266
1669740 266
1669750 265
1669760 265
1669770 265
1669780 264
1669790 264
1669800 264
1669810 263
1669820 263
1669830 263
1669840 263
1669850 263
1669860 262
1669870 262
1669880 261
1669890 261
1669900 261
1669910 261
1669920 261
1669930 261
1669940 260
1669950 260
1669960 260
1669970 259
1669980 259
1669990 259
1670000 259
1670010 259
1670020 258
1670030 258
1670040 258
1670050 257
1670060 257
1670070 257
1670080 257
1670090 256
1670100 256
1670110 256
1670120 255
1670130 255
1670140 255
1670150 255
1670160 255
1670170 254
1670180 254
1670190 254
1670200 254
1670210 254
1670220 254
1670230 253
1670240 252
1670250 252
1670260 252
1670270 251
1670280 251
1670290 251
1670300 251
1670310 251
1670320 251
1670330 251
1670340 251
1670350 251
1670360 250
1670370 250
1670380 249
1670390 247
1670400 247
1670410 248
1670420 249
1670430 249
1670440 250
1670450 250
1670460 250
1670470 250
1670480 250
1670490 250
1670500 250
1670510 250
1670520 250
1670530 250
1670540 253
1670550 253
1670560 258
1670570 261
1670580 261
1670590 263
1670600 265
1670610 265
1670620 267
1670630 269
1670640 269
1670650 270
1670660 272
1670670 272
1670680 274
1670690 275
1670700 275
1670710 277
1670720 278
1670730 278
1670740 280
1670750 281
1670760 281
1670770 282
1670780 284
1670790 284
1670800 285
1670810 286
1670820 286
1670830 286
1670840 287
1670850 287
1670860 287
1670870 288
1670880 288
1670890 288
1670900 288
1670910 288
1670920 289
1670930 289
1670940 289
1670950 289
1670960 289
1670970 289
1670980 288
1670990 288
1671000 288
1671010 287
1671020 286
1671030 286
1671040 286
1671050 285
1671060 285
1671070 284
1671080 283
1671090 283
1671100 282
1671110 281
1671120 281
1671130 280
1671140 279
1671150 279
1671160 278
1671170 276
1671180 276
1671190 275
1671200 272
1671210 272
1671220 271
1671230 270
1671240 270
1671250 269
1671260 268
1671270 268
1671280 267
1671290 266
1671300 266
1671310 266
1671320 264
1671330 264
1671340 263
1671350 261
1671360 261
1671370 259
1671380 258
1671390 258
1671400 258
1671410 258
1671420 258
1671430 258
1671440 258
1671450 258
1671460 258
1671470 259
1671480 259
1671490 260
1671500 261
1671510 261
1671520 262
1671530 263
1671540 264
1671550 264
1671560 264
1671570 265
1671580 265
1671590 266
1671600 267
1671610 267
1671620 269
1671630 271
1671640 271
1671650 272
1671660 273
1671670 273
1671680 274
1671690 276
1671700 276
1671710 277
1671720 279
1671730 279
1671740 280
1671750 282
1671760 282
1671770 283
1671780 284
1671790 284
1671800 285
1671810 286
1671820 286
1671830 287
1671840 288
1671850 288
1671860 289
1671870 290
1671880 290
1671890 290
1671900 291
1671910 291
1671920 292
1671930 293
1671940 293
1671950 294
1671960 295
1671970 295
1671980 296
1671990 297
1672000 297
1672010 297
1672020 298
1672030 298
1672040 299
1672050 299
1672060 299
1672070 300
1672080 300
1672090 300
1672100 301
1672110 301
1672120 301
1672130 302
1672140 302
1672150 302
1672160 302
1672170 303
1672180 303
1672190 303
1672200 304
1672210 304
1672220 304
1672230 304
1672240 304
1672250 305
1672260 305
1672270 305
1672280 305
1672290 306
1672300 306
1672310 306
1672320 306
1672330 306
1672340 307
1672350 307
1672360 307
1672370 307
1672380 308
1672390 308
1672400 308
1672410 308
1672420 308
1672430 308
1672440 309
1672450 309
1672460 309
1672470 309
1672480 309
1672490 309
1672500 309
1672510 309
1672520 309
1672530 308
1672540 308
1672550 308
1672560 308
1672570 308
1672580 307
1672590 307
1672600 307
1672610 307
1672620 306
1672630 306
1672640 306
1672650 305
1672660 305
1672670 304
1672680 303
1672690 303
1672700 303
1672710 302
1672720 302
1672730 301
1672740 301
1672750 301
1672760 300
1672770 299
1672780 299
1672790 299
1672800 298
1672810 298
1672820 297
1672830 296
1672840 296
1672850 295
1672860 294
1672870 294
1672880 293
1672890 292
1672900 292
1672910 291
1672920 289
1672930 289
1672940 288
1672950 286
1672960 286
1672970 285
1672980 284
1672990 284
1673000 283
1673010 282
1673020 282
1673030 282
1673040 284
1673050 284
1673060 286
1673070 288
1673080 288
1673090 290
1673100 293
1673110 293
1673120 296
1673130 299
1673140 299
1673150 302
1673160 303
1673170 303
1673180 304
1673190 304
1673200 304
1673210 305
1673220 305
1673230 306
1673240 306
1673250 306
1673260 306
1673270 306
1673280 306
1673290 305
1673300 305
1673310 305
1673320 305
1673330 305
1673340 304
1673350 304
1673360 304
1673370 304
1673380 304
1673390 304
1673400 303
1673410 302
1673420 302
1673430 302
1673440 301
1673450 301
1673460 301
1673470 300
1673480 300
1673490 299
1673500 299
1673510 299
1673520 298
1673530 297
1673540 297
1673550 297
1673560 296
1673570 296
1673580 295
1673590 295
1673600 295
1673610 294
1673620 293
1673630 293
1673640 292
1673650 292
1673660 292
1673670 291
1673680 290
1673690 290
1673700 290
1673710 289
1673720 289
1673730 288
1673740 287
1673750 287
1673760 286
1673770 286
1673780 286
1673790 285
1673800 284
1673810 284
1673820 283
1673830 283
1673840 283
1673850 282
1673860 281
1673870 281
1673880 280
1673890 279
1673900 279
1673910 278
1673920 277
1673930 277
1673940 276
1673950 275
1673960 275
1673970 275
1673980 274
1673990 274
1674000 273
1674010 273
1674020 273
1674030 272
1674040 271
1674050 271
1674060 271
1674070 270
1674080 270
1674090 270
1674100 269
1674110 269
1674120 268
1674130 268
1674140 268
1674150 267
1674160 266
1674170 266
1674180 265
1674190 265
1674200 265
1674210 265
1674220 266
1674230 266
1674240 266
1674250 270
1674260 270
1674270 275
1674280 278
1674290 278
1674300 280
1674310 283
1674320 283
1674330 285
1674340 287
1674350 287
1674360 289
1674370 290
1674380 290
1674390 292
1674400 294
1674410 294
1674420 295
1674430 295
1674440 295
1674450 295
1674460 295
1674470 295
1674480 295
1674490 295
1674500 295
1674510 294
1674520 293
1674530 293
1674540 293
1674550 292
1674560 292
1674570 291
1674580 290
1674590 290
1674600 289
1674610 288
1674620 288
1674630 287
1674640 285
1674650 285
1674660 283
1674670 282
1674680 282
1674690 280
1674700 279
1674710 279
1674720 277
1674730 277
1674740 277
1674750 276
1674760 276
1674770 276
1674780 276
1674790 278
1674800 278
1674810 282
1674820 285
1674830 285
1674840 285
1674850 287
1674860 287
1674870 288
1674880 289
1674890 289
1674900 291
1674910 293
1674920 294
1674930 294
1674940 294
1674950 295
1674960 295
1674970 296
1674980 296
1674990 296
1675000 297
1675010 298
1675020 298
1675030 298
1675040 299
1675050 299
1675060 299
1675070 300
1675080 300
1675090 300
1675100 301
1675110 301
1675120 302
1675130 302
1675140 302
1675150 302
1675160 302
1675170 302
1675180 302
1675190 302
1675200 302
1675210 302
1675220 302
1675230 302
1675240 302
1675250 303
1675260 303
1675270 303
1675280 303
1675290 303
1675300 303
1675310 302
1675320 302
1675330 303
1675340 303
1675350 303
1675360 303
1675370 303
1675380 303
1675390 303
1675400 303
1675410 303
1675420 303
1675430 303
1675440 303
1675450 304
1675460 304
1675470 304
1675480 304
1675490 304
1675500 304
1675510 304
1675520 304
1675530 304
1675540 304
1675550 305
1675560 305
1675570 305
1675580 305
1675590 305
1675600 305
1675610 304
1675620 304
1675630 305
1675640 305
1675650 305
1675660 306
1675670 306
1675680 306
1675690 306
1675700 307
1675710 307
1675720 307
1675730 307
1675740 307
1675750 307
1675760 307
1675770 307
1675780 308
1675790 308
1675800 308
1675810 308
1675820 308
1675830 308
1675840 309
1675850 309
1675860 309
1675870 309
1675880 309
1675890 309
1675900 309
1675910 309
1675920 309
1675930 309
1675940 309
1675950 309
1675960 309
1675970 309
1675980 309
1675990 308
1676000 308
1676010 308
1676020 308
1676030 307
1676040 307
1676050 307
1676060 307
1676070 307
1676080 306
1676090 306
1676100 306
1676110 305
1676120 305
1676130 305
1676140 305
1676150 304
1676160 304
1676170 304
1676180 303
1676190 303
1676200 302
1676210 301
1676220 301
1676230 299
1676240 298
1676250 298
1676260 296
1676270 296
1676280 296
1676290 295
1676300 293
1676310 293
1676320 292
1676330 290
1676340 290
1676350 288
1676360 287
1676370 287
1676380 287
1676390 287
1676400 287
1676410 287
1676420 287
1676430 287
1676440 287
1676450 289
1676460 289
1676470 294
1676480 297
1676490 297
1676500 299
1676510 302
1676520 302
1676530 304
1676540 305
1676550 305
1676560 306
1676570 307
1676580 307
1676590 308
1676600 309
1676610 309
1676620 310
1676630 311
1676640 312
1676650 312
1676660 313
1676670 314
1676680 314
1676690 315
1676700 316
1676710 316
1676720 316
1676730 316
1676740 316
1676750 316
1676760 317
1676770 317
1676780 317
1676790 318
1676800 318
1676810 318
1676820 318
1676830 318
1676840 318
1676850 319
1676860 319
1676870 319
1676880 319
1676890 319
1676900 319
1676910 319
1676920 319
1676930 318
1676940 318
1676950 318
1676960 318
1676970 318
1676980 318
1676990 317
1677000 317
1677010 317
1677020 317
1677030 316
1677040 316
1677050 315
1677060 315
1677070 315
1677080 314
1677090 312
1677100 312
1677110 311
1677120 310
1677130 310
1677140 309
1677150 308
1677160 308
1677170 308
1677180 307
1677190 307
1677200 305
1677210 301
1677220 301
1677230 299
1677240 295
1677250 295
1677260 297
1677270 301
1677280 301
1677290 303
1677300 305
1677310 305
1677320 306
1677330 308
1677340 308
1677350 310
1677360 311
1677370 311
1677380 313
1677390 315
1677400 315
1677410 316
1677420 317
1677430 317
1677440 318
1677450 319
1677460 319
1677470 320
1677480 321
1677490 321
1677500 321
1677510 322
1677520 322
1677530 322
1677540 323
1677550 323
1677560 323
1677570 324
1677580 324
1677590 324
1677600 324
1677610 324
1677620 324
1677630 324
1677640 324
1677650 325
1677660 325
1677670 325
1677680 325
1677690 325
1677700 325
1677710 325
1677720 325
1677730 325
1677740 325
1677750 325
1677760 325
1677770 326
1677780 326
1677790 326
1677800 326
1677810 326
1677820 326
1677830 326
1677840 326
1677850 326
1677860 327
1677870 327
1677880 327
1677890 327
1677900 327
1677910 327
1677920 327
1677930 328
1677940 328
1677950 328
1677960 328
1677970 328
1677980 328
1677990 328
1678000 327
1678010 327
1678020 327
1678030 327
1678040 327
1678050 327
1678060 327
1678070 327
1678080 327
1678090 327
1678100 327
1678110 327
1678120 327
1678130 327
1678140 327
1678150 327
1678160 326
1678170 326
1678180 326
1678190 326
1678200 325
1678210 325
1678220 325
1678230 324
1678240 324
1678250 323
1678260 323
1678270 323
1678280 322
1678290 321
1678300 321
1678310 320
1678320 319
1678330 318
1678340 318
1678350 317
1678360 316
1678370 316
1678380 315
1678390 314
1678400 314
1678410 313
1678420 312
1678430 312
1678440 311
1678450 311
1678460 311
1678470 310
1678480 309
1678490 309
1678500 308
1678510 307
1678520 307
1678530 306
1678540 306
1678550 306
1678560 306
1678570 306
1678580 306
1678590 306
1678600 306
1678610 306
1678620 306
1678630 306
1678640 306
1678650 306
1678660 306
1678670 307
1678680 306
1678690 306
1678700 306
1678710 305
1678720 305
1678730 305
1678740 305
1678750 304
1678760 304
1678770 304
1678780 303
1678790 303
1678800 302
1678810 301
1678820 301
1678830 302
1678840 302
1678850 302
1678860 302
1678870 302
1678880 302
1678890 302
1678900 302
1678910 302
1678920 301
1678930 301
1678940 301
1678950 300
1678960 300
1678970 300
1678980 300
1678990 299
1679000 299
1679010 299
1679020 298
1679030 298
1679040 298
1679050 298
1679060 298
1679070 297
1679080 297
1679090 297
1679100 296
1679110 296
1679120 296
1679130 296
1679140 296
1679150 296
1679160 296
1679170 297
1679180 297
1679190 297
1679200 297
1679210 297
1679220 297
1679230 297
1679240 297
1679250 297
1679260 297
1679270 297
1679280 297
1679290 297
1679300 297
1679310 297
1679320 297
1679330 297
1679340 297
1679350 297
1679360 297
1679370 297
1679380 297
1679390 297
1679400 297
1679410 297
1679420 297
1679430 297
1679440 296
1679450 296
1679460 296
1679470 296
1679480 296
1679490 296
1679500 296
1679510 296
1679520 295
1679530 295
1679540 295
1679550 295
1679560 295
1679570 295
1679580 295
1679590 295
1679600 295
1679610 294
1679620 294
1679630 294
1679640 294
1679650 293
1679660 293
1679670 293
1679680 293
1679690 293
1679700 293
1679710 292
1679720 292
1679730 292
1679740 292
1679750 292
1679760 292
1679770 291
1679780 291
1679790 291
1679800 291
1679810 291
1679820 291
1679830 291
1679840 291
1679850 291
1679860 291
1679870 291
1679880 291
1679890 290
1679900 290
1679910 290
1679920 290
1679930 290
1679940 290
1679950 290
1679960 290
1679970 290
1679980 290
1679990 290
