1660000 319
1660010 319
1660020 319
1660030 319
1660040 319
1660050 319
1660060 318
1660070 318
1660080 318
1660090 318
1660100 318
1660110 317
1660120 316
1660130 316
1660140 316
1660150 315
1660160 315
1660170 315
1660180 315
1660190 314
1660200 314
1660210 313
1660220 313
1660230 313
1660240 313
1660250 312
1660260 312
1660270 312
1660280 312
1660290 312
1660300 311
1660310 311
1660320 311
1660330 311
1660340 310
1660350 310
1660360 311
1660370 310
1660380 310
1660390 310
1660400 310
1660410 310
1660420 309
1660430 309
1660440 309
1660450 308
1660460 308
1660470 308
1660480 307
1660490 307
1660500 307
1660510 306
1660520 305
1660530 305
1660540 305
1660550 304
1660560 304
1660570 304
1660580 303
1660590 303
1660600 303
1660610 302
1660620 302
1660630 301
1660640 300
1660650 300
1660660 299
1660670 299
1660680 299
1660690 300
1660700 300
1660710 300
1660720 301
1660730 303
1660740 303
1660750 302
1660760 302
1660770 302
1660780 302
1660790 302
1660800 302
1660810 301
1660820 298
1660830 298
1660840 296
1660850 295
1660860 295
1660870 293
1660880 291
1660890 291
1660900 291
1660910 293
1660920 293
1660930 294
1660940 295
1660950 295
1660960 296
1660970 296
1660980 296
1660990 296
1661000 296
1661010 296
1661020 296
1661030 296
1661040 296
1661050 296
1661060 295
1661070 295
1661080 295
1661090 296
1661100 296
1661110 298
1661120 299
1661130 299
1661140 300
1661150 301
1661160 301
1661170 303
1661180 305
1661190 305
1661200 307
1661210 309
1661220 309
1661230 310
1661240 311
1661250 311
1661260 311
1661270 312
1661280 312
1661290 312
1661300 312
1661310 312
1661320 313
1661330 313
1661340 313
1661350 313
1661360 313
1661370 313
1661380 312
1661390 312
1661400 312
1661410 312
1661420 311
1661430 311
1661440 311
1661450 310
1661460 310
1661470 310
1661480 309
1661490 309
1661500 308
1661510 308
1661520 308
1661530 307
1661540 306
1661550 306
1661560 306
1661570 305
1661580 305
1661590 304
1661600 303
1661610 303
1661620 303
1661630 302
1661640 302
1661650 301
1661660 300
1661670 300
1661680 299
1661690 299
1661700 299
1661710 298
1661720 297
1661730 297
1661740 296
1661750 295
1661760 295
1661770 294
1661780 294
1661790 294
1661800 293
1661810 293
1661820 293
1661830 292
1661840 292
1661850 292
1661860 291
1661870 291
1661880 291
1661890 290
1661900 289
1661910 289
1661920 288
1661930 287
1661940 287
1661950 286
1661960 284
1661970 284
1661980 283
1661990 283
1662000 283
1662010 283
1662020 282
1662030 282
1662040 283
1662050 283
1662060 283
1662070 282
1662080 282
1662090 282
1662100 283
1662110 285
1662120 285
1662130 287
1662140 288
1662150 288
1662160 288
1662170 290
1662180 290
1662190 291
1662200 292
1662210 292
1662220 293
1662230 294
1662240 294
1662250 295
1662260 295
1662270 295
1662280 296
1662290 297
1662300 297
1662310 298
1662320 298
1662330 298
1662340 297
1662350 298
1662360 298
1662370 298
1662380 299
1662390 300
1662400 300
1662410 300
1662420 300
1662430 300
1662440 302
1662450 303
1662460 303
1662470 303
1662480 303
1662490 303
1662500 303
1662510 303
1662520 303
1662530 303
1662540 305
1662550 305
1662560 308
1662570 309
1662580 309
1662590 311
1662600 312
1662610 312
1662620 313
1662630 314
1662640 314
1662650 314
1662660 315
1662670 315
1662680 315
1662690 316
1662700 316
1662710 317
1662720 317
1662730 317
1662740 318
1662750 318
1662760 318
1662770 317
1662780 316
1662790 317
1662800 316
1662810 315
1662820 315
1662830 314
1662840 313
1662850 313
1662860 313
1662870 312
1662880 312
1662890 310
1662900 306
1662910 306
1662920 305
1662930 308
1662940 308
1662950 309
1662960 311
1662970 311
1662980 314
1662990 317
1663000 317
1663010 320
1663020 323
1663030 323
1663040 327
1663050 329
1663060 329
1663070 331
1663080 332
1663090 332
1663100 333
1663110 334
1663120 334
1663130 334
1663140 334
1663150 334
1663160 334
1663170 334
1663180 334
1663190 334
1663200 334
1663210 334
1663220 335
1663230 335
1663240 335
1663250 335
1663260 335
1663270 335
1663280 335
1663290 335
1663300 335
1663310 334
1663320 334
1663330 334
1663340 334
1663350 334
1663360 334
1663370 334
1663380 335
1663390 335
1663400 335
1663410 336
1663420 336
1663430 337
1663440 337
1663450 337
1663460 338
1663470 339
1663480 339
1663490 340
1663500 341
1663510 343
1663520 343
1663530 344
1663540 344
1663550 344
1663560 345
1663570 345
1663580 345
1663590 346
1663600 346
1663610 346
1663620 347
1663630 347
1663640 348
1663650 350
1663660 350
1663670 351
1663680 352
1663690 352
1663700 352
1663710 353
1663720 353
1663730 353
1663740 354
1663750 354
1663760 355
1663770 357
1663780 357
1663790 358
1663800 359
1663810 359
1663820 361
1663830 361
1663840 361
1663850 362
1663860 363
1663870 363
1663880 364
1663890 365
1663900 365
1663910 366
1663920 367
1663930 367
1663940 367
1663950 368
1663960 368
1663970 368
1663980 369
1663990 369
1664000 369
1664010 369
1664020 369
1664030 369
1664040 369
1664050 369
1664060 370
1664070 371
1664080 371
1664090 371
1664100 371
1664110 371
1664120 371
1664130 371
1664140 371
1664150 371
1664160 371
1664170 371
1664180 372
1664190 372
1664200 372
1664210 372
1664220 372
1664230 373
1664240 373
1664250 373
1664260 373
1664270 373
1664280 372
1664290 372
1664300 372
1664310 372
1664320 372
1664330 371
1664340 371
1664350 371
1664360 370
1664370 369
1664380 369
1664390 368
1664400 367
1664410 367
1664420 366
1664430 364
1664440 364
1664450 361
1664460 359
1664470 359
1664480 357
1664490 355
1664500 355
1664510 353
1664520 351
1664530 351
1664540 350
1664550 348
1664560 347
1664570 347
1664580 345
1664590 343
1664600 343
1664610 340
1664620 339
1664630 339
1664640 338
1664650 337
1664660 337
1664670 337
1664680 337
1664690 337
1664700 336
1664710 335
1664720 335
1664730 334
1664740 334
1664750 334
1664760 333
1664770 332
1664780 332
1664790 331
1664800 330
1664810 330
1664820 329
1664830 328
1664840 328
1664850 327
1664860 326
1664870 326
1664880 325
1664890 323
1664900 323
1664910 322
1664920 320
1664930 320
1664940 319
1664950 315
1664960 315
1664970 314
1664980 312
1664990 312
1665000 311
1665010 309
1665020 309
1665030 308
1665040 307
1665050 307
1665060 306
1665070 305
1665080 305
1665090 304
1665100 302
1665110 302
1665120 300
1665130 301
1665140 301
1665150 303
1665160 305
1665170 305
1665180 306
1665190 307
1665200 307
1665210 309
1665220 309
1665230 309
1665240 310
1665250 311
1665260 311
1665270 312
1665280 312
1665290 312
1665300 313
1665310 313
1665320 313
1665330 313
1665340 314
1665350 314
1665360 314
1665370 314
1665380 314
1665390 314
1665400 314
1665410 314
1665420 313
1665430 313
1665440 313
1665450 313
1665460 312
1665470 312
1665480 312
1665490 311
1665500 311
1665510 310
1665520 309
1665530 309
1665540 308
1665550 307
1665560 307
1665570 307
1665580 306
1665590 306
1665600 305
1665610 304
1665620 304
1665630 304
1665640 303
1665650 303
1665660 301
1665670 299
1665680 299
1665690 297
1665700 294
1665710 294
1665720 292
1665730 288
1665740 288
1665750 285
1665760 282
1665770 282
1665780 280
1665790 278
1665800 278
1665810 275
1665820 273
1665830 273
1665840 274
1665850 278
1665860 278
1665870 281
1665880 280
1665890 280
1665900 282
1665910 281
1665920 281
1665930 280
1665940 279
1665950 279
1665960 279
1665970 279
1665980 279
1665990 279
1666000 280
1666010 280
1666020 280
1666030 280
1666040 280
1666050 279
1666060 279
1666070 279
1666080 279
1666090 279
1666100 279
1666110 279
1666120 278
1666130 278
1666140 279
1666150 279
1666160 279
1666170 280
1666180 281
1666190 281
1666200 282
1666210 284
1666220 284
1666230 285
1666240 286
1666250 286
1666260 287
1666270 287
1666280 287
1666290 288
1666300 289
1666310 289
1666320 290
1666330 291
1666340 291
1666350 292
1666360 292
1666370 292
1666380 293
1666390 293
1666400 293
1666410 293
1666420 293
1666430 293
1666440 293
1666450 293
1666460 293
1666470 292
1666480 292
1666490 292
1666500 291
1666510 291
1666520 291
1666530 290
1666540 290
1666550 290
1666560 289
1666570 288
1666580 288
1666590 287
1666600 286
1666610 286
1666620 286
1666630 285
1666640 285
1666650 284
1666660 283
1666670 283
1666680 282
1666690 281
1666700 281
1666710 280
1666720 279
1666730 278
1666740 278
1666750 277
1666760 276
1666770 276
1666780 275
1666790 275
1666800 275
1666810 274
1666820 273
1666830 273
1666840 272
1666850 272
1666860 272
1666870 271
1666880 270
1666890 270
1666900 270
1666910 269
1666920 269
1666930 268
1666940 267
1666950 267
1666960 267
1666970 266
1666980 266
1666990 265
1667000 265
1667010 265
1667020 264
1667030 263
1667040 263
1667050 262
1667060 262
1667070 262
1667080 261
1667090 261
1667100 261
1667110 261
1667120 260
1667130 260
1667140 259
1667150 259
1667160 259
1667170 258
1667180 258
1667190 258
1667200 258
1667210 258
1667220 258
1667230 258
1667240 258
1667250 258
1667260 259
1667270 260
1667280 260
1667290 263
1667300 268
1667310 268
1667320 272
1667330 274
1667340 274
1667350 276
1667360 277
1667370 277
1667380 278
1667390 279
1667400 279
1667410 280
1667420 280
1667430 280
1667440 281
1667450 281
1667460 281
1667470 281
1667480 281
1667490 281
1667500 282
1667510 283
1667520 283
1667530 283
1667540 284
1667550 284
1667560 285
1667570 285
1667580 285
1667590 286
1667600 286
1667610 286
1667620 286
1667630 286
1667640 286
1667650 286
1667660 286
1667670 286
1667680 286
1667690 286
1667700 286
1667710 286
1667720 286
1667730 286
1667740 287
1667750 287
1667760 287
1667770 287
1667780 287
1667790 287
1667800 290
1667810 290
1667820 290
1667830 290
1667840 290
1667850 290
1667860 290
1667870 290
1667880 290
1667890 290
1667900 290
1667910 290
1667920 290
1667930 290
1667940 290
1667950 290
1667960 288
1667970 288
1667980 286
1667990 288
1668000 288
1668010 292
1668020 294
1668030 294
1668040 295
1668050 296
1668060 296
1668070 297
1668080 297
1668090 297
1668100 297
1668110 298
1668120 298
1668130 298
1668140 299
1668150 299
1668160 300
1668170 301
1668180 301
1668190 302
1668200 302
1668210 302
1668220 303
1668230 303
1668240 303
1668250 303
1668260 304
1668270 304
1668280 304
1668290 304
1668300 304
1668310 304
1668320 304
1668330 304
1668340 304
1668350 304
1668360 304
1668370 304
1668380 304
1668390 304
1668400 304
1668410 303
1668420 303
1668430 303
1668440 303
1668450 303
1668460 302
1668470 301
1668480 301
1668490 301
1668500 300
1668510 300
1668520 299
1668530 299
1668540 299
1668550 298
1668560 297
1668570 297
1668580 296
1668590 295
1668600 295
1668610 294
1668620 293
1668630 293
1668640 293
1668650 292
1668660 292
1668670 291
1668680 290
1668690 290
1668700 290
1668710 289
1668720 289
1668730 285
1668740 282
1668750 282
1668760 280
1668770 279
1668780 279
1668790 279
1668800 279
1668810 279
1668820 279
1668830 279
1668840 279
1668850 279
1668860 281
1668870 281
1668880 282
1668890 283
1668900 283
1668910 283
1668920 284
1668930 285
1668940 285
1668950 285
1668960 287
1668970 287
1668980 289
1668990 290
1669000 290
1669010 291
1669020 294
1669030 294
1669040 297
1669050 299
1669060 299
1669070 300
1669080 302
1669090 302
1669100 304
1669110 306
1669120 306
1669130 307
1669140 309
1669150 309
1669160 311
1669170 313
1669180 313
1669190 315
1669200 317
1669210 317
1669220 319
1669230 321
1669240 321
1669250 323
1669260 325
1669270 325
1669280 326
1669290 328
1669300 328
1669310 330
1669320 331
1669330 331
1669340 333
1669350 334
1669360 334
1669370 336
1669380 337
1669390 337
1669400 339
1669410 340
1669420 340
1669430 342
1669440 343
1669450 343
1669460 344
1669470 346
1669480 346
1669490 347
1669500 348
1669510 348
1669520 349
1669530 350
1669540 350
1669550 351
1669560 352
1669570 352
1669580 353
1669590 353
1669600 353
1669610 354
1669620 354
1669630 354
1669640 354
1669650 354
1669660 354
1669670 354
1669680 354
1669690 354
1669700 354
1669710 354
1669720 354
1669730 354
1669740 354
1669750 354
1669760 354
1669770 354
1669780 354
1669790 354
1669800 353
1669810 353
1669820 352
1669830 352
1669840 352
1669850 351
1669860 351
1669870 351
1669880 350
1669890 349
1669900 349
1669910 349
1669920 349
1669930 349
1669940 348
1669950 348
1669960 348
1669970 347
1669980 346
1669990 346
1670000 346
1670010 345
1670020 345
1670030 344
1670040 343
1670050 343
1670060 342
1670070 341
1670080 341
1670090 340
1670100 339
1670110 339
1670120 338
1670130 337
1670140 337
1670150 336
1670160 335
1670170 335
1670180 334
1670190 334
1670200 334
1670210 334
1670220 333
1670230 333
1670240 332
1670250 332
1670260 332
1670270 331
1670280 330
1670290 330
1670300 329
1670310 328
1670320 328
1670330 327
1670340 327
1670350 327
1670360 326
1670370 326
1670380 326
1670390 325
1670400 324
1670410 324
1670420 323
1670430 323
1670440 323
1670450 322
1670460 321
1670470 321
1670480 320
1670490 320
1670500 320
1670510 319
1670520 319
1670530 319
1670540 318
1670550 318
1670560 318
1670570 318
1670580 317
1670590 317
1670600 317
1670610 319
1670620 319
1670630 319
1670640 318
1670650 318
1670660 317
1670670 317
1670680 317
1670690 316
1670700 315
1670710 315
1670720 314
1670730 312
1670740 312
1670750 311
1670760 309
1670770 309
1670780 307
1670790 305
1670800 305
1670810 302
1670820 300
1670830 300
1670840 297
1670850 292
1670860 292
1670870 287
1670880 282
1670890 282
1670900 284
1670910 283
1670920 283
1670930 282
1670940 281
1670950 281
1670960 280
1670970 279
1670980 279
1670990 278
1671000 277
1671010 277
1671020 276
1671030 275
1671040 275
1671050 275
1671060 275
1671070 275
1671080 274
1671090 274
1671100 274
1671110 273
1671120 272
1671130 271
1671140 271
1671150 270
1671160 269
1671170 269
1671180 267
1671190 266
1671200 266
1671210 265
1671220 268
1671230 268
1671240 268
1671250 266
1671260 266
1671270 267
1671280 269
1671290 269
1671300 272
1671310 273
1671320 273
1671330 274
1671340 276
1671350 276
1671360 278
1671370 280
1671380 280
1671390 281
1671400 281
1671410 281
1671420 282
1671430 282
1671440 282
1671450 283
1671460 283
1671470 283
1671480 284
1671490 284
1671500 284
1671510 284
1671520 284
1671530 284
1671540 285
1671550 285
1671560 285
1671570 286
1671580 286
1671590 286
1671600 286
1671610 287
1671620 287
1671630 287
1671640 287
1671650 287
1671660 287
1671670 287
1671680 287
1671690 288
1671700 288
1671710 288
1671720 288
1671730 288
1671740 288
1671750 288
1671760 288
1671770 288
1671780 288
1671790 288
1671800 288
1671810 288
1671820 288
1671830 288
1671840 288
1671850 288
1671860 288
1671870 288
1671880 287
1671890 287
1671900 287
1671910 287
1671920 287
1671930 287
1671940 286
1671950 286
1671960 286
1671970 285
1671980 285
1671990 284
1672000 283
1672010 283
1672020 282
1672030 281
1672040 281
1672050 280
1672060 279
1672070 279
1672080 278
1672090 277
1672100 277
1672110 276
1672120 274
1672130 274
1672140 272
1672150 270
1672160 270
1672170 269
1672180 268
1672190 268
1672200 267
1672210 266
1672220 266
1672230 264
1672240 263
1672250 263
1672260 261
1672270 260
1672280 260
1672290 259
1672300 259
1672310 259
1672320 258
1672330 258
1672340 258
1672350 259
1672360 258
1672370 258
1672380 258
1672390 257
1672400 257
1672410 257
1672420 257
1672430 257
1672440 257
1672450 257
1672460 257
1672470 257
1672480 257
1672490 257
1672500 257
1672510 256
1672520 256
1672530 256
1672540 256
1672550 256
1672560 256
1672570 256
1672580 256
1672590 256
1672600 256
1672610 256
1672620 255
1672630 255
1672640 255
1672650 254
1672660 254
1672670 254
1672680 254
1672690 253
1672700 253
1672710 252
1672720 251
1672730 251
1672740 251
1672750 250
1672760 250
1672770 249
1672780 248
1672790 248
1672800 246
1672810 245
1672820 245
1672830 245
1672840 244
1672850 244
1672860 243
1672870 243
1672880 243
1672890 242
1672900 242
1672910 242
1672920 242
1672930 241
1672940 241
1672950 241
1672960 241
1672970 241
1672980 240
1672990 240
1673000 240
1673010 240
1673020 240
1673030 240
1673040 240
1673050 240
1673060 240
1673070 240
1673080 240
1673090 240
1673100 240
1673110 240
1673120 240
1673130 239
1673140 239
1673150 239
1673160 239
1673170 239
1673180 239
1673190 239
1673200 239
1673210 239
1673220 239
1673230 239
1673240 239
1673250 239
1673260 239
1673270 239
1673280 239
1673290 239
1673300 239
1673310 238
1673320 239
1673330 239
1673340 239
1673350 239
1673360 239
1673370 239
1673380 239
1673390 239
1673400 239
1673410 239
1673420 239
1673430 239
1673440 239
1673450 239
1673460 239
1673470 239
1673480 239
1673490 239
1673500 239
1673510 238
1673520 238
1673530 239
1673540 238
1673550 238
1673560 238
1673570 238
1673580 238
1673590 238
1673600 237
1673610 237
1673620 237
1673630 237
1673640 237
1673650 237
1673660 237
1673670 237
1673680 237
1673690 238
1673700 238
1673710 238
1673720 238
1673730 238
1673740 238
1673750 237
1673760 237
1673770 237
1673780 237
1673790 237
1673800 237
1673810 237
1673820 237
1673830 237
1673840 237
1673850 237
1673860 237
1673870 237
1673880 237
1673890 237
1673900 237
1673910 237
1673920 237
1673930 237
1673940 237
1673950 237
1673960 237
1673970 237
1673980 237
1673990 237
1674000 237
1674010 237
1674020 237
1674030 237
1674040 236
1674050 236
1674060 236
1674070 236
1674080 236
1674090 236
1674100 236
1674110 236
1674120 236
1674130 236
1674140 236
1674150 236
1674160 236
1674170 236
1674180 236
1674190 236
1674200 236
1674210 236
1674220 236
1674230 236
1674240 236
1674250 236
1674260 236
1674270 236
1674280 235
1674290 235
1674300 235
1674310 235
1674320 235
1674330 235
1674340 235
1674350 235
1674360 235
1674370 235
1674380 235
1674390 235
1674400 235
1674410 235
1674420 235
1674430 235
1674440 235
1674450 235
1674460 235
1674470 235
1674480 235
1674490 235
1674500 235
1674510 235
1674520 235
1674530 235
1674540 235
1674550 235
1674560 235
1674570 235
1674580 235
1674590 235
1674600 235
1674610 235
1674620 235
1674630 235
1674640 235
1674650 235
1674660 235
1674670 235
1674680 234
1674690 234
1674700 232
1674710 232
1674720 232
1674730 232
1674740 234
1674750 234
1674760 234
1674770 234
1674780 234
1674790 234
1674800 232
1674810 232
1674820 230
1674830 229
1674840 229
1674850 229
1674860 229
1674870 229
1674880 229
1674890 229
1674900 229
1674910 231
1674920 233
1674930 233
1674940 234
1674950 234
1674960 234
1674970 234
1674980 234
1674990 234
1675000 235
1675010 235
1675020 235
1675030 235
1675040 235
1675050 235
1675060 235
1675070 235
1675080 235
1675090 234
1675100 234
1675110 234
1675120 234
1675130 234
1675140 234
1675150 234
1675160 234
1675170 234
1675180 234
1675190 234
1675200 234
1675210 234
1675220 234
1675230 234
1675240 233
1675250 233
1675260 233
1675270 233
1675280 233
1675290 233
1675300 232
1675310 232
1675320 232
1675330 232
1675340 232
1675350 232
1675360 231
1675370 231
1675380 231
1675390 230
1675400 230
1675410 230
1675420 230
1675430 230
1675440 230
1675450 230
1675460 230
1675470 230
1675480 229
1675490 229
1675500 229
1675510 229
1675520 229
1675530 229
1675540 229
1675550 230
1675560 230
1675570 230
1675580 230
1675590 231
1675600 231
1675610 232
1675620 232
1675630 232
1675640 232
1675650 231
1675660 231
1675670 229
1675680 229
1675690 229
1675700 229
1675710 229
1675720 229
1675730 229
1675740 229
1675750 229
1675760 229
1675770 229
1675780 229
1675790 229
1675800 229
1675810 229
1675820 229
1675830 229
1675840 229
1675850 229
1675860 229
1675870 229
1675880 230
1675890 230
1675900 230
1675910 230
1675920 229
1675930 229
1675940 229
1675950 229
1675960 229
1675970 229
1675980 229
1675990 229
1676000 229
1676010 229
1676020 229
1676030 229
1676040 229
1676050 229
1676060 229
1676070 229
1676080 229
1676090 229
1676100 229
1676110 229
1676120 229
1676130 229
1676140 229
1676150 229
1676160 230
1676170 230
1676180 229
1676190 229
1676200 229
1676210 229
1676220 229
1676230 229
1676240 229
1676250 229
1676260 229
1676270 229
1676280 229
1676290 229
1676300 229
1676310 229
1676320 229
1676330 229
1676340 229
1676350 229
1676360 230
1676370 230
1676380 230
1676390 230
1676400 230
1676410 230
1676420 230
1676430 229
1676440 229
1676450 229
1676460 229
1676470 229
1676480 229
1676490 229
1676500 229
1676510 229
1676520 229
1676530 229
1676540 228
1676550 228
1676560 228
1676570 228
1676580 228
1676590 228
1676600 228
1676610 228
1676620 228
1676630 228
1676640 228
1676650 228
1676660 228
1676670 228
1676680 228
1676690 228
1676700 228
1676710 228
1676720 228
1676730 228
1676740 228
1676750 228
1676760 228
1676770 228
1676780 228
1676790 228
1676800 228
1676810 228
1676820 228
1676830 228
1676840 228
1676850 228
1676860 228
1676870 227
1676880 228
1676890 228
1676900 228
1676910 228
1676920 228
1676930 227
1676940 227
1676950 227
1676960 227
1676970 227
1676980 227
1676990 227
1677000 228
1677010 228
1677020 228
1677030 228
1677040 228
1677050 228
1677060 228
1677070 228
1677080 228
1677090 228
1677100 228
1677110 228
1677120 227
1677130 227
1677140 227
1677150 227
1677160 227
1677170 227
1677180 227
1677190 227
1677200 227
1677210 227
1677220 227
1677230 227
1677240 228
1677250 228
1677260 228
1677270 228
1677280 228
1677290 227
1677300 228
1677310 228
1677320 228
1677330 228
1677340 228
1677350 227
1677360 227
1677370 227
1677380 226
1677390 226
1677400 226
1677410 225
1677420 225
1677430 225
1677440 225
1677450 225
1677460 225
1677470 225
1677480 225
1677490 225
1677500 225
1677510 225
1677520 225
1677530 225
1677540 225
1677550 225
1677560 226
1677570 226
1677580 226
1677590 225
1677600 225
1677610 225
1677620 225
1677630 226
1677640 226
1677650 226
1677660 226
1677670 226
1677680 226
1677690 226
1677700 226
1677710 225
1677720 226
1677730 226
1677740 225
1677750 225
1677760 226
1677770 226
1677780 225
1677790 226
1677800 226
1677810 226
1677820 226
1677830 226
1677840 226
1677850 228
1677860 228
1677870 231
1677880 233
1677890 233
1677900 233
1677910 233
1677920 233
1677930 233
1677940 232
1677950 232
1677960 230
1677970 228
1677980 228
1677990 227
1678000 226
1678010 226
1678020 226
1678030 226
1678040 226
1678050 226
1678060 226
1678070 226
1678080 226
1678090 226
1678100 226
1678110 226
1678120 226
1678130 226
1678140 225
1678150 225
1678160 225
1678170 225
1678180 225
1678190 225
1678200 225
1678210 225
1678220 225
1678230 225
1678240 225
1678250 225
1678260 225
1678270 225
1678280 225
1678290 225
1678300 225
1678310 225
1678320 225
1678330 225
1678340 225
1678350 225
1678360 225
1678370 225
1678380 225
1678390 225
1678400 225
1678410 224
1678420 224
1678430 224
1678440 224
1678450 224
1678460 224
1678470 224
1678480 224
1678490 224
1678500 224
1678510 224
1678520 224
1678530 225
1678540 225
1678550 225
1678560 225
1678570 227
1678580 227
1678590 227
1678600 228
1678610 228
1678620 230
1678630 230
1678640 230
1678650 232
1678660 234
1678670 234
1678680 236
1678690 239
1678700 239
1678710 242
1678720 243
1678730 243
1678740 244
1678750 246
1678760 246
1678770 246
1678780 246
1678790 246
1678800 247
1678810 248
1678820 248
1678830 249
1678840 249
1678850 249
1678860 250
1678870 250
1678880 250
1678890 251
1678900 251
1678910 251
1678920 253
1678930 255
1678940 255
1678950 258
1678960 261
1678970 261
1678980 263
1678990 266
1679000 266
1679010 269
1679020 270
1679030 270
1679040 270
1679050 271
1679060 271
1679070 272
1679080 273
1679090 273
1679100 273
1679110 273
1679120 273
1679130 275
1679140 281
1679150 281
1679160 284
1679170 286
1679180 286
1679190 287
1679200 288
1679210 288
1679220 288
1679230 289
1679240 289
1679250 290
1679260 290
1679270 290
1679280 291
1679290 292
1679300 292
1679310 293
1679320 293
1679330 293
1679340 294
1679350 294
1679360 294
1679370 294
1679380 294
1679390 294
1679400 295
1679410 295
1679420 295
1679430 295
1679440 295
1679450 295
1679460 295
1679470 294
1679480 294
1679490 294
1679500 294
1679510 294
1679520 293
1679530 293
1679540 293
1679550 292
1679560 292
1679570 292
1679580 292
1679590 292
1679600 292
1679610 292
1679620 292
1679630 292
1679640 292
1679650 292
1679660 292
1679670 292
1679680 292
1679690 292
1679700 293
1679710 293
1679720 293
1679730 294
1679740 295
1679750 295
1679760 295
1679770 295
1679780 295
1679790 296
1679800 296
1679810 296
1679820 296
1679830 297
1679840 297
1679850 297
1679860 297
1679870 297
1679880 297
1679890 297
1679900 297
1679910 297
1679920 297
1679930 297
1679940 297
1679950 297
1679960 297
1679970 297
1679980 297
1679990 296
