1660000 328
1660010 328
1660020 328
1660030 327
1660040 325
1660050 325
1660060 324
1660070 324
1660080 324
1660090 323
1660100 324
1660110 324
1660120 326
1660130 327
1660140 327
1660150 329
1660160 330
1660170 330
1660180 330
1660190 330
1660200 330
1660210 330
1660220 330
1660230 330
1660240 331
1660250 331
1660260 332
1660270 332
1660280 332
1660290 333
1660300 333
1660310 333
1660320 333
1660330 333
1660340 334
1660350 334
1660360 334
1660370 335
1660380 335
1660390 335
1660400 336
1660410 337
1660420 337
1660430 338
1660440 338
1660450 338
1660460 339
1660470 339
1660480 339
1660490 339
1660500 339
1660510 339
1660520 339
1660530 339
1660540 339
1660550 339
1660560 338
1660570 338
1660580 338
1660590 338
1660600 338
1660610 337
1660620 336
1660630 336
1660640 335
1660650 334
1660660 334
1660670 333
1660680 332
1660690 332
1660700 330
1660710 329
1660720 329
1660730 328
1660740 327
1660750 327
1660760 327
1660770 327
1660780 327
1660790 326
1660800 325
1660810 325
1660820 325
1660830 325
1660840 325
1660850 325
1660860 325
1660870 325
1660880 324
1660890 324
1660900 324
1660910 324
1660920 323
1660930 323
1660940 323
1660950 322
1660960 322
1660970 321
1660980 321
1660990 321
1661000 320
1661010 320
1661020 320
1661030 319
1661040 318
1661050 318
1661060 318
1661070 317
1661080 317
1661090 317
1661100 316
1661110 316
1661120 316
1661130 315
1661140 315
1661150 315
1661160 315
1661170 315
1661180 314
1661190 314
1661200 314
1661210 313
1661220 312
1661230 312
1661240 311
1661250 311
1661260 311
1661270 310
1661280 309
1661290 309
1661300 308
1661310 307
1661320 307
1661330 306
1661340 305
1661350 305
1661360 304
1661370 302
1661380 302
1661390 302
1661400 301
1661410 301
1661420 301
1661430 300
1661440 300
1661450 300
1661460 299
1661470 299
1661480 298
1661490 298
1661500 298
1661510 297
1661520 296
1661530 296
1661540 296
1661550 295
1661560 295
1661570 294
1661580 294
1661590 294
1661600 293
1661610 292
1661620 292
1661630 291
1661640 291
1661650 291
1661660 289
1661670 288
1661680 288
1661690 288
1661700 287
1661710 287
1661720 287
1661730 287
1661740 287
1661750 286
1661760 287
1661770 287
1661780 287
1661790 287
1661800 287
1661810 287
1661820 288
1661830 288
1661840 289
1661850 291
1661860 291
1661870 292
1661880 293
1661890 293
1661900 295
1661910 296
1661920 296
1661930 297
1661940 297
1661950 297
1661960 297
1661970 297
1661980 297
1661990 297
1662000 298
1662010 298
1662020 298
1662030 298
1662040 298
1662050 299
1662060 299
1662070 299
1662080 300
1662090 300
1662100 300
1662110 301
1662120 303
1662130 303
1662140 304
1662150 305
1662160 305
1662170 305
1662180 305
1662190 305
1662200 305
1662210 305
1662220 305
1662230 306
1662240 306
1662250 306
1662260 307
1662270 308
1662280 308
1662290 309
1662300 310
1662310 310
1662320 311
1662330 312
1662340 312
1662350 313
1662360 313
1662370 313
1662380 314
1662390 314
1662400 314
1662410 314
1662420 314
1662430 314
1662440 313
1662450 313
1662460 313
1662470 314
1662480 313
1662490 313
1662500 313
1662510 314
1662520 314
1662530 316
1662540 316
1662550 316
1662560 316
1662570 317
1662580 320
1662590 320
1662600 321
1662610 321
1662620 321
1662630 322
1662640 324
1662650 324
1662660 324
1662670 325
1662680 325
1662690 326
1662700 328
1662710 328
1662720 332
1662730 333
1662740 333
1662750 334
1662760 334
1662770 334
1662780 335
1662790 336
1662800 336
1662810 337
1662820 338
1662830 338
1662840 339
1662850 339
1662860 339
1662870 340
1662880 341
1662890 341
1662900 342
1662910 343
1662920 343
1662930 343
1662940 344
1662950 344
1662960 345
1662970 346
1662980 346
1662990 346
1663000 347
1663010 347
1663020 348
1663030 349
1663040 349
1663050 350
1663060 351
1663070 351
1663080 351
1663090 352
1663100 352
1663110 352
1663120 352
1663130 352
1663140 354
1663150 356
1663160 356
1663170 356
1663180 356
1663190 356
1663200 357
1663210 357
1663220 357
1663230 358
1663240 359
1663250 359
1663260 359
1663270 359
1663280 359
1663290 360
1663300 360
1663310 360
1663320 361
1663330 361
1663340 361
1663350 362
1663360 362
1663370 362
1663380 362
1663390 363
1663400 363
1663410 363
1663420 363
1663430 363
1663440 363
1663450 364
1663460 364
1663470 364
1663480 364
1663490 364
1663500 364
1663510 364
1663520 364
1663530 364
1663540 364
1663550 364
1663560 364
1663570 364
1663580 364
1663590 364
1663600 364
1663610 364
1663620 364
1663630 363
1663640 363
1663650 363
1663660 362
1663670 362
1663680 362
1663690 361
1663700 361
1663710 361
1663720 360
1663730 360
1663740 360
1663750 359
1663760 359
1663770 359
1663780 358
1663790 358
1663800 359
1663810 358
1663820 358
1663830 358
1663840 357
1663850 357
1663860 357
1663870 356
1663880 356
1663890 355
1663900 355
1663910 355
1663920 354
1663930 353
1663940 353
1663950 352
1663960 352
1663970 352
1663980 351
1663990 350
1664000 350
1664010 349
1664020 348
1664030 348
1664040 348
1664050 347
1664060 347
1664070 347
1664080 346
1664090 346
1664100 345
1664110 344
1664120 344
1664130 344
1664140 343
1664150 343
1664160 341
1664170 338
1664180 338
1664190 338
1664200 337
1664210 337
1664220 337
1664230 338
1664240 338
1664250 338
1664260 338
1664270 338
1664280 338
1664290 339
1664300 339
1664310 339
1664320 340
1664330 340
1664340 340
1664350 341
1664360 341
1664370 341
1664380 341
1664390 341
1664400 341
1664410 342
1664420 342
1664430 342
1664440 343
1664450 343
1664460 344
1664470 344
1664480 344
1664490 345
1664500 346
1664510 346
1664520 349
1664530 350
1664540 350
1664550 350
1664560 350
1664570 350
1664580 350
1664590 351
1664600 351
1664610 352
1664620 353
1664630 353
1664640 354
1664650 355
1664660 355
1664670 355
1664680 355
1664690 355
1664700 355
1664710 355
1664720 355
1664730 354
1664740 354
1664750 354
1664760 354
1664770 353
1664780 353
1664790 353
1664800 353
1664810 353
1664820 352
1664830 352
1664840 352
1664850 352
1664860 352
1664870 352
1664880 351
1664890 351
1664900 351
1664910 350
1664920 349
1664930 348
1664940 348
1664950 347
1664960 346
1664970 346
1664980 345
1664990 344
1665000 344
1665010 344
1665020 343
1665030 343
1665040 341
1665050 340
1665060 340
1665070 339
1665080 337
1665090 337
1665100 337
1665110 336
1665120 336
1665130 335
1665140 334
1665150 334
1665160 333
1665170 332
1665180 332
1665190 331
1665200 331
1665210 331
1665220 330
1665230 328
1665240 329
1665250 328
1665260 325
1665270 325
1665280 320
1665290 318
1665300 318
1665310 315
1665320 314
1665330 314
1665340 313
1665350 313
1665360 313
1665370 311
1665380 310
1665390 310
1665400 307
1665410 305
1665420 305
1665430 305
1665440 307
1665450 307
1665460 307
1665470 307
1665480 307
1665490 307
1665500 307
1665510 307
1665520 307
1665530 306
1665540 306
1665550 306
1665560 306
1665570 306
1665580 304
1665590 303
1665600 303
1665610 303
1665620 303
1665630 303
1665640 302
1665650 301
1665660 301
1665670 300
1665680 298
1665690 298
1665700 297
1665710 297
1665720 297
1665730 296
1665740 295
1665750 295
1665760 294
1665770 290
1665780 290
1665790 288
1665800 288
1665810 288
1665820 287
1665830 284
1665840 284
1665850 282
1665860 281
1665870 281
1665880 279
1665890 277
1665900 277
1665910 275
1665920 274
1665930 274
1665940 273
1665950 273
1665960 273
1665970 273
1665980 273
1665990 273
1666000 273
1666010 272
1666020 272
1666030 272
1666040 272
1666050 272
1666060 272
1666070 272
1666080 272
1666090 272
1666100 271
1666110 271
1666120 271
1666130 272
1666140 272
1666150 272
1666160 272
1666170 272
1666180 273
1666190 273
1666200 273
1666210 274
1666220 276
1666230 276
1666240 278
1666250 277
1666260 277
1666270 276
1666280 279
1666290 279
1666300 280
1666310 281
1666320 281
1666330 281
1666340 281
1666350 281
1666360 281
1666370 281
1666380 281
1666390 281
1666400 281
1666410 281
1666420 281
1666430 280
1666440 280
1666450 279
1666460 278
1666470 278
1666480 277
1666490 276
1666500 276
1666510 276
1666520 277
1666530 277
1666540 278
1666550 280
1666560 280
1666570 282
1666580 285
1666590 285
1666600 288
1666610 292
1666620 292
1666630 295
1666640 298
1666650 298
1666660 301
1666670 306
1666680 306
1666690 307
1666700 308
1666710 308
1666720 309
1666730 309
1666740 309
1666750 309
1666760 309
1666770 309
1666780 309
1666790 309
1666800 309
1666810 309
1666820 309
1666830 309
1666840 309
1666850 309
1666860 309
1666870 309
1666880 310
1666890 310
1666900 310
1666910 310
1666920 310
1666930 311
1666940 311
1666950 311
1666960 311
1666970 312
1666980 312
1666990 312
1667000 312
1667010 312
1667020 312
1667030 312
1667040 312
1667050 312
1667060 312
1667070 312
1667080 312
1667090 312
1667100 312
1667110 312
1667120 313
1667130 313
1667140 314
1667150 315
1667160 315
1667170 316
1667180 316
1667190 316
1667200 317
1667210 318
1667220 318
1667230 319
1667240 321
1667250 322
1667260 322
1667270 322
1667280 323
1667290 323
1667300 323
1667310 323
1667320 323
1667330 324
1667340 324
1667350 324
1667360 324
1667370 324
1667380 326
1667390 326
1667400 326
1667410 326
1667420 327
1667430 326
1667440 326
1667450 327
1667460 326
1667470 326
1667480 326
1667490 326
1667500 326
1667510 325
1667520 325
1667530 325
1667540 324
1667550 324
1667560 324
1667570 323
1667580 322
1667590 322
1667600 321
1667610 320
1667620 320
1667630 320
1667640 319
1667650 319
1667660 318
1667670 317
1667680 317
1667690 316
1667700 315
1667710 315
1667720 314
1667730 313
1667740 313
1667750 312
1667760 311
1667770 311
1667780 310
1667790 309
1667800 309
1667810 308
1667820 307
1667830 307
1667840 305
1667850 303
1667860 303
1667870 302
1667880 302
1667890 302
1667900 300
1667910 299
1667920 299
1667930 298
1667940 297
1667950 297
1667960 297
1667970 296
1667980 296
1667990 294
1668000 294
1668010 294
1668020 294
1668030 294
1668040 294
1668050 294
1668060 295
1668070 295
1668080 296
1668090 296
1668100 296
1668110 296
1668120 297
1668130 297
1668140 298
1668150 299
1668160 299
1668170 300
1668180 301
1668190 301
1668200 302
1668210 304
1668220 304
1668230 305
1668240 306
1668250 306
1668260 307
1668270 308
1668280 308
1668290 309
1668300 310
1668310 310
1668320 311
1668330 311
1668340 311
1668350 312
1668360 312
1668370 312
1668380 313
1668390 313
1668400 313
1668410 312
1668420 310
1668430 310
1668440 307
1668450 304
1668460 304
1668470 301
1668480 299
1668490 299
1668500 299
1668510 299
1668520 299
1668530 299
1668540 299
1668550 299
1668560 302
1668570 307
1668580 307
1668590 311
1668600 315
1668610 315
1668620 317
1668630 319
1668640 319
1668650 320
1668660 321
1668670 321
1668680 322
1668690 323
1668700 323
1668710 324
1668720 326
1668730 326
1668740 327
1668750 328
1668760 328
1668770 329
1668780 331
1668790 331
1668800 333
1668810 334
1668820 334
1668830 335
1668840 336
1668850 336
1668860 337
1668870 339
1668880 339
1668890 340
1668900 341
1668910 341
1668920 342
1668930 344
1668940 344
1668950 345
1668960 345
1668970 345
1668980 346
1668990 348
1669000 348
1669010 349
1669020 350
1669030 350
1669040 351
1669050 351
1669060 351
1669070 351
1669080 350
1669090 350
1669100 348
1669110 350
1669120 350
1669130 351
1669140 354
1669150 354
1669160 356
1669170 358
1669180 358
1669190 360
1669200 362
1669210 362
1669220 363
1669230 365
1669240 365
1669250 366
1669260 367
1669270 367
1669280 368
1669290 370
1669300 370
1669310 371
1669320 372
1669330 372
1669340 373
1669350 375
1669360 375
1669370 376
1669380 377
1669390 377
1669400 378
1669410 380
1669420 380
1669430 381
1669440 382
1669450 382
1669460 383
1669470 383
1669480 383
1669490 385
1669500 385
1669510 385
1669520 386
1669530 386
1669540 386
1669550 386
1669560 386
1669570 386
1669580 386
1669590 386
1669600 386
1669610 386
1669620 386
1669630 386
1669640 386
1669650 386
1669660 386
1669670 386
1669680 386
1669690 385
1669700 385
1669710 385
1669720 385
1669730 385
1669740 385
1669750 384
1669760 384
1669770 384
1669780 383
1669790 383
1669800 382
1669810 381
1669820 381
1669830 380
1669840 379
1669850 379
1669860 378
1669870 377
1669880 377
1669890 375
1669900 374
1669910 374
1669920 373
1669930 371
1669940 371
1669950 370
1669960 369
1669970 369
1669980 368
1669990 366
1670000 366
1670010 365
1670020 364
1670030 364
1670040 363
1670050 362
1670060 362
1670070 361
1670080 360
1670090 360
1670100 358
1670110 357
1670120 357
1670130 356
1670140 355
1670150 355
1670160 353
1670170 353
1670180 353
1670190 353
1670200 352
1670210 352
1670220 351
1670230 350
1670240 350
1670250 349
1670260 348
1670270 348
1670280 347
1670290 346
1670300 346
1670310 345
1670320 344
1670330 344
1670340 343
1670350 342
1670360 342
1670370 340
1670380 339
1670390 339
1670400 338
1670410 336
1670420 336
1670430 335
1670440 333
1670450 333
1670460 332
1670470 330
1670480 330
1670490 328
1670500 326
1670510 326
1670520 325
1670530 323
1670540 323
1670550 325
1670560 326
1670570 326
1670580 326
1670590 326
1670600 326
1670610 326
1670620 325
1670630 325
1670640 325
1670650 325
1670660 325
1670670 324
1670680 324
1670690 324
1670700 323
1670710 321
1670720 321
1670730 320
1670740 319
1670750 319
1670760 318
1670770 317
1670780 317
1670790 316
1670800 314
1670810 314
1670820 313
1670830 311
1670840 311
1670850 309
1670860 307
1670870 307
1670880 306
1670890 306
1670900 306
1670910 305
1670920 304
1670930 304
1670940 304
1670950 303
1670960 303
1670970 303
1670980 302
1670990 302
1671000 302
1671010 301
1671020 301
1671030 301
1671040 300
1671050 300
1671060 299
1671070 298
1671080 298
1671090 298
1671100 297
1671110 297
1671120 297
1671130 296
1671140 296
1671150 295
1671160 294
1671170 294
1671180 294
1671190 293
1671200 293
1671210 292
1671220 292
1671230 292
1671240 291
1671250 290
1671260 290
1671270 289
1671280 289
1671290 289
1671300 289
1671310 289
1671320 289
1671330 288
1671340 288
1671350 288
1671360 288
1671370 288
1671380 288
1671390 288
1671400 288
1671410 288
1671420 288
1671430 288
1671440 288
1671450 288
1671460 288
1671470 288
1671480 288
1671490 287
1671500 287
1671510 287
1671520 287
1671530 287
1671540 287
1671550 286
1671560 286
1671570 286
1671580 285
1671590 285
1671600 285
1671610 284
1671620 284
1671630 284
1671640 283
1671650 283
1671660 283
1671670 283
1671680 283
1671690 282
1671700 282
1671710 282
1671720 281
1671730 281
1671740 281
1671750 280
1671760 280
1671770 280
1671780 279
1671790 279
1671800 279
1671810 278
1671820 277
1671830 277
1671840 277
1671850 276
1671860 276
1671870 275
1671880 274
1671890 274
1671900 273
1671910 273
1671920 272
1671930 272
1671940 271
1671950 271
1671960 271
1671970 270
1671980 269
1671990 269
1672000 269
1672010 268
1672020 268
1672030 267
1672040 267
1672050 267
1672060 266
1672070 266
1672080 266
1672090 265
1672100 265
1672110 265
1672120 264
1672130 264
1672140 264
1672150 263
1672160 263
1672170 263
1672180 262
1672190 261
1672200 261
1672210 261
1672220 260
1672230 260
1672240 260
1672250 259
1672260 259
1672270 257
1672280 256
1672290 256
1672300 255
1672310 254
1672320 254
1672330 253
1672340 252
1672350 252
1672360 251
1672370 250
1672380 250
1672390 250
1672400 249
1672410 249
1672420 248
1672430 247
1672440 247
1672450 246
1672460 246
1672470 246
1672480 246
1672490 246
1672500 246
1672510 246
1672520 245
1672530 245
1672540 245
1672550 245
1672560 245
1672570 245
1672580 247
1672590 247
1672600 248
1672610 249
1672620 249
1672630 250
1672640 250
1672650 250
1672660 250
1672670 251
1672680 251
1672690 251
1672700 252
1672710 252
1672720 253
1672730 255
1672740 255
1672750 257
1672760 259
1672770 259
1672780 260
1672790 262
1672800 262
1672810 263
1672820 264
1672830 264
1672840 265
1672850 266
1672860 266
1672870 267
1672880 268
1672890 268
1672900 269
1672910 269
1672920 269
1672930 270
1672940 271
1672950 271
1672960 273
1672970 273
1672980 273
1672990 274
1673000 274
1673010 274
1673020 275
1673030 276
1673040 276
1673050 276
1673060 276
1673070 276
1673080 277
1673090 277
1673100 277
1673110 277
1673120 277
1673130 277
1673140 277
1673150 277
1673160 277
1673170 277
1673180 276
1673190 276
1673200 276
1673210 276
1673220 276
1673230 275
1673240 275
1673250 275
1673260 275
1673270 274
1673280 274
1673290 274
1673300 274
1673310 274
1673320 273
1673330 273
1673340 273
1673350 272
1673360 271
1673370 271
1673380 270
1673390 269
1673400 269
1673410 269
1673420 268
1673430 268
1673440 267
1673450 267
1673460 267
1673470 266
1673480 265
1673490 265
1673500 264
1673510 264
1673520 264
1673530 263
1673540 263
1673550 263
1673560 262
1673570 262
1673580 262
1673590 261
1673600 261
1673610 261
1673620 261
1673630 260
1673640 261
1673650 261
1673660 260
1673670 260
1673680 260
1673690 259
1673700 259
1673710 258
1673720 257
1673730 257
1673740 256
1673750 255
1673760 255
1673770 254
1673780 252
1673790 252
1673800 251
1673810 250
1673820 250
1673830 248
1673840 247
1673850 247
1673860 246
1673870 245
1673880 245
1673890 244
1673900 243
1673910 243
1673920 242
1673930 241
1673940 241
1673950 241
1673960 240
1673970 240
1673980 240
1673990 240
1674000 240
1674010 240
1674020 240
1674030 240
1674040 239
1674050 239
1674060 239
1674070 239
1674080 239
1674090 239
1674100 238
1674110 238
1674120 238
1674130 238
1674140 238
1674150 238
1674160 238
1674170 238
1674180 238
1674190 237
1674200 237
1674210 237
1674220 237
1674230 237
1674240 237
1674250 236
1674260 236
1674270 236
1674280 236
1674290 236
1674300 236
1674310 236
1674320 236
1674330 236
1674340 236
1674350 236
1674360 236
1674370 236
1674380 236
1674390 236
1674400 236
1674410 236
1674420 236
1674430 236
1674440 236
1674450 236
1674460 236
1674470 235
1674480 235
1674490 235
1674500 235
1674510 235
1674520 235
1674530 235
1674540 235
1674550 235
1674560 235
1674570 235
1674580 235
1674590 235
1674600 235
1674610 235
1674620 235
1674630 234
1674640 234
1674650 234
1674660 234
1674670 234
1674680 234
1674690 234
1674700 234
1674710 234
1674720 234
1674730 234
1674740 234
1674750 234
1674760 234
1674770 234
1674780 234
1674790 234
1674800 234
1674810 234
1674820 234
1674830 234
1674840 234
1674850 234
1674860 234
1674870 233
1674880 233
1674890 233
1674900 233
1674910 233
1674920 233
1674930 233
1674940 233
1674950 233
1674960 233
1674970 233
1674980 233
1674990 233
1675000 233
1675010 233
1675020 233
1675030 233
1675040 233
1675050 233
1675060 233
1675070 233
1675080 233
1675090 233
1675100 233
1675110 233
1675120 233
1675130 233
1675140 233
1675150 233
1675160 233
1675170 233
1675180 233
1675190 232
1675200 232
1675210 232
1675220 232
1675230 232
1675240 232
1675250 232
1675260 232
1675270 232
1675280 232
1675290 232
1675300 232
1675310 232
1675320 232
1675330 232
1675340 233
1675350 232
1675360 232
1675370 232
1675380 232
1675390 232
1675400 232
1675410 232
1675420 232
1675430 232
1675440 232
1675450 232
1675460 232
1675470 232
1675480 232
1675490 232
1675500 232
1675510 232
1675520 232
1675530 232
1675540 232
1675550 232
1675560 232
1675570 232
1675580 232
1675590 231
1675600 231
1675610 231
1675620 231
1675630 231
1675640 231
1675650 231
1675660 231
1675670 231
1675680 231
1675690 231
1675700 231
1675710 231
1675720 231
1675730 231
1675740 231
1675750 231
1675760 231
1675770 231
1675780 231
1675790 231
1675800 231
1675810 231
1675820 231
1675830 231
1675840 231
1675850 231
1675860 231
1675870 231
1675880 231
1675890 231
1675900 231
1675910 231
1675920 231
1675930 231
1675940 231
1675950 231
1675960 231
1675970 231
1675980 231
1675990 231
1676000 231
1676010 231
1676020 231
1676030 231
1676040 231
1676050 231
1676060 231
1676070 231
1676080 231
1676090 231
1676100 231
1676110 231
1676120 231
1676130 231
1676140 231
1676150 231
1676160 231
1676170 231
1676180 231
1676190 232
1676200 232
1676210 231
1676220 231
1676230 231
1676240 231
1676250 231
1676260 231
1676270 231
1676280 231
1676290 231
1676300 231
1676310 231
1676320 231
1676330 231
1676340 232
1676350 232
1676360 232
1676370 232
1676380 232
1676390 231
1676400 230
1676410 230
1676420 229
1676430 229
1676440 229
1676450 230
1676460 231
1676470 231
1676480 231
1676490 231
1676500 231
1676510 231
1676520 227
1676530 227
1676540 225
1676550 225
1676560 225
1676570 225
1676580 225
1676590 225
1676600 226
1676610 226
1676620 226
1676630 226
1676640 226
1676650 226
1676660 226
1676670 226
1676680 227
1676690 227
1676700 227
1676710 227
1676720 227
1676730 227
1676740 227
1676750 227
1676760 226
1676770 226
1676780 226
1676790 226
1676800 226
1676810 226
1676820 226
1676830 226
1676840 226
1676850 226
1676860 226
1676870 226
1676880 226
1676890 226
1676900 226
1676910 226
1676920 226
1676930 226
1676940 226
1676950 226
1676960 226
1676970 226
1676980 226
1676990 226
1677000 225
1677010 225
1677020 225
1677030 224
1677040 224
1677050 224
1677060 224
1677070 224
1677080 224
1677090 224
1677100 224
1677110 224
1677120 224
1677130 224
1677140 224
1677150 224
1677160 224
1677170 224
1677180 225
1677190 225
1677200 225
1677210 225
1677220 225
1677230 225
1677240 225
1677250 225
1677260 225
1677270 225
1677280 224
1677290 224
1677300 224
1677310 224
1677320 224
1677330 224
1677340 225
1677350 225
1677360 225
1677370 225
1677380 225
1677390 225
1677400 225
1677410 225
1677420 225
1677430 225
1677440 225
1677450 225
1677460 225
1677470 225
1677480 225
1677490 226
1677500 226
1677510 226
1677520 225
1677530 225
1677540 225
1677550 225
1677560 225
1677570 225
1677580 225
1677590 225
1677600 224
1677610 224
1677620 224
1677630 224
1677640 224
1677650 224
1677660 224
1677670 224
1677680 224
1677690 224
1677700 225
1677710 225
1677720 224
1677730 224
1677740 224
1677750 224
1677760 224
1677770 224
1677780 224
1677790 224
1677800 224
1677810 224
1677820 224
1677830 224
1677840 224
1677850 223
1677860 223
1677870 223
1677880 223
1677890 223
1677900 223
1677910 223
1677920 223
1677930 223
1677940 223
1677950 223
1677960 223
1677970 223
1677980 223
1677990 223
1678000 223
1678010 223
1678020 223
1678030 224
1678040 224
1678050 223
1678060 222
1678070 222
1678080 222
1678090 223
1678100 223
1678110 223
1678120 223
1678130 223
1678140 222
1678150 222
1678160 222
1678170 222
1678180 222
1678190 222
1678200 222
1678210 223
1678220 223
1678230 223
1678240 222
1678250 222
1678260 222
1678270 222
1678280 222
1678290 222
1678300 222
1678310 222
1678320 223
1678330 223
1678340 223
1678350 223
1678360 223
1678370 223
1678380 223
1678390 223
1678400 223
1678410 223
1678420 223
1678430 223
1678440 223
1678450 223
1678460 223
1678470 223
1678480 223
1678490 223
1678500 224
1678510 224
1678520 224
1678530 223
1678540 222
1678550 222
1678560 222
1678570 222
1678580 222
1678590 222
1678600 222
1678610 222
1678620 222
1678630 222
1678640 222
1678650 219
1678660 217
1678670 217
1678680 217
1678690 217
1678700 217
1678710 217
1678720 217
1678730 217
1678740 217
1678750 217
1678760 217
1678770 218
1678780 221
1678790 221
1678800 224
1678810 225
1678820 225
1678830 225
1678840 225
1678850 225
1678860 225
1678870 226
1678880 226
1678890 226
1678900 226
1678910 226
1678920 226
1678930 226
1678940 226
1678950 225
1678960 225
1678970 225
1678980 225
1678990 225
1679000 225
1679010 225
1679020 226
1679030 226
1679040 226
1679050 226
1679060 226
1679070 226
1679080 226
1679090 226
1679100 226
1679110 227
1679120 227
1679130 227
1679140 226
1679150 226
1679160 226
1679170 227
1679180 227
1679190 227
1679200 227
1679210 228
1679220 228
1679230 229
1679240 230
1679250 230
1679260 230
1679270 231
1679280 231
1679290 231
1679300 232
1679310 232
1679320 232
1679330 233
1679340 233
1679350 233
1679360 234
1679370 234
1679380 235
1679390 236
1679400 236
1679410 237
1679420 238
1679430 238
1679440 240
1679450 241
1679460 241
1679470 241
1679480 241
1679490 241
1679500 241
1679510 241
1679520 241
1679530 241
1679540 241
1679550 241
1679560 241
1679570 241
1679580 241
1679590 241
1679600 241
1679610 241
1679620 242
1679630 242
1679640 242
1679650 242
1679660 242
1679670 242
1679680 242
1679690 243
1679700 243
1679710 243
1679720 243
1679730 243
1679740 244
1679750 243
1679760 243
1679770 242
1679780 242
1679790 242
1679800 242
1679810 242
1679820 242
1679830 242
1679840 242
1679850 242
1679860 242
1679870 243
1679880 243
1679890 245
1679900 247
1679910 247
1679920 249
1679930 252
1679940 252
1679950 254
1679960 254
1679970 254
1679980 253
1679990 253
