1660000 363
1660010 362
1660020 362
1660030 362
1660040 361
1660050 361
1660060 361
1660070 361
1660080 361
1660090 362
1660100 362
1660110 362
1660120 362
1660130 362
1660140 362
1660150 362
1660160 361
1660170 361
1660180 361
1660190 362
1660200 362
1660210 364
1660220 366
1660230 366
1660240 366
1660250 366
1660260 366
1660270 366
1660280 365
1660290 365
1660300 364
1660310 362
1660320 362
1660330 361
1660340 359
1660350 359
1660360 357
1660370 355
1660380 355
1660390 352
1660400 349
1660410 349
1660420 344
1660430 341
1660440 341
1660450 345
1660460 350
1660470 350
1660480 351
1660490 351
1660500 351
1660510 350
1660520 348
1660530 348
1660540 347
1660550 347
1660560 347
1660570 348
1660580 349
1660590 349
1660600 350
1660610 350
1660620 350
1660630 350
1660640 349
1660650 349
1660660 349
1660670 349
1660680 349
1660690 349
1660700 350
1660710 350
1660720 349
1660730 348
1660740 348
1660750 347
1660760 347
1660770 347
1660780 346
1660790 345
1660800 345
1660810 344
1660820 342
1660830 342
1660840 341
1660850 340
1660860 340
1660870 338
1660880 337
1660890 337
1660900 336
1660910 335
1660920 335
1660930 334
1660940 333
1660950 333
1660960 330
1660970 327
1660980 327
1660990 323
1661000 321
1661010 321
1661020 321
1661030 321
1661040 321
1661050 321
1661060 322
1661070 322
1661080 323
1661090 323
1661100 323
1661110 324
1661120 325
1661130 325
1661140 327
1661150 329
1661160 329
1661170 329
1661180 330
1661190 330
1661200 331
1661210 332
1661220 332
1661230 333
1661240 334
1661250 334
1661260 336
1661270 337
1661280 337
1661290 338
1661300 338
1661310 338
1661320 339
1661330 339
1661340 339
1661350 340
1661360 340
1661370 340
1661380 339
1661390 339
1661400 339
1661410 339
1661420 338
1661430 338
1661440 337
1661450 336
1661460 336
1661470 335
1661480 333
1661490 333
1661500 332
1661510 330
1661520 330
1661530 328
1661540 327
1661550 327
1661560 326
1661570 323
1661580 323
1661590 321
1661600 321
1661610 321
1661620 321
1661630 322
1661640 322
1661650 324
1661660 325
1661670 325
1661680 331
1661690 331
1661700 331
1661710 331
1661720 332
1661730 332
1661740 333
1661750 331
1661760 331
1661770 330
1661780 331
1661790 331
1661800 334
1661810 332
1661820 332
1661830 331
1661840 330
1661850 330
1661860 328
1661870 325
1661880 325
1661890 322
1661900 321
1661910 321
1661920 321
1661930 321
1661940 321
1661950 321
1661960 321
1661970 321
1661980 321
1661990 321
1662000 321
1662010 322
1662020 322
1662030 322
1662040 322
1662050 323
1662060 323
1662070 324
1662080 325
1662090 325
1662100 325
1662110 324
1662120 324
1662130 324
1662140 325
1662150 325
1662160 326
1662170 328
1662180 328
1662190 330
1662200 331
1662210 331
1662220 331
1662230 330
1662240 330
1662250 330
1662260 331
1662270 331
1662280 332
1662290 333
1662300 334
1662310 334
1662320 335
1662330 336
1662340 336
1662350 338
1662360 339
1662370 339
1662380 340
1662390 341
1662400 341
1662410 339
1662420 339
1662430 339
1662440 339
1662450 339
1662460 339
1662470 338
1662480 337
1662490 337
1662500 337
1662510 337
1662520 337
1662530 336
1662540 335
1662550 335
1662560 336
1662570 337
1662580 337
1662590 339
1662600 341
1662610 341
1662620 344
1662630 346
1662640 346
1662650 348
1662660 349
1662670 349
1662680 351
1662690 353
1662700 353
1662710 354
1662720 356
1662730 356
1662740 358
1662750 359
1662760 359
1662770 360
1662780 358
1662790 358
1662800 355
1662810 355
1662820 355
1662830 359
1662840 363
1662850 363
1662860 367
1662870 371
1662880 371
1662890 373
1662900 373
1662910 373
1662920 374
1662930 377
1662940 377
1662950 381
1662960 384
1662970 384
1662980 386
1662990 387
1663000 387
1663010 388
1663020 388
1663030 388
1663040 389
1663050 389
1663060 389
1663070 389
1663080 388
1663090 388
1663100 388
1663110 387
1663120 387
1663130 386
1663140 385
1663150 385
1663160 385
1663170 384
1663180 384
1663190 384
1663200 384
1663210 384
1663220 383
1663230 383
1663240 383
1663250 382
1663260 382
1663270 382
1663280 381
1663290 381
1663300 381
1663310 380
1663320 380
1663330 380
1663340 380
1663350 379
1663360 379
1663370 378
1663380 377
1663390 377
1663400 376
1663410 375
1663420 375
1663430 374
1663440 373
1663450 373
1663460 373
1663470 373
1663480 373
1663490 373
1663500 373
1663510 373
1663520 373
1663530 373
1663540 373
1663550 374
1663560 375
1663570 375
1663580 375
1663590 375
1663600 375
1663610 375
1663620 375
1663630 375
1663640 376
1663650 376
1663660 376
1663670 376
1663680 376
1663690 376
1663700 378
1663710 381
1663720 381
1663730 383
1663740 385
1663750 385
1663760 387
1663770 390
1663780 390
1663790 391
1663800 393
1663810 393
1663820 395
1663830 396
1663840 396
1663850 397
1663860 400
1663870 400
1663880 401
1663890 403
1663900 403
1663910 404
1663920 404
1663930 404
1663940 405
1663950 405
1663960 405
1663970 407
1663980 408
1663990 408
1664000 409
1664010 410
1664020 410
1664030 411
1664040 412
1664050 412
1664060 414
1664070 415
1664080 415
1664090 416
1664100 417
1664110 417
1664120 418
1664130 419
1664140 419
1664150 419
1664160 419
1664170 419
1664180 419
1664190 419
1664200 419
1664210 418
1664220 418
1664230 418
1664240 418
1664250 418
1664260 418
1664270 418
1664280 419
1664290 419
1664300 420
1664310 420
1664320 420
1664330 421
1664340 421
1664350 421
1664360 421
1664370 420
1664380 420
1664390 420
1664400 419
1664410 419
1664420 419
1664430 419
1664440 419
1664450 419
1664460 420
1664470 420
1664480 421
1664490 421
1664500 421
1664510 421
1664520 421
1664530 421
1664540 422
1664550 422
1664560 422
1664570 423
1664580 425
1664590 425
1664600 425
1664610 426
1664620 426
1664630 426
1664640 427
1664650 427
1664660 427
1664670 428
1664680 428
1664690 429
1664700 430
1664710 430
1664720 431
1664730 432
1664740 432
1664750 433
1664760 434
1664770 434
1664780 434
1664790 435
1664800 435
1664810 436
1664820 437
1664830 437
1664840 438
1664850 439
1664860 439
1664870 440
1664880 441
1664890 441
1664900 442
1664910 442
1664920 442
1664930 443
1664940 443
1664950 443
1664960 443
1664970 443
1664980 443
1664990 443
1665000 443
1665010 443
1665020 443
1665030 443
1665040 443
1665050 443
1665060 443
1665070 443
1665080 442
1665090 442
1665100 442
1665110 442
1665120 441
1665130 441
1665140 440
1665150 439
1665160 439
1665170 437
1665180 435
1665190 435
1665200 433
1665210 430
1665220 430
1665230 428
1665240 426
1665250 426
1665260 425
1665270 424
1665280 424
1665290 423
1665300 423
1665310 423
1665320 422
1665330 421
1665340 421
1665350 420
1665360 419
1665370 419
1665380 418
1665390 418
1665400 418
1665410 417
1665420 416
1665430 416
1665440 416
1665450 415
1665460 415
1665470 414
1665480 414
1665490 414
1665500 413
1665510 412
1665520 412
1665530 411
1665540 411
1665550 411
1665560 410
1665570 409
1665580 408
1665590 408
1665600 408
1665610 407
1665620 407
1665630 406
1665640 405
1665650 405
1665660 404
1665670 402
1665680 402
1665690 401
1665700 398
1665710 398
1665720 396
1665730 394
1665740 394
1665750 394
1665760 395
1665770 395
1665780 395
1665790 395
1665800 395
1665810 394
1665820 394
1665830 394
1665840 393
1665850 392
1665860 392
1665870 391
1665880 390
1665890 390
1665900 388
1665910 386
1665920 386
1665930 384
1665940 384
1665950 384
1665960 383
1665970 383
1665980 383
1665990 383
1666000 385
1666010 388
1666020 389
1666030 390
1666040 390
1666050 391
1666060 391
1666070 391
1666080 392
1666090 393
1666100 393
1666110 393
1666120 393
1666130 393
1666140 394
1666150 394
1666160 394
1666170 394
1666180 394
1666190 394
1666200 394
1666210 393
1666220 393
1666230 393
1666240 393
1666250 393
1666260 393
1666270 393
1666280 393
1666290 392
1666300 392
1666310 392
1666320 392
1666330 391
1666340 391
1666350 390
1666360 390
1666370 390
1666380 389
1666390 387
1666400 387
1666410 383
1666420 385
1666430 385
1666440 388
1666450 390
1666460 390
1666470 391
1666480 392
1666490 392
1666500 393
1666510 393
1666520 393
1666530 393
1666540 394
1666550 394
1666560 393
1666570 393
1666580 393
1666590 394
1666600 394
1666610 394
1666620 394
1666630 394
1666640 394
1666650 394
1666660 394
1666670 394
1666680 394
1666690 395
1666700 395
1666710 395
1666720 397
1666730 397
1666740 398
1666750 399
1666760 399
1666770 400
1666780 401
1666790 401
1666800 402
1666810 402
1666820 402
1666830 403
1666840 403
1666850 403
1666860 403
1666870 403
1666880 403
1666890 403
1666900 403
1666910 403
1666920 403
1666930 403
1666940 403
1666950 403
1666960 402
1666970 402
1666980 402
1666990 402
1667000 402
1667010 401
1667020 401
1667030 401
1667040 400
1667050 399
1667060 399
1667070 398
1667080 396
1667090 396
1667100 395
1667110 393
1667120 393
1667130 392
1667140 391
1667150 391
1667160 390
1667170 390
1667180 390
1667190 390
1667200 390
1667210 390
1667220 389
1667230 388
1667240 388
1667250 387
1667260 385
1667270 385
1667280 383
1667290 381
1667300 381
1667310 380
1667320 377
1667330 377
1667340 375
1667350 372
1667360 372
1667370 369
1667380 365
1667390 365
1667400 361
1667410 357
1667420 357
1667430 349
1667440 342
1667450 342
1667460 335
1667470 335
1667480 335
1667490 337
1667500 340
1667510 340
1667520 344
1667530 350
1667540 350
1667550 355
1667560 361
1667570 361
1667580 368
1667590 374
1667600 374
1667610 379
1667620 382
1667630 382
1667640 385
1667650 388
1667660 388
1667670 391
1667680 393
1667690 393
1667700 396
1667710 399
1667720 399
1667730 401
1667740 403
1667750 403
1667760 405
1667770 407
1667780 407
1667790 409
1667800 410
1667810 410
1667820 412
1667830 413
1667840 413
1667850 414
1667860 415
1667870 415
1667880 416
1667890 417
1667900 417
1667910 418
1667920 418
1667930 418
1667940 419
1667950 419
1667960 419
1667970 420
1667980 420
1667990 420
1668000 421
1668010 421
1668020 421
1668030 422
1668040 422
1668050 422
1668060 423
1668070 423
1668080 423
1668090 424
1668100 425
1668110 425
1668120 426
1668130 428
1668140 427
1668150 429
1668160 430
1668170 430
1668180 431
1668190 432
1668200 432
1668210 434
1668220 435
1668230 435
1668240 436
1668250 437
1668260 437
1668270 438
1668280 439
1668290 439
1668300 440
1668310 442
1668320 442
1668330 444
1668340 445
1668350 445
1668360 447
1668370 449
1668380 449
1668390 450
1668400 451
1668410 451
1668420 452
1668430 453
1668440 453
1668450 454
1668460 455
1668470 455
1668480 455
1668490 456
1668500 456
1668510 457
1668520 458
1668530 458
1668540 459
1668550 460
1668560 460
1668570 460
1668580 460
1668590 460
1668600 461
1668610 461
1668620 461
1668630 461
1668640 461
1668650 461
1668660 461
1668670 461
1668680 461
1668690 462
1668700 462
1668710 462
1668720 463
1668730 464
1668740 464
1668750 465
1668760 466
1668770 466
1668780 467
1668790 469
1668800 469
1668810 470
1668820 471
1668830 471
1668840 473
1668850 474
1668860 475
1668870 475
1668880 476
1668890 477
1668900 477
1668910 478
1668920 480
1668930 480
1668940 481
1668950 483
1668960 483
1668970 484
1668980 486
1668990 486
1669000 487
1669010 489
1669020 489
1669030 490
1669040 492
1669050 492
1669060 493
1669070 495
1669080 495
1669090 497
1669100 499
1669110 499
1669120 500
1669130 502
1669140 502
1669150 504
1669160 506
1669170 506
1669180 507
1669190 509
1669200 509
1669210 512
1669220 514
1669230 514
1669240 516
1669250 517
1669260 517
1669270 519
1669280 521
1669290 521
1669300 522
1669310 524
1669320 524
1669330 526
1669340 527
1669350 527
1669360 529
1669370 531
1669380 531
1669390 533
1669400 535
1669410 535
1669420 536
1669430 538
1669440 538
1669450 540
1669460 542
1669470 542
1669480 544
1669490 546
1669500 546
1669510 548
1669520 550
1669530 550
1669540 552
1669550 555
1669560 555
1669570 556
1669580 557
1669590 557
1669600 557
1669610 557
1669620 557
1669630 557
1669640 557
1669650 557
1669660 557
1669670 558
1669680 558
1669690 559
1669700 559
1669710 559
1669720 560
1669730 560
1669740 560
1669750 561
1669760 562
1669770 562
1669780 562
1669790 563
1669800 563
1669810 564
1669820 564
1669830 564
1669840 565
1669850 566
1669860 566
1669870 566
1669880 567
1669890 567
1669900 567
1669910 568
1669920 568
1669930 567
1669940 567
1669950 567
1669960 566
1669970 565
1669980 565
1669990 562
1670000 561
1670010 561
1670020 560
1670030 559
1670040 559
1670050 557
1670060 556
1670070 556
1670080 554
1670090 553
1670100 553
1670110 551
1670120 549
1670130 549
1670140 548
1670150 546
1670160 546
1670170 544
1670180 543
1670190 543
1670200 541
1670210 540
1670220 540
1670230 538
1670240 537
1670250 536
1670260 535
1670270 533
1670280 533
1670290 532
1670300 530
1670310 530
1670320 528
1670330 526
1670340 526
1670350 525
1670360 523
1670370 523
1670380 521
1670390 520
1670400 520
1670410 518
1670420 516
1670430 516
1670440 514
1670450 513
1670460 513
1670470 510
1670480 508
1670490 508
1670500 507
1670510 505
1670520 505
1670530 502
1670540 500
1670550 500
1670560 499
1670570 497
1670580 497
1670590 495
1670600 493
1670610 493
1670620 491
1670630 490
1670640 490
1670650 488
1670660 485
1670670 485
1670680 483
1670690 481
1670700 481
1670710 478
1670720 476
1670730 476
1670740 472
1670750 468
1670760 468
1670770 464
1670780 460
1670790 460
1670800 459
1670810 457
1670820 457
1670830 455
1670840 454
1670850 454
1670860 452
1670870 450
1670880 450
1670890 448
1670900 445
1670910 445
1670920 443
1670930 442
1670940 442
1670950 440
1670960 439
1670970 439
1670980 437
1670990 435
1671000 435
1671010 433
1671020 432
1671030 432
1671040 429
1671050 429
1671060 429
1671070 430
1671080 430
1671090 430
1671100 431
1671110 431
1671120 431
1671130 431
1671140 430
1671150 430
1671160 429
1671170 428
1671180 428
1671190 425
1671200 423
1671210 423
1671220 422
1671230 419
1671240 419
1671250 418
1671260 416
1671270 416
1671280 414
1671290 412
1671300 412
1671310 410
1671320 408
1671330 408
1671340 407
1671350 406
1671360 406
1671370 405
1671380 403
1671390 403
1671400 402
1671410 401
1671420 401
1671430 399
1671440 398
1671450 398
1671460 397
1671470 395
1671480 395
1671490 392
1671500 390
1671510 390
1671520 390
1671530 390
1671540 390
1671550 390
1671560 389
1671570 389
1671580 389
1671590 388
1671600 388
1671610 388
1671620 389
1671630 389
1671640 391
1671650 391
1671660 391
1671670 392
1671680 392
1671690 392
1671700 393
1671710 393
1671720 393
1671730 394
1671740 394
1671750 394
1671760 395
1671770 395
1671780 395
1671790 396
1671800 397
1671810 397
1671820 399
1671830 400
1671840 400
1671850 400
1671860 401
1671870 401
1671880 401
1671890 401
1671900 401
1671910 399
1671920 397
1671930 397
1671940 393
1671950 391
1671960 391
1671970 389
1671980 387
1671990 387
1672000 385
1672010 383
1672020 383
1672030 382
1672040 383
1672050 383
1672060 384
1672070 385
1672080 385
1672090 385
1672100 386
1672110 386
1672120 387
1672130 388
1672140 388
1672150 389
1672160 391
1672170 392
1672180 392
1672190 393
1672200 394
1672210 394
1672220 395
1672230 395
1672240 395
1672250 396
1672260 396
1672270 396
1672280 395
1672290 395
1672300 395
1672310 394
1672320 393
1672330 394
1672340 393
1672350 392
1672360 392
1672370 391
1672380 390
1672390 390
1672400 388
1672410 387
1672420 387
1672430 386
1672440 384
1672450 384
1672460 382
1672470 380
1672480 380
1672490 378
1672500 376
1672510 376
1672520 374
1672530 373
1672540 373
1672550 371
1672560 370
1672570 370
1672580 368
1672590 365
1672600 365
1672610 361
1672620 364
1672630 364
1672640 366
1672650 368
1672660 368
1672670 369
1672680 370
1672690 370
1672700 371
1672710 371
1672720 371
1672730 371
1672740 370
1672750 370
1672760 368
1672770 367
1672780 367
1672790 366
1672800 366
1672810 366
1672820 365
1672830 364
1672840 364
1672850 363
1672860 362
1672870 362
1672880 361
1672890 360
1672900 360
1672910 359
1672920 358
1672930 358
1672940 357
1672950 356
1672960 356
1672970 355
1672980 354
1672990 354
1673000 353
1673010 352
1673020 353
1673030 353
1673040 352
1673050 352
1673060 351
1673070 350
1673080 350
1673090 349
1673100 348
1673110 348
1673120 346
1673130 345
1673140 345
1673150 344
1673160 342
1673170 342
1673180 341
1673190 340
1673200 340
1673210 338
1673220 337
1673230 337
1673240 336
1673250 335
1673260 335
1673270 333
1673280 332
1673290 332
1673300 330
1673310 327
1673320 327
1673330 321
1673340 318
1673350 318
1673360 318
1673370 315
1673380 315
1673390 318
1673400 319
1673410 319
1673420 319
1673430 319
1673440 319
1673450 319
1673460 319
1673470 319
1673480 319
1673490 319
1673500 319
1673510 320
1673520 320
1673530 320
1673540 320
1673550 321
1673560 321
1673570 321
1673580 321
1673590 321
1673600 321
1673610 321
1673620 321
1673630 322
1673640 322
1673650 322
1673660 322
1673670 322
1673680 322
1673690 322
1673700 322
1673710 322
1673720 322
1673730 321
1673740 321
1673750 321
1673760 320
1673770 320
1673780 320
1673790 319
1673800 319
1673810 318
1673820 317
1673830 317
1673840 316
1673850 315
1673860 315
1673870 314
1673880 313
1673890 313
1673900 312
1673910 311
1673920 311
1673930 310
1673940 309
1673950 309
1673960 308
1673970 307
1673980 307
1673990 306
1674000 305
1674010 305
1674020 304
1674030 303
1674040 303
1674050 302
1674060 300
1674070 300
1674080 299
1674090 298
1674100 298
1674110 297
1674120 296
1674130 296
1674140 295
1674150 295
1674160 295
1674170 294
1674180 292
1674190 292
1674200 290
1674210 290
1674220 290
1674230 289
1674240 289
1674250 289
1674260 288
1674270 288
1674280 288
1674290 289
1674300 291
1674310 291
1674320 293
1674330 294
1674340 294
1674350 295
1674360 296
1674370 296
1674380 297
1674390 298
1674400 298
1674410 298
1674420 299
1674430 299
1674440 300
1674450 301
1674460 301
1674470 304
1674480 305
1674490 305
1674500 305
1674510 306
1674520 306
1674530 306
1674540 307
1674550 307
1674560 307
1674570 307
1674580 307
1674590 308
1674600 308
1674610 308
1674620 309
1674630 309
1674640 309
1674650 309
1674660 309
1674670 309
1674680 309
1674690 309
1674700 309
1674710 309
1674720 309
1674730 309
1674740 308
1674750 308
1674760 308
1674770 308
1674780 308
1674790 308
1674800 308
1674810 308
1674820 308
1674830 308
1674840 307
1674850 307
1674860 307
1674870 305
1674880 305
1674890 304
1674900 303
1674910 303
1674920 302
1674930 301
1674940 301
1674950 300
1674960 299
1674970 299
1674980 299
1674990 298
1675000 298
1675010 297
1675020 297
1675030 297
1675040 296
1675050 296
1675060 296
1675070 295
1675080 294
1675090 294
1675100 293
1675110 293
1675120 293
1675130 292
1675140 291
1675150 291
1675160 291
1675170 290
1675180 290
1675190 290
1675200 289
1675210 289
1675220 288
1675230 287
1675240 287
1675250 284
1675260 281
1675270 281
1675280 280
1675290 279
1675300 279
1675310 277
1675320 277
1675330 277
1675340 277
1675350 278
1675360 278
1675370 279
1675380 280
1675390 280
1675400 279
1675410 278
1675420 278
1675430 278
1675440 278
1675450 278
1675460 278
1675470 278
1675480 278
1675490 278
1675500 279
1675510 279
1675520 279
1675530 279
1675540 279
1675550 279
1675560 278
1675570 277
1675580 277
1675590 276
1675600 276
1675610 276
1675620 276
1675630 277
1675640 277
1675650 280
1675660 283
1675670 283
1675680 285
1675690 286
1675700 286
1675710 287
1675720 288
1675730 288
1675740 289
1675750 290
1675760 290
1675770 291
1675780 292
1675790 292
1675800 293
1675810 294
1675820 294
1675830 295
1675840 295
1675850 295
1675860 296
1675870 296
1675880 296
1675890 297
1675900 297
1675910 297
1675920 298
1675930 298
1675940 298
1675950 299
1675960 299
1675970 299
1675980 299
1675990 300
1676000 300
1676010 300
1676020 300
1676030 300
1676040 300
1676050 300
1676060 300
1676070 300
1676080 300
1676090 300
1676100 300
1676110 300
1676120 300
1676130 299
1676140 299
1676150 299
1676160 299
1676170 299
1676180 299
1676190 298
1676200 298
1676210 298
1676220 298
1676230 297
1676240 297
1676250 297
1676260 296
1676270 296
1676280 296
1676290 295
1676300 295
1676310 295
1676320 295
1676330 295
1676340 295
1676350 294
1676360 294
1676370 294
1676380 293
1676390 293
1676400 292
1676410 292
1676420 291
1676430 291
1676440 290
1676450 290
1676460 290
1676470 289
1676480 289
1676490 289
1676500 288
1676510 288
1676520 288
1676530 287
1676540 287
1676550 287
1676560 287
1676570 287
1676580 287
1676590 286
1676600 286
1676610 286
1676620 285
1676630 285
1676640 285
1676650 284
1676660 284
1676670 284
1676680 283
1676690 283
1676700 283
1676710 282
1676720 282
1676730 282
1676740 281
1676750 281
1676760 281
1676770 280
1676780 280
1676790 280
1676800 279
1676810 279
1676820 279
1676830 278
1676840 278
1676850 278
1676860 277
1676870 277
1676880 277
1676890 276
1676900 276
1676910 276
1676920 275
1676930 275
1676940 275
1676950 274
1676960 274
1676970 273
1676980 273
1676990 273
1677000 272
1677010 271
1677020 271
1677030 270
1677040 269
1677050 269
1677060 268
1677070 264
1677080 264
1677090 261
1677100 260
1677110 260
1677120 259
1677130 259
1677140 259
1677150 258
1677160 258
1677170 258
1677180 257
1677190 257
1677200 257
1677210 257
1677220 256
1677230 256
1677240 256
1677250 255
1677260 255
1677270 255
1677280 254
1677290 254
1677300 254
1677310 255
1677320 255
1677330 254
1677340 254
1677350 254
1677360 253
1677370 253
1677380 253
1677390 253
1677400 253
1677410 253
1677420 253
1677430 253
1677440 253
1677450 253
1677460 253
1677470 253
1677480 253
1677490 253
1677500 253
1677510 253
1677520 253
1677530 253
1677540 252
1677550 252
1677560 252
1677570 252
1677580 252
1677590 252
1677600 252
1677610 252
1677620 252
1677630 251
1677640 251
1677650 251
1677660 251
1677670 250
1677680 250
1677690 250
1677700 250
1677710 250
1677720 250
1677730 250
1677740 250
1677750 250
1677760 250
1677770 251
1677780 251
1677790 251
1677800 251
1677810 252
1677820 252
1677830 252
1677840 252
1677850 252
1677860 252
1677870 252
1677880 252
1677890 252
1677900 252
1677910 252
1677920 252
1677930 252
1677940 253
1677950 253
1677960 253
1677970 253
1677980 253
1677990 253
1678000 254
1678010 254
1678020 254
1678030 254
1678040 254
1678050 255
1678060 255
1678070 255
1678080 256
1678090 255
1678100 255
1678110 254
1678120 255
1678130 255
1678140 255
1678150 254
1678160 254
1678170 249
1678180 251
1678190 251
1678200 255
1678210 256
1678220 256
1678230 256
1678240 255
1678250 255
1678260 253
1678270 252
1678280 252
1678290 250
1678300 248
1678310 248
1678320 246
1678330 240
1678340 240
1678350 236
1678360 232
1678370 232
1678380 229
1678390 227
1678400 227
1678410 226
1678420 226
1678430 226
1678440 226
1678450 226
1678460 226
1678470 225
1678480 226
1678490 226
1678500 226
1678510 226
1678520 226
1678530 226
1678540 226
1678550 226
1678560 225
1678570 225
1678580 225
1678590 225
1678600 225
1678610 225
1678620 224
1678630 224
1678640 224
1678650 222
1678660 220
1678670 220
1678680 219
1678690 219
1678700 219
1678710 219
1678720 219
1678730 219
1678740 219
1678750 219
1678760 219
1678770 219
1678780 219
1678790 219
1678800 219
1678810 217
1678820 217
1678830 215
1678840 214
1678850 214
1678860 214
1678870 214
1678880 214
1678890 214
1678900 214
1678910 214
1678920 214
1678930 214
1678940 214
1678950 214
1678960 214
1678970 214
1678980 214
1678990 214
1679000 214
1679010 214
1679020 214
1679030 214
1679040 214
1679050 214
1679060 214
1679070 214
1679080 214
1679090 214
1679100 214
1679110 214
1679120 214
1679130 214
1679140 214
1679150 214
1679160 214
1679170 214
1679180 214
1679190 214
1679200 214
1679210 214
1679220 214
1679230 214
1679240 214
1679250 214
1679260 214
1679270 214
1679280 214
1679290 214
1679300 214
1679310 214
1679320 214
1679330 214
1679340 214
1679350 214
1679360 214
1679370 214
1679380 214
1679390 214
1679400 214
1679410 214
1679420 216
1679430 216
1679440 218
1679450 219
1679460 219
1679470 219
1679480 219
1679490 219
1679500 219
1679510 219
1679520 219
1679530 219
1679540 220
1679550 220
1679560 221
1679570 221
1679580 221
1679590 221
1679600 220
1679610 220
1679620 220
1679630 221
1679640 221
1679650 221
1679660 221
1679670 221
1679680 221
1679690 221
1679700 221
1679710 221
1679720 222
1679730 222
1679740 222
1679750 222
1679760 222
1679770 222
1679780 222
1679790 222
1679800 222
1679810 222
1679820 222
1679830 222
1679840 222
1679850 222
1679860 221
1679870 221
1679880 221
1679890 221
1679900 221
1679910 221
1679920 221
1679930 221
1679940 221
1679950 221
1679960 221
1679970 221
1679980 221
1679990 221
