1660000 428
1660010 426
1660020 426
1660030 424
1660040 424
1660050 424
1660060 425
1660070 425
1660080 425
1660090 426
1660100 427
1660110 427
1660120 427
1660130 428
1660140 428
1660150 429
1660160 429
1660170 429
1660180 429
1660190 429
1660200 429
1660210 430
1660220 431
1660230 431
1660240 431
1660250 432
1660260 432
1660270 432
1660280 433
1660290 433
1660300 433
1660310 433
1660320 434
1660330 434
1660340 433
1660350 433
1660360 431
1660370 430
1660380 430
1660390 428
1660400 425
1660410 425
1660420 422
1660430 422
1660440 422
1660450 422
1660460 423
1660470 423
1660480 424
1660490 426
1660500 426
1660510 426
1660520 427
1660530 427
1660540 427
1660550 428
1660560 428
1660570 429
1660580 430
1660590 430
1660600 431
1660610 433
1660620 433
1660630 435
1660640 437
1660650 437
1660660 439
1660670 440
1660680 440
1660690 440
1660700 441
1660710 441
1660720 441
1660730 441
1660740 441
1660750 440
1660760 439
1660770 439
1660780 438
1660790 437
1660800 437
1660810 436
1660820 435
1660830 435
1660840 434
1660850 434
1660860 434
1660870 433
1660880 433
1660890 433
1660900 433
1660910 433
1660920 433
1660930 432
1660940 432
1660950 432
1660960 431
1660970 431
1660980 431
1660990 430
1661000 430
1661010 430
1661020 431
1661030 430
1661040 430
1661050 429
1661060 428
1661070 428
1661080 427
1661090 426
1661100 426
1661110 425
1661120 423
1661130 423
1661140 421
1661150 418
1661160 418
1661170 415
1661180 412
1661190 412
1661200 408
1661210 404
1661220 404
1661230 400
1661240 397
1661250 397
1661260 395
1661270 391
1661280 391
1661290 390
1661300 389
1661310 389
1661320 388
1661330 388
1661340 388
1661350 388
1661360 389
1661370 389
1661380 389
1661390 387
1661400 387
1661410 385
1661420 382
1661430 382
1661440 378
1661450 374
1661460 374
1661470 374
1661480 373
1661490 373
1661500 373
1661510 374
1661520 374
1661530 375
1661540 375
1661550 375
1661560 376
1661570 378
1661580 378
1661590 381
1661600 384
1661610 384
1661620 388
1661630 391
1661640 391
1661650 393
1661660 396
1661670 396
1661680 398
1661690 401
1661700 401
1661710 404
1661720 406
1661730 406
1661740 409
1661750 412
1661760 412
1661770 414
1661780 416
1661790 416
1661800 419
1661810 421
1661820 421
1661830 424
1661840 426
1661850 426
1661860 429
1661870 431
1661880 431
1661890 434
1661900 436
1661910 436
1661920 438
1661930 439
1661940 439
1661950 440
1661960 441
1661970 441
1661980 442
1661990 443
1662000 443
1662010 443
1662020 443
1662030 442
1662040 442
1662050 442
1662060 441
1662070 441
1662080 439
1662090 437
1662100 437
1662110 435
1662120 433
1662130 433
1662140 432
1662150 432
1662160 432
1662170 433
1662180 433
1662190 433
1662200 434
1662210 435
1662220 435
1662230 436
1662240 437
1662250 437
1662260 438
1662270 438
1662280 438
1662290 438
1662300 437
1662310 437
1662320 436
1662330 434
1662340 434
1662350 433
1662360 432
1662370 432
1662380 430
1662390 428
1662400 428
1662410 424
1662420 419
1662430 419
1662440 413
1662450 408
1662460 408
1662470 405
1662480 406
1662490 406
1662500 408
1662510 409
1662520 411
1662530 412
1662540 411
1662550 411
1662560 410
1662570 410
1662580 410
1662590 411
1662600 413
1662610 413
1662620 414
1662630 415
1662640 415
1662650 415
1662660 415
1662670 415
1662680 414
1662690 414
1662700 414
1662710 414
1662720 414
1662730 414
1662740 415
1662750 417
1662760 417
1662770 418
1662780 419
1662790 419
1662800 421
1662810 422
1662820 422
1662830 422
1662840 423
1662850 423
1662860 424
1662870 425
1662880 425
1662890 425
1662900 426
1662910 426
1662920 428
1662930 429
1662940 429
1662950 431
1662960 432
1662970 432
1662980 434
1662990 435
1663000 435
1663010 436
1663020 438
1663030 438
1663040 439
1663050 440
1663060 440
1663070 442
1663080 444
1663090 444
1663100 445
1663110 445
1663120 445
1663130 445
1663140 444
1663150 444
1663160 442
1663170 440
1663180 440
1663190 439
1663200 438
1663210 438
1663220 436
1663230 435
1663240 435
1663250 434
1663260 433
1663270 433
1663280 433
1663290 433
1663300 433
1663310 434
1663320 435
1663330 435
1663340 434
1663350 434
1663360 434
1663370 433
1663380 432
1663390 432
1663400 430
1663410 430
1663420 430
1663430 428
1663440 427
1663450 427
1663460 425
1663470 424
1663480 424
1663490 423
1663500 422
1663510 422
1663520 420
1663530 419
1663540 419
1663550 417
1663560 414
1663570 414
1663580 411
1663590 408
1663600 408
1663610 405
1663620 403
1663630 403
1663640 401
1663650 400
1663660 400
1663670 399
1663680 399
1663690 399
1663700 399
1663710 398
1663720 398
1663730 398
1663740 397
1663750 397
1663760 396
1663770 394
1663780 394
1663790 393
1663800 391
1663810 391
1663820 389
1663830 387
1663840 387
1663850 387
1663860 387
1663870 387
1663880 387
1663890 387
1663900 387
1663910 386
1663920 386
1663930 386
1663940 387
1663950 386
1663960 386
1663970 383
1663980 383
1663990 383
1664000 382
1664010 381
1664020 381
1664030 381
1664040 383
1664050 383
1664060 383
1664070 384
1664080 384
1664090 386
1664100 389
1664110 389
1664120 392
1664130 395
1664140 395
1664150 397
1664160 398
1664170 398
1664180 399
1664190 399
1664200 399
1664210 398
1664220 398
1664230 398
1664240 399
1664250 399
1664260 399
1664270 399
1664280 397
1664290 397
1664300 396
1664310 396
1664320 396
1664330 395
1664340 394
1664350 394
1664360 394
1664370 397
1664380 397
1664390 400
1664400 403
1664410 403
1664420 406
1664430 409
1664440 409
1664450 411
1664460 413
1664470 413
1664480 416
1664490 418
1664500 418
1664510 420
1664520 422
1664530 422
1664540 424
1664550 426
1664560 426
1664570 428
1664580 429
1664590 429
1664600 430
1664610 430
1664620 430
1664630 430
1664640 431
1664650 431
1664660 431
1664670 431
1664680 431
1664690 429
1664700 430
1664710 430
1664720 430
1664730 430
1664740 430
1664750 431
1664760 431
1664770 431
1664780 431
1664790 432
1664800 432
1664810 432
1664820 433
1664830 433
1664840 433
1664850 433
1664860 433
1664870 434
1664880 434
1664890 434
1664900 435
1664910 435
1664920 435
1664930 435
1664940 435
1664950 435
1664960 436
1664970 436
1664980 436
1664990 437
1665000 438
1665010 438
1665020 438
1665030 440
1665040 440
1665050 441
1665060 442
1665070 442
1665080 443
1665090 444
1665100 444
1665110 445
1665120 445
1665130 445
1665140 446
1665150 447
1665160 447
1665170 448
1665180 449
1665190 449
1665200 450
1665210 451
1665220 451
1665230 451
1665240 452
1665250 452
1665260 453
1665270 453
1665280 453
1665290 454
1665300 454
1665310 454
1665320 454
1665330 454
1665340 454
1665350 455
1665360 455
1665370 455
1665380 455
1665390 455
1665400 454
1665410 454
1665420 454
1665430 454
1665440 453
1665450 452
1665460 452
1665470 452
1665480 451
1665490 451
1665500 450
1665510 449
1665520 449
1665530 449
1665540 448
1665550 448
1665560 447
1665570 446
1665580 446
1665590 446
1665600 445
1665610 444
1665620 444
1665630 443
1665640 442
1665650 442
1665660 440
1665670 439
1665680 439
1665690 435
1665700 431
1665710 431
1665720 427
1665730 423
1665740 423
1665750 420
1665760 418
1665770 418
1665780 416
1665790 418
1665800 418
1665810 421
1665820 423
1665830 423
1665840 425
1665850 427
1665860 427
1665870 427
1665880 426
1665890 426
1665900 426
1665910 425
1665920 425
1665930 424
1665940 424
1665950 424
1665960 423
1665970 423
1665980 423
1665990 422
1666000 422
1666010 422
1666020 421
1666030 420
1666040 420
1666050 420
1666060 419
1666070 419
1666080 418
1666090 417
1666100 417
1666110 416
1666120 415
1666130 415
1666140 414
1666150 413
1666160 413
1666170 412
1666180 411
1666190 411
1666200 410
1666210 409
1666220 409
1666230 408
1666240 407
1666250 407
1666260 406
1666270 405
1666280 405
1666290 404
1666300 403
1666310 403
1666320 403
1666330 402
1666340 402
1666350 401
1666360 400
1666370 400
1666380 399
1666390 399
1666400 399
1666410 398
1666420 397
1666430 397
1666440 396
1666450 396
1666460 396
1666470 395
1666480 395
1666490 395
1666500 394
1666510 394
1666520 394
1666530 393
1666540 393
1666550 393
1666560 392
1666570 392
1666580 392
1666590 391
1666600 390
1666610 390
1666620 390
1666630 389
1666640 389
1666650 389
1666660 388
1666670 388
1666680 387
1666690 387
1666700 387
1666710 386
1666720 385
1666730 385
1666740 385
1666750 384
1666760 384
1666770 384
1666780 383
1666790 383
1666800 383
1666810 382
1666820 382
1666830 380
1666840 380
1666850 380
1666860 379
1666870 378
1666880 378
1666890 377
1666900 375
1666910 375
1666920 374
1666930 373
1666940 373
1666950 372
1666960 371
1666970 371
1666980 369
1666990 368
1667000 368
1667010 367
1667020 365
1667030 365
1667040 363
1667050 360
1667060 360
1667070 355
1667080 349
1667090 349
1667100 346
1667110 345
1667120 345
1667130 344
1667140 346
1667150 346
1667160 348
1667170 349
1667180 349
1667190 350
1667200 347
1667210 347
1667220 344
1667230 341
1667240 341
1667250 338
1667260 333
1667270 333
1667280 327
1667290 321
1667300 321
1667310 314
1667320 306
1667330 306
1667340 303
1667350 306
1667360 306
1667370 303
1667380 298
1667390 298
1667400 293
1667410 285
1667420 285
1667430 279
1667440 273
1667450 273
1667460 263
1667470 264
1667480 264
1667490 266
1667500 273
1667510 273
1667520 278
1667530 283
1667540 282
1667550 287
1667560 290
1667570 290
1667580 294
1667590 297
1667600 297
1667610 301
1667620 305
1667630 305
1667640 308
1667650 312
1667660 312
1667670 318
1667680 324
1667690 324
1667700 329
1667710 334
1667720 334
1667730 340
1667740 346
1667750 346
1667760 353
1667770 360
1667780 360
1667790 367
1667800 375
1667810 375
1667820 381
1667830 388
1667840 388
1667850 394
1667860 401
1667870 401
1667880 406
1667890 411
1667900 411
1667910 415
1667920 417
1667930 417
1667940 416
1667950 414
1667960 414
1667970 411
1667980 407
1667990 407
1668000 403
1668010 398
1668020 398
1668030 392
1668040 386
1668050 386
1668060 382
1668070 378
1668080 378
1668090 374
1668100 370
1668110 370
1668120 366
1668130 363
1668140 363
1668150 359
1668160 356
1668170 356
1668180 354
1668190 352
1668200 352
1668210 349
1668220 347
1668230 347
1668240 347
1668250 341
1668260 341
1668270 341
1668280 339
1668290 339
1668300 337
1668310 333
1668320 333
1668330 327
1668340 324
1668350 324
1668360 334
1668370 344
1668380 344
1668390 349
1668400 350
1668410 350
1668420 357
1668430 368
1668440 368
1668450 375
1668460 381
1668470 381
1668480 388
1668490 393
1668500 393
1668510 396
1668520 397
1668530 397
1668540 399
1668550 401
1668560 401
1668570 404
1668580 406
1668590 406
1668600 408
1668610 411
1668620 411
1668630 414
1668640 417
1668650 417
1668660 420
1668670 423
1668680 423
1668690 425
1668700 428
1668710 428
1668720 429
1668730 428
1668740 428
1668750 427
1668760 427
1668770 427
1668780 429
1668790 431
1668800 431
1668810 432
1668820 433
1668830 433
1668840 434
1668850 435
1668860 435
1668870 436
1668880 437
1668890 437
1668900 437
1668910 434
1668920 434
1668930 431
1668940 429
1668950 423
1668960 423
1668970 423
1668980 423
1668990 424
1669000 426
1669010 426
1669020 428
1669030 426
1669040 426
1669050 421
1669060 417
1669070 417
1669080 414
1669090 411
1669100 411
1669110 411
1669120 409
1669130 409
1669140 413
1669150 416
1669160 416
1669170 423
1669180 429
1669190 429
1669200 434
1669210 440
1669220 440
1669230 444
1669240 448
1669250 448
1669260 450
1669270 452
1669280 452
1669290 454
1669300 456
1669310 455
1669320 455
1669330 451
1669340 448
1669350 448
1669360 445
1669370 444
1669380 444
1669390 444
1669400 444
1669410 444
1669420 447
1669430 448
1669440 448
1669450 447
1669460 445
1669470 445
1669480 443
1669490 441
1669500 441
1669510 439
1669520 434
1669530 434
1669540 427
1669550 421
1669560 421
1669570 418
1669580 415
1669590 415
1669600 410
1669610 407
1669620 407
1669630 407
1669640 407
1669650 404
1669660 403
1669670 402
1669680 402
1669690 401
1669700 401
1669710 401
1669720 401
1669730 401
1669740 401
1669750 401
1669760 399
1669770 399
1669780 398
1669790 398
1669800 398
1669810 397
1669820 398
1669830 398
1669840 398
1669850 398
1669860 398
1669870 397
1669880 396
1669890 396
1669900 394
1669910 393
1669920 393
1669930 391
1669940 390
1669950 390
1669960 388
1669970 386
1669980 386
1669990 383
1670000 380
1670010 380
1670020 378
1670030 375
1670040 375
1670050 373
1670060 371
1670070 371
1670080 369
1670090 366
1670100 366
1670110 365
1670120 361
1670130 361
1670140 355
1670150 346
1670160 346
1670170 344
1670180 346
1670190 346
1670200 345
1670210 345
1670220 345
1670230 344
1670240 343
1670250 343
1670260 343
1670270 344
1670280 344
1670290 344
1670300 341
1670310 341
1670320 338
1670330 336
1670340 336
1670350 330
1670360 328
1670370 328
1670380 324
1670390 321
1670400 321
1670410 317
1670420 316
1670430 316
1670440 315
1670450 315
1670460 315
1670470 314
1670480 314
1670490 314
1670500 313
1670510 312
1670520 312
1670530 310
1670540 309
1670550 309
1670560 308
1670570 307
1670580 307
1670590 306
1670600 304
1670610 304
1670620 303
1670630 302
1670640 302
1670650 300
1670660 299
1670670 299
1670680 297
1670690 295
1670700 295
1670710 292
1670720 290
1670730 290
1670740 288
1670750 286
1670760 286
1670770 284
1670780 284
1670790 284
1670800 282
1670810 280
1670820 280
1670830 278
1670840 276
1670850 276
1670860 274
1670870 272
1670880 272
1670890 270
1670900 268
1670910 268
1670920 266
1670930 264
1670940 264
1670950 263
1670960 262
1670970 262
1670980 260
1670990 259
1671000 259
1671010 258
1671020 257
1671030 257
1671040 257
1671050 254
1671060 254
1671070 252
1671080 251
1671090 251
1671100 250
1671110 248
1671120 248
1671130 245
1671140 242
1671150 242
1671160 241
1671170 242
1671180 242
1671190 242
1671200 242
1671210 242
1671220 242
1671230 242
1671240 242
1671250 241
1671260 241
1671270 241
1671280 241
1671290 241
1671300 241
1671310 241
1671320 239
1671330 239
1671340 238
1671350 239
1671360 239
1671370 239
1671380 239
1671390 239
1671400 239
1671410 239
1671420 239
1671430 238
1671440 237
1671450 237
1671460 236
1671470 235
1671480 235
1671490 234
1671500 234
1671510 234
1671520 233
1671530 234
1671540 234
1671550 234
1671560 234
1671570 234
1671580 235
1671590 235
1671600 235
1671610 236
1671620 237
1671630 237
1671640 237
1671650 238
1671660 238
1671670 238
1671680 240
1671690 240
1671700 240
1671710 242
1671720 242
1671730 242
1671740 237
1671750 237
1671760 238
1671770 240
1671780 240
1671790 242
1671800 246
1671810 246
1671820 248
1671830 249
1671840 249
1671850 250
1671860 250
1671870 250
1671880 251
1671890 253
1671900 253
1671910 252
1671920 249
1671930 249
1671940 252
1671950 255
1671960 255
1671970 255
1671980 256
1671990 256
1672000 258
1672010 262
1672020 262
1672030 265
1672040 265
1672050 265
1672060 265
1672070 263
1672080 263
1672090 260
1672100 259
1672110 259
1672120 261
1672130 266
1672140 266
1672150 270
1672160 274
1672170 274
1672180 276
1672190 278
1672200 278
1672210 281
1672220 284
1672230 284
1672240 285
1672250 288
1672260 288
1672270 292
1672280 296
1672290 296
1672300 298
1672310 303
1672320 303
1672330 307
1672340 311
1672350 311
1672360 313
1672370 316
1672380 316
1672390 316
1672400 315
1672410 315
1672420 315
1672430 311
1672440 311
1672450 313
1672460 316
1672470 316
1672480 318
1672490 321
1672500 321
1672510 322
1672520 326
1672530 326
1672540 333
1672550 339
1672560 339
1672570 339
1672580 338
1672590 338
1672600 338
1672610 336
1672620 336
1672630 332
1672640 327
1672650 327
1672660 321
1672670 316
1672680 316
1672690 312
1672700 309
1672710 309
1672720 307
1672730 306
1672740 306
1672750 305
1672760 305
1672770 305
1672780 305
1672790 308
1672800 308
1672810 311
1672820 315
1672830 315
1672840 319
1672850 323
1672860 323
1672870 327
1672880 331
1672890 331
1672900 335
1672910 339
1672920 339
1672930 342
1672940 343
1672950 343
1672960 340
1672970 338
1672980 338
1672990 336
1673000 341
1673010 341
1673020 344
1673030 347
1673040 347
1673050 349
1673060 351
1673070 353
1673080 353
1673090 355
1673100 356
1673110 356
1673120 356
1673130 357
1673140 357
1673150 357
1673160 358
1673170 358
1673180 359
1673190 359
1673200 359
1673210 360
1673220 361
1673230 361
1673240 363
1673250 364
1673260 364
1673270 365
1673280 367
1673290 367
1673300 369
1673310 371
1673320 371
1673330 372
1673340 373
1673350 373
1673360 373
1673370 374
1673380 374
1673390 373
1673400 373
1673410 373
1673420 372
1673430 371
1673440 371
1673450 371
1673460 372
1673470 372
1673480 373
1673490 374
1673500 374
1673510 374
1673520 375
1673530 375
1673540 375
1673550 376
1673560 376
1673570 376
1673580 376
1673590 376
1673600 376
1673610 376
1673620 376
1673630 376
1673640 375
1673650 375
1673660 375
1673670 375
1673680 375
1673690 374
1673700 373
1673710 373
1673720 371
1673730 370
1673740 370
1673750 369
1673760 369
1673770 369
1673780 368
1673790 368
1673800 368
1673810 366
1673820 366
1673830 366
1673840 366
1673850 366
1673860 366
1673870 366
1673880 366
1673890 366
1673900 367
1673910 367
1673920 367
1673930 367
1673940 367
1673950 367
1673960 367
1673970 367
1673980 367
1673990 366
1674000 366
1674010 366
1674020 365
1674030 365
1674040 365
1674050 364
1674060 363
1674070 363
1674080 362
1674090 361
1674100 361
1674110 362
1674120 362
1674130 362
1674140 362
1674150 362
1674160 362
1674170 363
1674180 363
1674190 363
1674200 361
1674210 359
1674220 359
1674230 356
1674240 354
1674250 354
1674260 353
1674270 352
1674280 352
1674290 351
1674300 350
1674310 350
1674320 350
1674330 350
1674340 350
1674350 349
1674360 348
1674370 348
1674380 347
1674390 346
1674400 346
1674410 345
1674420 344
1674430 344
1674440 342
1674450 341
1674460 341
1674470 340
1674480 339
1674490 337
1674500 336
1674510 334
1674520 334
1674530 334
1674540 333
1674550 333
1674560 332
1674570 332
1674580 332
1674590 331
1674600 330
1674610 330
1674620 329
1674630 329
1674640 329
1674650 328
1674660 328
1674670 328
1674680 327
1674690 326
1674700 326
1674710 326
1674720 325
1674730 325
1674740 324
1674750 323
1674760 323
1674770 323
1674780 322
1674790 322
1674800 321
1674810 320
1674820 320
1674830 319
1674840 319
1674850 319
1674860 317
1674870 316
1674880 316
1674890 316
1674900 315
1674910 315
1674920 314
1674930 313
1674940 313
1674950 312
1674960 311
1674970 311
1674980 310
1674990 309
1675000 309
1675010 308
1675020 307
1675030 307
1675040 306
1675050 305
1675060 305
1675070 304
1675080 303
1675090 303
1675100 302
1675110 301
1675120 301
1675130 300
1675140 299
1675150 299
1675160 299
1675170 296
1675180 296
1675190 295
1675200 294
1675210 294
1675220 293
1675230 292
1675240 292
1675250 291
1675260 291
1675270 291
1675280 291
1675290 290
1675300 290
1675310 290
1675320 290
1675330 290
1675340 290
1675350 290
1675360 290
1675370 290
1675380 290
1675390 290
1675400 289
1675410 289
1675420 289
1675430 289
1675440 288
1675450 288
1675460 288
1675470 287
1675480 287
1675490 287
1675500 286
1675510 286
1675520 285
1675530 284
1675540 284
1675550 281
1675560 278
1675570 278
1675580 275
1675590 271
1675600 271
1675610 270
1675620 272
1675630 272
1675640 275
1675650 277
1675660 277
1675670 280
1675680 281
1675690 281
1675700 282
1675710 283
1675720 283
1675730 283
1675740 284
1675750 284
1675760 286
1675770 286
1675780 286
1675790 287
1675800 288
1675810 288
1675820 288
1675830 289
1675840 289
1675850 287
1675860 287
1675870 287
1675880 287
1675890 287
1675900 287
1675910 287
1675920 286
1675930 286
1675940 286
1675950 285
1675960 285
1675970 284
1675980 283
1675990 283
1676000 283
1676010 282
1676020 282
1676030 281
1676040 281
1676050 281
1676060 280
1676070 280
1676080 280
1676090 280
1676100 280
1676110 280
1676120 279
1676130 279
1676140 279
1676150 279
1676160 279
1676170 279
1676180 279
1676190 278
1676200 278
1676210 278
1676220 277
1676230 277
1676240 276
1676250 275
1676260 275
1676270 274
1676280 273
1676290 273
1676300 273
1676310 272
1676320 272
1676330 271
1676340 270
1676350 270
1676360 269
1676370 267
1676380 267
1676390 266
1676400 262
1676410 262
1676420 258
1676430 254
1676440 254
1676450 250
1676460 244
1676470 244
1676480 241
1676490 239
1676500 239
1676510 237
1676520 233
1676530 233
1676540 233
1676550 233
1676560 233
1676570 231
1676580 229
1676590 229
1676600 229
1676610 229
1676620 229
1676630 229
1676640 229
1676650 229
1676660 229
1676670 229
1676680 229
1676690 229
1676700 229
1676710 229
1676720 229
1676730 229
1676740 229
1676750 229
1676760 229
1676770 229
1676780 230
1676790 229
1676800 229
1676810 229
1676820 229
1676830 229
1676840 229
1676850 229
1676860 229
1676870 229
1676880 229
1676890 229
1676900 229
1676910 229
1676920 228
1676930 228
1676940 228
1676950 228
1676960 228
1676970 228
1676980 228
1676990 228
1677000 228
1677010 228
1677020 228
1677030 227
1677040 227
1677050 227
1677060 227
1677070 227
1677080 227
1677090 227
1677100 227
1677110 227
1677120 227
1677130 226
1677140 226
1677150 226
1677160 226
1677170 226
1677180 226
1677190 226
1677200 226
1677210 226
1677220 226
1677230 226
1677240 226
1677250 226
1677260 226
1677270 226
1677280 226
1677290 226
1677300 226
1677310 226
1677320 226
1677330 226
1677340 226
1677350 226
1677360 226
1677370 226
1677380 226
1677390 226
1677400 226
1677410 226
1677420 226
1677430 226
1677440 226
1677450 226
1677460 226
1677470 226
1677480 226
1677490 226
1677500 226
1677510 226
1677520 226
1677530 226
1677540 226
1677550 226
1677560 226
1677570 226
1677580 226
1677590 226
1677600 226
1677610 226
1677620 226
1677630 222
1677640 216
1677650 216
1677660 215
1677670 214
1677680 214
1677690 214
1677700 214
1677710 214
1677720 214
1677730 214
1677740 214
1677750 214
1677760 214
1677770 214
1677780 214
1677790 214
1677800 214
1677810 214
1677820 214
1677830 214
1677840 214
1677850 216
1677860 216
1677870 215
1677880 215
1677890 215
1677900 215
1677910 214
1677920 214
1677930 214
1677940 214
1677950 214
1677960 214
1677970 216
1677980 216
1677990 224
1678000 227
1678010 227
1678020 227
1678030 227
1678040 227
1678050 227
1678060 228
1678070 228
1678080 228
1678090 228
1678100 228
1678110 228
1678120 228
1678130 228
1678140 229
1678150 231
1678160 231
1678170 234
1678180 238
1678190 238
1678200 239
1678210 239
1678220 239
1678230 241
1678240 243
1678250 243
1678260 244
1678270 244
1678280 244
1678290 244
1678300 243
1678310 243
1678320 245
1678330 247
1678340 247
1678350 247
1678360 247
1678370 247
1678380 246
1678390 247
1678400 247
1678410 249
1678420 251
1678430 251
1678440 252
1678450 254
1678460 254
1678470 256
1678480 257
1678490 257
1678500 257
1678510 257
1678520 257
1678530 257
1678540 258
1678550 258
1678560 258
1678570 259
1678580 259
1678590 259
1678600 260
1678610 260
1678620 260
1678630 260
1678640 260
1678650 261
1678660 261
1678670 261
1678680 261
1678690 261
1678700 261
1678710 261
1678720 261
1678730 261
1678740 262
1678750 262
1678760 262
1678770 262
1678780 263
1678790 263
1678800 263
1678810 263
1678820 263
1678830 263
1678840 263
1678850 263
1678860 263
1678870 263
1678880 263
1678890 262
1678900 262
1678910 262
1678920 259
1678930 256
1678940 256
1678950 260
1678960 262
1678970 262
1678980 263
1678990 263
1679000 263
1679010 263
1679020 263
1679030 263
1679040 263
1679050 264
1679060 264
1679070 264
1679080 264
1679090 264
1679100 264
1679110 263
1679120 263
1679130 263
1679140 259
1679150 259
1679160 257
1679170 260
1679180 260
1679190 260
1679200 260
1679210 262
1679220 261
1679230 261
1679240 261
1679250 260
1679260 260
1679270 260
1679280 260
1679290 260
1679300 260
1679310 260
1679320 260
1679330 260
1679340 260
1679350 260
1679360 260
1679370 259
1679380 259
1679390 259
1679400 259
1679410 259
1679420 259
1679430 259
1679440 259
1679450 259
1679460 259
1679470 259
1679480 259
1679490 259
1679500 259
1679510 259
1679520 259
1679530 259
1679540 259
1679550 259
1679560 258
1679570 258
1679580 258
1679590 258
1679600 258
1679610 258
1679620 258
1679630 258
1679640 257
1679650 255
1679660 255
1679670 255
1679680 255
1679690 255
1679700 255
1679710 254
1679720 254
1679730 254
1679740 254
1679750 254
1679760 254
1679770 254
1679780 254
1679790 254
1679800 253
1679810 253
1679820 253
1679830 253
1679840 253
1679850 253
1679860 253
1679870 254
1679880 254
1679890 254
1679900 254
1679910 253
1679920 253
1679930 253
1679940 253
1679950 252
1679960 252
1679970 250
1679980 248
1679990 248
