1660000 456
1660010 456
1660020 456
1660030 455
1660040 454
1660050 454
1660060 453
1660070 453
1660080 453
1660090 453
1660100 453
1660110 453
1660120 454
1660130 455
1660140 455
1660150 456
1660160 457
1660170 457
1660180 458
1660190 459
1660200 459
1660210 461
1660220 462
1660230 462
1660240 464
1660250 466
1660260 466
1660270 467
1660280 467
1660290 467
1660300 468
1660310 468
1660320 468
1660330 468
1660340 468
1660350 468
1660360 468
1660370 468
1660380 468
1660390 468
1660400 468
1660410 468
1660420 469
1660430 470
1660440 473
1660450 474
1660460 475
1660470 475
1660480 475
1660490 476
1660500 476
1660510 476
1660520 477
1660530 477
1660540 476
1660550 475
1660560 475
1660570 474
1660580 472
1660590 472
1660600 470
1660610 467
1660620 467
1660630 465
1660640 462
1660650 462
1660660 461
1660670 460
1660680 460
1660690 462
1660700 465
1660710 465
1660720 467
1660730 470
1660740 470
1660750 473
1660760 475
1660770 475
1660780 477
1660790 479
1660800 479
1660810 481
1660820 484
1660830 484
1660840 485
1660850 486
1660860 486
1660870 486
1660880 486
1660890 486
1660900 486
1660910 487
1660920 487
1660930 488
1660940 488
1660950 488
1660960 488
1660970 487
1660980 487
1660990 487
1661000 486
1661010 486
1661020 485
1661030 484
1661040 483
1661050 483
1661060 482
1661070 481
1661080 481
1661090 480
1661100 479
1661110 479
1661120 478
1661130 477
1661140 477
1661150 476
1661160 475
1661170 477
1661180 476
1661190 475
1661200 475
1661210 473
1661220 471
1661230 471
1661240 469
1661250 468
1661260 468
1661270 467
1661280 467
1661290 467
1661300 467
1661310 468
1661320 468
1661330 468
1661340 469
1661350 469
1661360 470
1661370 471
1661380 471
1661390 472
1661400 473
1661410 473
1661420 473
1661430 475
1661440 475
1661450 476
1661460 478
1661470 478
1661480 479
1661490 480
1661500 480
1661510 481
1661520 481
1661530 481
1661540 482
1661550 483
1661560 483
1661570 483
1661580 483
1661590 483
1661600 484
1661610 484
1661620 484
1661630 484
1661640 484
1661650 484
1661660 484
1661670 485
1661680 485
1661690 484
1661700 484
1661710 484
1661720 484
1661730 484
1661740 484
1661750 483
1661760 483
1661770 483
1661780 483
1661790 483
1661800 483
1661810 482
1661820 482
1661830 482
1661840 482
1661850 481
1661860 481
1661870 481
1661880 480
1661890 480
1661900 481
1661910 481
1661920 481
1661930 481
1661940 480
1661950 480
1661960 480
1661970 480
1661980 480
1661990 480
1662000 479
1662010 479
1662020 479
1662030 479
1662040 479
1662050 478
1662060 478
1662070 478
1662080 477
1662090 476
1662100 476
1662110 475
1662120 474
1662130 474
1662140 473
1662150 473
1662160 473
1662170 472
1662180 471
1662190 471
1662200 469
1662210 468
1662220 468
1662230 467
1662240 465
1662250 465
1662260 464
1662270 463
1662280 463
1662290 462
1662300 461
1662310 461
1662320 459
1662330 457
1662340 457
1662350 454
1662360 452
1662370 452
1662380 450
1662390 449
1662400 449
1662410 448
1662420 447
1662430 447
1662440 445
1662450 442
1662460 442
1662470 438
1662480 433
1662490 433
1662500 429
1662510 426
1662520 426
1662530 423
1662540 421
1662550 421
1662560 419
1662570 418
1662580 418
1662590 416
1662600 414
1662610 414
1662620 412
1662630 410
1662640 410
1662650 408
1662660 405
1662670 405
1662680 402
1662690 400
1662700 400
1662710 398
1662720 396
1662730 396
1662740 394
1662750 393
1662760 393
1662770 392
1662780 390
1662790 390
1662800 388
1662810 388
1662820 388
1662830 389
1662840 391
1662850 391
1662860 393
1662870 395
1662880 395
1662890 394
1662900 393
1662910 393
1662920 391
1662930 390
1662940 390
1662950 388
1662960 386
1662970 386
1662980 385
1662990 384
1663000 384
1663010 384
1663020 384
1663030 384
1663040 384
1663050 384
1663060 384
1663070 384
1663080 384
1663090 384
1663100 385
1663110 385
1663120 385
1663130 387
1663140 388
1663150 388
1663160 389
1663170 390
1663180 390
1663190 391
1663200 392
1663210 392
1663220 393
1663230 394
1663240 394
1663250 395
1663260 397
1663270 397
1663280 398
1663290 398
1663300 398
1663310 399
1663320 398
1663330 398
1663340 400
1663350 402
1663360 402
1663370 404
1663380 404
1663390 404
1663400 405
1663410 405
1663420 405
1663430 406
1663440 406
1663450 406
1663460 406
1663470 406
1663480 406
1663490 404
1663500 400
1663510 400
1663520 396
1663530 392
1663540 392
1663550 389
1663560 388
1663570 388
1663580 387
1663590 389
1663600 389
1663610 393
1663620 397
1663630 397
1663640 401
1663650 403
1663660 403
1663670 405
1663680 406
1663690 406
1663700 407
1663710 409
1663720 409
1663730 411
1663740 413
1663750 413
1663760 416
1663770 419
1663780 419
1663790 420
1663800 421
1663810 421
1663820 421
1663830 422
1663840 422
1663850 422
1663860 422
1663870 422
1663880 421
1663890 421
1663900 421
1663910 421
1663920 422
1663930 422
1663940 422
1663950 423
1663960 423
1663970 422
1663980 422
1663990 422
1664000 421
1664010 421
1664020 421
1664030 419
1664040 418
1664050 418
1664060 417
1664070 415
1664080 412
1664090 410
1664100 408
1664110 408
1664120 406
1664130 403
1664140 403
1664150 401
1664160 398
1664170 398
1664180 397
1664190 395
1664200 395
1664210 394
1664220 393
1664230 393
1664240 391
1664250 389
1664260 389
1664270 387
1664280 385
1664290 385
1664300 382
1664310 379
1664320 379
1664330 375
1664340 370
1664350 370
1664360 365
1664370 360
1664380 360
1664390 355
1664400 352
1664410 352
1664420 349
1664430 346
1664440 346
1664450 342
1664460 341
1664470 341
1664480 342
1664490 343
1664500 343
1664510 346
1664520 349
1664530 349
1664540 351
1664550 350
1664560 350
1664570 349
1664580 349
1664590 349
1664600 347
1664610 347
1664620 347
1664630 345
1664640 343
1664650 343
1664660 340
1664670 336
1664680 336
1664690 333
1664700 328
1664710 328
1664720 321
1664730 316
1664740 316
1664750 312
1664760 309
1664770 309
1664780 307
1664790 309
1664800 305
1664810 309
1664820 310
1664830 310
1664840 310
1664850 312
1664860 312
1664870 314
1664880 316
1664890 316
1664900 317
1664910 318
1664920 318
1664930 320
1664940 322
1664950 322
1664960 325
1664970 327
1664980 327
1664990 328
1665000 331
1665010 331
1665020 335
1665030 338
1665040 338
1665050 342
1665060 345
1665070 345
1665080 349
1665090 352
1665100 352
1665110 356
1665120 359
1665130 359
1665140 360
1665150 361
1665160 362
1665170 362
1665180 363
1665190 366
1665200 366
1665210 368
1665220 372
1665230 372
1665240 376
1665250 379
1665260 379
1665270 377
1665280 374
1665290 374
1665300 370
1665310 367
1665320 367
1665330 367
1665340 367
1665350 367
1665360 368
1665370 368
1665380 368
1665390 368
1665400 369
1665410 369
1665420 371
1665430 372
1665440 372
1665450 371
1665460 367
1665470 367
1665480 364
1665490 359
1665500 359
1665510 354
1665520 345
1665530 345
1665540 340
1665550 338
1665560 338
1665570 335
1665580 334
1665590 334
1665600 333
1665610 332
1665620 332
1665630 330
1665640 328
1665650 328
1665660 327
1665670 329
1665680 329
1665690 332
1665700 337
1665710 337
1665720 340
1665730 342
1665740 342
1665750 341
1665760 339
1665770 339
1665780 336
1665790 334
1665800 334
1665810 334
1665820 333
1665830 333
1665840 331
1665850 327
1665860 327
1665870 323
1665880 321
1665890 321
1665900 321
1665910 320
1665920 320
1665930 320
1665940 319
1665950 319
1665960 318
1665970 317
1665980 317
1665990 314
1666000 309
1666010 309
1666020 304
1666030 298
1666040 298
1666050 292
1666060 286
1666070 286
1666080 281
1666090 278
1666100 278
1666110 273
1666120 269
1666130 269
1666140 266
1666150 262
1666160 262
1666170 260
1666180 256
1666190 256
1666200 254
1666210 251
1666220 251
1666230 244
1666240 241
1666250 241
1666260 236
1666270 233
1666280 233
1666290 232
1666300 231
1666310 231
1666320 230
1666330 229
1666340 229
1666350 228
1666360 228
1666370 228
1666380 228
1666390 228
1666400 228
1666410 228
1666420 228
1666430 228
1666440 227
1666450 227
1666460 227
1666470 226
1666480 226
1666490 226
1666500 226
1666510 226
1666520 226
1666530 226
1666540 226
1666550 226
1666560 226
1666570 226
1666580 226
1666590 226
1666600 226
1666610 226
1666620 226
1666630 226
1666640 226
1666650 226
1666660 226
1666670 226
1666680 226
1666690 226
1666700 226
1666710 226
1666720 226
1666730 226
1666740 226
1666750 226
1666760 226
1666770 226
1666780 226
1666790 226
1666800 226
1666810 226
1666820 226
1666830 226
1666840 226
1666850 226
1666860 226
1666870 226
1666880 226
1666890 226
1666900 226
1666910 226
1666920 226
1666930 226
1666940 226
1666950 226
1666960 226
1666970 226
1666980 226
1666990 226
1667000 226
1667010 226
1667020 226
1667030 226
1667040 226
1667050 226
1667060 226
1667070 226
1667080 226
1667090 226
1667100 226
1667110 226
1667120 226
1667130 226
1667140 226
1667150 226
1667160 226
1667170 226
1667180 226
1667190 226
1667200 226
1667210 226
1667220 226
1667230 226
1667240 226
1667250 226
1667260 226
1667270 226
1667280 226
1667290 226
1667300 226
1667310 226
1667320 226
1667330 226
1667340 227
1667350 227
1667360 227
1667370 228
1667380 231
1667390 231
1667400 233
1667410 234
1667420 234
1667430 235
1667440 234
1667450 234
1667460 233
1667470 235
1667480 235
1667490 241
1667500 247
1667510 247
1667520 251
1667530 256
1667540 256
1667550 257
1667560 257
1667570 257
1667580 257
1667590 257
1667600 257
1667610 256
1667620 254
1667630 254
1667640 251
1667650 253
1667660 253
1667670 251
1667680 252
1667690 252
1667700 253
1667710 253
1667720 253
1667730 250
1667740 246
1667750 246
1667760 241
1667770 238
1667780 238
1667790 236
1667800 237
1667810 237
1667820 243
1667830 249
1667840 249
1667850 252
1667860 254
1667870 254
1667880 254
1667890 254
1667900 254
1667910 252
1667920 253
1667930 253
1667940 254
1667950 256
1667960 256
1667970 258
1667980 260
1667990 260
1668000 262
1668010 265
1668020 265
1668030 268
1668040 271
1668050 271
1668060 270
1668070 271
1668080 271
1668090 275
1668100 277
1668110 277
1668120 277
1668130 273
1668140 273
1668150 272
1668160 272
1668170 272
1668180 275
1668190 279
1668200 279
1668210 280
1668220 279
1668230 279
1668240 280
1668250 280
1668260 280
1668270 281
1668280 281
1668290 281
1668300 279
1668310 276
1668320 276
1668330 278
1668340 283
1668350 283
1668360 292
1668370 292
1668380 292
1668390 289
1668400 286
1668410 286
1668420 285
1668430 291
1668440 291
1668450 298
1668460 303
1668470 303
1668480 306
1668490 307
1668500 307
1668510 308
1668520 309
1668530 309
1668540 310
1668550 311
1668560 311
1668570 310
1668580 309
1668590 309
1668600 308
1668610 308
1668620 308
1668630 310
1668640 315
1668650 315
1668660 321
1668670 327
1668680 327
1668690 330
1668700 331
1668710 331
1668720 332
1668730 334
1668740 334
1668750 336
1668760 332
1668770 332
1668780 327
1668790 322
1668800 322
1668810 317
1668820 313
1668830 313
1668840 311
1668850 309
1668860 309
1668870 308
1668880 307
1668890 307
1668900 308
1668910 310
1668920 310
1668930 312
1668940 317
1668950 317
1668960 320
1668970 321
1668980 321
1668990 321
1669000 321
1669010 321
1669020 325
1669030 331
1669040 331
1669050 337
1669060 351
1669070 351
1669080 355
1669090 359
1669100 359
1669110 362
1669120 367
1669130 367
1669140 372
1669150 374
1669160 374
1669170 373
1669180 373
1669190 373
1669200 373
1669210 375
1669220 375
1669230 377
1669240 380
1669250 380
1669260 381
1669270 379
1669280 379
1669290 373
1669300 368
1669310 368
1669320 364
1669330 364
1669340 364
1669350 366
1669360 369
1669370 370
1669380 370
1669390 370
1669400 370
1669410 370
1669420 370
1669430 370
1669440 370
1669450 370
1669460 370
1669470 370
1669480 369
1669490 366
1669500 366
1669510 360
1669520 354
1669530 354
1669540 347
1669550 341
1669560 341
1669570 336
1669580 331
1669590 331
1669600 326
1669610 319
1669620 319
1669630 313
1669640 307
1669650 307
1669660 301
1669670 294
1669680 294
1669690 288
1669700 283
1669710 283
1669720 278
1669730 274
1669740 274
1669750 270
1669760 271
1669770 271
1669780 269
1669790 268
1669800 268
1669810 263
1669820 255
1669830 255
1669840 247
1669850 242
1669860 242
1669870 239
1669880 237
1669890 237
1669900 235
1669910 234
1669920 234
1669930 234
1669940 233
1669950 233
1669960 233
1669970 232
1669980 232
1669990 232
1670000 228
1670010 228
1670020 226
1670030 226
1670040 226
1670050 226
1670060 227
1670070 227
1670080 227
1670090 228
1670100 228
1670110 229
1670120 229
1670130 229
1670140 230
1670150 232
1670160 232
1670170 235
1670180 237
1670190 237
1670200 239
1670210 241
1670220 241
1670230 243
1670240 245
1670250 245
1670260 247
1670270 251
1670280 251
1670290 255
1670300 259
1670310 259
1670320 263
1670330 266
1670340 266
1670350 270
1670360 273
1670370 273
1670380 276
1670390 280
1670400 280
1670410 284
1670420 288
1670430 288
1670440 292
1670450 296
1670460 294
1670470 299
1670480 305
1670490 305
1670500 312
1670510 318
1670520 318
1670530 323
1670540 330
1670550 330
1670560 337
1670570 343
1670580 343
1670590 349
1670600 355
1670610 355
1670620 361
1670630 367
1670640 367
1670650 373
1670660 379
1670670 379
1670680 385
1670690 393
1670700 393
1670710 402
1670720 410
1670730 410
1670740 419
1670750 428
1670760 428
1670770 434
1670780 440
1670790 440
1670800 446
1670810 450
1670820 450
1670830 450
1670840 450
1670850 450
1670860 448
1670870 447
1670880 447
1670890 446
1670900 445
1670910 445
1670920 443
1670930 442
1670940 442
1670950 440
1670960 439
1670970 439
1670980 437
1670990 436
1671000 436
1671010 436
1671020 435
1671030 435
1671040 435
1671050 435
1671060 435
1671070 435
1671080 434
1671090 434
1671100 434
1671110 433
1671120 433
1671130 432
1671140 430
1671150 430
1671160 433
1671170 432
1671180 432
1671190 432
1671200 431
1671210 431
1671220 430
1671230 429
1671240 429
1671250 428
1671260 426
1671270 426
1671280 424
1671290 423
1671300 423
1671310 422
1671320 421
1671330 421
1671340 419
1671350 417
1671360 417
1671370 416
1671380 414
1671390 414
1671400 412
1671410 410
1671420 410
1671430 409
1671440 408
1671450 408
1671460 407
1671470 405
1671480 405
1671490 403
1671500 400
1671510 400
1671520 397
1671530 394
1671540 394
1671550 392
1671560 390
1671570 390
1671580 387
1671590 385
1671600 385
1671610 382
1671620 379
1671630 379
1671640 376
1671650 374
1671660 374
1671670 371
1671680 369
1671690 369
1671700 366
1671710 363
1671720 363
1671730 360
1671740 357
1671750 357
1671760 355
1671770 351
1671780 351
1671790 349
1671800 346
1671810 346
1671820 343
1671830 340
1671840 340
1671850 336
1671860 334
1671870 334
1671880 331
1671890 328
1671900 328
1671910 324
1671920 321
1671930 321
1671940 318
1671950 315
1671960 315
1671970 312
1671980 307
1671990 307
1672000 304
1672010 303
1672020 303
1672030 303
1672040 303
1672050 303
1672060 304
1672070 304
1672080 304
1672090 305
1672100 305
1672110 305
1672120 305
1672130 305
1672140 305
1672150 305
1672160 305
1672170 305
1672180 304
1672190 303
1672200 303
1672210 301
1672220 299
1672230 299
1672240 297
1672250 294
1672260 294
1672270 291
1672280 286
1672290 286
1672300 281
1672310 281
1672320 281
1672330 283
1672340 283
1672350 283
1672360 283
1672370 282
1672380 282
1672390 282
1672400 282
1672410 282
1672420 283
1672430 284
1672440 284
1672450 285
1672460 285
1672470 285
1672480 285
1672490 285
1672500 285
1672510 284
1672520 283
1672530 283
1672540 283
1672550 282
1672560 282
1672570 280
1672580 279
1672590 279
1672600 278
1672610 276
1672620 276
1672630 275
1672640 273
1672650 273
1672660 269
1672670 266
1672680 266
1672690 262
1672700 256
1672710 256
1672720 252
1672730 250
1672740 250
1672750 248
1672760 254
1672770 254
1672780 259
1672790 262
1672800 262
1672810 268
1672820 269
1672830 269
1672840 271
1672850 272
1672860 272
1672870 271
1672880 269
1672890 269
1672900 268
1672910 266
1672920 266
1672930 265
1672940 263
1672950 263
1672960 261
1672970 255
1672980 255
1672990 251
1673000 247
1673010 247
1673020 245
1673030 244
1673040 244
1673050 242
1673060 238
1673070 238
1673080 237
1673090 237
1673100 237
1673110 238
1673120 238
1673130 238
1673140 239
1673150 238
1673160 238
1673170 238
1673180 239
1673190 239
1673200 240
1673210 239
1673220 239
1673230 237
1673240 236
1673250 236
1673260 235
1673270 234
1673280 234
1673290 234
1673300 234
1673310 234
1673320 234
1673330 234
1673340 234
1673350 234
1673360 233
1673370 233
1673380 233
1673390 233
1673400 233
1673410 233
1673420 232
1673430 232
1673440 231
1673450 231
1673460 231
1673470 231
1673480 231
1673490 231
1673500 232
1673510 232
1673520 232
1673530 233
1673540 234
1673550 234
1673560 235
1673570 236
1673580 236
1673590 236
1673600 236
1673610 236
1673620 236
1673630 235
1673640 235
1673650 235
1673660 235
1673670 235
1673680 235
1673690 235
1673700 235
1673710 235
1673720 235
1673730 234
1673740 234
1673750 233
1673760 232
1673770 232
1673780 232
1673790 232
1673800 232
1673810 231
1673820 231
1673830 231
1673840 231
1673850 230
1673860 230
1673870 230
1673880 230
1673890 230
1673900 230
1673910 230
1673920 232
1673930 231
1673940 231
1673950 231
1673960 230
1673970 230
1673980 230
1673990 230
1674000 230
1674010 230
1674020 230
1674030 230
1674040 230
1674050 231
1674060 231
1674070 231
1674080 231
1674090 231
1674100 231
1674110 231
1674120 231
1674130 231
1674140 230
1674150 230
1674160 230
1674170 229
1674180 229
1674190 229
1674200 228
1674210 228
1674220 228
1674230 228
1674240 228
1674250 228
1674260 228
1674270 228
1674280 228
1674290 228
1674300 228
1674310 228
1674320 228
1674330 229
1674340 229
1674350 229
1674360 230
1674370 230
1674380 231
1674390 231
1674400 231
1674410 231
1674420 230
1674430 230
1674440 230
1674450 230
1674460 230
1674470 230
1674480 231
1674490 231
1674500 232
1674510 232
1674520 232
1674530 234
1674540 235
1674550 235
1674560 237
1674570 239
1674580 239
1674590 240
1674600 245
1674610 245
1674620 246
1674630 246
1674640 246
1674650 248
1674660 249
1674670 249
1674680 251
1674690 252
1674700 252
1674710 255
1674720 257
1674730 257
1674740 261
1674750 263
1674760 263
1674770 267
1674780 272
1674790 272
1674800 275
1674810 277
1674820 277
1674830 279
1674840 280
1674850 280
1674860 280
1674870 281
1674880 281
1674890 281
1674900 282
1674910 282
1674920 282
1674930 281
1674940 281
1674950 284
1674960 284
1674970 284
1674980 284
1674990 283
1675000 283
1675010 281
1675020 283
1675030 283
1675040 282
1675050 277
1675060 277
1675070 272
1675080 268
1675090 268
1675100 265
1675110 269
1675120 269
1675130 275
1675140 278
1675150 278
1675160 279
1675170 280
1675180 280
1675190 278
1675200 279
1675210 279
1675220 282
1675230 282
1675240 282
1675250 282
1675260 281
1675270 281
1675280 288
1675290 286
1675300 286
1675310 286
1675320 284
1675330 284
1675340 288
1675350 289
1675360 289
1675370 289
1675380 285
1675390 285
1675400 280
1675410 283
1675420 283
1675430 288
1675440 289
1675450 289
1675460 288
1675470 285
1675480 285
1675490 287
1675500 289
1675510 289
1675520 289
1675530 290
1675540 290
1675550 288
1675560 286
1675570 286
1675580 289
1675590 291
1675600 291
1675610 289
1675620 285
1675630 285
1675640 283
1675650 280
1675660 280
1675670 280
1675680 287
1675690 287
1675700 293
1675710 297
1675720 297
1675730 296
1675740 295
1675750 295
1675760 297
1675770 296
1675780 296
1675790 294
1675800 297
1675810 297
1675820 299
1675830 301
1675840 301
1675850 301
1675860 303
1675870 303
1675880 306
1675890 307
1675900 307
1675910 307
1675920 306
1675930 306
1675940 302
1675950 297
1675960 296
1675970 289
1675980 282
1675990 282
1676000 275
1676010 270
1676020 270
1676030 264
1676040 258
1676050 258
1676060 253
1676070 247
1676080 247
1676090 238
1676100 232
1676110 232
1676120 233
1676130 234
1676140 234
1676150 235
1676160 237
1676170 237
1676180 238
1676190 242
1676200 242
1676210 248
1676220 253
1676230 253
1676240 261
1676250 269
1676260 269
1676270 275
1676280 281
1676290 281
1676300 286
1676310 291
1676320 291
1676330 295
1676340 298
1676350 298
1676360 301
1676370 303
1676380 303
1676390 306
1676400 309
1676410 309
1676420 312
1676430 316
1676440 316
1676450 319
1676460 322
1676470 322
1676480 324
1676490 326
1676500 326
1676510 328
1676520 330
1676530 330
1676540 331
1676550 333
1676560 333
1676570 334
1676580 335
1676590 335
1676600 336
1676610 336
1676620 336
1676630 336
1676640 337
1676650 337
1676660 336
1676670 336
1676680 336
1676690 336
1676700 336
1676710 336
1676720 335
1676730 334
1676740 334
1676750 334
1676760 333
1676770 333
1676780 331
1676790 327
1676800 327
1676810 324
1676820 320
1676830 320
1676840 315
1676850 309
1676860 309
1676870 301
1676880 293
1676890 293
1676900 293
1676910 296
1676920 296
1676930 297
1676940 297
1676950 297
1676960 302
1676970 305
1676980 305
1676990 308
1677000 311
1677010 311
1677020 315
1677030 317
1677040 317
1677050 320
1677060 322
1677070 322
1677080 324
1677090 327
1677100 327
1677110 329
1677120 329
1677130 329
1677140 330
1677150 330
1677160 330
1677170 331
1677180 331
1677190 331
1677200 331
1677210 331
1677220 331
1677230 331
1677240 330
1677250 330
1677260 331
1677270 330
1677280 330
1677290 330
1677300 331
1677310 335
1677320 335
1677330 336
1677340 336
1677350 336
1677360 337
1677370 337
1677380 337
1677390 338
1677400 338
1677410 337
1677420 337
1677430 337
1677440 336
1677450 335
1677460 335
1677470 335
1677480 334
1677490 334
1677500 334
1677510 334
1677520 334
1677530 335
1677540 335
1677550 335
1677560 335
1677570 331
1677580 331
1677590 327
1677600 324
1677610 324
1677620 322
1677630 323
1677640 323
1677650 324
1677660 326
1677670 326
1677680 328
1677690 330
1677700 330
1677710 332
1677720 334
1677730 334
1677740 336
1677750 337
1677760 337
1677770 338
1677780 339
1677790 339
1677800 340
1677810 341
1677820 341
1677830 341
1677840 340
1677850 340
1677860 340
1677870 339
1677880 338
1677890 338
1677900 337
1677910 337
1677920 337
1677930 337
1677940 335
1677950 335
1677960 334
1677970 331
1677980 330
1677990 326
1678000 321
1678010 321
1678020 315
1678030 310
1678040 310
1678050 304
1678060 299
1678070 299
1678080 295
1678090 290
1678100 290
1678110 286
1678120 283
1678130 283
1678140 283
1678150 284
1678160 284
1678170 285
1678180 291
1678190 291
1678200 294
1678210 295
1678220 295
1678230 296
1678240 297
1678250 297
1678260 298
1678270 300
1678280 300
1678290 300
1678300 301
1678310 301
1678320 301
1678330 302
1678340 302
1678350 303
1678360 304
1678370 304
1678380 305
1678390 307
1678400 307
1678410 307
1678420 307
1678430 307
1678440 308
1678450 309
1678460 309
1678470 308
1678480 306
1678490 306
1678500 306
1678510 305
1678520 305
1678530 305
1678540 305
1678550 305
1678560 305
1678570 306
1678580 306
1678590 307
1678600 307
1678610 307
1678620 307
1678630 308
1678640 308
1678650 310
1678660 311
1678670 311
1678680 311
1678690 311
1678700 311
1678710 311
1678720 309
1678730 309
1678740 310
1678750 311
1678760 311
1678770 311
1678780 312
1678790 312
1678800 313
1678810 313
1678820 313
1678830 314
1678840 315
1678850 315
1678860 315
1678870 316
1678880 316
1678890 317
1678900 317
1678910 317
1678920 318
1678930 317
1678940 317
1678950 318
1678960 319
1678970 319
1678980 319
1678990 320
1679000 320
1679010 321
1679020 321
1679030 321
1679040 322
1679050 323
1679060 323
1679070 324
1679080 324
1679090 324
1679100 323
1679110 322
1679120 322
1679130 322
1679140 323
1679150 323
1679160 322
1679170 322
1679180 322
1679190 322
1679200 321
1679210 321
1679220 321
1679230 321
1679240 321
1679250 321
1679260 321
1679270 321
1679280 322
1679290 323
1679300 323
1679310 324
1679320 327
1679330 327
1679340 329
1679350 328
1679360 328
1679370 329
1679380 328
1679390 328
1679400 329
1679410 330
1679420 330
1679430 331
1679440 331
1679450 331
1679460 332
1679470 334
1679480 334
1679490 334
1679500 336
1679510 336
1679520 337
1679530 338
1679540 338
1679550 338
1679560 338
1679570 338
1679580 338
1679590 342
1679600 342
1679610 343
1679620 343
1679630 343
1679640 342
1679650 342
1679660 342
1679670 341
1679680 341
1679690 341
1679700 340
1679710 340
1679720 340
1679730 340
1679740 339
1679750 339
1679760 338
1679770 338
1679780 338
1679790 336
1679800 333
1679810 333
1679820 329
1679830 325
1679840 325
1679850 321
1679860 318
1679870 318
1679880 316
1679890 314
1679900 314
1679910 309
1679920 308
1679930 308
1679940 308
1679950 310
1679960 310
1679970 309
1679980 309
1679990 309
