1660000 360
1660010 358
1660020 356
1660030 356
1660040 354
1660050 353
1660060 353
1660070 352
1660080 352
1660090 352
1660100 355
1660110 360
1660120 360
1660130 365
1660140 371
1660150 371
1660160 377
1660170 382
1660180 382
1660190 388
1660200 394
1660210 394
1660220 398
1660230 400
1660240 400
1660250 401
1660260 402
1660270 402
1660280 403
1660290 404
1660300 404
1660310 405
1660320 405
1660330 405
1660340 404
1660350 402
1660360 402
1660370 401
1660380 398
1660390 398
1660400 394
1660410 390
1660420 390
1660430 386
1660440 382
1660450 382
1660460 378
1660470 376
1660480 376
1660490 374
1660500 373
1660510 373
1660520 371
1660530 371
1660540 371
1660550 371
1660560 370
1660570 370
1660580 370
1660590 370
1660600 370
1660610 369
1660620 369
1660630 369
1660640 368
1660650 366
1660660 366
1660670 364
1660680 361
1660690 357
1660700 355
1660710 354
1660720 354
1660730 353
1660740 352
1660750 352
1660760 351
1660770 349
1660780 347
1660790 347
1660800 345
1660810 342
1660820 342
1660830 339
1660840 337
1660850 337
1660860 338
1660870 340
1660880 340
1660890 340
1660900 342
1660910 342
1660920 345
1660930 350
1660940 350
1660950 355
1660960 359
1660970 359
1660980 363
1660990 367
1661000 367
1661010 371
1661020 375
1661030 375
1661040 380
1661050 385
1661060 385
1661070 389
1661080 394
1661090 394
1661100 399
1661110 404
1661120 404
1661130 408
1661140 409
1661150 409
1661160 409
1661170 406
1661180 406
1661190 404
1661200 402
1661210 402
1661220 399
1661230 397
1661240 397
1661250 396
1661260 396
1661270 396
1661280 398
1661290 400
1661300 400
1661310 400
1661320 397
1661330 397
1661340 392
1661350 388
1661360 388
1661370 384
1661380 380
1661390 380
1661400 378
1661410 376
1661420 374
1661430 380
1661440 387
1661450 387
1661460 393
1661470 399
1661480 399
1661490 406
1661500 412
1661510 412
1661520 415
1661530 412
1661540 412
1661550 409
1661560 407
1661570 407
1661580 405
1661590 405
1661600 405
1661610 406
1661620 407
1661630 407
1661640 410
1661650 414
1661660 414
1661670 415
1661680 412
1661690 412
1661700 408
1661710 404
1661720 404
1661730 401
1661740 398
1661750 398
1661760 394
1661770 391
1661780 391
1661790 389
1661800 387
1661810 387
1661820 386
1661830 385
1661840 385
1661850 385
1661860 386
1661870 386
1661880 389
1661890 391
1661900 391
1661910 391
1661920 389
1661930 389
1661940 387
1661950 387
1661960 387
1661970 391
1661980 395
1661990 395
1662000 395
1662010 392
1662020 392
1662030 388
1662040 387
1662050 387
1662060 387
1662070 388
1662080 388
1662090 389
1662100 387
1662110 387
1662120 383
1662130 380
1662140 380
1662150 374
1662160 375
1662170 375
1662180 377
1662190 380
1662200 380
1662210 380
1662220 379
1662230 379
1662240 377
1662250 376
1662260 376
1662270 376
1662280 377
1662290 377
1662300 379
1662310 382
1662320 382
1662330 387
1662340 386
1662350 386
1662360 386
1662370 394
1662380 394
1662390 403
1662400 396
1662410 396
1662420 386
1662430 377
1662440 377
1662450 369
1662460 362
1662470 362
1662480 354
1662490 347
1662500 347
1662510 341
1662520 336
1662530 336
1662540 331
1662550 326
1662560 326
1662570 322
1662580 318
1662590 318
1662600 313
1662610 309
1662620 309
1662630 306
1662640 302
1662650 302
1662660 299
1662670 295
1662680 295
1662690 292
1662700 288
1662710 288
1662720 284
1662730 281
1662740 281
1662750 279
1662760 276
1662770 276
1662780 274
1662790 272
1662800 272
1662810 270
1662820 269
1662830 269
1662840 268
1662850 267
1662860 267
1662870 266
1662880 263
1662890 263
1662900 260
1662910 256
1662920 256
1662930 250
1662940 244
1662950 244
1662960 239
1662970 233
1662980 233
1662990 230
1663000 231
1663010 231
1663020 231
1663030 232
1663040 232
1663050 235
1663060 233
1663070 233
1663080 230
1663090 228
1663100 228
1663110 227
1663120 226
1663130 226
1663140 226
1663150 226
1663160 226
1663170 226
1663180 226
1663190 226
1663200 226
1663210 226
1663220 226
1663230 226
1663240 226
1663250 226
1663260 226
1663270 226
1663280 226
1663290 226
1663300 226
1663310 226
1663320 226
1663330 226
1663340 226
1663350 226
1663360 226
1663370 226
1663380 226
1663390 226
1663400 226
1663410 226
1663420 226
1663430 226
1663440 226
1663450 226
1663460 226
1663470 226
1663480 226
1663490 226
1663500 226
1663510 226
1663520 226
1663530 226
1663540 226
1663550 226
1663560 226
1663570 226
1663580 226
1663590 226
1663600 226
1663610 226
1663620 226
1663630 226
1663640 226
1663650 226
1663660 226
1663670 226
1663680 226
1663690 227
1663700 227
1663710 228
1663720 229
1663730 229
1663740 229
1663750 229
1663760 229
1663770 229
1663780 229
1663790 229
1663800 229
1663810 229
1663820 229
1663830 229
1663840 231
1663850 231
1663860 235
1663870 240
1663880 240
1663890 243
1663900 244
1663910 244
1663920 247
1663930 251
1663940 251
1663950 253
1663960 255
1663970 255
1663980 258
1663990 261
1664000 261
1664010 263
1664020 264
1664030 264
1664040 267
1664050 268
1664060 268
1664070 274
1664080 282
1664090 282
1664100 289
1664110 295
1664120 295
1664130 301
1664140 307
1664150 307
1664160 312
1664170 318
1664180 318
1664190 326
1664200 335
1664210 335
1664220 341
1664230 347
1664240 347
1664250 352
1664260 358
1664270 358
1664280 364
1664290 370
1664300 370
1664310 376
1664320 382
1664330 379
1664340 386
1664350 392
1664360 392
1664370 398
1664380 403
1664390 403
1664400 408
1664410 413
1664420 413
1664430 417
1664440 421
1664450 421
1664460 423
1664470 425
1664480 425
1664490 427
1664500 429
1664510 429
1664520 430
1664530 431
1664540 431
1664550 432
1664560 432
1664570 432
1664580 433
1664590 434
1664600 434
1664610 436
1664620 437
1664630 437
1664640 439
1664650 441
1664660 441
1664670 442
1664680 444
1664690 444
1664700 445
1664710 445
1664720 445
1664730 445
1664740 445
1664750 445
1664760 443
1664770 440
1664780 440
1664790 439
1664800 439
1664810 439
1664820 438
1664830 438
1664840 438
1664850 436
1664860 433
1664870 433
1664880 431
1664890 427
1664900 427
1664910 425
1664920 425
1664930 425
1664940 425
1664950 425
1664960 425
1664970 426
1664980 427
1664990 427
1665000 429
1665010 430
1665020 430
1665030 433
1665040 435
1665050 439
1665060 441
1665070 444
1665080 444
1665090 446
1665100 449
1665110 449
1665120 450
1665130 452
1665140 452
1665150 453
1665160 454
1665170 454
1665180 456
1665190 458
1665200 458
1665210 460
1665220 461
1665230 461
1665240 459
1665250 457
1665260 457
1665270 455
1665280 452
1665290 452
1665300 448
1665310 445
1665320 445
1665330 442
1665340 438
1665350 438
1665360 433
1665370 430
1665380 430
1665390 428
1665400 426
1665410 426
1665420 423
1665430 420
1665440 420
1665450 420
1665460 423
1665470 423
1665480 429
1665490 432
1665500 432
1665510 437
1665520 442
1665530 442
1665540 448
1665550 453
1665560 453
1665570 457
1665580 460
1665590 460
1665600 463
1665610 465
1665620 465
1665630 466
1665640 468
1665650 468
1665660 469
1665670 470
1665680 470
1665690 471
1665700 472
1665710 472
1665720 473
1665730 473
1665740 473
1665750 473
1665760 473
1665770 472
1665780 472
1665790 472
1665800 472
1665810 472
1665820 472
1665830 472
1665840 472
1665850 473
1665860 473
1665870 473
1665880 473
1665890 473
1665900 473
1665910 474
1665920 474
1665930 474
1665940 474
1665950 474
1665960 475
1665970 476
1665980 476
1665990 477
1666000 479
1666010 479
1666020 480
1666030 481
1666040 481
1666050 482
1666060 485
1666070 485
1666080 487
1666090 489
1666100 489
1666110 492
1666120 494
1666130 494
1666140 495
1666150 497
1666160 497
1666170 498
1666180 500
1666190 500
1666200 501
1666210 502
1666220 502
1666230 503
1666240 503
1666250 503
1666260 502
1666270 502
1666280 502
1666290 502
1666300 503
1666310 503
1666320 504
1666330 505
1666340 505
1666350 506
1666360 508
1666370 508
1666380 509
1666390 510
1666400 510
1666410 511
1666420 512
1666430 512
1666440 513
1666450 513
1666460 513
1666470 513
1666480 511
1666490 511
1666500 512
1666510 512
1666520 512
1666530 513
1666540 514
1666550 514
1666560 514
1666570 515
1666580 515
1666590 515
1666600 516
1666610 516
1666620 517
1666630 518
1666640 518
1666650 518
1666660 519
1666670 519
1666680 519
1666690 519
1666700 519
1666710 520
1666720 520
1666730 520
1666740 520
1666750 520
1666760 520
1666770 519
1666780 519
1666790 519
1666800 519
1666810 519
1666820 519
1666830 519
1666840 519
1666850 519
1666860 519
1666870 518
1666880 518
1666890 518
1666900 519
1666910 519
1666920 519
1666930 518
1666940 518
1666950 518
1666960 518
1666970 518
1666980 518
1666990 518
1667000 518
1667010 519
1667020 520
1667030 520
1667040 522
1667050 523
1667060 523
1667070 524
1667080 525
1667090 525
1667100 525
1667110 525
1667120 525
1667130 526
1667140 526
1667150 526
1667160 526
1667170 526
1667180 526
1667190 528
1667200 528
1667210 528
1667220 529
1667230 528
1667240 528
1667250 528
1667260 528
1667270 528
1667280 529
1667290 529
1667300 529
1667310 529
1667320 529
1667330 529
1667340 528
1667350 528
1667360 528
1667370 528
1667380 529
1667390 529
1667400 530
1667410 530
1667420 530
1667430 531
1667440 531
1667450 531
1667460 532
1667470 532
1667480 532
1667490 533
1667500 533
1667510 533
1667520 534
1667530 534
1667540 534
1667550 534
1667560 535
1667570 535
1667580 535
1667590 535
1667600 535
1667610 536
1667620 536
1667630 536
1667640 536
1667650 537
1667660 537
1667670 537
1667680 537
1667690 537
1667700 537
1667710 537
1667720 537
1667730 538
1667740 539
1667750 539
1667760 539
1667770 539
1667780 539
1667790 538
1667800 537
1667810 537
1667820 536
1667830 536
1667840 536
1667850 536
1667860 535
1667870 535
1667880 535
1667890 534
1667900 532
1667910 531
1667920 530
1667930 530
1667940 529
1667950 528
1667960 528
1667970 527
1667980 526
1667990 526
1668000 525
1668010 524
1668020 524
1668030 522
1668040 521
1668050 521
1668060 520
1668070 519
1668080 519
1668090 519
1668100 518
1668110 518
1668120 517
1668130 516
1668140 516
1668150 515
1668160 514
1668170 514
1668180 514
1668190 513
1668200 513
1668210 513
1668220 512
1668230 512
1668240 511
1668250 510
1668260 510
1668270 509
1668280 508
1668290 508
1668300 508
1668310 507
1668320 507
1668330 507
1668340 507
1668350 507
1668360 506
1668370 506
1668380 506
1668390 505
1668400 505
1668410 505
1668420 505
1668430 506
1668440 506
1668450 506
1668460 506
1668470 506
1668480 505
1668490 504
1668500 504
1668510 503
1668520 502
1668530 502
1668540 500
1668550 499
1668560 499
1668570 498
1668580 497
1668590 497
1668600 495
1668610 491
1668620 491
1668630 489
1668640 487
1668650 487
1668660 485
1668670 483
1668680 483
1668690 480
1668700 478
1668710 478
1668720 476
1668730 474
1668740 472
1668750 472
1668760 469
1668770 467
1668780 467
1668790 464
1668800 461
1668810 461
1668820 455
1668830 449
1668840 449
1668850 445
1668860 440
1668870 440
1668880 434
1668890 428
1668900 428
1668910 423
1668920 417
1668930 417
1668940 411
1668950 405
1668960 405
1668970 399
1668980 392
1668990 392
1669000 387
1669010 380
1669020 380
1669030 374
1669040 368
1669050 368
1669060 365
1669070 364
1669080 364
1669090 366
1669100 369
1669110 369
1669120 376
1669130 396
1669140 396
1669150 409
1669160 413
1669170 413
1669180 416
1669190 420
1669200 420
1669210 425
1669220 430
1669230 430
1669240 438
1669250 441
1669260 441
1669270 444
1669280 447
1669290 447
1669300 449
1669310 448
1669320 448
1669330 453
1669340 460
1669350 460
1669360 467
1669370 471
1669380 471
1669390 475
1669400 477
1669410 477
1669420 481
1669430 484
1669440 484
1669450 486
1669460 489
1669470 489
1669480 491
1669490 493
1669500 493
1669510 495
1669520 497
1669530 497
1669540 498
1669550 500
1669560 500
1669570 502
1669580 504
1669590 504
1669600 506
1669610 508
1669620 508
1669630 509
1669640 511
1669650 511
1669660 511
1669670 511
1669680 511
1669690 510
1669700 510
1669710 510
1669720 510
1669730 510
1669740 510
1669750 509
1669760 509
1669770 509
1669780 508
1669790 508
1669800 508
1669810 507
1669820 506
1669830 506
1669840 505
1669850 503
1669860 503
1669870 500
1669880 497
1669890 497
1669900 494
1669910 492
1669920 492
1669930 490
1669940 488
1669950 488
1669960 487
1669970 485
1669980 485
1669990 484
1670000 484
1670010 486
1670020 486
1670030 486
1670040 486
1670050 487
1670060 487
1670070 487
1670080 487
1670090 488
1670100 488
1670110 488
1670120 489
1670130 489
1670140 490
1670150 491
1670160 491
1670170 492
1670180 493
1670190 493
1670200 494
1670210 495
1670220 495
1670230 497
1670240 499
1670250 499
1670260 501
1670270 502
1670280 502
1670290 503
1670300 504
1670310 504
1670320 505
1670330 506
1670340 506
1670350 507
1670360 509
1670370 509
1670380 510
1670390 510
1670400 510
1670410 511
1670420 511
1670430 511
1670440 512
1670450 512
1670460 512
1670470 512
1670480 512
1670490 512
1670500 512
1670510 511
1670520 511
1670530 511
1670540 510
1670550 510
1670560 509
1670570 509
1670580 509
1670590 509
1670600 509
1670610 509
1670620 509
1670630 508
1670640 508
1670650 508
1670660 508
1670670 508
1670680 508
1670690 508
1670700 508
1670710 508
1670720 507
1670730 507
1670740 507
1670750 506
1670760 506
1670770 504
1670780 503
1670790 503
1670800 501
1670810 499
1670820 499
1670830 497
1670840 495
1670850 495
1670860 492
1670870 490
1670880 490
1670890 488
1670900 486
1670910 486
1670920 485
1670930 483
1670940 483
1670950 482
1670960 481
1670970 481
1670980 480
1670990 480
1671000 480
1671010 479
1671020 478
1671030 478
1671040 478
1671050 477
1671060 477
1671070 476
1671080 475
1671090 475
1671100 473
1671110 470
1671120 470
1671130 467
1671140 464
1671150 464
1671160 466
1671170 469
1671180 469
1671190 471
1671200 473
1671210 473
1671220 475
1671230 476
1671240 476
1671250 478
1671260 479
1671270 479
1671280 480
1671290 482
1671300 482
1671310 484
1671320 484
1671330 484
1671340 484
1671350 483
1671360 483
1671370 483
1671380 482
1671390 482
1671400 480
1671410 478
1671420 478
1671430 477
1671440 475
1671450 475
1671460 473
1671470 470
1671480 470
1671490 467
1671500 464
1671510 464
1671520 461
1671530 458
1671540 458
1671550 455
1671560 453
1671570 453
1671580 449
1671590 446
1671600 446
1671610 442
1671620 440
1671630 440
1671640 437
1671650 435
1671660 435
1671670 432
1671680 428
1671690 428
1671700 425
1671710 422
1671720 422
1671730 419
1671740 416
1671750 416
1671760 413
1671770 410
1671780 410
1671790 408
1671800 406
1671810 406
1671820 404
1671830 402
1671840 402
1671850 399
1671860 394
1671870 394
1671880 390
1671890 388
1671900 388
1671910 385
1671920 386
1671930 386
1671940 386
1671950 387
1671960 387
1671970 394
1671980 400
1671990 400
1672000 404
1672010 409
1672020 409
1672030 413
1672040 416
1672050 416
1672060 419
1672070 422
1672080 422
1672090 427
1672100 431
1672110 431
1672120 436
1672130 440
1672140 440
1672150 443
1672160 446
1672170 446
1672180 449
1672190 451
1672200 451
1672210 452
1672220 453
1672230 453
1672240 454
1672250 455
1672260 455
1672270 456
1672280 458
1672290 458
1672300 461
1672310 465
1672320 465
1672330 467
1672340 469
1672350 469
1672360 471
1672370 471
1672380 471
1672390 471
1672400 470
1672410 470
1672420 469
1672430 468
1672440 468
1672450 467
1672460 465
1672470 465
1672480 462
1672490 459
1672500 459
1672510 457
1672520 455
1672530 455
1672540 452
1672550 450
1672560 450
1672570 449
1672580 446
1672590 446
1672600 444
1672610 442
1672620 442
1672630 439
1672640 438
1672650 438
1672660 434
1672670 430
1672680 430
1672690 427
1672700 423
1672710 423
1672720 421
1672730 418
1672740 418
1672750 416
1672760 414
1672770 414
1672780 410
1672790 404
1672800 404
1672810 397
1672820 391
1672830 391
1672840 385
1672850 380
1672860 380
1672870 375
1672880 370
1672890 370
1672900 364
1672910 359
1672920 359
1672930 354
1672940 349
1672950 349
1672960 343
1672970 337
1672980 337
1672990 330
1673000 329
1673010 329
1673020 329
1673030 329
1673040 329
1673050 327
1673060 322
1673070 322
1673080 314
1673090 304
1673100 304
1673110 302
1673120 300
1673130 300
1673140 301
1673150 301
1673160 301
1673170 301
1673180 301
1673190 301
1673200 301
1673210 307
1673220 307
1673230 314
1673240 319
1673250 319
1673260 323
1673270 327
1673280 327
1673290 330
1673300 333
1673310 333
1673320 335
1673330 337
1673340 337
1673350 340
1673360 343
1673370 343
1673380 345
1673390 348
1673400 348
1673410 352
1673420 356
1673430 356
1673440 359
1673450 364
1673460 364
1673470 367
1673480 372
1673490 372
1673500 375
1673510 377
1673520 377
1673530 379
1673540 380
1673550 380
1673560 382
1673570 385
1673580 385
1673590 390
1673600 394
1673610 394
1673620 397
1673630 401
1673640 401
1673650 405
1673660 408
1673670 408
1673680 409
1673690 409
1673700 409
1673710 408
1673720 408
1673730 408
1673740 411
1673750 414
1673760 414
1673770 416
1673780 418
1673790 418
1673800 419
1673810 420
1673820 420
1673830 421
1673840 422
1673850 422
1673860 423
1673870 424
1673880 424
1673890 425
1673900 426
1673910 426
1673920 427
1673930 428
1673940 428
1673950 428
1673960 428
1673970 428
1673980 428
1673990 428
1674000 428
1674010 429
1674020 430
1674030 430
1674040 431
1674050 432
1674060 432
1674070 433
1674080 434
1674090 434
1674100 434
1674110 435
1674120 435
1674130 435
1674140 435
1674150 435
1674160 433
1674170 434
1674180 434
1674190 435
1674200 436
1674210 436
1674220 437
1674230 438
1674240 438
1674250 439
1674260 440
1674270 440
1674280 439
1674290 439
1674300 439
1674310 438
1674320 437
1674330 437
1674340 437
1674350 438
1674360 438
1674370 438
1674380 439
1674390 439
1674400 441
1674410 443
1674420 443
1674430 444
1674440 446
1674450 446
1674460 448
1674470 450
1674480 450
1674490 452
1674500 453
1674510 453
1674520 456
1674530 458
1674540 458
1674550 459
1674560 459
1674570 459
1674580 460
1674590 462
1674600 462
1674610 464
1674620 466
1674630 466
1674640 468
1674650 469
1674660 469
1674670 471
1674680 473
1674690 473
1674700 474
1674710 476
1674720 476
1674730 478
1674740 479
1674750 479
1674760 481
1674770 483
1674780 483
1674790 485
1674800 488
1674810 488
1674820 489
1674830 491
1674840 492
1674850 494
1674860 496
1674870 496
1674880 497
1674890 499
1674900 499
1674910 500
1674920 501
1674930 501
1674940 502
1674950 503
1674960 503
1674970 504
1674980 505
1674990 505
1675000 506
1675010 507
1675020 507
1675030 508
1675040 508
1675050 508
1675060 509
1675070 510
1675080 510
1675090 510
1675100 511
1675110 511
1675120 512
1675130 512
1675140 512
1675150 513
1675160 514
1675170 514
1675180 514
1675190 515
1675200 515
1675210 516
1675220 517
1675230 517
1675240 518
1675250 518
1675260 518
1675270 519
1675280 520
1675290 520
1675300 521
1675310 522
1675320 522
1675330 523
1675340 524
1675350 524
1675360 524
1675370 525
1675380 525
1675390 526
1675400 526
1675410 526
1675420 527
1675430 527
1675440 527
1675450 528
1675460 528
1675470 528
1675480 528
1675490 528
1675500 528
1675510 528
1675520 528
1675530 528
1675540 527
1675550 527
1675560 527
1675570 526
1675580 525
1675590 525
1675600 524
1675610 522
1675620 522
1675630 521
1675640 519
1675650 519
1675660 517
1675670 514
1675680 514
1675690 511
1675700 510
1675710 510
1675720 509
1675730 507
1675740 507
1675750 507
1675760 506
1675770 506
1675780 504
1675790 503
1675800 503
1675810 502
1675820 503
1675830 503
1675840 504
1675850 506
1675860 506
1675870 506
1675880 506
1675890 506
1675900 506
1675910 507
1675920 507
1675930 507
1675940 507
1675950 507
1675960 508
1675970 509
1675980 509
1675990 510
1676000 512
1676010 512
1676020 513
1676030 513
1676040 513
1676050 514
1676060 515
1676070 515
1676080 516
1676090 517
1676100 517
1676110 517
1676120 518
1676130 518
1676140 518
1676150 519
1676160 519
1676170 520
1676180 521
1676190 521
1676200 522
1676210 523
1676220 523
1676230 523
1676240 524
1676250 524
1676260 523
1676270 524
1676280 524
1676290 525
1676300 527
1676310 527
1676320 528
1676330 529
1676340 529
1676350 530
1676360 532
1676370 532
1676380 534
1676390 535
1676400 535
1676410 537
1676420 539
1676430 539
1676440 540
1676450 541
1676460 541
1676470 542
1676480 543
1676490 543
1676500 544
1676510 544
1676520 544
1676530 546
1676540 548
1676550 548
1676560 549
1676570 550
1676580 550
1676590 551
1676600 552
1676610 552
1676620 555
1676630 555
1676640 555
1676650 556
1676660 558
1676670 558
1676680 559
1676690 560
1676700 560
1676710 561
1676720 562
1676730 562
1676740 563
1676750 564
1676760 564
1676770 565
1676780 566
1676790 566
1676800 567
1676810 568
1676820 568
1676830 569
1676840 570
1676850 570
1676860 571
1676870 572
1676880 572
1676890 573
1676900 575
1676910 575
1676920 575
1676930 576
1676940 576
1676950 576
1676960 578
1676970 578
1676980 579
1676990 581
1677000 581
1677010 582
1677020 584
1677030 584
1677040 585
1677050 587
1677060 588
1677070 588
1677080 590
1677090 591
1677100 591
1677110 593
1677120 595
1677130 595
1677140 596
1677150 598
1677160 598
1677170 600
1677180 601
1677190 601
1677200 603
1677210 604
1677220 604
1677230 606
1677240 607
1677250 607
1677260 609
1677270 610
1677280 610
1677290 611
1677300 612
1677310 612
1677320 612
1677330 613
1677340 613
1677350 614
1677360 614
1677370 614
1677380 615
1677390 616
1677400 616
1677410 617
1677420 617
1677430 617
1677440 618
1677450 619
1677460 619
1677470 619
1677480 620
1677490 620
1677500 621
1677510 621
1677520 621
1677530 622
1677540 623
1677550 623
1677560 624
1677570 625
1677580 625
1677590 625
1677600 626
1677610 626
1677620 627
1677630 628
1677640 628
1677650 628
1677660 628
1677670 628
1677680 629
1677690 630
1677700 630
1677710 631
1677720 632
1677730 632
1677740 633
1677750 634
1677760 634
1677770 634
1677780 635
1677790 635
1677800 636
1677810 636
1677820 636
1677830 637
1677840 638
1677850 638
1677860 638
1677870 639
1677880 639
1677890 639
1677900 640
1677910 640
1677920 640
1677930 641
1677940 641
1677950 642
1677960 642
1677970 642
1677980 642
1677990 643
1678000 643
1678010 644
1678020 644
1678030 644
1678040 644
1678050 645
1678060 645
1678070 646
1678080 647
1678090 647
1678100 647
1678110 647
1678120 647
1678130 648
1678140 648
1678150 648
1678160 648
1678170 649
1678180 649
1678190 649
1678200 649
1678210 649
1678220 650
1678230 650
1678240 650
1678250 650
1678260 650
1678270 650
1678280 651
1678290 651
1678300 651
1678310 651
1678320 651
1678330 651
1678340 651
1678350 651
1678360 651
1678370 651
1678380 651
1678390 651
1678400 651
1678410 651
1678420 651
1678430 651
1678440 650
1678450 650
1678460 651
1678470 650
1678480 650
1678490 650
1678500 650
1678510 650
1678520 650
1678530 650
1678540 650
1678550 650
1678560 649
1678570 649
1678580 649
1678590 648
1678600 648
1678610 648
1678620 648
1678630 648
1678640 648
1678650 648
1678660 648
1678670 647
1678680 647
1678690 647
1678700 647
1678710 647
1678720 647
1678730 647
1678740 646
1678750 646
1678760 646
1678770 646
1678780 646
1678790 646
1678800 646
1678810 646
1678820 646
1678830 646
1678840 646
1678850 645
1678860 645
1678870 645
1678880 646
1678890 647
1678900 647
1678910 647
1678920 647
1678930 647
1678940 647
1678950 646
1678960 646
1678970 646
1678980 647
1678990 647
1679000 647
1679010 648
1679020 648
1679030 648
1679040 648
1679050 648
1679060 648
1679070 648
1679080 648
1679090 649
1679100 649
1679110 649
1679120 649
1679130 649
1679140 649
1679150 649
1679160 649
1679170 649
1679180 650
1679190 650
1679200 650
1679210 650
1679220 650
1679230 650
1679240 650
1679250 649
1679260 649
1679270 649
1679280 648
1679290 648
1679300 647
1679310 647
1679320 647
1679330 646
1679340 645
1679350 645
1679360 645
1679370 644
1679380 644
1679390 644
1679400 643
1679410 643
1679420 643
1679430 643
1679440 643
1679450 642
1679460 640
1679470 640
1679480 639
1679490 638
1679500 638
1679510 637
1679520 637
1679530 637
1679540 637
1679550 638
1679560 638
1679570 638
1679580 638
1679590 638
1679600 638
1679610 637
1679620 637
1679630 636
1679640 637
1679650 637
1679660 636
1679670 634
1679680 634
1679690 633
1679700 631
1679710 631
1679720 630
1679730 630
1679740 630
1679750 630
1679760 631
1679770 631
1679780 632
1679790 633
1679800 633
1679810 634
1679820 635
1679830 635
1679840 636
1679850 637
1679860 637
1679870 637
1679880 637
1679890 637
1679900 636
1679910 636
1679920 636
1679930 636
1679940 636
1679950 636
1679960 637
1679970 637
1679980 637
1679990 636
