1660000 226
1660010 226
1660020 226
1660030 226
1660040 226
1660050 226
1660060 226
1660070 226
1660080 226
1660090 226
1660100 226
1660110 226
1660120 226
1660130 226
1660140 226
1660150 226
1660160 226
1660170 226
1660180 226
1660190 226
1660200 226
1660210 226
1660220 226
1660230 226
1660240 226
1660250 226
1660260 226
1660270 226
1660280 226
1660290 227
1660300 229
1660310 229
1660320 230
1660330 232
1660340 232
1660350 232
1660360 234
1660370 234
1660380 237
1660390 245
1660400 245
1660410 245
1660420 243
1660430 243
1660440 241
1660450 241
1660460 241
1660470 240
1660480 237
1660490 237
1660500 236
1660510 234
1660520 234
1660530 231
1660540 228
1660550 228
1660560 227
1660570 227
1660580 227
1660590 226
1660600 226
1660610 226
1660620 226
1660630 226
1660640 226
1660650 226
1660660 226
1660670 226
1660680 226
1660690 226
1660700 226
1660710 226
1660720 226
1660730 226
1660740 226
1660750 226
1660760 226
1660770 226
1660780 226
1660790 226
1660800 226
1660810 226
1660820 226
1660830 226
1660840 226
1660850 226
1660860 226
1660870 226
1660880 226
1660890 226
1660900 226
1660910 226
1660920 226
1660930 226
1660940 226
1660950 226
1660960 226
1660970 226
1660980 226
1660990 226
1661000 226
1661010 226
1661020 226
1661030 226
1661040 226
1661050 226
1661060 226
1661070 226
1661080 226
1661090 226
1661100 226
1661110 226
1661120 226
1661130 226
1661140 226
1661150 226
1661160 226
1661170 226
1661180 226
1661190 226
1661200 226
1661210 226
1661220 226
1661230 226
1661240 226
1661250 226
1661260 226
1661270 226
1661280 226
1661290 226
1661300 226
1661310 226
1661320 226
1661330 226
1661340 226
1661350 226
1661360 226
1661370 226
1661380 226
1661390 226
1661400 226
1661410 226
1661420 226
1661430 226
1661440 226
1661450 226
1661460 226
1661470 226
1661480 226
1661490 226
1661500 226
1661510 226
1661520 226
1661530 226
1661540 226
1661550 226
1661560 226
1661570 226
1661580 226
1661590 226
1661600 226
1661610 226
1661620 226
1661630 226
1661640 226
1661650 226
1661660 226
1661670 226
1661680 226
1661690 226
1661700 226
1661710 226
1661720 226
1661730 226
1661740 226
1661750 226
1661760 226
1661770 226
1661780 226
1661790 226
1661800 226
1661810 226
1661820 226
1661830 226
1661840 226
1661850 226
1661860 226
1661870 226
1661880 226
1661890 226
1661900 226
1661910 226
1661920 226
1661930 226
1661940 226
1661950 226
1661960 226
1661970 226
1661980 226
1661990 226
1662000 226
1662010 226
1662020 226
1662030 226
1662040 226
1662050 226
1662060 226
1662070 226
1662080 226
1662090 226
1662100 226
1662110 226
1662120 226
1662130 226
1662140 226
1662150 226
1662160 226
1662170 226
1662180 226
1662190 226
1662200 226
1662210 226
1662220 226
1662230 226
1662240 226
1662250 226
1662260 226
1662270 226
1662280 226
1662290 226
1662300 226
1662310 226
1662320 226
1662330 226
1662340 226
1662350 226
1662360 226
1662370 226
1662380 226
1662390 226
1662400 226
1662410 226
1662420 226
1662430 226
1662440 226
1662450 226
1662460 226
1662470 226
1662480 226
1662490 226
1662500 226
1662510 226
1662520 226
1662530 226
1662540 226
1662550 226
1662560 226
1662570 226
1662580 226
1662590 226
1662600 226
1662610 226
1662620 226
1662630 226
1662640 226
1662650 226
1662660 226
1662670 226
1662680 226
1662690 226
1662700 226
1662710 226
1662720 226
1662730 226
1662740 226
1662750 226
1662760 226
1662770 226
1662780 226
1662790 226
1662800 226
1662810 226
1662820 226
1662830 226
1662840 226
1662850 226
1662860 226
1662870 226
1662880 226
1662890 226
1662900 226
1662910 226
1662920 226
1662930 226
1662940 226
1662950 227
1662960 227
1662970 227
1662980 227
1662990 227
1663000 227
1663010 227
1663020 228
1663030 228
1663040 228
1663050 228
1663060 228
1663070 228
1663080 230
1663090 235
1663100 235
1663110 236
1663120 236
1663130 236
1663140 238
1663150 243
1663160 243
1663170 247
1663180 251
1663190 251
1663200 255
1663210 260
1663220 260
1663230 263
1663240 266
1663250 266
1663260 267
1663270 268
1663280 268
1663290 266
1663300 260
1663310 260
1663320 252
1663330 247
1663340 247
1663350 243
1663360 244
1663370 244
1663380 246
1663390 249
1663400 249
1663410 250
1663420 252
1663430 252
1663440 254
1663450 257
1663460 257
1663470 261
1663480 266
1663490 266
1663500 271
1663510 282
1663520 282
1663530 292
1663540 300
1663550 308
1663560 308
1663570 319
1663580 332
1663590 332
1663600 341
1663610 344
1663620 344
1663630 349
1663640 358
1663650 358
1663660 367
1663670 372
1663680 372
1663690 379
1663700 388
1663710 388
1663720 397
1663730 404
1663740 404
1663750 409
1663760 412
1663770 412
1663780 414
1663790 416
1663800 416
1663810 417
1663820 419
1663830 419
1663840 422
1663850 423
1663860 423
1663870 425
1663880 428
1663890 428
1663900 432
1663910 436
1663920 436
1663930 441
1663940 447
1663950 447
1663960 455
1663970 461
1663980 461
1663990 468
1664000 475
1664010 475
1664020 480
1664030 486
1664040 486
1664050 493
1664060 499
1664070 499
1664080 503
1664090 504
1664100 504
1664110 505
1664120 507
1664130 507
1664140 509
1664150 509
1664160 509
1664170 508
1664180 506
1664190 506
1664200 503
1664210 500
1664220 500
1664230 497
1664240 493
1664250 493
1664260 490
1664270 486
1664280 486
1664290 481
1664300 475
1664310 475
1664320 470
1664330 465
1664340 465
1664350 465
1664360 466
1664370 466
1664380 466
1664390 465
1664400 470
1664410 469
1664420 469
1664430 469
1664440 471
1664450 475
1664460 475
1664470 479
1664480 483
1664490 483
1664500 487
1664510 491
1664520 491
1664530 495
1664540 499
1664550 499
1664560 503
1664570 506
1664580 506
1664590 510
1664600 511
1664610 511
1664620 511
1664630 511
1664640 511
1664650 511
1664660 510
1664670 510
1664680 509
1664690 508
1664700 508
1664710 507
1664720 506
1664730 506
1664740 505
1664750 504
1664760 504
1664770 503
1664780 502
1664790 502
1664800 501
1664810 499
1664820 499
1664830 500
1664840 502
1664850 502
1664860 503
1664870 505
1664880 505
1664890 507
1664900 509
1664910 509
1664920 510
1664930 512
1664940 512
1664950 513
1664960 514
1664970 514
1664980 515
1664990 516
1665000 516
1665010 516
1665020 516
1665030 516
1665040 516
1665050 516
1665060 516
1665070 515
1665080 514
1665090 514
1665100 513
1665110 512
1665120 514
1665130 513
1665140 511
1665150 511
1665160 510
1665170 508
1665180 508
1665190 505
1665200 502
1665210 502
1665220 499
1665230 496
1665240 496
1665250 492
1665260 489
1665270 489
1665280 486
1665290 483
1665300 483
1665310 480
1665320 477
1665330 477
1665340 474
1665350 471
1665360 471
1665370 469
1665380 467
1665390 467
1665400 466
1665410 464
1665420 464
1665430 463
1665440 461
1665450 461
1665460 458
1665470 453
1665480 453
1665490 450
1665500 448
1665510 448
1665520 447
1665530 448
1665540 448
1665550 449
1665560 454
1665570 454
1665580 457
1665590 461
1665600 461
1665610 464
1665620 467
1665630 467
1665640 469
1665650 470
1665660 470
1665670 472
1665680 474
1665690 474
1665700 475
1665710 475
1665720 475
1665730 476
1665740 477
1665750 477
1665760 477
1665770 477
1665780 477
1665790 478
1665800 478
1665810 478
1665820 478
1665830 478
1665840 478
1665850 480
1665860 481
1665870 481
1665880 482
1665890 483
1665900 483
1665910 485
1665920 486
1665930 486
1665940 488
1665950 490
1665960 490
1665970 491
1665980 493
1665990 493
1666000 494
1666010 495
1666020 495
1666030 496
1666040 497
1666050 497
1666060 498
1666070 500
1666080 500
1666090 501
1666100 502
1666110 502
1666120 503
1666130 504
1666140 504
1666150 505
1666160 506
1666170 506
1666180 507
1666190 509
1666200 509
1666210 510
1666220 511
1666230 511
1666240 511
1666250 512
1666260 512
1666270 513
1666280 514
1666290 514
1666300 516
1666310 516
1666320 516
1666330 517
1666340 518
1666350 518
1666360 519
1666370 520
1666380 520
1666390 521
1666400 522
1666410 522
1666420 523
1666430 524
1666440 524
1666450 525
1666460 526
1666470 526
1666480 528
1666490 530
1666500 530
1666510 531
1666520 532
1666530 532
1666540 533
1666550 535
1666560 535
1666570 535
1666580 535
1666590 535
1666600 535
1666610 534
1666620 534
1666630 534
1666640 534
1666650 534
1666660 536
1666670 537
1666680 537
1666690 538
1666700 540
1666710 540
1666720 543
1666730 545
1666740 545
1666750 546
1666760 548
1666770 548
1666780 550
1666790 551
1666800 551
1666810 552
1666820 553
1666830 553
1666840 555
1666850 556
1666860 556
1666870 557
1666880 559
1666890 559
1666900 559
1666910 560
1666920 560
1666930 561
1666940 563
1666950 563
1666960 564
1666970 565
1666980 565
1666990 566
1667000 567
1667010 567
1667020 568
1667030 570
1667040 570
1667050 571
1667060 572
1667070 572
1667080 573
1667090 574
1667100 574
1667110 575
1667120 577
1667130 577
1667140 578
1667150 578
1667160 578
1667170 579
1667180 580
1667190 580
1667200 581
1667210 581
1667220 581
1667230 582
1667240 583
1667250 583
1667260 585
1667270 585
1667280 585
1667290 585
1667300 586
1667310 586
1667320 586
1667330 587
1667340 587
1667350 588
1667360 589
1667370 589
1667380 591
1667390 592
1667400 592
1667410 593
1667420 593
1667430 593
1667440 594
1667450 594
1667460 594
1667470 594
1667480 594
1667490 594
1667500 595
1667510 595
1667520 595
1667530 596
1667540 596
1667550 596
1667560 597
1667570 597
1667580 597
1667590 598
1667600 598
1667610 598
1667620 599
1667630 600
1667640 600
1667650 601
1667660 602
1667670 602
1667680 602
1667690 602
1667700 602
1667710 602
1667720 602
1667730 602
1667740 601
1667750 601
1667760 601
1667770 600
1667780 598
1667790 598
1667800 596
1667810 595
1667820 595
1667830 593
1667840 589
1667850 589
1667860 584
1667870 579
1667880 579
1667890 576
1667900 572
1667910 572
1667920 569
1667930 567
1667940 567
1667950 565
1667960 563
1667970 564
1667980 562
1667990 560
1668000 560
1668010 559
1668020 557
1668030 557
1668040 555
1668050 553
1668060 553
1668070 553
1668080 551
1668090 551
1668100 549
1668110 547
1668120 547
1668130 542
1668140 538
1668150 538
1668160 538
1668170 536
1668180 536
1668190 534
1668200 532
1668210 532
1668220 531
1668230 529
1668240 529
1668250 528
1668260 526
1668270 526
1668280 524
1668290 522
1668300 522
1668310 520
1668320 519
1668330 519
1668340 517
1668350 515
1668360 515
1668370 510
1668380 505
1668390 505
1668400 501
1668410 497
1668420 497
1668430 494
1668440 493
1668450 493
1668460 491
1668470 490
1668480 490
1668490 488
1668500 486
1668510 486
1668520 483
1668530 478
1668540 478
1668550 473
1668560 470
1668570 470
1668580 467
1668590 464
1668600 464
1668610 461
1668620 459
1668630 459
1668640 456
1668650 451
1668660 451
1668670 453
1668680 453
1668690 453
1668700 456
1668710 455
1668720 455
1668730 449
1668740 441
1668750 441
1668760 434
1668770 427
1668780 427
1668790 419
1668800 411
1668810 411
1668820 404
1668830 396
1668840 396
1668850 390
1668860 388
1668870 388
1668880 390
1668890 396
1668900 396
1668910 404
1668920 411
1668930 411
1668940 416
1668950 416
1668960 416
1668970 412
1668980 408
1668990 408
1669000 406
1669010 405
1669020 405
1669030 406
1669040 407
1669050 407
1669060 409
1669070 412
1669080 412
1669090 417
1669100 421
1669110 421
1669120 426
1669130 431
1669140 431
1669150 435
1669160 441
1669170 441
1669180 446
1669190 454
1669200 454
1669210 458
1669220 460
1669230 460
1669240 461
1669250 464
1669260 464
1669270 469
1669280 474
1669290 474
1669300 479
1669310 482
1669320 482
1669330 485
1669340 487
1669350 487
1669360 490
1669370 491
1669380 491
1669390 493
1669400 495
1669410 495
1669420 497
1669430 498
1669440 498
1669450 500
1669460 502
1669470 502
1669480 503
1669490 505
1669500 505
1669510 506
1669520 507
1669530 507
1669540 508
1669550 509
1669560 509
1669570 511
1669580 512
1669590 512
1669600 513
1669610 514
1669620 514
1669630 515
1669640 516
1669650 516
1669660 518
1669670 518
1669680 518
1669690 519
1669700 520
1669710 520
1669720 521
1669730 522
1669740 522
1669750 522
1669760 523
1669770 523
1669780 524
1669790 524
1669800 524
1669810 525
1669820 525
1669830 525
1669840 525
1669850 525
1669860 525
1669870 524
1669880 524
1669890 524
1669900 524
1669910 523
1669920 523
1669930 523
1669940 523
1669950 523
1669960 522
1669970 521
1669980 521
1669990 521
1670000 520
1670010 520
1670020 520
1670030 519
1670040 519
1670050 519
1670060 519
1670070 517
1670080 516
1670090 515
1670100 515
1670110 514
1670120 513
1670130 513
1670140 512
1670150 511
1670160 511
1670170 510
1670180 509
1670190 509
1670200 508
1670210 506
1670220 506
1670230 505
1670240 503
1670250 503
1670260 500
1670270 498
1670280 498
1670290 497
1670300 495
1670310 495
1670320 494
1670330 492
1670340 492
1670350 491
1670360 491
1670370 491
1670380 490
1670390 491
1670400 491
1670410 491
1670420 491
1670430 491
1670440 490
1670450 490
1670460 490
1670470 490
1670480 489
1670490 489
1670500 489
1670510 488
1670520 488
1670530 488
1670540 488
1670550 488
1670560 487
1670570 487
1670580 487
1670590 486
1670600 485
1670610 485
1670620 484
1670630 484
1670640 484
1670650 484
1670660 484
1670670 484
1670680 484
1670690 484
1670700 484
1670710 484
1670720 484
1670730 484
1670740 485
1670750 485
1670760 485
1670770 483
1670780 483
1670790 483
1670800 484
1670810 484
1670820 484
1670830 485
1670840 485
1670850 485
1670860 486
1670870 486
1670880 486
1670890 486
1670900 486
1670910 486
1670920 486
1670930 486
1670940 486
1670950 485
1670960 484
1670970 484
1670980 483
1670990 482
1671000 482
1671010 481
1671020 480
1671030 480
1671040 478
1671050 476
1671060 476
1671070 473
1671080 471
1671090 471
1671100 469
1671110 467
1671120 467
1671130 465
1671140 463
1671150 463
1671160 461
1671170 459
1671180 459
1671190 457
1671200 454
1671210 454
1671220 449
1671230 445
1671240 445
1671250 442
1671260 440
1671270 440
1671280 438
1671290 435
1671300 435
1671310 433
1671320 430
1671330 430
1671340 427
1671350 425
1671360 425
1671370 423
1671380 422
1671390 422
1671400 420
1671410 418
1671420 418
1671430 415
1671440 414
1671450 414
1671460 415
1671470 420
1671480 420
1671490 423
1671500 425
1671510 425
1671520 427
1671530 429
1671540 429
1671550 430
1671560 431
1671570 431
1671580 433
1671590 433
1671600 433
1671610 433
1671620 433
1671630 433
1671640 432
1671650 432
1671660 432
1671670 432
1671680 433
1671690 433
1671700 433
1671710 435
1671720 435
1671730 437
1671740 441
1671750 441
1671760 443
1671770 446
1671780 446
1671790 449
1671800 452
1671810 452
1671820 454
1671830 456
1671840 456
1671850 458
1671860 459
1671870 459
1671880 461
1671890 463
1671900 463
1671910 465
1671920 467
1671930 467
1671940 469
1671950 470
1671960 470
1671970 472
1671980 473
1671990 473
1672000 475
1672010 476
1672020 476
1672030 477
1672040 478
1672050 478
1672060 479
1672070 481
1672080 481
1672090 482
1672100 483
1672110 483
1672120 484
1672130 485
1672140 485
1672150 486
1672160 486
1672170 486
1672180 487
1672190 488
1672200 488
1672210 489
1672220 490
1672230 490
1672240 490
1672250 491
1672260 491
1672270 491
1672280 492
1672290 492
1672300 492
1672310 493
1672320 493
1672330 493
1672340 493
1672350 493
1672360 493
1672370 494
1672380 494
1672390 493
1672400 493
1672410 493
1672420 493
1672430 492
1672440 492
1672450 492
1672460 491
1672470 491
1672480 491
1672490 490
1672500 490
1672510 489
1672520 489
1672530 489
1672540 488
1672550 487
1672560 487
1672570 486
1672580 486
1672590 485
1672600 485
1672610 483
1672620 480
1672630 480
1672640 478
1672650 477
1672660 477
1672670 476
1672680 475
1672690 475
1672700 472
1672710 470
1672720 470
1672730 468
1672740 466
1672750 466
1672760 464
1672770 462
1672780 462
1672790 458
1672800 455
1672810 455
1672820 452
1672830 448
1672840 448
1672850 440
1672860 435
1672870 435
1672880 429
1672890 424
1672900 424
1672910 419
1672920 413
1672930 413
1672940 408
1672950 403
1672960 403
1672970 399
1672980 395
1672990 395
1673000 390
1673010 386
1673020 386
1673030 383
1673040 380
1673050 380
1673060 375
1673070 368
1673080 368
1673090 361
1673100 355
1673110 355
1673120 349
1673130 343
1673140 343
1673150 348
1673160 358
1673170 358
1673180 365
1673190 371
1673200 371
1673210 378
1673220 385
1673230 385
1673240 390
1673250 396
1673260 396
1673270 400
1673280 394
1673290 394
1673300 385
1673310 376
1673320 376
1673330 365
1673340 355
1673350 355
1673360 347
1673370 340
1673380 340
1673390 330
1673400 323
1673410 323
1673420 317
1673430 314
1673440 314
1673450 314
1673460 315
1673470 315
1673480 315
1673490 317
1673500 317
1673510 320
1673520 322
1673530 322
1673540 315
1673550 316
1673560 316
1673570 317
1673580 318
1673590 318
1673600 322
1673610 327
1673620 327
1673630 330
1673640 335
1673650 335
1673660 340
1673670 346
1673680 346
1673690 349
1673700 350
1673710 350
1673720 353
1673730 356
1673740 356
1673750 361
1673760 365
1673770 365
1673780 371
1673790 378
1673800 378
1673810 382
1673820 386
1673830 386
1673840 390
1673850 396
1673860 396
1673870 403
1673880 410
1673890 410
1673900 412
1673910 416
1673920 416
1673930 419
1673940 422
1673950 422
1673960 425
1673970 428
1673980 428
1673990 430
1674000 432
1674010 432
1674020 433
1674030 433
1674040 433
1674050 434
1674060 435
1674070 435
1674080 437
1674090 438
1674100 438
1674110 439
1674120 440
1674130 440
1674140 441
1674150 442
1674160 442
1674170 443
1674180 443
1674190 443
1674200 444
1674210 446
1674220 441
1674230 443
1674240 444
1674250 444
1674260 444
1674270 446
1674280 446
1674290 447
1674300 448
1674310 448
1674320 449
1674330 451
1674340 451
1674350 452
1674360 453
1674370 453
1674380 455
1674390 457
1674400 457
1674410 459
1674420 461
1674430 461
1674440 463
1674450 464
1674460 464
1674470 466
1674480 467
1674490 467
1674500 469
1674510 470
1674520 470
1674530 471
1674540 473
1674550 473
1674560 474
1674570 475
1674580 475
1674590 475
1674600 474
1674610 474
1674620 473
1674630 473
1674640 473
1674650 472
1674660 471
1674670 471
1674680 471
1674690 470
1674700 470
1674710 469
1674720 469
1674730 469
1674740 468
1674750 468
1674760 468
1674770 467
1674780 467
1674790 467
1674800 467
1674810 468
1674820 468
1674830 469
1674840 470
1674850 470
1674860 470
1674870 470
1674880 470
1674890 469
1674900 466
1674910 466
1674920 465
1674930 465
1674940 465
1674950 464
1674960 464
1674970 464
1674980 464
1674990 463
1675000 463
1675010 462
1675020 462
1675030 462
1675040 462
1675050 462
1675060 462
1675070 462
1675080 462
1675090 462
1675100 462
1675110 462
1675120 462
1675130 461
1675140 461
1675150 461
1675160 462
1675170 463
1675180 463
1675190 463
1675200 463
1675210 463
1675220 463
1675230 463
1675240 463
1675250 462
1675260 461
1675270 461
1675280 460
1675290 459
1675300 459
1675310 458
1675320 457
1675330 457
1675340 458
1675350 462
1675360 462
1675370 466
1675380 470
1675390 470
1675400 474
1675410 478
1675420 478
1675430 482
1675440 485
1675450 485
1675460 487
1675470 489
1675480 489
1675490 490
1675500 491
1675510 491
1675520 492
1675530 493
1675540 493
1675550 494
1675560 495
1675570 495
1675580 494
1675590 495
1675600 495
1675610 497
1675620 498
1675630 498
1675640 499
1675650 500
1675660 500
1675670 501
1675680 502
1675690 502
1675700 504
1675710 506
1675720 506
1675730 508
1675740 510
1675750 510
1675760 513
1675770 515
1675780 515
1675790 517
1675800 519
1675810 519
1675820 521
1675830 523
1675840 523
1675850 525
1675860 526
1675870 526
1675880 528
1675890 529
1675900 529
1675910 530
1675920 532
1675930 532
1675940 533
1675950 534
1675960 534
1675970 535
1675980 536
1675990 536
1676000 536
1676010 537
1676020 537
1676030 538
1676040 539
1676050 539
1676060 540
1676070 540
1676080 540
1676090 541
1676100 542
1676110 542
1676120 543
1676130 544
1676140 544
1676150 544
1676160 545
1676170 545
1676180 546
1676190 547
1676200 547
1676210 547
1676220 547
1676230 547
1676240 548
1676250 549
1676260 548
1676270 549
1676280 550
1676290 550
1676300 550
1676310 551
1676320 551
1676330 551
1676340 551
1676350 551
1676360 552
1676370 553
1676380 553
1676390 553
1676400 554
1676410 554
1676420 555
1676430 556
1676440 556
1676450 557
1676460 558
1676470 558
1676480 559
1676490 560
1676500 560
1676510 561
1676520 562
1676530 562
1676540 562
1676550 563
1676560 563
1676570 564
1676580 565
1676590 565
1676600 566
1676610 567
1676620 567
1676630 568
1676640 569
1676650 569
1676660 570
1676670 570
1676680 570
1676690 571
1676700 571
1676710 571
1676720 572
1676730 573
1676740 573
1676750 574
1676760 574
1676770 574
1676780 575
1676790 577
1676800 577
1676810 578
1676820 580
1676830 580
1676840 581
1676850 582
1676860 582
1676870 583
1676880 585
1676890 585
1676900 586
1676910 588
1676920 588
1676930 590
1676940 591
1676950 591
1676960 592
1676970 593
1676980 593
1676990 595
1677000 596
1677010 596
1677020 597
1677030 598
1677040 598
1677050 599
1677060 601
1677070 601
1677080 602
1677090 603
1677100 603
1677110 605
1677120 606
1677130 606
1677140 608
1677150 609
1677160 609
1677170 610
1677180 611
1677190 611
1677200 613
1677210 614
1677220 614
1677230 615
1677240 616
1677250 616
1677260 617
1677270 619
1677280 619
1677290 620
1677300 621
1677310 621
1677320 622
1677330 623
1677340 623
1677350 625
1677360 626
1677370 626
1677380 627
1677390 629
1677400 629
1677410 631
1677420 633
1677430 633
1677440 634
1677450 635
1677460 635
1677470 638
1677480 640
1677490 640
1677500 643
1677510 646
1677520 646
1677530 649
1677540 651
1677550 651
1677560 653
1677570 656
1677580 656
1677590 658
1677600 660
1677610 659
1677620 660
1677630 661
1677640 661
1677650 662
1677660 663
1677670 663
1677680 664
1677690 664
1677700 664
1677710 665
1677720 666
1677730 666
1677740 667
1677750 667
1677760 667
1677770 668
1677780 669
1677790 669
1677800 669
1677810 670
1677820 670
1677830 670
1677840 670
1677850 670
1677860 671
1677870 671
1677880 671
1677890 671
1677900 672
1677910 672
1677920 672
1677930 673
1677940 673
1677950 672
1677960 673
1677970 673
1677980 674
1677990 674
1678000 674
1678010 674
1678020 675
1678030 675
1678040 675
1678050 675
1678060 675
1678070 675
1678080 676
1678090 676
1678100 676
1678110 676
1678120 676
1678130 677
1678140 677
1678150 677
1678160 678
1678170 677
1678180 677
1678190 678
1678200 678
1678210 678
1678220 678
1678230 678
1678240 678
1678250 678
1678260 679
1678270 679
1678280 680
1678290 680
1678300 680
1678310 680
1678320 680
1678330 680
1678340 680
1678350 681
1678360 681
1678370 681
1678380 681
1678390 681
1678400 682
1678410 682
1678420 682
1678430 683
1678440 683
1678450 683
1678460 684
1678470 684
1678480 684
1678490 685
1678500 685
1678510 685
1678520 685
1678530 686
1678540 686
1678550 686
1678560 687
1678570 687
1678580 687
1678590 688
1678600 688
1678610 689
1678620 690
1678630 690
1678640 690
1678650 690
1678660 690
1678670 691
1678680 691
1678690 691
1678700 691
1678710 691
1678720 691
1678730 692
1678740 692
1678750 692
1678760 692
1678770 693
1678780 693
1678790 693
1678800 693
1678810 693
1678820 693
1678830 693
1678840 693
1678850 693
1678860 693
1678870 693
1678880 693
1678890 693
1678900 693
1678910 693
1678920 693
1678930 693
1678940 693
1678950 694
1678960 694
1678970 694
1678980 694
1678990 694
1679000 694
1679010 694
1679020 694
1679030 694
1679040 694
1679050 694
1679060 694
1679070 695
1679080 695
1679090 694
1679100 694
1679110 694
1679120 695
1679130 695
1679140 695
1679150 695
1679160 695
1679170 695
1679180 695
1679190 694
1679200 694
1679210 694
1679220 694
1679230 694
1679240 694
1679250 694
1679260 694
1679270 694
1679280 694
1679290 694
1679300 694
1679310 694
1679320 694
1679330 694
1679340 694
1679350 694
1679360 694
1679370 694
1679380 694
1679390 693
1679400 693
1679410 693
1679420 693
1679430 693
1679440 693
1679450 692
1679460 691
1679470 691
1679480 691
1679490 691
1679500 691
1679510 691
1679520 691
1679530 691
1679540 690
1679550 690
1679560 690
1679570 690
1679580 690
1679590 690
1679600 690
1679610 690
1679620 690
1679630 689
1679640 689
1679650 689
1679660 689
1679670 688
1679680 688
1679690 688
1679700 688
1679710 688
1679720 688
1679730 688
1679740 688
1679750 687
1679760 687
1679770 687
1679780 686
1679790 685
1679800 685
1679810 685
1679820 684
1679830 684
1679840 684
1679850 683
1679860 683
1679870 682
1679880 681
1679890 681
1679900 681
1679910 680
1679920 680
1679930 680
1679940 679
1679950 679
1679960 679
1679970 678
1679980 678
1679990 677
