1660000 443
1660010 443
1660020 442
1660030 441
1660040 441
1660050 440
1660060 440
1660070 440
1660080 439
1660090 437
1660100 437
1660110 435
1660120 431
1660130 431
1660140 429
1660150 427
1660160 427
1660170 423
1660180 423
1660190 423
1660200 426
1660210 430
1660220 430
1660230 435
1660240 440
1660250 440
1660260 444
1660270 448
1660280 447
1660290 447
1660300 444
1660310 444
1660320 441
1660330 438
1660340 438
1660350 435
1660360 433
1660370 433
1660380 431
1660390 427
1660400 427
1660410 424
1660420 427
1660430 427
1660440 431
1660450 435
1660460 435
1660470 438
1660480 441
1660490 441
1660500 443
1660510 446
1660520 446
1660530 450
1660540 453
1660550 453
1660560 457
1660570 459
1660580 459
1660590 460
1660600 460
1660610 460
1660620 460
1660630 458
1660640 458
1660650 455
1660660 452
1660670 452
1660680 451
1660690 452
1660700 452
1660710 452
1660720 452
1660730 452
1660740 453
1660750 455
1660760 455
1660770 458
1660780 461
1660790 461
1660800 464
1660810 467
1660820 467
1660830 469
1660840 471
1660850 471
1660860 474
1660870 476
1660880 476
1660890 478
1660900 480
1660910 480
1660920 482
1660930 483
1660940 483
1660950 484
1660960 485
1660970 485
1660980 486
1660990 486
1661000 486
1661010 486
1661020 487
1661030 487
1661040 486
1661050 486
1661060 486
1661070 486
1661080 485
1661090 485
1661100 484
1661110 483
1661120 483
1661130 482
1661140 480
1661150 480
1661160 478
1661170 476
1661180 476
1661190 472
1661200 468
1661210 468
1661220 464
1661230 460
1661240 460
1661250 457
1661260 458
1661270 458
1661280 460
1661290 461
1661300 461
1661310 461
1661320 463
1661330 463
1661340 465
1661350 468
1661360 468
1661370 471
1661380 474
1661390 474
1661400 476
1661410 479
1661420 479
1661430 480
1661440 482
1661450 482
1661460 483
1661470 484
1661480 484
1661490 485
1661500 484
1661510 484
1661520 483
1661530 483
1661540 483
1661550 484
1661560 486
1661570 486
1661580 489
1661590 492
1661600 492
1661610 496
1661620 499
1661630 499
1661640 502
1661650 505
1661660 505
1661670 508
1661680 511
1661690 511
1661700 513
1661710 516
1661720 516
1661730 519
1661740 521
1661750 521
1661760 524
1661770 527
1661780 527
1661790 529
1661800 533
1661810 533
1661820 535
1661830 538
1661840 538
1661850 541
1661860 544
1661870 544
1661880 546
1661890 549
1661900 549
1661910 551
1661920 553
1661930 553
1661940 557
1661950 563
1661960 563
1661970 566
1661980 567
1661990 567
1662000 566
1662010 566
1662020 566
1662030 566
1662040 566
1662050 566
1662060 565
1662070 562
1662080 562
1662090 558
1662100 556
1662110 554
1662120 554
1662130 552
1662140 550
1662150 550
1662160 548
1662170 546
1662180 546
1662190 545
1662200 544
1662210 544
1662220 543
1662230 542
1662240 542
1662250 542
1662260 541
1662270 541
1662280 540
1662290 539
1662300 539
1662310 537
1662320 534
1662330 534
1662340 530
1662350 527
1662360 527
1662370 526
1662380 525
1662390 525
1662400 526
1662410 526
1662420 526
1662430 527
1662440 527
1662450 527
1662460 527
1662470 527
1662480 530
1662490 530
1662500 530
1662510 530
1662520 529
1662530 529
1662540 529
1662550 528
1662560 528
1662570 528
1662580 528
1662590 527
1662600 527
1662610 526
1662620 524
1662630 524
1662640 523
1662650 521
1662660 521
1662670 519
1662680 516
1662690 516
1662700 514
1662710 511
1662720 511
1662730 509
1662740 507
1662750 507
1662760 504
1662770 502
1662780 502
1662790 500
1662800 498
1662810 498
1662820 496
1662830 493
1662840 493
1662850 490
1662860 487
1662870 487
1662880 484
1662890 481
1662900 481
1662910 477
1662920 474
1662930 474
1662940 471
1662950 471
1662960 471
1662970 472
1662980 473
1662990 473
1663000 476
1663010 478
1663020 478
1663030 480
1663040 482
1663050 482
1663060 480
1663070 477
1663080 477
1663090 473
1663100 472
1663110 472
1663120 472
1663130 472
1663140 472
1663150 472
1663160 471
1663170 471
1663180 467
1663190 461
1663200 461
1663210 459
1663220 456
1663230 456
1663240 453
1663250 451
1663260 451
1663270 449
1663280 447
1663290 447
1663300 446
1663310 446
1663320 446
1663330 445
1663340 444
1663350 444
1663360 444
1663370 444
1663380 444
1663390 447
1663400 451
1663410 451
1663420 456
1663430 459
1663440 459
1663450 462
1663460 463
1663470 463
1663480 464
1663490 464
1663500 464
1663510 463
1663520 463
1663530 463
1663540 462
1663550 461
1663560 461
1663570 460
1663580 459
1663590 459
1663600 457
1663610 455
1663620 455
1663630 452
1663640 450
1663650 450
1663660 446
1663670 442
1663680 442
1663690 437
1663700 432
1663710 432
1663720 427
1663730 422
1663740 422
1663750 417
1663760 412
1663770 412
1663780 407
1663790 402
1663800 402
1663810 397
1663820 394
1663830 394
1663840 393
1663850 392
1663860 392
1663870 393
1663880 394
1663890 394
1663900 399
1663910 405
1663920 405
1663930 409
1663940 413
1663950 413
1663960 416
1663970 419
1663980 419
1663990 421
1664000 424
1664010 424
1664020 427
1664030 430
1664040 430
1664050 433
1664060 437
1664070 437
1664080 441
1664090 444
1664100 444
1664110 448
1664120 451
1664130 451
1664140 456
1664150 462
1664160 462
1664170 465
1664180 468
1664190 468
1664200 471
1664210 473
1664220 473
1664230 474
1664240 473
1664250 473
1664260 472
1664270 471
1664280 471
1664290 471
1664300 472
1664310 472
1664320 475
1664330 479
1664340 479
1664350 482
1664360 485
1664370 485
1664380 488
1664390 492
1664400 492
1664410 495
1664420 499
1664430 499
1664440 502
1664450 505
1664460 505
1664470 508
1664480 510
1664490 510
1664500 513
1664510 515
1664520 515
1664530 517
1664540 520
1664550 520
1664560 522
1664570 523
1664580 523
1664590 525
1664600 526
1664610 526
1664620 526
1664630 526
1664640 526
1664650 525
1664660 520
1664670 520
1664680 521
1664690 523
1664700 523
1664710 525
1664720 527
1664730 527
1664740 529
1664750 532
1664760 532
1664770 535
1664780 538
1664790 538
1664800 541
1664810 544
1664820 544
1664830 548
1664840 551
1664850 551
1664860 554
1664870 555
1664880 555
1664890 556
1664900 558
1664910 558
1664920 560
1664930 562
1664940 562
1664950 565
1664960 569
1664970 569
1664980 574
1664990 580
1665000 580
1665010 584
1665020 586
1665030 586
1665040 587
1665050 588
1665060 588
1665070 589
1665080 590
1665090 590
1665100 590
1665110 591
1665120 591
1665130 591
1665140 591
1665150 591
1665160 592
1665170 593
1665180 593
1665190 594
1665200 596
1665210 596
1665220 597
1665230 600
1665240 600
1665250 602
1665260 604
1665270 604
1665280 606
1665290 608
1665300 608
1665310 610
1665320 611
1665330 611
1665340 612
1665350 614
1665360 614
1665370 615
1665380 614
1665390 614
1665400 616
1665410 617
1665420 617
1665430 618
1665440 619
1665450 619
1665460 620
1665470 621
1665480 621
1665490 622
1665500 623
1665510 623
1665520 624
1665530 626
1665540 626
1665550 627
1665560 628
1665570 628
1665580 629
1665590 628
1665600 628
1665610 627
1665620 626
1665630 626
1665640 625
1665650 625
1665660 625
1665670 625
1665680 626
1665690 626
1665700 627
1665710 628
1665720 628
1665730 630
1665740 632
1665750 632
1665760 633
1665770 635
1665780 635
1665790 637
1665800 638
1665810 638
1665820 640
1665830 642
1665840 642
1665850 644
1665860 645
1665870 645
1665880 645
1665890 643
1665900 643
1665910 642
1665920 643
1665930 643
1665940 643
1665950 645
1665960 645
1665970 647
1665980 649
1665990 649
1666000 651
1666010 653
1666020 653
1666030 655
1666040 657
1666050 657
1666060 660
1666070 662
1666080 662
1666090 666
1666100 668
1666110 668
1666120 671
1666130 674
1666140 674
1666150 676
1666160 678
1666170 678
1666180 681
1666190 683
1666200 683
1666210 685
1666220 687
1666230 687
1666240 689
1666250 690
1666260 690
1666270 692
1666280 694
1666290 694
1666300 695
1666310 696
1666320 696
1666330 698
1666340 699
1666350 699
1666360 701
1666370 703
1666380 703
1666390 705
1666400 708
1666410 708
1666420 710
1666430 711
1666440 711
1666450 711
1666460 710
1666470 710
1666480 708
1666490 706
1666500 706
1666510 703
1666520 701
1666530 701
1666540 698
1666550 695
1666560 695
1666570 693
1666580 692
1666590 692
1666600 689
1666610 686
1666620 686
1666630 683
1666640 679
1666650 679
1666660 674
1666670 669
1666680 669
1666690 665
1666700 660
1666710 660
1666720 655
1666730 651
1666740 651
1666750 648
1666760 646
1666770 646
1666780 644
1666790 642
1666800 642
1666810 641
1666820 639
1666830 639
1666840 638
1666850 636
1666860 636
1666870 635
1666880 634
1666890 634
1666900 633
1666910 631
1666920 631
1666930 630
1666940 629
1666950 629
1666960 628
1666970 627
1666980 627
1666990 626
1667000 625
1667010 625
1667020 623
1667030 621
1667040 621
1667050 620
1667060 619
1667070 619
1667080 618
1667090 617
1667100 617
1667110 617
1667120 617
1667130 617
1667140 616
1667150 616
1667160 616
1667170 615
1667180 614
1667190 614
1667200 614
1667210 613
1667220 613
1667230 613
1667240 613
1667250 613
1667260 612
1667270 612
1667280 612
1667290 612
1667300 611
1667310 611
1667320 611
1667330 611
1667340 611
1667350 611
1667360 611
1667370 611
1667380 611
1667390 611
1667400 611
1667410 611
1667420 610
1667430 610
1667440 609
1667450 608
1667460 608
1667470 606
1667480 606
1667490 606
1667500 605
1667510 604
1667520 604
1667530 603
1667540 602
1667550 602
1667560 600
1667570 598
1667580 598
1667590 595
1667600 593
1667610 593
1667620 591
1667630 589
1667640 589
1667650 587
1667660 584
1667670 584
1667680 582
1667690 580
1667700 580
1667710 577
1667720 575
1667730 575
1667740 572
1667750 570
1667760 570
1667770 568
1667780 566
1667790 566
1667800 562
1667810 559
1667820 559
1667830 555
1667840 552
1667850 552
1667860 546
1667870 543
1667880 543
1667890 539
1667900 537
1667910 537
1667920 536
1667930 535
1667940 535
1667950 533
1667960 531
1667970 531
1667980 532
1667990 535
1668000 535
1668010 536
1668020 537
1668030 537
1668040 539
1668050 540
1668060 540
1668070 541
1668080 543
1668090 543
1668100 544
1668110 545
1668120 545
1668130 545
1668140 545
1668150 545
1668160 544
1668170 543
1668180 543
1668190 542
1668200 541
1668210 541
1668220 543
1668230 542
1668240 542
1668250 542
1668260 541
1668270 541
1668280 541
1668290 541
1668300 541
1668310 541
1668320 541
1668330 541
1668340 540
1668350 539
1668360 539
1668370 537
1668380 535
1668390 535
1668400 533
1668410 531
1668420 531
1668430 529
1668440 526
1668450 526
1668460 524
1668470 521
1668480 521
1668490 519
1668500 517
1668510 517
1668520 515
1668530 512
1668540 512
1668550 509
1668560 507
1668570 507
1668580 505
1668590 502
1668600 502
1668610 498
1668620 495
1668630 495
1668640 494
1668650 493
1668660 493
1668670 492
1668680 491
1668690 491
1668700 489
1668710 488
1668720 488
1668730 487
1668740 486
1668750 486
1668760 485
1668770 485
1668780 485
1668790 484
1668800 483
1668810 483
1668820 482
1668830 481
1668840 481
1668850 480
1668860 478
1668870 478
1668880 475
1668890 472
1668900 472
1668910 471
1668920 472
1668930 470
1668940 471
1668950 472
1668960 472
1668970 472
1668980 472
1668990 472
1669000 471
1669010 471
1669020 471
1669030 471
1669040 471
1669050 471
1669060 470
1669070 469
1669080 469
1669090 469
1669100 467
1669110 467
1669120 464
1669130 459
1669140 459
1669150 453
1669160 445
1669170 445
1669180 436
1669190 432
1669200 432
1669210 430
1669220 430
1669230 430
1669240 437
1669250 443
1669260 443
1669270 447
1669280 448
1669290 448
1669300 449
1669310 452
1669320 452
1669330 457
1669340 460
1669350 460
1669360 462
1669370 465
1669380 465
1669390 467
1669400 469
1669410 469
1669420 472
1669430 476
1669440 476
1669450 479
1669460 481
1669470 481
1669480 483
1669490 485
1669500 485
1669510 487
1669520 488
1669530 488
1669540 490
1669550 492
1669560 492
1669570 493
1669580 495
1669590 495
1669600 496
1669610 497
1669620 497
1669630 499
1669640 500
1669650 500
1669660 501
1669670 503
1669680 503
1669690 504
1669700 505
1669710 505
1669720 507
1669730 508
1669740 508
1669750 510
1669760 511
1669770 511
1669780 513
1669790 514
1669800 514
1669810 515
1669820 516
1669830 516
1669840 518
1669850 519
1669860 519
1669870 520
1669880 522
1669890 522
1669900 523
1669910 525
1669920 525
1669930 526
1669940 527
1669950 527
1669960 529
1669970 530
1669980 530
1669990 531
1670000 532
1670010 532
1670020 533
1670030 535
1670040 535
1670050 536
1670060 537
1670070 537
1670080 539
1670090 540
1670100 540
1670110 541
1670120 542
1670130 542
1670140 543
1670150 545
1670160 545
1670170 546
1670180 547
1670190 547
1670200 548
1670210 549
1670220 549
1670230 550
1670240 551
1670250 551
1670260 552
1670270 553
1670280 553
1670290 554
1670300 554
1670310 554
1670320 555
1670330 555
1670340 555
1670350 556
1670360 557
1670370 557
1670380 557
1670390 558
1670400 558
1670410 559
1670420 560
1670430 560
1670440 561
1670450 562
1670460 562
1670470 563
1670480 563
1670490 563
1670500 564
1670510 565
1670520 565
1670530 565
1670540 566
1670550 566
1670560 567
1670570 568
1670580 568
1670590 568
1670600 570
1670610 570
1670620 571
1670630 572
1670640 572
1670650 573
1670660 575
1670670 575
1670680 577
1670690 578
1670700 578
1670710 579
1670720 579
1670730 579
1670740 580
1670750 581
1670760 581
1670770 582
1670780 582
1670790 582
1670800 583
1670810 583
1670820 583
1670830 583
1670840 583
1670850 583
1670860 582
1670870 582
1670880 582
1670890 580
1670900 579
1670910 579
1670920 577
1670930 576
1670940 576
1670950 575
1670960 574
1670970 574
1670980 573
1670990 572
1671000 572
1671010 571
1671020 570
1671030 571
1671040 569
1671050 568
1671060 568
1671070 567
1671080 566
1671090 566
1671100 565
1671110 564
1671120 564
1671130 562
1671140 561
1671150 561
1671160 560
1671170 558
1671180 558
1671190 557
1671200 555
1671210 555
1671220 553
1671230 551
1671240 551
1671250 550
1671260 548
1671270 548
1671280 546
1671290 544
1671300 544
1671310 543
1671320 541
1671330 541
1671340 539
1671350 538
1671360 538
1671370 538
1671380 537
1671390 537
1671400 537
1671410 537
1671420 537
1671430 537
1671440 537
1671450 537
1671460 537
1671470 537
1671480 537
1671490 537
1671500 537
1671510 537
1671520 537
1671530 537
1671540 537
1671550 537
1671560 537
1671570 537
1671580 537
1671590 536
1671600 536
1671610 535
1671620 535
1671630 535
1671640 534
1671650 533
1671660 533
1671670 532
1671680 530
1671690 530
1671700 529
1671710 527
1671720 527
1671730 526
1671740 524
1671750 524
1671760 523
1671770 521
1671780 521
1671790 519
1671800 517
1671810 517
1671820 515
1671830 513
1671840 513
1671850 511
1671860 508
1671870 508
1671880 506
1671890 505
1671900 505
1671910 502
1671920 499
1671930 499
1671940 497
1671950 496
1671960 496
1671970 494
1671980 493
1671990 493
1672000 491
1672010 490
1672020 490
1672030 489
1672040 487
1672050 487
1672060 486
1672070 484
1672080 484
1672090 482
1672100 481
1672110 481
1672120 479
1672130 478
1672140 478
1672150 476
1672160 474
1672170 474
1672180 473
1672190 473
1672200 473
1672210 473
1672220 474
1672230 474
1672240 474
1672250 474
1672260 474
1672270 474
1672280 474
1672290 474
1672300 473
1672310 473
1672320 473
1672330 473
1672340 472
1672350 472
1672360 472
1672370 471
1672380 471
1672390 471
1672400 470
1672410 468
1672420 467
1672430 466
1672440 466
1672450 466
1672460 465
1672470 465
1672480 464
1672490 463
1672500 463
1672510 463
1672520 462
1672530 462
1672540 461
1672550 460
1672560 460
1672570 458
1672580 456
1672590 456
1672600 455
1672610 453
1672620 453
1672630 452
1672640 450
1672650 450
1672660 450
1672670 448
1672680 448
1672690 443
1672700 443
1672710 443
1672720 443
1672730 443
1672740 443
1672750 443
1672760 443
1672770 443
1672780 444
1672790 445
1672800 445
1672810 447
1672820 448
1672830 448
1672840 450
1672850 452
1672860 452
1672870 456
1672880 459
1672890 459
1672900 461
1672910 464
1672920 464
1672930 468
1672940 471
1672950 471
1672960 474
1672970 477
1672980 477
1672990 481
1673000 485
1673010 485
1673020 487
1673030 491
1673040 491
1673050 495
1673060 499
1673070 499
1673080 503
1673090 506
1673100 508
1673110 510
1673120 512
1673130 512
1673140 513
1673150 514
1673160 514
1673170 515
1673180 516
1673190 516
1673200 517
1673210 517
1673220 517
1673230 518
1673240 518
1673250 518
1673260 518
1673270 518
1673280 518
1673290 518
1673300 517
1673310 517
1673320 517
1673330 517
1673340 517
1673350 516
1673360 516
1673370 516
1673380 515
1673390 514
1673400 514
1673410 514
1673420 513
1673430 513
1673440 512
1673450 511
1673460 511
1673470 509
1673480 508
1673490 508
1673500 507
1673510 505
1673520 505
1673530 504
1673540 503
1673550 503
1673560 501
1673570 499
1673580 499
1673590 496
1673600 493
1673610 493
1673620 489
1673630 486
1673640 486
1673650 483
1673660 481
1673670 481
1673680 476
1673690 472
1673700 472
1673710 468
1673720 464
1673730 464
1673740 463
1673750 461
1673760 461
1673770 459
1673780 458
1673790 461
1673800 460
1673810 457
1673820 457
1673830 453
1673840 448
1673850 448
1673860 444
1673870 440
1673880 440
1673890 434
1673900 427
1673910 427
1673920 420
1673930 414
1673940 414
1673950 408
1673960 402
1673970 402
1673980 396
1673990 390
1674000 390
1674010 385
1674020 379
1674030 379
1674040 374
1674050 368
1674060 368
1674070 367
1674080 367
1674090 367
1674100 367
1674110 368
1674120 368
1674130 368
1674140 368
1674150 368
1674160 368
1674170 369
1674180 369
1674190 371
1674200 375
1674210 375
1674220 386
1674230 396
1674240 396
1674250 403
1674260 410
1674270 410
1674280 415
1674290 418
1674300 418
1674310 419
1674320 418
1674330 418
1674340 419
1674350 421
1674360 421
1674370 424
1674380 429
1674390 429
1674400 435
1674410 440
1674420 440
1674430 445
1674440 450
1674450 450
1674460 455
1674470 461
1674480 461
1674490 466
1674500 470
1674510 470
1674520 475
1674530 478
1674540 478
1674550 481
1674560 484
1674570 484
1674580 487
1674590 489
1674600 489
1674610 491
1674620 494
1674630 494
1674640 497
1674650 499
1674660 499
1674670 501
1674680 503
1674690 503
1674700 505
1674710 507
1674720 507
1674730 509
1674740 511
1674750 511
1674760 513
1674770 515
1674780 515
1674790 517
1674800 519
1674810 519
1674820 521
1674830 523
1674840 523
1674850 525
1674860 527
1674870 527
1674880 528
1674890 530
1674900 530
1674910 532
1674920 533
1674930 533
1674940 535
1674950 537
1674960 537
1674970 538
1674980 541
1674990 541
1675000 543
1675010 545
1675020 545
1675030 547
1675040 549
1675050 549
1675060 550
1675070 551
1675080 551
1675090 553
1675100 555
1675110 555
1675120 557
1675130 560
1675140 560
1675150 562
1675160 563
1675170 563
1675180 566
1675190 568
1675200 568
1675210 569
1675220 572
1675230 572
1675240 573
1675250 575
1675260 575
1675270 578
1675280 582
1675290 582
1675300 586
1675310 588
1675320 588
1675330 591
1675340 594
1675350 594
1675360 596
1675370 598
1675380 598
1675390 600
1675400 603
1675410 603
1675420 605
1675430 608
1675440 608
1675450 611
1675460 615
1675470 615
1675480 618
1675490 621
1675500 621
1675510 625
1675520 628
1675530 628
1675540 632
1675550 635
1675560 635
1675570 639
1675580 642
1675590 642
1675600 645
1675610 648
1675620 648
1675630 650
1675640 653
1675650 653
1675660 656
1675670 658
1675680 658
1675690 660
1675700 662
1675710 662
1675720 665
1675730 667
1675740 667
1675750 669
1675760 670
1675770 670
1675780 671
1675790 672
1675800 672
1675810 673
1675820 675
1675830 673
1675840 675
1675850 677
1675860 677
1675870 681
1675880 683
1675890 683
1675900 685
1675910 687
1675920 687
1675930 688
1675940 690
1675950 690
1675960 691
1675970 693
1675980 693
1675990 694
1676000 695
1676010 695
1676020 696
1676030 696
1676040 696
1676050 697
1676060 697
1676070 697
1676080 698
1676090 699
1676100 699
1676110 701
1676120 701
1676130 701
1676140 702
1676150 703
1676160 703
1676170 705
1676180 706
1676190 706
1676200 708
1676210 710
1676220 710
1676230 712
1676240 715
1676250 715
1676260 716
1676270 718
1676280 718
1676290 721
1676300 722
1676310 722
1676320 722
1676330 723
1676340 723
1676350 724
1676360 724
1676370 724
1676380 724
1676390 724
1676400 724
1676410 723
1676420 723
1676430 723
1676440 722
1676450 722
1676460 722
1676470 722
1676480 721
1676490 721
1676500 720
1676510 718
1676520 718
1676530 717
1676540 716
1676550 716
1676560 716
1676570 715
1676580 715
1676590 714
1676600 714
1676610 714
1676620 714
1676630 714
1676640 714
1676650 714
1676660 713
1676670 713
1676680 712
1676690 710
1676700 710
1676710 709
1676720 708
1676730 708
1676740 707
1676750 705
1676760 705
1676770 703
1676780 701
1676790 701
1676800 699
1676810 698
1676820 698
1676830 696
1676840 695
1676850 695
1676860 693
1676870 691
1676880 691
1676890 689
1676900 687
1676910 687
1676920 686
1676930 685
1676940 685
1676950 683
1676960 682
1676970 682
1676980 681
1676990 679
1677000 679
1677010 678
1677020 677
1677030 677
1677040 677
1677050 676
1677060 676
1677070 675
1677080 675
1677090 675
1677100 675
1677110 674
1677120 674
1677130 673
1677140 673
1677150 673
1677160 672
1677170 672
1677180 671
1677190 670
1677200 670
1677210 670
1677220 670
1677230 669
1677240 669
1677250 669
1677260 668
1677270 668
1677280 668
1677290 667
1677300 667
1677310 667
1677320 668
1677330 668
1677340 668
1677350 668
1677360 668
1677370 669
1677380 669
1677390 669
1677400 670
1677410 670
1677420 670
1677430 671
1677440 671
1677450 671
1677460 672
1677470 672
1677480 672
1677490 673
1677500 674
1677510 674
1677520 675
1677530 675
1677540 675
1677550 676
1677560 677
1677570 677
1677580 678
1677590 679
1677600 679
1677610 680
1677620 681
1677630 681
1677640 682
1677650 683
1677660 683
1677670 684
1677680 686
1677690 686
1677700 687
1677710 688
1677720 688
1677730 690
1677740 691
1677750 691
1677760 693
1677770 694
1677780 694
1677790 695
1677800 697
1677810 697
1677820 698
1677830 699
1677840 699
1677850 701
1677860 701
1677870 701
1677880 703
1677890 704
1677900 704
1677910 706
1677920 708
1677930 708
1677940 710
1677950 711
1677960 711
1677970 713
1677980 714
1677990 714
1678000 716
1678010 718
1678020 718
1678030 720
1678040 722
1678050 722
1678060 724
1678070 725
1678080 725
1678090 727
1678100 729
1678110 729
1678120 731
1678130 732
1678140 732
1678150 735
1678160 737
1678170 737
1678180 738
1678190 740
1678200 740
1678210 742
1678220 744
1678230 744
1678240 746
1678250 748
1678260 748
1678270 750
1678280 751
1678290 751
1678300 753
1678310 756
1678320 756
1678330 758
1678340 760
1678350 760
1678360 763
1678370 765
1678380 765
1678390 767
1678400 770
1678410 770
1678420 772
1678430 774
1678440 774
1678450 776
1678460 778
1678470 778
1678480 780
1678490 782
1678500 782
1678510 784
1678520 786
1678530 786
1678540 788
1678550 791
1678560 791
1678570 793
1678580 796
1678590 796
1678600 798
1678610 800
1678620 800
1678630 801
1678640 802
1678650 802
1678660 804
1678670 804
1678680 804
1678690 805
1678700 806
1678710 806
1678720 807
1678730 808
1678740 808
1678750 809
1678760 810
1678770 810
1678780 811
1678790 812
1678800 812
1678810 815
1678820 817
1678830 817
1678840 819
1678850 821
1678860 821
1678870 823
1678880 825
1678890 825
1678900 827
1678910 828
1678920 828
1678930 830
1678940 831
1678950 831
1678960 833
1678970 834
1678980 834
1678990 836
1679000 837
1679010 837
1679020 837
1679030 837
1679040 837
1679050 837
1679060 836
1679070 834
1679080 834
1679090 834
1679100 834
1679110 834
1679120 834
1679130 835
1679140 835
1679150 836
1679160 837
1679170 837
1679180 837
1679190 837
1679200 837
1679210 837
1679220 838
1679230 838
1679240 838
1679250 838
1679260 838
1679270 839
1679280 839
1679290 839
1679300 838
1679310 837
1679320 837
1679330 836
1679340 836
1679350 836
1679360 835
1679370 834
1679380 834
1679390 833
1679400 833
1679410 833
1679420 831
1679430 830
1679440 830
1679450 829
1679460 828
1679470 828
1679480 826
1679490 824
1679500 824
1679510 822
1679520 821
1679530 821
1679540 820
1679550 818
1679560 818
1679570 817
1679580 816
1679590 816
1679600 814
1679610 812
1679620 812
1679630 811
1679640 809
1679650 809
1679660 808
1679670 807
1679680 807
1679690 806
1679700 804
1679710 804
1679720 802
1679730 800
1679740 800
1679750 799
1679760 797
1679770 797
1679780 795
1679790 793
1679800 793
1679810 791
1679820 790
1679830 790
1679840 788
1679850 787
1679860 787
1679870 786
1679880 786
1679890 786
1679900 785
1679910 784
1679920 784
1679930 783
1679940 782
1679950 782
1679960 782
1679970 781
1679980 781
1679990 780
