1660000 392
1660010 395
1660020 399
1660030 399
1660040 401
1660050 403
1660060 403
1660070 405
1660080 407
1660090 407
1660100 409
1660110 410
1660120 410
1660130 411
1660140 412
1660150 412
1660160 413
1660170 413
1660180 413
1660190 414
1660200 414
1660210 414
1660220 415
1660230 416
1660240 416
1660250 417
1660260 419
1660270 419
1660280 421
1660290 423
1660300 423
1660310 425
1660320 428
1660330 428
1660340 430
1660350 432
1660360 432
1660370 435
1660380 438
1660390 438
1660400 442
1660410 445
1660420 445
1660430 450
1660440 454
1660450 454
1660460 456
1660470 459
1660480 459
1660490 464
1660500 469
1660510 469
1660520 474
1660530 479
1660540 479
1660550 483
1660560 485
1660570 485
1660580 484
1660590 482
1660600 482
1660610 479
1660620 475
1660630 475
1660640 471
1660650 468
1660660 469
1660670 465
1660680 461
1660690 461
1660700 458
1660710 456
1660720 456
1660730 456
1660740 456
1660750 456
1660760 456
1660770 455
1660780 455
1660790 454
1660800 452
1660810 452
1660820 448
1660830 443
1660840 443
1660850 437
1660860 432
1660870 432
1660880 428
1660890 427
1660900 427
1660910 429
1660920 434
1660930 434
1660940 438
1660950 442
1660960 442
1660970 446
1660980 450
1660990 450
1661000 455
1661010 462
1661020 462
1661030 467
1661040 471
1661050 471
1661060 475
1661070 478
1661080 478
1661090 480
1661100 480
1661110 480
1661120 478
1661130 476
1661140 476
1661150 474
1661160 473
1661170 473
1661180 472
1661190 473
1661200 473
1661210 473
1661220 474
1661230 474
1661240 475
1661250 476
1661260 476
1661270 477
1661280 477
1661290 477
1661300 477
1661310 478
1661320 478
1661330 478
1661340 478
1661350 478
1661360 478
1661370 477
1661380 477
1661390 477
1661400 474
1661410 474
1661420 473
1661430 472
1661440 472
1661450 471
1661460 470
1661470 470
1661480 469
1661490 467
1661500 467
1661510 467
1661520 469
1661530 469
1661540 470
1661550 472
1661560 472
1661570 473
1661580 474
1661590 474
1661600 475
1661610 477
1661620 477
1661630 478
1661640 479
1661650 479
1661660 480
1661670 480
1661680 480
1661690 481
1661700 482
1661710 482
1661720 482
1661730 483
1661740 483
1661750 483
1661760 484
1661770 484
1661780 485
1661790 485
1661800 485
1661810 486
1661820 486
1661830 486
1661840 487
1661850 487
1661860 487
1661870 488
1661880 488
1661890 488
1661900 489
1661910 489
1661920 489
1661930 489
1661940 490
1661950 490
1661960 490
1661970 489
1661980 489
1661990 489
1662000 489
1662010 489
1662020 489
1662030 488
1662040 488
1662050 488
1662060 487
1662070 487
1662080 486
1662090 485
1662100 485
1662110 484
1662120 483
1662130 482
1662140 481
1662150 480
1662160 480
1662170 479
1662180 479
1662190 479
1662200 477
1662210 476
1662220 476
1662230 476
1662240 476
1662250 476
1662260 475
1662270 475
1662280 475
1662290 475
1662300 474
1662310 474
1662320 473
1662330 472
1662340 472
1662350 471
1662360 471
1662370 471
1662380 470
1662390 469
1662400 469
1662410 465
1662420 463
1662430 463
1662440 462
1662450 462
1662460 462
1662470 461
1662480 462
1662490 462
1662500 462
1662510 462
1662520 462
1662530 461
1662540 460
1662550 460
1662560 459
1662570 459
1662580 459
1662590 459
1662600 458
1662610 458
1662620 458
1662630 460
1662640 460
1662650 462
1662660 462
1662670 462
1662680 461
1662690 459
1662700 459
1662710 457
1662720 455
1662730 455
1662740 455
1662750 454
1662760 454
1662770 454
1662780 452
1662790 452
1662800 451
1662810 450
1662820 450
1662830 449
1662840 448
1662850 448
1662860 448
1662870 447
1662880 447
1662890 448
1662900 450
1662910 450
1662920 452
1662930 452
1662940 452
1662950 448
1662960 442
1662970 442
1662980 436
1662990 434
1663000 434
1663010 433
1663020 434
1663030 434
1663040 435
1663050 437
1663060 437
1663070 437
1663080 438
1663090 438
1663100 440
1663110 442
1663120 442
1663130 442
1663140 440
1663150 440
1663160 440
1663170 443
1663180 443
1663190 448
1663200 453
1663210 453
1663220 456
1663230 459
1663240 459
1663250 461
1663260 462
1663270 462
1663280 463
1663290 462
1663300 462
1663310 461
1663320 459
1663330 459
1663340 457
1663350 455
1663360 455
1663370 454
1663380 453
1663390 453
1663400 453
1663410 454
1663420 454
1663430 457
1663440 460
1663450 460
1663460 461
1663470 463
1663480 463
1663490 464
1663500 464
1663510 464
1663520 464
1663530 464
1663540 464
1663550 464
1663560 464
1663570 464
1663580 463
1663590 463
1663600 463
1663610 463
1663620 462
1663630 462
1663640 462
1663650 461
1663660 461
1663670 460
1663680 459
1663690 459
1663700 458
1663710 455
1663720 455
1663730 452
1663740 450
1663750 450
1663760 448
1663770 445
1663780 445
1663790 444
1663800 444
1663810 444
1663820 444
1663830 441
1663840 441
1663850 434
1663860 423
1663870 423
1663880 414
1663890 410
1663900 410
1663910 411
1663920 415
1663930 415
1663940 419
1663950 425
1663960 425
1663970 430
1663980 437
1663990 437
1664000 443
1664010 446
1664020 446
1664030 451
1664040 456
1664050 456
1664060 460
1664070 464
1664080 464
1664090 469
1664100 471
1664110 471
1664120 473
1664130 475
1664140 475
1664150 480
1664160 485
1664170 485
1664180 490
1664190 494
1664200 494
1664210 498
1664220 502
1664230 502
1664240 506
1664250 511
1664260 511
1664270 515
1664280 520
1664290 520
1664300 526
1664310 527
1664320 527
1664330 532
1664340 536
1664350 536
1664360 542
1664370 547
1664380 547
1664390 552
1664400 558
1664410 558
1664420 563
1664430 568
1664440 568
1664450 572
1664460 577
1664470 577
1664480 583
1664490 588
1664500 595
1664510 595
1664520 601
1664530 608
1664540 608
1664550 613
1664560 617
1664570 617
1664580 620
1664590 622
1664600 622
1664610 623
1664620 624
1664630 624
1664640 624
1664650 625
1664660 625
1664670 626
1664680 629
1664690 629
1664700 631
1664710 632
1664720 632
1664730 633
1664740 634
1664750 634
1664760 636
1664770 639
1664780 639
1664790 643
1664800 645
1664810 645
1664820 648
1664830 650
1664840 650
1664850 653
1664860 656
1664870 656
1664880 659
1664890 662
1664900 662
1664910 665
1664920 669
1664930 669
1664940 672
1664950 675
1664960 675
1664970 677
1664980 680
1664990 680
1665000 682
1665010 685
1665020 685
1665030 688
1665040 692
1665050 692
1665060 695
1665070 698
1665080 698
1665090 701
1665100 703
1665110 703
1665120 706
1665130 708
1665140 708
1665150 711
1665160 713
1665170 713
1665180 716
1665190 718
1665200 718
1665210 720
1665220 723
1665230 723
1665240 724
1665250 724
1665260 724
1665270 724
1665280 724
1665290 724
1665300 725
1665310 726
1665320 726
1665330 727
1665340 728
1665350 728
1665360 728
1665370 729
1665380 729
1665390 729
1665400 727
1665410 727
1665420 725
1665430 723
1665440 723
1665450 722
1665460 720
1665470 720
1665480 718
1665490 717
1665500 717
1665510 715
1665520 711
1665530 711
1665540 708
1665550 707
1665560 707
1665570 705
1665580 703
1665590 703
1665600 701
1665610 699
1665620 699
1665630 697
1665640 695
1665650 695
1665660 692
1665670 692
1665680 692
1665690 691
1665700 688
1665710 688
1665720 685
1665730 684
1665740 684
1665750 676
1665760 674
1665770 674
1665780 672
1665790 671
1665800 671
1665810 670
1665820 670
1665830 670
1665840 669
1665850 668
1665860 668
1665870 668
1665880 669
1665890 669
1665900 669
1665910 669
1665920 669
1665930 669
1665940 667
1665950 667
1665960 666
1665970 665
1665980 665
1665990 663
1666000 662
1666010 662
1666020 660
1666030 657
1666040 657
1666050 654
1666060 651
1666070 651
1666080 649
1666090 646
1666100 646
1666110 643
1666120 639
1666130 639
1666140 635
1666150 633
1666160 633
1666170 631
1666180 628
1666190 628
1666200 625
1666210 621
1666220 621
1666230 616
1666240 613
1666250 613
1666260 612
1666270 611
1666280 611
1666290 609
1666300 606
1666310 606
1666320 604
1666330 604
1666340 604
1666350 603
1666360 603
1666370 603
1666380 603
1666390 602
1666400 602
1666410 602
1666420 602
1666430 602
1666440 602
1666450 602
1666460 599
1666470 599
1666480 598
1666490 598
1666500 598
1666510 598
1666520 598
1666530 598
1666540 598
1666550 598
1666560 599
1666570 599
1666580 599
1666590 599
1666600 599
1666610 599
1666620 600
1666630 600
1666640 600
1666650 601
1666660 601
1666670 601
1666680 602
1666690 602
1666700 602
1666710 602
1666720 602
1666730 602
1666740 603
1666750 604
1666760 604
1666770 604
1666780 604
1666790 604
1666800 604
1666810 604
1666820 604
1666830 605
1666840 605
1666850 605
1666860 604
1666870 604
1666880 604
1666890 605
1666900 606
1666910 606
1666920 607
1666930 607
1666940 607
1666950 607
1666960 608
1666970 608
1666980 609
1666990 610
1667000 610
1667010 612
1667020 613
1667030 613
1667040 614
1667050 615
1667060 615
1667070 617
1667080 618
1667090 618
1667100 619
1667110 620
1667120 620
1667130 622
1667140 623
1667150 623
1667160 624
1667170 627
1667180 627
1667190 629
1667200 630
1667210 630
1667220 631
1667230 633
1667240 633
1667250 635
1667260 637
1667270 637
1667280 639
1667290 640
1667300 640
1667310 642
1667320 644
1667330 644
1667340 646
1667350 647
1667360 647
1667370 648
1667380 649
1667390 649
1667400 650
1667410 651
1667420 651
1667430 651
1667440 651
1667450 651
1667460 651
1667470 651
1667480 651
1667490 652
1667500 651
1667510 651
1667520 651
1667530 650
1667540 650
1667550 650
1667560 649
1667570 649
1667580 648
1667590 647
1667600 647
1667610 646
1667620 644
1667630 644
1667640 643
1667650 642
1667660 642
1667670 640
1667680 639
1667690 639
1667700 637
1667710 636
1667720 636
1667730 634
1667740 633
1667750 633
1667760 631
1667770 630
1667780 630
1667790 628
1667800 627
1667810 627
1667820 625
1667830 624
1667840 624
1667850 623
1667860 621
1667870 621
1667880 618
1667890 617
1667900 617
1667910 615
1667920 613
1667930 613
1667940 610
1667950 607
1667960 607
1667970 605
1667980 603
1667990 603
1668000 600
1668010 599
1668020 599
1668030 597
1668040 595
1668050 595
1668060 593
1668070 591
1668080 591
1668090 588
1668100 586
1668110 586
1668120 584
1668130 582
1668140 582
1668150 580
1668160 578
1668170 578
1668180 577
1668190 575
1668200 575
1668210 573
1668220 572
1668230 572
1668240 570
1668250 569
1668260 569
1668270 567
1668280 566
1668290 566
1668300 564
1668310 563
1668320 563
1668330 561
1668340 560
1668350 560
1668360 558
1668370 557
1668380 557
1668390 556
1668400 554
1668410 554
1668420 553
1668430 551
1668440 551
1668450 550
1668460 548
1668470 548
1668480 547
1668490 545
1668500 545
1668510 543
1668520 542
1668530 542
1668540 540
1668550 539
1668560 539
1668570 538
1668580 537
1668590 536
1668600 535
1668610 534
1668620 534
1668630 532
1668640 531
1668650 531
1668660 530
1668670 528
1668680 528
1668690 527
1668700 526
1668710 526
1668720 525
1668730 523
1668740 523
1668750 521
1668760 520
1668770 520
1668780 519
1668790 518
1668800 518
1668810 516
1668820 515
1668830 515
1668840 514
1668850 513
1668860 513
1668870 511
1668880 510
1668890 510
1668900 508
1668910 507
1668920 507
1668930 505
1668940 503
1668950 503
1668960 502
1668970 500
1668980 500
1668990 499
1669000 497
1669010 497
1669020 495
1669030 493
1669040 493
1669050 491
1669060 489
1669070 489
1669080 488
1669090 487
1669100 487
1669110 485
1669120 484
1669130 484
1669140 483
1669150 481
1669160 481
1669170 481
1669180 480
1669190 480
1669200 479
1669210 477
1669220 477
1669230 475
1669240 473
1669250 473
1669260 472
1669270 469
1669280 469
1669290 466
1669300 463
1669310 463
1669320 459
1669330 455
1669340 455
1669350 450
1669360 444
1669370 444
1669380 439
1669390 438
1669400 438
1669410 437
1669420 437
1669430 437
1669440 437
1669450 437
1669460 437
1669470 437
1669480 437
1669490 437
1669500 437
1669510 437
1669520 437
1669530 437
1669540 437
1669550 437
1669560 436
1669570 437
1669580 437
1669590 437
1669600 438
1669610 438
1669620 438
1669630 438
1669640 438
1669650 438
1669660 439
1669670 439
1669680 439
1669690 439
1669700 439
1669710 440
1669720 442
1669730 442
1669740 446
1669750 448
1669760 448
1669770 451
1669780 453
1669790 453
1669800 456
1669810 458
1669820 458
1669830 461
1669840 463
1669850 463
1669860 464
1669870 465
1669880 465
1669890 466
1669900 467
1669910 467
1669920 468
1669930 469
1669940 469
1669950 469
1669960 469
1669970 469
1669980 469
1669990 464
1670000 464
1670010 462
1670020 461
1670030 461
1670040 462
1670050 463
1670060 463
1670070 463
1670080 462
1670090 462
1670100 460
1670110 456
1670120 456
1670130 454
1670140 455
1670150 455
1670160 456
1670170 458
1670180 458
1670190 460
1670200 461
1670210 461
1670220 463
1670230 465
1670240 465
1670250 467
1670260 469
1670270 469
1670280 471
1670290 472
1670300 472
1670310 474
1670320 475
1670330 475
1670340 477
1670350 479
1670360 479
1670370 481
1670380 483
1670390 483
1670400 485
1670410 487
1670420 487
1670430 488
1670440 490
1670450 490
1670460 492
1670470 494
1670480 494
1670490 496
1670500 497
1670510 497
1670520 499
1670530 501
1670540 501
1670550 503
1670560 505
1670570 505
1670580 507
1670590 508
1670600 508
1670610 510
1670620 512
1670630 512
1670640 515
1670650 517
1670660 517
1670670 519
1670680 522
1670690 522
1670700 525
1670710 527
1670720 527
1670730 529
1670740 530
1670750 530
1670760 531
1670770 532
1670780 532
1670790 533
1670800 534
1670810 534
1670820 534
1670830 535
1670840 535
1670850 535
1670860 536
1670870 536
1670880 536
1670890 536
1670900 536
1670910 535
1670920 534
1670930 534
1670940 533
1670950 533
1670960 533
1670970 532
1670980 531
1670990 531
1671000 531
1671010 530
1671020 530
1671030 529
1671040 529
1671050 529
1671060 528
1671070 528
1671080 528
1671090 528
1671100 528
1671110 528
1671120 527
1671130 527
1671140 527
1671150 527
1671160 527
1671170 527
1671180 527
1671190 527
1671200 527
1671210 527
1671220 527
1671230 527
1671240 527
1671250 527
1671260 527
1671270 526
1671280 526
1671290 526
1671300 527
1671310 527
1671320 527
1671330 528
1671340 528
1671350 528
1671360 528
1671370 529
1671380 529
1671390 530
1671400 530
1671410 530
1671420 530
1671430 530
1671440 530
1671450 531
1671460 531
1671470 531
1671480 532
1671490 532
1671500 532
1671510 533
1671520 533
1671530 533
1671540 534
1671550 534
1671560 534
1671570 534
1671580 534
1671590 534
1671600 534
1671610 534
1671620 534
1671630 534
1671640 534
1671650 534
1671660 534
1671670 534
1671680 534
1671690 535
1671700 535
1671710 535
1671720 535
1671730 535
1671740 535
1671750 535
1671760 535
1671770 535
1671780 535
1671790 536
1671800 536
1671810 536
1671820 535
1671830 535
1671840 535
1671850 535
1671860 535
1671870 534
1671880 534
1671890 534
1671900 533
1671910 533
1671920 533
1671930 533
1671940 533
1671950 533
1671960 533
1671970 534
1671980 534
1671990 534
1672000 534
1672010 534
1672020 534
1672030 535
1672040 535
1672050 535
1672060 536
1672070 536
1672080 539
1672090 539
1672100 539
1672110 539
1672120 539
1672130 539
1672140 539
1672150 539
1672160 539
1672170 539
1672180 539
1672190 539
1672200 540
1672210 540
1672220 540
1672230 539
1672240 539
1672250 539
1672260 537
1672270 536
1672280 536
1672290 534
1672300 532
1672310 532
1672320 531
1672330 530
1672340 530
1672350 529
1672360 529
1672370 529
1672380 530
1672390 531
1672400 531
1672410 532
1672420 534
1672430 534
1672440 536
1672450 538
1672460 538
1672470 539
1672480 541
1672490 541
1672500 542
1672510 543
1672520 543
1672530 543
1672540 544
1672550 544
1672560 544
1672570 543
1672580 543
1672590 542
1672600 541
1672610 541
1672620 541
1672630 540
1672640 540
1672650 539
1672660 537
1672670 537
1672680 536
1672690 533
1672700 533
1672710 531
1672720 529
1672730 529
1672740 526
1672750 525
1672760 525
1672770 523
1672780 522
1672790 522
1672800 522
1672810 524
1672820 524
1672830 526
1672840 529
1672850 529
1672860 530
1672870 532
1672880 532
1672890 534
1672900 535
1672910 535
1672920 536
1672930 538
1672940 538
1672950 540
1672960 542
1672970 542
1672980 544
1672990 546
1673000 546
1673010 549
1673020 551
1673030 551
1673040 552
1673050 553
1673060 553
1673070 554
1673080 555
1673090 555
1673100 554
1673110 554
1673120 554
1673130 554
1673140 553
1673150 553
1673160 553
1673170 552
1673180 552
1673190 551
1673200 549
1673210 549
1673220 547
1673230 545
1673240 545
1673250 544
1673260 542
1673270 542
1673280 540
1673290 539
1673300 539
1673310 538
1673320 536
1673330 536
1673340 535
1673350 534
1673360 534
1673370 533
1673380 531
1673390 531
1673400 530
1673410 528
1673420 528
1673430 526
1673440 525
1673450 525
1673460 524
1673470 522
1673480 522
1673490 521
1673500 519
1673510 519
1673520 517
1673530 515
1673540 515
1673550 512
1673560 507
1673570 507
1673580 504
1673590 501
1673600 501
1673610 499
1673620 497
1673630 497
1673640 494
1673650 492
1673660 492
1673670 491
1673680 488
1673690 488
1673700 487
1673710 486
1673720 486
1673730 484
1673740 480
1673750 480
1673760 478
1673770 475
1673780 475
1673790 475
1673800 475
1673810 475
1673820 475
1673830 477
1673840 477
1673850 480
1673860 484
1673870 484
1673880 490
1673890 492
1673900 492
1673910 492
1673920 489
1673930 489
1673940 488
1673950 489
1673960 489
1673970 488
1673980 487
1673990 487
1674000 489
1674010 491
1674020 491
1674030 490
1674040 487
1674050 487
1674060 485
1674070 484
1674080 484
1674090 484
1674100 486
1674110 486
1674120 488
1674130 490
1674140 494
1674150 495
1674160 495
1674170 495
1674180 496
1674190 496
1674200 496
1674210 495
1674220 494
1674230 494
1674240 492
1674250 490
1674260 490
1674270 488
1674280 485
1674290 485
1674300 482
1674310 482
1674320 482
1674330 481
1674340 479
1674350 479
1674360 477
1674370 475
1674380 475
1674390 472
1674400 470
1674410 470
1674420 467
1674430 465
1674440 465
1674450 463
1674460 462
1674470 462
1674480 459
1674490 456
1674500 456
1674510 452
1674520 448
1674530 448
1674540 444
1674550 439
1674560 439
1674570 435
1674580 430
1674590 430
1674600 427
1674610 425
1674620 425
1674630 423
1674640 420
1674650 420
1674660 417
1674670 413
1674680 413
1674690 410
1674700 404
1674710 404
1674720 401
1674730 398
1674740 398
1674750 395
1674760 393
1674770 393
1674780 393
1674790 392
1674800 392
1674810 395
1674820 397
1674830 397
1674840 401
1674850 403
1674860 403
1674870 406
1674880 410
1674890 410
1674900 414
1674910 417
1674920 417
1674930 422
1674940 427
1674950 427
1674960 433
1674970 440
1674980 440
1674990 446
1675000 452
1675010 452
1675020 458
1675030 463
1675040 463
1675050 468
1675060 472
1675070 472
1675080 475
1675090 478
1675100 478
1675110 480
1675120 481
1675130 481
1675140 483
1675150 485
1675160 485
1675170 487
1675180 489
1675190 489
1675200 490
1675210 493
1675220 493
1675230 495
1675240 497
1675250 497
1675260 499
1675270 501
1675280 501
1675290 503
1675300 504
1675310 504
1675320 507
1675330 509
1675340 509
1675350 509
1675360 510
1675370 510
1675380 514
1675390 516
1675400 516
1675410 518
1675420 520
1675430 520
1675440 522
1675450 524
1675460 524
1675470 526
1675480 528
1675490 528
1675500 528
1675510 530
1675520 530
1675530 532
1675540 534
1675550 534
1675560 536
1675570 537
1675580 537
1675590 539
1675600 540
1675610 540
1675620 542
1675630 543
1675640 543
1675650 544
1675660 546
1675670 546
1675680 547
1675690 549
1675700 549
1675710 550
1675720 553
1675730 553
1675740 554
1675750 556
1675760 556
1675770 557
1675780 559
1675790 559
1675800 560
1675810 562
1675820 562
1675830 563
1675840 565
1675850 565
1675860 567
1675870 568
1675880 568
1675890 570
1675900 573
1675910 573
1675920 575
1675930 577
1675940 577
1675950 579
1675960 581
1675970 581
1675980 583
1675990 587
1676000 587
1676010 590
1676020 593
1676030 593
1676040 595
1676050 596
1676060 596
1676070 597
1676080 599
1676090 599
1676100 600
1676110 601
1676120 601
1676130 602
1676140 603
1676150 603
1676160 604
1676170 604
1676180 602
1676190 602
1676200 602
1676210 602
1676220 602
1676230 602
1676240 602
1676250 602
1676260 602
1676270 602
1676280 602
1676290 602
1676300 602
1676310 601
1676320 601
1676330 601
1676340 600
1676350 599
1676360 599
1676370 598
1676380 597
1676390 597
1676400 596
1676410 594
1676420 594
1676430 592
1676440 591
1676450 591
1676460 590
1676470 588
1676480 588
1676490 587
1676500 587
1676510 587
1676520 586
1676530 585
1676540 585
1676550 584
1676560 584
1676570 584
1676580 583
1676590 582
1676600 582
1676610 581
1676620 581
1676630 581
1676640 580
1676650 579
1676660 579
1676670 579
1676680 579
1676690 579
1676700 579
1676710 579
1676720 579
1676730 578
1676740 577
1676750 577
1676760 576
1676770 575
1676780 575
1676790 575
1676800 575
1676810 575
1676820 574
1676830 574
1676840 574
1676850 574
1676860 572
1676870 572
1676880 572
1676890 572
1676900 572
1676910 572
1676920 572
1676930 572
1676940 571
1676950 571
1676960 571
1676970 571
1676980 571
1676990 571
1677000 570
1677010 569
1677020 569
1677030 570
1677040 572
1677050 572
1677060 573
1677070 574
1677080 574
1677090 574
1677100 575
1677110 575
1677120 576
1677130 577
1677140 577
1677150 578
1677160 580
1677170 580
1677180 581
1677190 583
1677200 583
1677210 584
1677220 585
1677230 585
1677240 586
1677250 588
1677260 588
1677270 589
1677280 591
1677290 591
1677300 592
1677310 593
1677320 593
1677330 595
1677340 597
1677350 597
1677360 598
1677370 600
1677380 600
1677390 602
1677400 604
1677410 604
1677420 606
1677430 607
1677440 607
1677450 609
1677460 611
1677470 611
1677480 612
1677490 613
1677500 613
1677510 615
1677520 617
1677530 614
1677540 617
1677550 619
1677560 619
1677570 622
1677580 624
1677590 624
1677600 626
1677610 627
1677620 627
1677630 629
1677640 631
1677650 631
1677660 632
1677670 633
1677680 633
1677690 635
1677700 636
1677710 636
1677720 637
1677730 638
1677740 638
1677750 639
1677760 640
1677770 640
1677780 642
1677790 643
1677800 643
1677810 644
1677820 646
1677830 646
1677840 648
1677850 649
1677860 649
1677870 650
1677880 652
1677890 652
1677900 654
1677910 656
1677920 656
1677930 657
1677940 659
1677950 659
1677960 660
1677970 662
1677980 662
1677990 665
1678000 666
1678010 666
1678020 668
1678030 669
1678040 669
1678050 671
1678060 673
1678070 673
1678080 675
1678090 678
1678100 678
1678110 680
1678120 684
1678130 684
1678140 686
1678150 688
1678160 688
1678170 690
1678180 691
1678190 691
1678200 690
1678210 690
1678220 690
1678230 690
1678240 691
1678250 691
1678260 691
1678270 691
1678280 691
1678290 692
1678300 692
1678310 692
1678320 692
1678330 693
1678340 693
1678350 693
1678360 694
1678370 694
1678380 694
1678390 695
1678400 695
1678410 696
1678420 697
1678430 697
1678440 698
1678450 699
1678460 699
1678470 700
1678480 701
1678490 701
1678500 701
1678510 702
1678520 702
1678530 703
1678540 704
1678550 704
1678560 705
1678570 706
1678580 706
1678590 707
1678600 708
1678610 708
1678620 710
1678630 711
1678640 711
1678650 711
1678660 712
1678670 712
1678680 713
1678690 714
1678700 714
1678710 716
1678720 717
1678730 717
1678740 718
1678750 719
1678760 719
1678770 720
1678780 721
1678790 721
1678800 722
1678810 723
1678820 723
1678830 725
1678840 726
1678850 726
1678860 728
1678870 728
1678880 728
1678890 729
1678900 730
1678910 730
1678920 731
1678930 732
1678940 732
1678950 733
1678960 734
1678970 734
1678980 735
1678990 736
1679000 736
1679010 737
1679020 738
1679030 738
1679040 740
1679050 741
1679060 741
1679070 742
1679080 743
1679090 743
1679100 745
1679110 746
1679120 746
1679130 747
1679140 748
1679150 748
1679160 750
1679170 751
1679180 751
1679190 752
1679200 753
1679210 753
1679220 755
1679230 756
1679240 756
1679250 757
1679260 759
1679270 759
1679280 760
1679290 761
1679300 761
1679310 763
1679320 764
1679330 764
1679340 766
1679350 767
1679360 767
1679370 769
1679380 770
1679390 770
1679400 772
1679410 773
1679420 773
1679430 775
1679440 776
1679450 776
1679460 777
1679470 777
1679480 777
1679490 778
1679500 779
1679510 779
1679520 780
1679530 780
1679540 779
1679550 779
1679560 780
1679570 780
1679580 780
1679590 780
1679600 780
1679610 781
1679620 781
1679630 781
1679640 781
1679650 781
1679660 781
1679670 782
1679680 782
1679690 782
1679700 782
1679710 782
1679720 782
1679730 781
1679740 780
1679750 780
1679760 780
1679770 780
1679780 780
1679790 779
1679800 779
1679810 779
1679820 779
1679830 779
1679840 779
1679850 779
1679860 778
1679870 778
1679880 778
1679890 777
1679900 777
1679910 777
1679920 776
1679930 776
1679940 776
1679950 775
1679960 775
1679970 775
1679980 775
1679990 775
