1660000 417
1660010 417
1660020 415
1660030 415
1660040 412
1660050 411
1660060 411
1660070 409
1660080 409
1660090 409
1660100 409
1660110 409
1660120 409
1660130 407
1660140 404
1660150 404
1660160 400
1660170 395
1660180 395
1660190 392
1660200 391
1660210 391
1660220 391
1660230 390
1660240 390
1660250 390
1660260 391
1660270 391
1660280 391
1660290 391
1660300 391
1660310 392
1660320 392
1660330 392
1660340 392
1660350 392
1660360 392
1660370 393
1660380 393
1660390 393
1660400 393
1660410 394
1660420 394
1660430 395
1660440 397
1660450 397
1660460 399
1660470 400
1660480 400
1660490 400
1660500 400
1660510 400
1660520 400
1660530 400
1660540 400
1660550 399
1660560 398
1660570 398
1660580 397
1660590 396
1660600 396
1660610 396
1660620 397
1660630 397
1660640 398
1660650 400
1660660 400
1660670 403
1660680 405
1660690 405
1660700 408
1660710 410
1660720 410
1660730 412
1660740 415
1660750 415
1660760 419
1660770 423
1660780 423
1660790 426
1660800 429
1660810 429
1660820 430
1660830 432
1660840 432
1660850 433
1660860 434
1660870 434
1660880 435
1660890 437
1660900 437
1660910 438
1660920 440
1660930 440
1660940 441
1660950 442
1660960 442
1660970 443
1660980 444
1660990 444
1661000 444
1661010 444
1661020 444
1661030 442
1661040 439
1661050 439
1661060 436
1661070 434
1661080 430
1661090 428
1661100 426
1661110 426
1661120 426
1661130 429
1661140 429
1661150 431
1661160 433
1661170 433
1661180 436
1661190 440
1661200 440
1661210 443
1661220 446
1661230 446
1661240 449
1661250 452
1661260 452
1661270 456
1661280 460
1661290 460
1661300 464
1661310 467
1661320 467
1661330 471
1661340 475
1661350 475
1661360 479
1661370 483
1661380 483
1661390 487
1661400 491
1661410 491
1661420 494
1661430 498
1661440 498
1661450 501
1661460 504
1661470 504
1661480 507
1661490 509
1661500 509
1661510 511
1661520 513
1661530 513
1661540 515
1661550 517
1661560 517
1661570 518
1661580 520
1661590 520
1661600 521
1661610 523
1661620 523
1661630 524
1661640 525
1661650 525
1661660 526
1661670 527
1661680 527
1661690 528
1661700 528
1661710 528
1661720 528
1661730 528
1661740 528
1661750 528
1661760 528
1661770 528
1661780 528
1661790 528
1661800 528
1661810 525
1661820 526
1661830 526
1661840 527
1661850 529
1661860 529
1661870 530
1661880 532
1661890 532
1661900 533
1661910 535
1661920 535
1661930 537
1661940 539
1661950 539
1661960 541
1661970 543
1661980 543
1661990 545
1662000 547
1662010 547
1662020 550
1662030 552
1662040 552
1662050 554
1662060 556
1662070 556
1662080 558
1662090 560
1662100 560
1662110 562
1662120 564
1662130 564
1662140 565
1662150 567
1662160 567
1662170 568
1662180 569
1662190 569
1662200 570
1662210 570
1662220 570
1662230 570
1662240 570
1662250 570
1662260 570
1662270 570
1662280 570
1662290 569
1662300 568
1662310 568
1662320 566
1662330 565
1662340 565
1662350 563
1662360 562
1662370 562
1662380 561
1662390 560
1662400 560
1662410 559
1662420 559
1662430 559
1662440 558
1662450 557
1662460 557
1662470 555
1662480 554
1662490 554
1662500 553
1662510 552
1662520 552
1662530 551
1662540 547
1662550 547
1662560 546
1662570 545
1662580 545
1662590 544
1662600 543
1662610 543
1662620 543
1662630 542
1662640 542
1662650 541
1662660 540
1662670 540
1662680 539
1662690 538
1662700 538
1662710 538
1662720 538
1662730 538
1662740 538
1662750 538
1662760 538
1662770 538
1662780 537
1662790 537
1662800 537
1662810 536
1662820 536
1662830 535
1662840 534
1662850 534
1662860 533
1662870 532
1662880 532
1662890 530
1662900 528
1662910 528
1662920 526
1662930 525
1662940 525
1662950 523
1662960 521
1662970 521
1662980 519
1662990 517
1663000 517
1663010 515
1663020 513
1663030 513
1663040 511
1663050 509
1663060 509
1663070 507
1663080 504
1663090 504
1663100 502
1663110 500
1663120 500
1663130 499
1663140 496
1663150 496
1663160 494
1663170 492
1663180 492
1663190 490
1663200 488
1663210 488
1663220 485
1663230 482
1663240 482
1663250 479
1663260 475
1663270 473
1663280 470
1663290 467
1663300 467
1663310 465
1663320 461
1663330 461
1663340 457
1663350 454
1663360 454
1663370 449
1663380 445
1663390 445
1663400 440
1663410 435
1663420 435
1663430 430
1663440 425
1663450 425
1663460 419
1663470 413
1663480 413
1663490 406
1663500 400
1663510 400
1663520 396
1663530 396
1663540 396
1663550 396
1663560 396
1663570 396
1663580 397
1663590 399
1663600 399
1663610 402
1663620 406
1663630 406
1663640 408
1663650 411
1663660 411
1663670 414
1663680 415
1663690 415
1663700 415
1663710 415
1663720 415
1663730 416
1663740 418
1663750 418
1663760 420
1663770 421
1663780 421
1663790 423
1663800 424
1663810 424
1663820 426
1663830 427
1663840 427
1663850 428
1663860 430
1663870 430
1663880 432
1663890 434
1663900 434
1663910 436
1663920 437
1663930 437
1663940 439
1663950 441
1663960 441
1663970 443
1663980 445
1663990 445
1664000 448
1664010 451
1664020 451
1664030 454
1664040 457
1664050 457
1664060 460
1664070 464
1664080 464
1664090 467
1664100 471
1664110 471
1664120 476
1664130 479
1664140 479
1664150 483
1664160 486
1664170 486
1664180 490
1664190 493
1664200 493
1664210 497
1664220 499
1664230 499
1664240 502
1664250 505
1664260 505
1664270 507
1664280 509
1664290 509
1664300 513
1664310 515
1664320 515
1664330 517
1664340 519
1664350 519
1664360 522
1664370 523
1664380 523
1664390 524
1664400 526
1664410 526
1664420 526
1664430 525
1664440 525
1664450 523
1664460 522
1664470 522
1664480 521
1664490 522
1664500 522
1664510 523
1664520 526
1664530 526
1664540 529
1664550 532
1664560 532
1664570 536
1664580 541
1664590 541
1664600 546
1664610 549
1664620 549
1664630 552
1664640 555
1664650 555
1664660 558
1664670 562
1664680 562
1664690 567
1664700 569
1664710 569
1664720 574
1664730 575
1664740 575
1664750 577
1664760 577
1664770 577
1664780 577
1664790 577
1664800 577
1664810 576
1664820 576
1664830 576
1664840 575
1664850 573
1664860 573
1664870 571
1664880 569
1664890 569
1664900 566
1664910 565
1664920 565
1664930 562
1664940 561
1664950 561
1664960 560
1664970 559
1664980 559
1664990 558
1665000 559
1665010 559
1665020 559
1665030 559
1665040 559
1665050 560
1665060 561
1665070 561
1665080 562
1665090 563
1665100 563
1665110 564
1665120 567
1665130 567
1665140 568
1665150 570
1665160 570
1665170 572
1665180 574
1665190 574
1665200 575
1665210 576
1665220 576
1665230 577
1665240 577
1665250 577
1665260 578
1665270 580
1665280 580
1665290 582
1665300 584
1665310 584
1665320 587
1665330 590
1665340 590
1665350 592
1665360 593
1665370 593
1665380 594
1665390 596
1665400 596
1665410 599
1665420 601
1665430 601
1665440 605
1665450 608
1665460 608
1665470 610
1665480 612
1665490 612
1665500 614
1665510 616
1665520 616
1665530 618
1665540 620
1665550 620
1665560 622
1665570 624
1665580 624
1665590 626
1665600 628
1665610 628
1665620 630
1665630 633
1665640 633
1665650 636
1665660 639
1665670 639
1665680 642
1665690 644
1665700 644
1665710 647
1665720 650
1665730 650
1665740 654
1665750 658
1665760 658
1665770 661
1665780 665
1665790 665
1665800 668
1665810 671
1665820 671
1665830 676
1665840 682
1665850 682
1665860 685
1665870 689
1665880 689
1665890 693
1665900 696
1665910 696
1665920 697
1665930 698
1665940 698
1665950 700
1665960 702
1665970 702
1665980 704
1665990 706
1666000 706
1666010 708
1666020 709
1666030 709
1666040 710
1666050 711
1666060 711
1666070 711
1666080 711
1666090 711
1666100 710
1666110 710
1666120 710
1666130 709
1666140 708
1666150 709
1666160 708
1666170 707
1666180 707
1666190 707
1666200 708
1666210 708
1666220 709
1666230 711
1666240 711
1666250 713
1666260 715
1666270 715
1666280 716
1666290 717
1666300 717
1666310 717
1666320 717
1666330 717
1666340 716
1666350 715
1666360 715
1666370 714
1666380 713
1666390 713
1666400 713
1666410 713
1666420 713
1666430 712
1666440 711
1666450 711
1666460 710
1666470 708
1666480 708
1666490 708
1666500 708
1666510 708
1666520 706
1666530 706
1666540 706
1666550 705
1666560 704
1666570 704
1666580 704
1666590 703
1666600 703
1666610 703
1666620 702
1666630 702
1666640 701
1666650 700
1666660 700
1666670 699
1666680 697
1666690 697
1666700 696
1666710 694
1666720 694
1666730 692
1666740 690
1666750 690
1666760 687
1666770 685
1666780 685
1666790 683
1666800 681
1666810 681
1666820 678
1666830 676
1666840 676
1666850 673
1666860 672
1666870 672
1666880 670
1666890 667
1666900 667
1666910 665
1666920 664
1666930 664
1666940 663
1666950 662
1666960 662
1666970 663
1666980 663
1666990 663
1667000 664
1667010 664
1667020 664
1667030 664
1667040 664
1667050 664
1667060 664
1667070 664
1667080 664
1667090 663
1667100 663
1667110 663
1667120 663
1667130 661
1667140 661
1667150 659
1667160 657
1667170 657
1667180 655
1667190 651
1667200 651
1667210 645
1667220 640
1667230 640
1667240 636
1667250 633
1667260 633
1667270 631
1667280 627
1667290 627
1667300 625
1667310 623
1667320 623
1667330 622
1667340 620
1667350 620
1667360 618
1667370 616
1667380 616
1667390 614
1667400 612
1667410 612
1667420 611
1667430 609
1667440 609
1667450 608
1667460 606
1667470 606
1667480 605
1667490 603
1667500 603
1667510 601
1667520 600
1667530 600
1667540 598
1667550 597
1667560 597
1667570 596
1667580 594
1667590 594
1667600 592
1667610 589
1667620 589
1667630 584
1667640 579
1667650 579
1667660 574
1667670 571
1667680 571
1667690 570
1667700 570
1667710 570
1667720 570
1667730 570
1667740 570
1667750 571
1667760 571
1667770 571
1667780 572
1667790 574
1667800 574
1667810 575
1667820 576
1667830 576
1667840 577
1667850 579
1667860 579
1667870 580
1667880 581
1667890 581
1667900 582
1667910 582
1667920 582
1667930 583
1667940 584
1667950 584
1667960 585
1667970 587
1667980 587
1667990 588
1668000 589
1668010 589
1668020 590
1668030 590
1668040 590
1668050 589
1668060 589
1668070 589
1668080 588
1668090 588
1668100 588
1668110 587
1668120 585
1668130 585
1668140 584
1668150 582
1668160 582
1668170 580
1668180 578
1668190 578
1668200 575
1668210 573
1668220 573
1668230 570
1668240 568
1668250 568
1668260 566
1668270 564
1668280 564
1668290 562
1668300 561
1668310 561
1668320 559
1668330 558
1668340 558
1668350 556
1668360 555
1668370 555
1668380 553
1668390 552
1668400 552
1668410 551
1668420 549
1668430 549
1668440 548
1668450 545
1668460 545
1668470 543
1668480 540
1668490 540
1668500 538
1668510 535
1668520 535
1668530 532
1668540 529
1668550 529
1668560 525
1668570 522
1668580 522
1668590 519
1668600 517
1668610 517
1668620 514
1668630 511
1668640 511
1668650 507
1668660 502
1668670 502
1668680 497
1668690 492
1668700 492
1668710 490
1668720 488
1668730 488
1668740 485
1668750 483
1668760 483
1668770 481
1668780 479
1668790 479
1668800 477
1668810 474
1668820 474
1668830 470
1668840 466
1668850 466
1668860 463
1668870 461
1668880 461
1668890 461
1668900 461
1668910 461
1668920 461
1668930 461
1668940 461
1668950 461
1668960 462
1668970 462
1668980 465
1668990 465
1669000 465
1669010 463
1669020 460
1669030 460
1669040 455
1669050 450
1669060 450
1669070 447
1669080 446
1669090 446
1669100 445
1669110 445
1669120 445
1669130 443
1669140 441
1669150 441
1669160 439
1669170 438
1669180 438
1669190 437
1669200 436
1669210 436
1669220 435
1669230 434
1669240 434
1669250 434
1669260 434
1669270 434
1669280 435
1669290 432
1669300 432
1669310 434
1669320 436
1669330 436
1669340 441
1669350 445
1669360 445
1669370 448
1669380 450
1669390 450
1669400 452
1669410 456
1669420 456
1669430 458
1669440 460
1669450 460
1669460 461
1669470 463
1669480 463
1669490 465
1669500 466
1669510 466
1669520 467
1669530 469
1669540 469
1669550 470
1669560 471
1669570 471
1669580 472
1669590 473
1669600 473
1669610 474
1669620 474
1669630 474
1669640 475
1669650 476
1669660 476
1669670 477
1669680 479
1669690 476
1669700 478
1669710 481
1669720 481
1669730 484
1669740 486
1669750 486
1669760 488
1669770 489
1669780 489
1669790 491
1669800 492
1669810 492
1669820 493
1669830 494
1669840 494
1669850 495
1669860 495
1669870 495
1669880 496
1669890 496
1669900 496
1669910 497
1669920 498
1669930 498
1669940 498
1669950 497
1669960 497
1669970 497
1669980 497
1669990 497
1670000 497
1670010 497
1670020 497
1670030 497
1670040 498
1670050 498
1670060 500
1670070 502
1670080 502
1670090 503
1670100 504
1670110 504
1670120 506
1670130 507
1670140 507
1670150 508
1670160 510
1670170 510
1670180 511
1670190 513
1670200 513
1670210 514
1670220 515
1670230 515
1670240 517
1670250 518
1670260 518
1670270 519
1670280 520
1670290 520
1670300 522
1670310 523
1670320 523
1670330 524
1670340 525
1670350 525
1670360 526
1670370 527
1670380 527
1670390 528
1670400 529
1670410 529
1670420 530
1670430 531
1670440 531
1670450 532
1670460 534
1670470 534
1670480 535
1670490 536
1670500 536
1670510 537
1670520 538
1670530 538
1670540 539
1670550 540
1670560 540
1670570 541
1670580 542
1670590 542
1670600 543
1670610 545
1670620 545
1670630 546
1670640 547
1670650 547
1670660 547
1670670 548
1670680 548
1670690 549
1670700 550
1670710 550
1670720 551
1670730 551
1670740 551
1670750 552
1670760 553
1670770 553
1670780 554
1670790 554
1670800 554
1670810 555
1670820 556
1670830 556
1670840 556
1670850 557
1670860 557
1670870 557
1670880 558
1670890 558
1670900 559
1670910 559
1670920 559
1670930 560
1670940 560
1670950 560
1670960 561
1670970 561
1670980 561
1670990 561
1671000 561
1671010 561
1671020 560
1671030 560
1671040 560
1671050 560
1671060 559
1671070 559
1671080 558
1671090 558
1671100 558
1671110 557
1671120 556
1671130 556
1671140 555
1671150 553
1671160 553
1671170 552
1671180 550
1671190 550
1671200 549
1671210 548
1671220 548
1671230 546
1671240 546
1671250 546
1671260 545
1671270 545
1671280 545
1671290 544
1671300 544
1671310 544
1671320 544
1671330 544
1671340 544
1671350 543
1671360 542
1671370 542
1671380 542
1671390 541
1671400 541
1671410 541
1671420 540
1671430 540
1671440 540
1671450 540
1671460 540
1671470 539
1671480 539
1671490 539
1671500 538
1671510 536
1671520 536
1671530 535
1671540 534
1671550 534
1671560 533
1671570 532
1671580 532
1671590 531
1671600 530
1671610 530
1671620 529
1671630 527
1671640 527
1671650 524
1671660 522
1671670 522
1671680 519
1671690 517
1671700 517
1671710 514
1671720 512
1671730 512
1671740 509
1671750 507
1671760 507
1671770 504
1671780 501
1671790 501
1671800 500
1671810 498
1671820 498
1671830 497
1671840 496
1671850 496
1671860 495
1671870 494
1671880 494
1671890 493
1671900 493
1671910 493
1671920 493
1671930 493
1671940 493
1671950 493
1671960 493
1671970 493
1671980 493
1671990 493
1672000 493
1672010 493
1672020 494
1672030 494
1672040 494
1672050 495
1672060 495
1672070 496
1672080 497
1672090 497
1672100 497
1672110 498
1672120 498
1672130 498
1672140 498
1672150 498
1672160 497
1672170 497
1672180 497
1672190 495
1672200 492
1672210 492
1672220 487
1672230 482
1672240 482
1672250 479
1672260 475
1672270 475
1672280 472
1672290 471
1672300 471
1672310 469
1672320 468
1672330 468
1672340 467
1672350 465
1672360 465
1672370 465
1672380 465
1672390 465
1672400 466
1672410 466
1672420 466
1672430 467
1672440 469
1672450 469
1672460 470
1672470 473
1672480 473
1672490 474
1672500 476
1672510 476
1672520 477
1672530 478
1672540 478
1672550 480
1672560 481
1672570 481
1672580 483
1672590 484
1672600 484
1672610 485
1672620 484
1672630 484
1672640 484
1672650 483
1672660 483
1672670 482
1672680 480
1672690 480
1672700 479
1672710 478
1672720 478
1672730 481
1672740 487
1672750 487
1672760 492
1672770 496
1672780 496
1672790 501
1672800 504
1672810 504
1672820 506
1672830 509
1672840 509
1672850 511
1672860 514
1672870 514
1672880 516
1672890 519
1672900 519
1672910 521
1672920 523
1672930 523
1672940 525
1672950 527
1672960 527
1672970 528
1672980 529
1672990 529
1673000 529
1673010 530
1673020 530
1673030 530
1673040 530
1673050 530
1673060 530
1673070 529
1673080 529
1673090 529
1673100 530
1673110 530
1673120 530
1673130 530
1673140 530
1673150 531
1673160 532
1673170 532
1673180 533
1673190 533
1673200 533
1673210 533
1673220 534
1673230 534
1673240 534
1673250 533
1673260 533
1673270 533
1673280 533
1673290 533
1673300 532
1673310 532
1673320 532
1673330 532
1673340 531
1673350 531
1673360 531
1673370 530
1673380 530
1673390 529
1673400 529
1673410 529
1673420 528
1673430 527
1673440 527
1673450 527
1673460 526
1673470 526
1673480 524
1673490 523
1673500 523
1673510 522
1673520 521
1673530 521
1673540 520
1673550 520
1673560 520
1673570 519
1673580 518
1673590 518
1673600 517
1673610 516
1673620 516
1673630 516
1673640 515
1673650 515
1673660 514
1673670 513
1673680 513
1673690 512
1673700 510
1673710 510
1673720 509
1673730 508
1673740 508
1673750 507
1673760 505
1673770 505
1673780 504
1673790 501
1673800 501
1673810 497
1673820 492
1673830 492
1673840 486
1673850 479
1673860 479
1673870 472
1673880 465
1673890 465
1673900 459
1673910 454
1673920 454
1673930 448
1673940 442
1673950 442
1673960 435
1673970 429
1673980 429
1673990 421
1674000 414
1674010 414
1674020 409
1674030 404
1674040 404
1674050 399
1674060 394
1674070 394
1674080 388
1674090 381
1674100 381
1674110 377
1674120 376
1674130 376
1674140 376
1674150 376
1674160 376
1674170 378
1674180 380
1674190 380
1674200 382
1674210 387
1674220 387
1674230 390
1674240 394
1674250 394
1674260 398
1674270 401
1674280 401
1674290 403
1674300 405
1674310 405
1674320 406
1674330 406
1674340 406
1674350 407
1674360 408
1674370 408
1674380 409
1674390 410
1674400 410
1674410 410
1674420 410
1674430 410
1674440 409
1674450 409
1674460 409
1674470 411
1674480 412
1674490 412
1674500 413
1674510 415
1674520 415
1674530 412
1674540 415
1674550 415
1674560 417
1674570 420
1674580 420
1674590 424
1674600 429
1674610 429
1674620 432
1674630 434
1674640 434
1674650 439
1674660 443
1674670 443
1674680 447
1674690 450
1674700 450
1674710 452
1674720 456
1674730 456
1674740 460
1674750 464
1674760 464
1674770 466
1674780 469
1674790 469
1674800 471
1674810 473
1674820 473
1674830 476
1674840 480
1674850 480
1674860 483
1674870 485
1674880 485
1674890 487
1674900 489
1674910 489
1674920 490
1674930 493
1674940 493
1674950 495
1674960 497
1674970 497
1674980 498
1674990 500
1675000 500
1675010 502
1675020 505
1675030 505
1675040 507
1675050 509
1675060 509
1675070 511
1675080 513
1675090 513
1675100 515
1675110 517
1675120 517
1675130 519
1675140 521
1675150 521
1675160 523
1675170 525
1675180 525
1675190 526
1675200 530
1675210 529
1675220 532
1675230 534
1675240 534
1675250 536
1675260 538
1675270 538
1675280 540
1675290 542
1675300 542
1675310 544
1675320 547
1675330 547
1675340 550
1675350 552
1675360 552
1675370 555
1675380 558
1675390 558
1675400 560
1675410 562
1675420 562
1675430 565
1675440 567
1675450 567
1675460 570
1675470 572
1675480 572
1675490 574
1675500 577
1675510 577
1675520 580
1675530 582
1675540 582
1675550 585
1675560 587
1675570 587
1675580 590
1675590 593
1675600 593
1675610 596
1675620 599
1675630 599
1675640 601
1675650 603
1675660 603
1675670 605
1675680 607
1675690 607
1675700 609
1675710 611
1675720 611
1675730 614
1675740 616
1675750 616
1675760 618
1675770 620
1675780 620
1675790 622
1675800 624
1675810 624
1675820 625
1675830 627
1675840 627
1675850 630
1675860 631
1675870 631
1675880 633
1675890 633
1675900 633
1675910 635
1675920 637
1675930 637
1675940 639
1675950 641
1675960 641
1675970 643
1675980 644
1675990 644
1676000 646
1676010 648
1676020 648
1676030 649
1676040 651
1676050 651
1676060 653
1676070 654
1676080 654
1676090 656
1676100 658
1676110 658
1676120 660
1676130 662
1676140 662
1676150 663
1676160 665
1676170 665
1676180 666
1676190 667
1676200 667
1676210 668
1676220 668
1676230 668
1676240 668
1676250 668
1676260 668
1676270 668
1676280 668
1676290 668
1676300 667
1676310 667
1676320 667
1676330 667
1676340 667
1676350 667
1676360 667
1676370 667
1676380 667
1676390 667
1676400 667
1676410 667
1676420 666
1676430 665
1676440 665
1676450 665
1676460 664
1676470 664
1676480 663
1676490 662
1676500 662
1676510 661
1676520 660
1676530 660
1676540 659
1676550 659
1676560 659
1676570 655
1676580 653
1676590 653
1676600 652
1676610 651
1676620 651
1676630 650
1676640 649
1676650 649
1676660 648
1676670 646
1676680 646
1676690 645
1676700 645
1676710 645
1676720 644
1676730 644
1676740 644
1676750 643
1676760 643
1676770 643
1676780 642
1676790 642
1676800 642
1676810 642
1676820 642
1676830 642
1676840 641
1676850 641
1676860 641
1676870 640
1676880 640
1676890 640
1676900 639
1676910 639
1676920 639
1676930 638
1676940 637
1676950 637
1676960 637
1676970 636
1676980 636
1676990 636
1677000 634
1677010 634
1677020 633
1677030 632
1677040 632
1677050 632
1677060 631
1677070 631
1677080 629
1677090 629
1677100 629
1677110 629
1677120 628
1677130 628
1677140 628
1677150 627
1677160 627
1677170 627
1677180 628
1677190 628
1677200 629
1677210 630
1677220 630
1677230 631
1677240 630
1677250 630
1677260 630
1677270 631
1677280 631
1677290 632
1677300 633
1677310 633
1677320 634
1677330 634
1677340 634
1677350 635
1677360 637
1677370 637
1677380 638
1677390 640
1677400 640
1677410 641
1677420 643
1677430 643
1677440 644
1677450 645
1677460 645
1677470 646
1677480 647
1677490 647
1677500 649
1677510 650
1677520 650
1677530 652
1677540 653
1677550 653
1677560 655
1677570 657
1677580 657
1677590 658
1677600 660
1677610 660
1677620 661
1677630 663
1677640 663
1677650 664
1677660 666
1677670 666
1677680 668
1677690 669
1677700 669
1677710 671
1677720 672
1677730 672
1677740 674
1677750 675
1677760 675
1677770 677
1677780 678
1677790 678
1677800 680
1677810 681
1677820 681
1677830 683
1677840 684
1677850 684
1677860 685
1677870 687
1677880 687
1677890 688
1677900 690
1677910 689
1677920 690
1677930 692
1677940 692
1677950 693
1677960 694
1677970 694
1677980 696
1677990 698
1678000 698
1678010 699
1678020 701
1678030 701
1678040 702
1678050 704
1678060 704
1678070 705
1678080 707
1678090 707
1678100 708
1678110 710
1678120 710
1678130 712
1678140 713
1678150 713
1678160 714
1678170 715
1678180 715
1678190 717
1678200 719
1678210 719
1678220 720
1678230 722
1678240 722
1678250 724
1678260 725
1678270 725
1678280 727
1678290 728
1678300 728
1678310 730
1678320 732
1678330 732
1678340 733
1678350 735
1678360 735
1678370 737
1678380 739
1678390 739
1678400 740
1678410 742
1678420 742
1678430 743
1678440 745
1678450 745
1678460 746
1678470 747
1678480 747
1678490 749
1678500 751
1678510 751
1678520 752
1678530 754
1678540 754
1678550 755
1678560 757
1678570 757
1678580 757
1678590 759
1678600 759
1678610 760
1678620 762
1678630 762
1678640 764
1678650 765
1678660 765
1678670 766
1678680 768
1678690 768
1678700 770
1678710 771
1678720 771
1678730 773
1678740 774
1678750 774
1678760 775
1678770 776
1678780 776
1678790 777
1678800 778
1678810 778
1678820 779
1678830 780
1678840 780
1678850 781
1678860 782
1678870 782
1678880 783
1678890 784
1678900 784
1678910 785
1678920 785
1678930 785
1678940 786
1678950 787
1678960 787
1678970 788
1678980 789
1678990 789
1679000 789
1679010 790
1679020 790
1679030 791
1679040 792
1679050 792
1679060 793
1679070 794
1679080 794
1679090 795
1679100 796
1679110 796
1679120 797
1679130 799
1679140 799
1679150 800
1679160 801
1679170 801
1679180 802
1679190 803
1679200 803
1679210 804
1679220 805
1679230 805
1679240 806
1679250 807
1679260 807
1679270 809
1679280 810
1679290 810
1679300 811
1679310 813
1679320 813
1679330 814
1679340 815
1679350 815
1679360 816
1679370 817
1679380 818
1679390 818
1679400 819
1679410 819
1679420 819
1679430 819
1679440 819
1679450 819
1679460 820
1679470 820
1679480 820
1679490 820
1679500 820
1679510 820
1679520 820
1679530 820
1679540 820
1679550 819
1679560 819
1679570 819
1679580 819
1679590 818
1679600 818
1679610 818
1679620 818
1679630 818
1679640 817
1679650 817
1679660 817
1679670 816
1679680 815
1679690 815
1679700 815
1679710 815
1679720 815
1679730 814
1679740 814
1679750 814
1679760 813
1679770 813
1679780 813
1679790 813
1679800 812
1679810 812
1679820 812
1679830 811
1679840 811
1679850 810
1679860 810
1679870 810
1679880 809
1679890 809
1679900 809
1679910 809
1679920 808
1679930 808
1679940 807
1679950 807
1679960 807
1679970 806
1679980 805
1679990 805
