1660000 415
1660010 415
1660020 419
1660030 421
1660040 421
1660050 424
1660060 426
1660070 426
1660080 428
1660090 429
1660100 429
1660110 431
1660120 433
1660130 433
1660140 435
1660150 436
1660160 436
1660170 437
1660180 438
1660190 438
1660200 439
1660210 439
1660220 439
1660230 440
1660240 440
1660250 440
1660260 440
1660270 440
1660280 440
1660290 441
1660300 441
1660310 441
1660320 441
1660330 442
1660340 442
1660350 442
1660360 442
1660370 442
1660380 443
1660390 444
1660400 444
1660410 444
1660420 445
1660430 445
1660440 445
1660450 446
1660460 446
1660470 446
1660480 447
1660490 447
1660500 447
1660510 447
1660520 447
1660530 448
1660540 448
1660550 448
1660560 447
1660570 447
1660580 447
1660590 445
1660600 444
1660610 444
1660620 443
1660630 442
1660640 444
1660650 442
1660660 440
1660670 440
1660680 437
1660690 435
1660700 435
1660710 431
1660720 427
1660730 427
1660740 425
1660750 425
1660760 425
1660770 425
1660780 426
1660790 426
1660800 426
1660810 426
1660820 426
1660830 425
1660840 423
1660850 423
1660860 422
1660870 421
1660880 421
1660890 419
1660900 419
1660910 419
1660920 420
1660930 422
1660940 422
1660950 424
1660960 427
1660970 427
1660980 430
1660990 433
1661000 433
1661010 436
1661020 439
1661030 439
1661040 441
1661050 444
1661060 444
1661070 448
1661080 451
1661090 451
1661100 454
1661110 457
1661120 457
1661130 461
1661140 466
1661150 466
1661160 471
1661170 476
1661180 476
1661190 479
1661200 482
1661210 482
1661220 485
1661230 487
1661240 487
1661250 488
1661260 489
1661270 489
1661280 489
1661290 489
1661300 489
1661310 488
1661320 488
1661330 488
1661340 488
1661350 488
1661360 488
1661370 488
1661380 488
1661390 488
1661400 488
1661410 487
1661420 487
1661430 487
1661440 487
1661450 487
1661460 487
1661470 486
1661480 486
1661490 486
1661500 485
1661510 485
1661520 483
1661530 482
1661540 482
1661550 482
1661560 482
1661570 482
1661580 483
1661590 483
1661600 483
1661610 483
1661620 481
1661630 481
1661640 480
1661650 480
1661660 480
1661670 481
1661680 482
1661690 482
1661700 483
1661710 484
1661720 484
1661730 485
1661740 485
1661750 485
1661760 486
1661770 487
1661780 487
1661790 487
1661800 488
1661810 488
1661820 488
1661830 489
1661840 489
1661850 490
1661860 490
1661870 490
1661880 492
1661890 493
1661900 493
1661910 494
1661920 494
1661930 494
1661940 495
1661950 495
1661960 495
1661970 495
1661980 496
1661990 496
1662000 496
1662010 497
1662020 497
1662030 496
1662040 496
1662050 496
1662060 496
1662070 496
1662080 496
1662090 496
1662100 496
1662110 494
1662120 494
1662130 494
1662140 494
1662150 493
1662160 493
1662170 493
1662180 492
1662190 492
1662200 492
1662210 492
1662220 492
1662230 492
1662240 491
1662250 491
1662260 491
1662270 490
1662280 490
1662290 490
1662300 490
1662310 491
1662320 491
1662330 491
1662340 491
1662350 491
1662360 490
1662370 489
1662380 489
1662390 488
1662400 487
1662410 487
1662420 486
1662430 486
1662440 486
1662450 485
1662460 484
1662470 484
1662480 484
1662490 484
1662500 484
1662510 485
1662520 486
1662530 486
1662540 486
1662550 486
1662560 486
1662570 486
1662580 484
1662590 484
1662600 480
1662610 481
1662620 481
1662630 483
1662640 484
1662650 484
1662660 485
1662670 485
1662680 485
1662690 485
1662700 484
1662710 484
1662720 483
1662730 483
1662740 483
1662750 482
1662760 482
1662770 482
1662780 481
1662790 481
1662800 481
1662810 480
1662820 478
1662830 478
1662840 473
1662850 470
1662860 470
1662870 467
1662880 463
1662890 463
1662900 461
1662910 460
1662920 460
1662930 459
1662940 457
1662950 457
1662960 456
1662970 455
1662980 455
1662990 454
1663000 453
1663010 453
1663020 451
1663030 450
1663040 450
1663050 448
1663060 446
1663070 446
1663080 443
1663090 441
1663100 441
1663110 438
1663120 435
1663130 435
1663140 432
1663150 428
1663160 428
1663170 425
1663180 423
1663190 423
1663200 423
1663210 425
1663220 425
1663230 426
1663240 428
1663250 428
1663260 431
1663270 432
1663280 432
1663290 431
1663300 428
1663310 428
1663320 428
1663330 433
1663340 433
1663350 438
1663360 444
1663370 444
1663380 448
1663390 452
1663400 452
1663410 455
1663420 456
1663430 456
1663440 458
1663450 457
1663460 457
1663470 455
1663480 453
1663490 453
1663500 450
1663510 448
1663520 448
1663530 448
1663540 449
1663550 449
1663560 452
1663570 457
1663580 457
1663590 461
1663600 464
1663610 464
1663620 466
1663630 467
1663640 467
1663650 467
1663660 467
1663670 467
1663680 467
1663690 467
1663700 467
1663710 466
1663720 465
1663730 465
1663740 463
1663750 459
1663760 459
1663770 455
1663780 451
1663790 451
1663800 446
1663810 442
1663820 442
1663830 436
1663840 430
1663850 430
1663860 423
1663870 416
1663880 416
1663890 409
1663900 405
1663910 405
1663920 405
1663930 408
1663940 408
1663950 412
1663960 417
1663970 417
1663980 422
1663990 428
1664000 428
1664010 433
1664020 436
1664030 436
1664040 440
1664050 444
1664060 444
1664070 450
1664080 455
1664090 455
1664100 459
1664110 463
1664120 463
1664130 467
1664140 471
1664150 471
1664160 476
1664170 482
1664180 482
1664190 487
1664200 493
1664210 493
1664220 498
1664230 503
1664240 503
1664250 508
1664260 515
1664270 515
1664280 524
1664290 531
1664300 531
1664310 537
1664320 543
1664330 543
1664340 549
1664350 554
1664360 554
1664370 558
1664380 562
1664390 562
1664400 565
1664410 568
1664420 568
1664430 571
1664440 574
1664450 574
1664460 576
1664470 579
1664480 579
1664490 581
1664500 584
1664510 584
1664520 586
1664530 587
1664540 587
1664550 587
1664560 587
1664570 587
1664580 588
1664590 589
1664600 589
1664610 591
1664620 593
1664630 593
1664640 596
1664650 600
1664660 600
1664670 602
1664680 604
1664690 604
1664700 607
1664710 610
1664720 610
1664730 613
1664740 617
1664750 617
1664760 620
1664770 624
1664780 624
1664790 627
1664800 632
1664810 632
1664820 637
1664830 641
1664840 641
1664850 646
1664860 650
1664870 650
1664880 655
1664890 661
1664900 661
1664910 666
1664920 670
1664930 670
1664940 671
1664950 672
1664960 672
1664970 673
1664980 674
1664990 674
1665000 676
1665010 681
1665020 681
1665030 682
1665040 684
1665050 684
1665060 685
1665070 686
1665080 686
1665090 687
1665100 688
1665110 688
1665120 689
1665130 690
1665140 690
1665150 691
1665160 692
1665170 692
1665180 694
1665190 694
1665200 694
1665210 695
1665220 696
1665230 696
1665240 697
1665250 698
1665260 698
1665270 699
1665280 700
1665290 700
1665300 702
1665310 704
1665320 704
1665330 705
1665340 706
1665350 706
1665360 706
1665370 706
1665380 706
1665390 707
1665400 708
1665410 708
1665420 710
1665430 711
1665440 711
1665450 711
1665460 712
1665470 712
1665480 712
1665490 712
1665500 712
1665510 712
1665520 712
1665530 712
1665540 713
1665550 714
1665560 714
1665570 716
1665580 717
1665590 717
1665600 719
1665610 721
1665620 721
1665630 722
1665640 724
1665650 724
1665660 725
1665670 727
1665680 727
1665690 728
1665700 726
1665710 726
1665720 724
1665730 717
1665740 717
1665750 715
1665760 713
1665770 713
1665780 711
1665790 708
1665800 708
1665810 705
1665820 703
1665830 703
1665840 702
1665850 702
1665860 702
1665870 701
1665880 700
1665890 700
1665900 698
1665910 696
1665920 696
1665930 694
1665940 692
1665950 692
1665960 690
1665970 689
1665980 689
1665990 687
1666000 685
1666010 685
1666020 682
1666030 680
1666040 680
1666050 677
1666060 674
1666070 674
1666080 670
1666090 666
1666100 666
1666110 663
1666120 660
1666130 660
1666140 656
1666150 653
1666160 653
1666170 650
1666180 647
1666190 647
1666200 644
1666210 643
1666220 643
1666230 641
1666240 638
1666250 638
1666260 637
1666270 636
1666280 636
1666290 635
1666300 635
1666310 635
1666320 634
1666330 634
1666340 634
1666350 634
1666360 633
1666370 633
1666380 632
1666390 631
1666400 631
1666410 631
1666420 631
1666430 631
1666440 629
1666450 630
1666460 630
1666470 631
1666480 631
1666490 631
1666500 631
1666510 631
1666520 631
1666530 630
1666540 629
1666550 629
1666560 628
1666570 628
1666580 628
1666590 627
1666600 626
1666610 626
1666620 625
1666630 624
1666640 624
1666650 623
1666660 623
1666670 623
1666680 622
1666690 622
1666700 622
1666710 622
1666720 621
1666730 621
1666740 621
1666750 620
1666760 620
1666770 619
1666780 619
1666790 619
1666800 619
1666810 619
1666820 619
1666830 620
1666840 620
1666850 620
1666860 620
1666870 621
1666880 621
1666890 622
1666900 623
1666910 623
1666920 624
1666930 625
1666940 625
1666950 626
1666960 626
1666970 626
1666980 627
1666990 627
1667000 627
1667010 627
1667020 627
1667030 627
1667040 627
1667050 627
1667060 627
1667070 626
1667080 626
1667090 626
1667100 625
1667110 625
1667120 625
1667130 625
1667140 625
1667150 624
1667160 624
1667170 624
1667180 624
1667190 626
1667200 627
1667210 627
1667220 628
1667230 630
1667240 630
1667250 631
1667260 633
1667270 633
1667280 634
1667290 636
1667300 636
1667310 638
1667320 641
1667330 641
1667340 644
1667350 647
1667360 647
1667370 648
1667380 649
1667390 649
1667400 651
1667410 650
1667420 650
1667430 649
1667440 649
1667450 649
1667460 649
1667470 649
1667480 649
1667490 650
1667500 651
1667510 651
1667520 651
1667530 651
1667540 651
1667550 650
1667560 648
1667570 648
1667580 647
1667590 645
1667600 645
1667610 641
1667620 639
1667630 639
1667640 636
1667650 633
1667660 633
1667670 630
1667680 627
1667690 627
1667700 625
1667710 623
1667720 623
1667730 622
1667740 622
1667750 622
1667760 624
1667770 623
1667780 623
1667790 623
1667800 622
1667810 622
1667820 621
1667830 620
1667840 620
1667850 618
1667860 617
1667870 617
1667880 615
1667890 612
1667900 612
1667910 608
1667920 605
1667930 605
1667940 602
1667950 599
1667960 599
1667970 596
1667980 593
1667990 593
1668000 590
1668010 588
1668020 588
1668030 586
1668040 584
1668050 584
1668060 583
1668070 581
1668080 581
1668090 580
1668100 578
1668110 578
1668120 576
1668130 574
1668140 574
1668150 572
1668160 569
1668170 569
1668180 567
1668190 563
1668200 563
1668210 561
1668220 558
1668230 558
1668240 557
1668250 554
1668260 554
1668270 553
1668280 553
1668290 553
1668300 553
1668310 553
1668320 553
1668330 552
1668340 552
1668350 552
1668360 551
1668370 550
1668380 550
1668390 549
1668400 547
1668410 547
1668420 545
1668430 543
1668440 543
1668450 541
1668460 540
1668470 540
1668480 539
1668490 536
1668500 536
1668510 535
1668520 534
1668530 534
1668540 534
1668550 534
1668560 534
1668570 539
1668580 539
1668590 539
1668600 538
1668610 538
1668620 538
1668630 538
1668640 538
1668650 538
1668660 538
1668670 537
1668680 537
1668690 537
1668700 536
1668710 536
1668720 535
1668730 534
1668740 534
1668750 533
1668760 532
1668770 532
1668780 530
1668790 529
1668800 529
1668810 528
1668820 527
1668830 527
1668840 526
1668850 525
1668860 525
1668870 523
1668880 522
1668890 522
1668900 521
1668910 519
1668920 519
1668930 517
1668940 516
1668950 516
1668960 514
1668970 512
1668980 512
1668990 509
1669000 506
1669010 506
1669020 504
1669030 502
1669040 502
1669050 500
1669060 499
1669070 499
1669080 497
1669090 495
1669100 495
1669110 492
1669120 490
1669130 490
1669140 488
1669150 484
1669160 484
1669170 479
1669180 473
1669190 473
1669200 468
1669210 464
1669220 464
1669230 458
1669240 453
1669250 453
1669260 449
1669270 447
1669280 447
1669290 444
1669300 438
1669310 438
1669320 436
1669330 437
1669340 437
1669350 436
1669360 435
1669370 435
1669380 435
1669390 436
1669400 436
1669410 436
1669420 436
1669430 436
1669440 438
1669450 443
1669460 443
1669470 446
1669480 448
1669490 448
1669500 449
1669510 449
1669520 449
1669530 449
1669540 450
1669550 450
1669560 452
1669570 453
1669580 453
1669590 454
1669600 456
1669610 456
1669620 458
1669630 460
1669640 460
1669650 462
1669660 464
1669670 464
1669680 465
1669690 466
1669700 466
1669710 466
1669720 467
1669730 467
1669740 469
1669750 471
1669760 471
1669770 473
1669780 476
1669790 476
1669800 478
1669810 480
1669820 480
1669830 483
1669840 485
1669850 485
1669860 488
1669870 490
1669880 490
1669890 492
1669900 493
1669910 493
1669920 495
1669930 496
1669940 496
1669950 497
1669960 498
1669970 496
1669980 496
1669990 496
1670000 496
1670010 496
1670020 496
1670030 496
1670040 496
1670050 496
1670060 496
1670070 496
1670080 495
1670090 495
1670100 495
1670110 494
1670120 494
1670130 493
1670140 492
1670150 492
1670160 491
1670170 489
1670180 489
1670190 489
1670200 488
1670210 488
1670220 488
1670230 487
1670240 487
1670250 487
1670260 488
1670270 488
1670280 490
1670290 491
1670300 491
1670310 491
1670320 492
1670330 492
1670340 493
1670350 494
1670360 494
1670370 495
1670380 495
1670390 495
1670400 495
1670410 495
1670420 495
1670430 496
1670440 501
1670450 501
1670460 504
1670470 507
1670480 507
1670490 508
1670500 510
1670510 510
1670520 511
1670530 513
1670540 513
1670550 514
1670560 515
1670570 515
1670580 516
1670590 518
1670600 518
1670610 519
1670620 521
1670630 521
1670640 522
1670650 523
1670660 523
1670670 523
1670680 525
1670690 525
1670700 527
1670710 528
1670720 528
1670730 529
1670740 531
1670750 531
1670760 532
1670770 534
1670780 534
1670790 535
1670800 536
1670810 536
1670820 537
1670830 538
1670840 538
1670850 539
1670860 539
1670870 539
1670880 540
1670890 540
1670900 540
1670910 540
1670920 540
1670930 540
1670940 540
1670950 540
1670960 540
1670970 540
1670980 540
1670990 540
1671000 540
1671010 539
1671020 539
1671030 539
1671040 538
1671050 538
1671060 538
1671070 537
1671080 537
1671090 536
1671100 535
1671110 535
1671120 535
1671130 534
1671140 534
1671150 534
1671160 534
1671170 534
1671180 533
1671190 532
1671200 532
1671210 532
1671220 531
1671230 531
1671240 530
1671250 530
1671260 530
1671270 529
1671280 529
1671290 529
1671300 528
1671310 527
1671320 527
1671330 527
1671340 526
1671350 526
1671360 525
1671370 525
1671380 525
1671390 524
1671400 524
1671410 524
1671420 523
1671430 522
1671440 522
1671450 522
1671460 521
1671470 521
1671480 521
1671490 520
1671500 520
1671510 519
1671520 519
1671530 519
1671540 519
1671550 519
1671560 519
1671570 519
1671580 519
1671590 519
1671600 519
1671610 519
1671620 519
1671630 519
1671640 520
1671650 520
1671660 520
1671670 521
1671680 521
1671690 522
1671700 522
1671710 522
1671720 523
1671730 523
1671740 523
1671750 523
1671760 523
1671770 523
1671780 523
1671790 522
1671800 522
1671810 521
1671820 519
1671830 519
1671840 518
1671850 516
1671860 516
1671870 515
1671880 515
1671890 515
1671900 515
1671910 514
1671920 514
1671930 514
1671940 513
1671950 513
1671960 513
1671970 513
1671980 513
1671990 513
1672000 513
1672010 513
1672020 513
1672030 513
1672040 513
1672050 512
1672060 515
1672070 515
1672080 514
1672090 514
1672100 514
1672110 512
1672120 513
1672130 513
1672140 512
1672150 512
1672160 512
1672170 512
1672180 511
1672190 511
1672200 511
1672210 512
1672220 512
1672230 512
1672240 511
1672250 511
1672260 509
1672270 507
1672280 507
1672290 505
1672300 504
1672310 504
1672320 504
1672330 505
1672340 505
1672350 505
1672360 507
1672370 507
1672380 509
1672390 511
1672400 511
1672410 513
1672420 516
1672430 516
1672440 518
1672450 520
1672460 520
1672470 522
1672480 523
1672490 523
1672500 524
1672510 524
1672520 524
1672530 525
1672540 526
1672550 526
1672560 527
1672570 528
1672580 528
1672590 529
1672600 529
1672610 529
1672620 529
1672630 529
1672640 529
1672650 529
1672660 528
1672670 528
1672680 527
1672690 525
1672700 525
1672710 522
1672720 520
1672730 520
1672740 517
1672750 516
1672760 516
1672770 513
1672780 511
1672790 511
1672800 514
1672810 518
1672820 518
1672830 520
1672840 523
1672850 523
1672860 525
1672870 526
1672880 526
1672890 528
1672900 530
1672910 530
1672920 531
1672930 533
1672940 533
1672950 535
1672960 536
1672970 536
1672980 537
1672990 539
1673000 539
1673010 540
1673020 541
1673030 541
1673040 542
1673050 544
1673060 544
1673070 544
1673080 545
1673090 545
1673100 546
1673110 545
1673120 545
1673130 544
1673140 543
1673150 543
1673160 543
1673170 542
1673180 542
1673190 541
1673200 541
1673210 541
1673220 540
1673230 539
1673240 539
1673250 538
1673260 536
1673270 536
1673280 535
1673290 534
1673300 534
1673310 533
1673320 532
1673330 532
1673340 531
1673350 530
1673360 530
1673370 529
1673380 528
1673390 528
1673400 526
1673410 525
1673420 525
1673430 524
1673440 522
1673450 522
1673460 521
1673470 519
1673480 519
1673490 518
1673500 516
1673510 516
1673520 515
1673530 513
1673540 513
1673550 512
1673560 511
1673570 511
1673580 510
1673590 509
1673600 509
1673610 508
1673620 507
1673630 507
1673640 506
1673650 506
1673660 506
1673670 505
1673680 504
1673690 504
1673700 503
1673710 502
1673720 502
1673730 501
1673740 500
1673750 500
1673760 500
1673770 499
1673780 499
1673790 499
1673800 498
1673810 497
1673820 497
1673830 496
1673840 495
1673850 495
1673860 494
1673870 494
1673880 494
1673890 494
1673900 494
1673910 494
1673920 492
1673930 487
1673940 487
1673950 482
1673960 478
1673970 478
1673980 472
1673990 465
1674000 465
1674010 457
1674020 449
1674030 449
1674040 441
1674050 434
1674060 434
1674070 431
1674080 432
1674090 432
1674100 433
1674110 434
1674120 442
1674130 443
1674140 446
1674150 446
1674160 449
1674170 453
1674180 453
1674190 458
1674200 461
1674210 461
1674220 462
1674230 462
1674240 462
1674250 465
1674260 468
1674270 468
1674280 470
1674290 472
1674300 472
1674310 473
1674320 474
1674330 474
1674340 475
1674350 475
1674360 475
1674370 474
1674380 473
1674390 473
1674400 471
1674410 468
1674420 468
1674430 464
1674440 459
1674450 459
1674460 453
1674470 447
1674480 447
1674490 440
1674500 434
1674510 434
1674520 428
1674530 423
1674540 423
1674550 417
1674560 412
1674570 412
1674580 406
1674590 400
1674600 400
1674610 395
1674620 390
1674630 390
1674640 388
1674650 389
1674660 389
1674670 391
1674680 394
1674690 394
1674700 396
1674710 398
1674720 398
1674730 400
1674740 403
1674750 403
1674760 405
1674770 408
1674780 408
1674790 412
1674800 416
1674810 414
1674820 417
1674830 421
1674840 421
1674850 424
1674860 428
1674870 428
1674880 433
1674890 440
1674900 440
1674910 445
1674920 449
1674930 449
1674940 453
1674950 457
1674960 457
1674970 461
1674980 464
1674990 464
1675000 467
1675010 470
1675020 470
1675030 473
1675040 476
1675050 476
1675060 478
1675070 481
1675080 481
1675090 484
1675100 486
1675110 486
1675120 489
1675130 491
1675140 491
1675150 493
1675160 495
1675170 495
1675180 497
1675190 499
1675200 499
1675210 502
1675220 505
1675230 505
1675240 508
1675250 510
1675260 510
1675270 512
1675280 514
1675290 514
1675300 514
1675310 515
1675320 515
1675330 520
1675340 522
1675350 522
1675360 525
1675370 527
1675380 527
1675390 529
1675400 531
1675410 531
1675420 533
1675430 534
1675440 534
1675450 536
1675460 538
1675470 538
1675480 540
1675490 541
1675500 541
1675510 543
1675520 544
1675530 544
1675540 546
1675550 548
1675560 548
1675570 549
1675580 551
1675590 551
1675600 553
1675610 555
1675620 555
1675630 557
1675640 558
1675650 558
1675660 560
1675670 561
1675680 561
1675690 563
1675700 565
1675710 565
1675720 567
1675730 569
1675740 569
1675750 571
1675760 573
1675770 573
1675780 575
1675790 577
1675800 577
1675810 579
1675820 582
1675830 582
1675840 585
1675850 588
1675860 588
1675870 591
1675880 593
1675890 593
1675900 596
1675910 598
1675920 598
1675930 601
1675940 603
1675950 603
1675960 606
1675970 608
1675980 608
1675990 611
1676000 615
1676010 615
1676020 617
1676030 618
1676040 618
1676050 620
1676060 621
1676070 621
1676080 623
1676090 624
1676100 624
1676110 626
1676120 627
1676130 627
1676140 628
1676150 628
1676160 626
1676170 626
1676180 626
1676190 626
1676200 625
1676210 625
1676220 625
1676230 624
1676240 623
1676250 623
1676260 622
1676270 622
1676280 622
1676290 621
1676300 620
1676310 620
1676320 619
1676330 618
1676340 618
1676350 617
1676360 616
1676370 616
1676380 614
1676390 613
1676400 613
1676410 612
1676420 611
1676430 611
1676440 610
1676450 609
1676460 609
1676470 607
1676480 606
1676490 606
1676500 605
1676510 604
1676520 604
1676530 604
1676540 603
1676550 603
1676560 602
1676570 602
1676580 602
1676590 600
1676600 600
1676610 600
1676620 599
1676630 599
1676640 599
1676650 598
1676660 597
1676670 597
1676680 597
1676690 596
1676700 596
1676710 595
1676720 594
1676730 594
1676740 594
1676750 593
1676760 593
1676770 593
1676780 593
1676790 593
1676800 593
1676810 593
1676820 593
1676830 592
1676840 590
1676850 590
1676860 591
1676870 591
1676880 591
1676890 591
1676900 591
1676910 591
1676920 591
1676930 590
1676940 590
1676950 590
1676960 590
1676970 590
1676980 590
1676990 590
1677000 590
1677010 589
1677020 588
1677030 588
1677040 588
1677050 589
1677060 589
1677070 589
1677080 588
1677090 588
1677100 589
1677110 590
1677120 590
1677130 591
1677140 592
1677150 592
1677160 592
1677170 593
1677180 593
1677190 595
1677200 596
1677210 596
1677220 597
1677230 598
1677240 598
1677250 600
1677260 601
1677270 601
1677280 602
1677290 604
1677300 604
1677310 605
1677320 607
1677330 607
1677340 608
1677350 610
1677360 610
1677370 611
1677380 613
1677390 613
1677400 615
1677410 617
1677420 617
1677430 619
1677440 621
1677450 621
1677460 623
1677470 626
1677480 626
1677490 628
1677500 631
1677510 629
1677520 631
1677530 633
1677540 633
1677550 636
1677560 638
1677570 638
1677580 640
1677590 643
1677600 643
1677610 645
1677620 647
1677630 647
1677640 651
1677650 653
1677660 653
1677670 655
1677680 658
1677690 658
1677700 660
1677710 659
1677720 659
1677730 657
1677740 658
1677750 658
1677760 658
1677770 659
1677780 659
1677790 659
1677800 660
1677810 660
1677820 661
1677830 663
1677840 663
1677850 664
1677860 665
1677870 665
1677880 666
1677890 667
1677900 667
1677910 668
1677920 670
1677930 670
1677940 671
1677950 673
1677960 673
1677970 674
1677980 676
1677990 676
1678000 677
1678010 679
1678020 679
1678030 680
1678040 681
1678050 681
1678060 683
1678070 684
1678080 684
1678090 685
1678100 687
1678110 687
1678120 688
1678130 690
1678140 690
1678150 691
1678160 693
1678170 693
1678180 695
1678190 696
1678200 696
1678210 698
1678220 699
1678230 699
1678240 701
1678250 702
1678260 702
1678270 703
1678280 705
1678290 705
1678300 706
1678310 708
1678320 708
1678330 709
1678340 710
1678350 710
1678360 711
1678370 712
1678380 712
1678390 713
1678400 714
1678410 714
1678420 714
1678430 714
1678440 714
1678450 715
1678460 716
1678470 716
1678480 716
1678490 717
1678500 717
1678510 717
1678520 718
1678530 718
1678540 719
1678550 720
1678560 720
1678570 721
1678580 722
1678590 722
1678600 722
1678610 723
1678620 723
1678630 724
1678640 725
1678650 725
1678660 726
1678670 726
1678680 726
1678690 727
1678700 728
1678710 728
1678720 729
1678730 730
1678740 730
1678750 731
1678760 732
1678770 732
1678780 733
1678790 734
1678800 734
1678810 736
1678820 736
1678830 736
1678840 737
1678850 737
1678860 737
1678870 738
1678880 739
1678890 739
1678900 741
1678910 742
1678920 742
1678930 743
1678940 744
1678950 744
1678960 745
1678970 746
1678980 746
1678990 748
1679000 749
1679010 749
1679020 750
1679030 751
1679040 751
1679050 752
1679060 753
1679070 753
1679080 754
1679090 755
1679100 755
1679110 756
1679120 757
1679130 757
1679140 758
1679150 760
1679160 760
1679170 761
1679180 762
1679190 762
1679200 764
1679210 766
1679220 766
1679230 768
1679240 770
1679250 770
1679260 772
1679270 773
1679280 773
1679290 775
1679300 776
1679310 776
1679320 777
1679330 779
1679340 779
1679350 781
1679360 782
1679370 782
1679380 783
1679390 785
1679400 785
1679410 786
1679420 787
1679430 787
1679440 788
1679450 789
1679460 789
1679470 790
1679480 791
1679490 791
1679500 792
1679510 792
1679520 791
1679530 792
1679540 792
1679550 792
1679560 793
1679570 793
1679580 793
1679590 792
1679600 792
1679610 792
1679620 792
1679630 792
1679640 792
1679650 792
1679660 791
1679670 791
1679680 791
1679690 791
1679700 791
1679710 791
1679720 790
1679730 790
1679740 790
1679750 790
1679760 790
1679770 790
1679780 790
1679790 790
1679800 789
1679810 789
1679820 789
1679830 788
1679840 788
1679850 788
1679860 787
1679870 787
1679880 787
1679890 786
1679900 785
1679910 785
1679920 785
1679930 784
1679940 784
1679950 783
1679960 782
1679970 782
1679980 782
1679990 781
