1660000 411
1660010 417
1660020 417
1660030 423
1660040 427
1660050 427
1660060 431
1660070 435
1660080 435
1660090 437
1660100 441
1660110 441
1660120 444
1660130 448
1660140 448
1660150 451
1660160 453
1660170 453
1660180 454
1660190 455
1660200 455
1660210 456
1660220 457
1660230 457
1660240 457
1660250 456
1660260 456
1660270 456
1660280 455
1660290 455
1660300 455
1660310 453
1660320 453
1660330 452
1660340 449
1660350 449
1660360 446
1660370 441
1660380 441
1660390 438
1660400 436
1660410 436
1660420 436
1660430 438
1660440 438
1660450 441
1660460 445
1660470 445
1660480 449
1660490 451
1660500 451
1660510 451
1660520 450
1660530 450
1660540 450
1660550 448
1660560 448
1660570 447
1660580 446
1660590 446
1660600 446
1660610 448
1660620 448
1660630 449
1660640 450
1660650 450
1660660 451
1660670 452
1660680 452
1660690 452
1660700 452
1660710 452
1660720 453
1660730 453
1660740 453
1660750 454
1660760 454
1660770 454
1660780 455
1660790 455
1660800 455
1660810 456
1660820 457
1660830 457
1660840 458
1660850 459
1660860 459
1660870 460
1660880 461
1660890 461
1660900 460
1660910 459
1660920 459
1660930 458
1660940 456
1660950 456
1660960 455
1660970 452
1660980 452
1660990 450
1661000 447
1661010 447
1661020 446
1661030 449
1661040 449
1661050 452
1661060 456
1661070 456
1661080 460
1661090 463
1661100 463
1661110 465
1661120 467
1661130 467
1661140 469
1661150 471
1661160 471
1661170 473
1661180 476
1661190 476
1661200 478
1661210 480
1661220 480
1661230 482
1661240 484
1661250 484
1661260 486
1661270 488
1661280 488
1661290 491
1661300 492
1661310 492
1661320 494
1661330 496
1661340 496
1661350 497
1661360 498
1661370 498
1661380 499
1661390 499
1661400 499
1661410 498
1661420 496
1661430 496
1661440 493
1661450 489
1661460 489
1661470 486
1661480 486
1661490 486
1661500 487
1661510 490
1661520 490
1661530 492
1661540 494
1661550 494
1661560 497
1661570 500
1661580 500
1661590 503
1661600 505
1661610 505
1661620 507
1661630 508
1661640 508
1661650 509
1661660 511
1661670 511
1661680 511
1661690 514
1661700 514
1661710 515
1661720 515
1661730 515
1661740 515
1661750 514
1661760 514
1661770 513
1661780 512
1661790 512
1661800 510
1661810 507
1661820 507
1661830 506
1661840 505
1661850 505
1661860 504
1661870 503
1661880 503
1661890 501
1661900 498
1661910 498
1661920 495
1661930 492
1661940 492
1661950 491
1661960 491
1661970 491
1661980 492
1661990 493
1662000 493
1662010 492
1662020 491
1662030 491
1662040 490
1662050 489
1662060 489
1662070 488
1662080 488
1662090 488
1662100 489
1662110 491
1662120 491
1662130 493
1662140 494
1662150 494
1662160 496
1662170 497
1662180 497
1662190 498
1662200 499
1662210 499
1662220 499
1662230 499
1662240 499
1662250 499
1662260 499
1662270 499
1662280 500
1662290 500
1662300 500
1662310 501
1662320 501
1662330 501
1662340 501
1662350 501
1662360 501
1662370 501
1662380 500
1662390 500
1662400 499
1662410 497
1662420 497
1662430 495
1662440 493
1662450 493
1662460 491
1662470 488
1662480 488
1662490 486
1662500 483
1662510 483
1662520 480
1662530 477
1662540 477
1662550 474
1662560 474
1662570 474
1662580 479
1662590 483
1662600 483
1662610 485
1662620 488
1662630 488
1662640 491
1662650 494
1662660 494
1662670 496
1662680 498
1662690 498
1662700 499
1662710 501
1662720 501
1662730 502
1662740 503
1662750 503
1662760 504
1662770 504
1662780 504
1662790 504
1662800 504
1662810 504
1662820 503
1662830 503
1662840 503
1662850 502
1662860 501
1662870 501
1662880 498
1662890 495
1662900 495
1662910 491
1662920 486
1662930 486
1662940 482
1662950 478
1662960 478
1662970 475
1662980 476
1662990 476
1663000 478
1663010 480
1663020 480
1663030 483
1663040 485
1663050 485
1663060 488
1663070 490
1663080 490
1663090 492
1663100 494
1663110 494
1663120 495
1663130 496
1663140 496
1663150 497
1663160 497
1663170 497
1663180 497
1663190 498
1663200 498
1663210 498
1663220 498
1663230 498
1663240 498
1663250 498
1663260 498
1663270 498
1663280 498
1663290 498
1663300 498
1663310 498
1663320 498
1663330 498
1663340 497
1663350 497
1663360 496
1663370 496
1663380 496
1663390 495
1663400 494
1663410 494
1663420 492
1663430 491
1663440 491
1663450 490
1663460 488
1663470 488
1663480 487
1663490 485
1663500 485
1663510 483
1663520 482
1663530 482
1663540 480
1663550 476
1663560 476
1663570 472
1663580 468
1663590 468
1663600 464
1663610 461
1663620 461
1663630 458
1663640 455
1663650 455
1663660 451
1663670 448
1663680 448
1663690 445
1663700 443
1663710 443
1663720 442
1663730 441
1663740 441
1663750 440
1663760 440
1663770 440
1663780 439
1663790 438
1663800 438
1663810 435
1663820 433
1663830 433
1663840 431
1663850 429
1663860 429
1663870 427
1663880 426
1663890 426
1663900 423
1663910 424
1663920 424
1663930 429
1663940 434
1663950 434
1663960 437
1663970 440
1663980 440
1663990 443
1664000 444
1664010 444
1664020 445
1664030 446
1664040 446
1664050 451
1664060 454
1664070 454
1664080 457
1664090 461
1664100 461
1664110 464
1664120 466
1664130 466
1664140 468
1664150 470
1664160 470
1664170 472
1664180 474
1664190 474
1664200 476
1664210 478
1664220 478
1664230 481
1664240 484
1664250 484
1664260 488
1664270 491
1664280 491
1664290 493
1664300 497
1664310 497
1664320 499
1664330 503
1664340 503
1664350 507
1664360 513
1664370 513
1664380 518
1664390 525
1664400 525
1664410 528
1664420 529
1664430 529
1664440 531
1664450 532
1664460 532
1664470 534
1664480 537
1664490 537
1664500 539
1664510 541
1664520 541
1664530 544
1664540 547
1664550 547
1664560 551
1664570 555
1664580 555
1664590 557
1664600 553
1664610 553
1664620 554
1664630 555
1664640 555
1664650 557
1664660 559
1664670 559
1664680 560
1664690 564
1664700 564
1664710 567
1664720 570
1664730 570
1664740 574
1664750 576
1664760 576
1664770 578
1664780 579
1664790 579
1664800 580
1664810 582
1664820 582
1664830 585
1664840 588
1664850 588
1664860 591
1664870 595
1664880 595
1664890 599
1664900 604
1664910 604
1664920 609
1664930 612
1664940 612
1664950 615
1664960 619
1664970 619
1664980 623
1664990 626
1665000 626
1665010 628
1665020 631
1665030 631
1665040 633
1665050 636
1665060 636
1665070 639
1665080 643
1665090 643
1665100 646
1665110 648
1665120 648
1665130 649
1665140 648
1665150 648
1665160 647
1665170 647
1665180 647
1665190 646
1665200 644
1665210 644
1665220 643
1665230 641
1665240 641
1665250 640
1665260 640
1665270 640
1665280 638
1665290 636
1665300 636
1665310 634
1665320 628
1665330 628
1665340 626
1665350 622
1665360 622
1665370 619
1665380 616
1665390 616
1665400 613
1665410 611
1665420 611
1665430 610
1665440 608
1665450 608
1665460 607
1665470 606
1665480 606
1665490 605
1665500 605
1665510 605
1665520 604
1665530 603
1665540 603
1665550 602
1665560 601
1665570 601
1665580 600
1665590 600
1665600 600
1665610 601
1665620 600
1665630 600
1665640 600
1665650 601
1665660 601
1665670 601
1665680 601
1665690 601
1665700 601
1665710 600
1665720 600
1665730 601
1665740 601
1665750 601
1665760 601
1665770 601
1665780 601
1665790 600
1665800 600
1665810 600
1665820 600
1665830 599
1665840 599
1665850 598
1665860 597
1665870 597
1665880 596
1665890 596
1665900 596
1665910 595
1665920 593
1665930 593
1665940 592
1665950 590
1665960 590
1665970 589
1665980 588
1665990 588
1666000 587
1666010 586
1666020 586
1666030 582
1666040 582
1666050 582
1666060 581
1666070 580
1666080 580
1666090 581
1666100 581
1666110 581
1666120 580
1666130 578
1666140 578
1666150 577
1666160 576
1666170 576
1666180 573
1666190 570
1666200 570
1666210 568
1666220 567
1666230 567
1666240 564
1666250 560
1666260 560
1666270 556
1666280 554
1666290 554
1666300 552
1666310 550
1666320 550
1666330 548
1666340 546
1666350 546
1666360 545
1666370 546
1666380 546
1666390 547
1666400 546
1666410 546
1666420 548
1666430 551
1666440 551
1666450 552
1666460 554
1666470 554
1666480 555
1666490 556
1666500 556
1666510 557
1666520 557
1666530 557
1666540 558
1666550 562
1666560 562
1666570 564
1666580 566
1666590 566
1666600 570
1666610 573
1666620 573
1666630 576
1666640 579
1666650 579
1666660 581
1666670 584
1666680 584
1666690 586
1666700 589
1666710 589
1666720 592
1666730 594
1666740 594
1666750 601
1666760 603
1666770 603
1666780 605
1666790 608
1666800 608
1666810 610
1666820 613
1666830 613
1666840 615
1666850 618
1666860 618
1666870 620
1666880 622
1666890 622
1666900 624
1666910 626
1666920 626
1666930 627
1666940 629
1666950 629
1666960 630
1666970 631
1666980 631
1666990 633
1667000 634
1667010 634
1667020 636
1667030 638
1667040 638
1667050 641
1667060 643
1667070 643
1667080 646
1667090 648
1667100 648
1667110 651
1667120 653
1667130 653
1667140 655
1667150 658
1667160 658
1667170 660
1667180 663
1667190 663
1667200 665
1667210 667
1667220 667
1667230 669
1667240 671
1667250 671
1667260 672
1667270 673
1667280 673
1667290 673
1667300 674
1667310 674
1667320 675
1667330 676
1667340 676
1667350 675
1667360 675
1667370 675
1667380 674
1667390 673
1667400 673
1667410 672
1667420 671
1667430 671
1667440 669
1667450 667
1667460 665
1667470 663
1667480 661
1667490 661
1667500 658
1667510 656
1667520 656
1667530 653
1667540 650
1667550 650
1667560 646
1667570 643
1667580 643
1667590 639
1667600 634
1667610 634
1667620 630
1667630 628
1667640 628
1667650 626
1667660 624
1667670 624
1667680 622
1667690 621
1667700 621
1667710 620
1667720 620
1667730 620
1667740 619
1667750 618
1667760 618
1667770 616
1667780 614
1667790 614
1667800 612
1667810 610
1667820 610
1667830 608
1667840 606
1667850 606
1667860 604
1667870 603
1667880 603
1667890 601
1667900 598
1667910 598
1667920 593
1667930 590
1667940 590
1667950 588
1667960 584
1667970 584
1667980 581
1667990 578
1668000 578
1668010 575
1668020 573
1668030 573
1668040 571
1668050 570
1668060 570
1668070 568
1668080 565
1668090 565
1668100 563
1668110 560
1668120 560
1668130 557
1668140 555
1668150 555
1668160 551
1668170 549
1668180 549
1668190 548
1668200 547
1668210 547
1668220 546
1668230 545
1668240 545
1668250 544
1668260 543
1668270 543
1668280 543
1668290 541
1668300 541
1668310 541
1668320 539
1668330 539
1668340 538
1668350 537
1668360 537
1668370 536
1668380 534
1668390 534
1668400 532
1668410 530
1668420 530
1668430 528
1668440 525
1668450 525
1668460 523
1668470 521
1668480 521
1668490 519
1668500 517
1668510 517
1668520 515
1668530 513
1668540 513
1668550 510
1668560 506
1668570 506
1668580 504
1668590 503
1668600 503
1668610 502
1668620 502
1668630 502
1668640 501
1668650 501
1668660 501
1668670 501
1668680 499
1668690 499
1668700 498
1668710 496
1668720 496
1668730 494
1668740 493
1668750 493
1668760 491
1668770 490
1668780 490
1668790 489
1668800 487
1668810 487
1668820 486
1668830 485
1668840 485
1668850 483
1668860 482
1668870 481
1668880 480
1668890 478
1668900 478
1668910 477
1668920 475
1668930 475
1668940 473
1668950 471
1668960 471
1668970 469
1668980 467
1668990 467
1669000 464
1669010 462
1669020 462
1669030 459
1669040 456
1669050 456
1669060 453
1669070 451
1669080 451
1669090 447
1669100 443
1669110 443
1669120 440
1669130 440
1669140 440
1669150 441
1669160 441
1669170 441
1669180 441
1669190 441
1669200 441
1669210 441
1669220 441
1669230 441
1669240 442
1669250 443
1669260 443
1669270 444
1669280 444
1669290 444
1669300 445
1669310 445
1669320 445
1669330 446
1669340 446
1669350 446
1669360 447
1669370 446
1669380 446
1669390 446
1669400 446
1669410 446
1669420 446
1669430 447
1669440 447
1669450 447
1669460 447
1669470 447
1669480 447
1669490 447
1669500 447
1669510 447
1669520 447
1669530 447
1669540 447
1669550 447
1669560 447
1669570 448
1669580 448
1669590 448
1669600 447
1669610 447
1669620 447
1669630 447
1669640 447
1669650 447
1669660 447
1669670 449
1669680 449
1669690 453
1669700 456
1669710 456
1669720 459
1669730 461
1669740 461
1669750 463
1669760 465
1669770 465
1669780 466
1669790 466
1669800 466
1669810 466
1669820 466
1669830 466
1669840 466
1669850 466
1669860 466
1669870 466
1669880 466
1669890 466
1669900 466
1669910 466
1669920 466
1669930 466
1669940 465
1669950 465
1669960 464
1669970 462
1669980 462
1669990 457
1670000 453
1670010 453
1670020 449
1670030 446
1670040 446
1670050 444
1670060 444
1670070 444
1670080 444
1670090 444
1670100 444
1670110 444
1670120 444
1670130 444
1670140 444
1670150 444
1670160 444
1670170 444
1670180 444
1670190 444
1670200 444
1670210 444
1670220 444
1670230 444
1670240 444
1670250 444
1670260 444
1670270 444
1670280 444
1670290 444
1670300 445
1670310 445
1670320 445
1670330 445
1670340 445
1670350 445
1670360 445
1670370 445
1670380 446
1670390 446
1670400 446
1670410 446
1670420 446
1670430 446
1670440 446
1670450 446
1670460 446
1670470 446
1670480 447
1670490 447
1670500 447
1670510 448
1670520 448
1670530 449
1670540 454
1670550 454
1670560 459
1670570 460
1670580 460
1670590 462
1670600 464
1670610 464
1670620 465
1670630 466
1670640 466
1670650 467
1670660 469
1670670 469
1670680 470
1670690 472
1670700 472
1670710 473
1670720 474
1670730 474
1670740 475
1670750 476
1670760 476
1670770 477
1670780 477
1670790 477
1670800 478
1670810 479
1670820 479
1670830 481
1670840 482
1670850 482
1670860 484
1670870 486
1670880 486
1670890 487
1670900 488
1670910 488
1670920 489
1670930 490
1670940 490
1670950 490
1670960 490
1670970 488
1670980 488
1670990 488
1671000 488
1671010 488
1671020 487
1671030 487
1671040 487
1671050 488
1671060 488
1671070 488
1671080 491
1671090 491
1671100 493
1671110 496
1671120 496
1671130 498
1671140 501
1671150 501
1671160 504
1671170 507
1671180 507
1671190 510
1671200 514
1671210 514
1671220 517
1671230 521
1671240 521
1671250 524
1671260 525
1671270 525
1671280 529
1671290 530
1671300 530
1671310 533
1671320 534
1671330 534
1671340 536
1671350 537
1671360 537
1671370 539
1671380 540
1671390 540
1671400 541
1671410 543
1671420 543
1671430 544
1671440 546
1671450 546
1671460 547
1671470 549
1671480 549
1671490 551
1671500 552
1671510 552
1671520 554
1671530 555
1671540 555
1671550 557
1671560 558
1671570 558
1671580 559
1671590 560
1671600 560
1671610 561
1671620 562
1671630 562
1671640 562
1671650 563
1671660 564
1671670 565
1671680 565
1671690 565
1671700 566
1671710 566
1671720 566
1671730 567
1671740 567
1671750 567
1671760 567
1671770 568
1671780 568
1671790 568
1671800 568
1671810 568
1671820 568
1671830 569
1671840 569
1671850 569
1671860 570
1671870 570
1671880 571
1671890 571
1671900 571
1671910 572
1671920 573
1671930 573
1671940 574
1671950 575
1671960 575
1671970 575
1671980 576
1671990 576
1672000 577
1672010 578
1672020 578
1672030 579
1672040 579
1672050 579
1672060 580
1672070 580
1672080 580
1672090 581
1672100 582
1672110 582
1672120 583
1672130 584
1672140 584
1672150 585
1672160 586
1672170 586
1672180 587
1672190 588
1672200 588
1672210 589
1672220 590
1672230 590
1672240 591
1672250 591
1672260 591
1672270 592
1672280 592
1672290 592
1672300 592
1672310 591
1672320 591
1672330 591
1672340 590
1672350 590
1672360 591
1672370 591
1672380 591
1672390 590
1672400 589
1672410 589
1672420 589
1672430 588
1672440 588
1672450 587
1672460 586
1672470 586
1672480 585
1672490 584
1672500 584
1672510 582
1672520 580
1672530 580
1672540 578
1672550 574
1672560 574
1672570 571
1672580 568
1672590 568
1672600 566
1672610 562
1672620 562
1672630 560
1672640 558
1672650 558
1672660 557
1672670 558
1672680 558
1672690 558
1672700 559
1672710 559
1672720 559
1672730 560
1672740 560
1672750 561
1672760 561
1672770 561
1672780 561
1672790 560
1672800 560
1672810 560
1672820 560
1672830 560
1672840 560
1672850 561
1672860 561
1672870 562
1672880 563
1672890 563
1672900 564
1672910 565
1672920 565
1672930 566
1672940 567
1672950 567
1672960 569
1672970 570
1672980 570
1672990 571
1673000 573
1673010 573
1673020 575
1673030 577
1673040 577
1673050 579
1673060 581
1673070 581
1673080 582
1673090 583
1673100 583
1673110 583
1673120 583
1673130 583
1673140 583
1673150 582
1673160 582
1673170 581
1673180 581
1673190 581
1673200 579
1673210 578
1673220 578
1673230 576
1673240 574
1673250 574
1673260 572
1673270 570
1673280 570
1673290 568
1673300 566
1673310 566
1673320 564
1673330 562
1673340 562
1673350 560
1673360 558
1673370 558
1673380 555
1673390 553
1673400 553
1673410 551
1673420 548
1673430 548
1673440 546
1673450 544
1673460 544
1673470 542
1673480 540
1673490 540
1673500 538
1673510 535
1673520 535
1673530 531
1673540 527
1673550 527
1673560 523
1673570 519
1673580 519
1673590 516
1673600 512
1673610 512
1673620 508
1673630 509
1673640 509
1673650 512
1673660 514
1673670 514
1673680 513
1673690 509
1673700 509
1673710 503
1673720 498
1673730 501
1673740 497
1673750 495
1673760 495
1673770 498
1673780 503
1673790 503
1673800 508
1673810 512
1673820 512
1673830 516
1673840 520
1673850 520
1673860 522
1673870 525
1673880 525
1673890 528
1673900 531
1673910 531
1673920 533
1673930 535
1673940 535
1673950 536
1673960 537
1673970 537
1673980 538
1673990 538
1674000 538
1674010 537
1674020 537
1674030 537
1674040 536
1674050 535
1674060 535
1674070 534
1674080 533
1674090 533
1674100 531
1674110 529
1674120 529
1674130 528
1674140 526
1674150 526
1674160 525
1674170 523
1674180 523
1674190 522
1674200 521
1674210 521
1674220 520
1674230 519
1674240 519
1674250 518
1674260 517
1674270 517
1674280 517
1674290 516
1674300 516
1674310 515
1674320 515
1674330 515
1674340 514
1674350 514
1674360 514
1674370 513
1674380 512
1674390 512
1674400 511
1674410 510
1674420 511
1674430 510
1674440 509
1674450 509
1674460 508
1674470 507
1674480 507
1674490 506
1674500 505
1674510 505
1674520 503
1674530 502
1674540 502
1674550 500
1674560 498
1674570 498
1674580 497
1674590 495
1674600 495
1674610 494
1674620 492
1674630 492
1674640 490
1674650 489
1674660 489
1674670 488
1674680 486
1674690 486
1674700 485
1674710 484
1674720 484
1674730 482
1674740 480
1674750 480
1674760 479
1674770 478
1674780 478
1674790 476
1674800 473
1674810 473
1674820 470
1674830 467
1674840 467
1674850 463
1674860 459
1674870 459
1674880 455
1674890 451
1674900 451
1674910 446
1674920 442
1674930 442
1674940 436
1674950 429
1674960 429
1674970 423
1674980 419
1674990 419
1675000 412
1675010 406
1675020 406
1675030 400
1675040 399
1675050 399
1675060 400
1675070 403
1675080 403
1675090 406
1675100 409
1675110 409
1675120 416
1675130 423
1675140 423
1675150 428
1675160 432
1675170 432
1675180 436
1675190 441
1675200 441
1675210 445
1675220 449
1675230 449
1675240 451
1675250 454
1675260 454
1675270 458
1675280 460
1675290 460
1675300 463
1675310 466
1675320 466
1675330 468
1675340 471
1675350 471
1675360 473
1675370 475
1675380 475
1675390 477
1675400 479
1675410 479
1675420 482
1675430 484
1675440 484
1675450 486
1675460 489
1675470 489
1675480 491
1675490 493
1675500 493
1675510 495
1675520 496
1675530 496
1675540 498
1675550 500
1675560 500
1675570 502
1675580 504
1675590 504
1675600 506
1675610 508
1675620 508
1675630 510
1675640 511
1675650 511
1675660 513
1675670 514
1675680 514
1675690 515
1675700 517
1675710 517
1675720 518
1675730 520
1675740 520
1675750 521
1675760 523
1675770 523
1675780 523
1675790 524
1675800 524
1675810 526
1675820 527
1675830 527
1675840 528
1675850 529
1675860 529
1675870 530
1675880 531
1675890 531
1675900 532
1675910 533
1675920 533
1675930 534
1675940 535
1675950 535
1675960 536
1675970 537
1675980 537
1675990 538
1676000 539
1676010 539
1676020 539
1676030 540
1676040 540
1676050 541
1676060 542
1676070 542
1676080 543
1676090 543
1676100 543
1676110 544
1676120 544
1676130 544
1676140 545
1676150 546
1676160 546
1676170 547
1676180 548
1676190 548
1676200 549
1676210 550
1676220 550
1676230 551
1676240 551
1676250 551
1676260 552
1676270 552
1676280 552
1676290 552
1676300 552
1676310 552
1676320 553
1676330 553
1676340 553
1676350 554
1676360 556
1676370 556
1676380 557
1676390 557
1676400 557
1676410 556
1676420 553
1676430 553
1676440 552
1676450 550
1676460 548
1676470 546
1676480 545
1676490 545
1676500 544
1676510 543
1676520 543
1676530 543
1676540 542
1676550 542
1676560 541
1676570 540
1676580 540
1676590 540
1676600 539
1676610 539
1676620 539
1676630 538
1676640 538
1676650 537
1676660 537
1676670 537
1676680 537
1676690 536
1676700 536
1676710 535
1676720 535
1676730 535
1676740 534
1676750 534
1676760 534
1676770 534
1676780 533
1676790 533
1676800 531
1676810 528
1676820 528
1676830 527
1676840 527
1676850 527
1676860 527
1676870 526
1676880 526
1676890 525
1676900 527
1676910 527
1676920 529
1676930 531
1676940 531
1676950 532
1676960 533
1676970 533
1676980 534
1676990 535
1677000 535
1677010 536
1677020 537
1677030 537
1677040 538
1677050 539
1677060 539
1677070 541
1677080 542
1677090 542
1677100 543
1677110 544
1677120 544
1677130 544
1677140 546
1677150 546
1677160 547
1677170 548
1677180 548
1677190 550
1677200 551
1677210 551
1677220 552
1677230 554
1677240 554
1677250 555
1677260 556
1677270 556
1677280 558
1677290 559
1677300 559
1677310 561
1677320 562
1677330 562
1677340 564
1677350 565
1677360 565
1677370 566
1677380 568
1677390 568
1677400 570
1677410 572
1677420 572
1677430 574
1677440 575
1677450 575
1677460 577
1677470 578
1677480 578
1677490 579
1677500 581
1677510 581
1677520 582
1677530 583
1677540 583
1677550 585
1677560 586
1677570 586
1677580 587
1677590 589
1677600 589
1677610 591
1677620 592
1677630 592
1677640 594
1677650 596
1677660 596
1677670 597
1677680 598
1677690 598
1677700 600
1677710 601
1677720 601
1677730 602
1677740 603
1677750 603
1677760 605
1677770 607
1677780 607
1677790 608
1677800 609
1677810 609
1677820 610
1677830 612
1677840 612
1677850 614
1677860 616
1677870 616
1677880 618
1677890 620
1677900 620
1677910 622
1677920 624
1677930 624
1677940 626
1677950 627
1677960 627
1677970 629
1677980 631
1677990 631
1678000 632
1678010 634
1678020 634
1678030 635
1678040 637
1678050 637
1678060 638
1678070 640
1678080 640
1678090 641
1678100 643
1678110 643
1678120 644
1678130 645
1678140 645
1678150 647
1678160 648
1678170 648
1678180 649
1678190 650
1678200 650
1678210 651
1678220 652
1678230 652
1678240 653
1678250 655
1678260 655
1678270 657
1678280 658
1678290 658
1678300 659
1678310 660
1678320 660
1678330 661
1678340 663
1678350 663
1678360 664
1678370 665
1678380 665
1678390 666
1678400 667
1678410 667
1678420 668
1678430 670
1678440 670
1678450 671
1678460 672
1678470 671
1678480 672
1678490 674
1678500 674
1678510 675
1678520 676
1678530 676
1678540 677
1678550 678
1678560 678
1678570 679
1678580 681
1678590 681
1678600 682
1678610 683
1678620 683
1678630 684
1678640 685
1678650 685
1678660 686
1678670 687
1678680 687
1678690 689
1678700 690
1678710 690
1678720 691
1678730 692
1678740 692
1678750 693
1678760 694
1678770 694
1678780 695
1678790 696
1678800 696
1678810 697
1678820 698
1678830 698
1678840 700
1678850 702
1678860 702
1678870 703
1678880 704
1678890 704
1678900 705
1678910 706
1678920 706
1678930 707
1678940 709
1678950 709
1678960 709
1678970 711
1678980 711
1678990 712
1679000 713
1679010 713
1679020 715
1679030 716
1679040 716
1679050 717
1679060 718
1679070 718
1679080 720
1679090 721
1679100 721
1679110 722
1679120 724
1679130 724
1679140 725
1679150 726
1679160 726
1679170 728
1679180 729
1679190 729
1679200 731
1679210 732
1679220 732
1679230 734
1679240 735
1679250 735
1679260 737
1679270 738
1679280 738
1679290 740
1679300 742
1679310 742
1679320 742
1679330 743
1679340 743
1679350 744
1679360 746
1679370 746
1679380 747
1679390 748
1679400 748
1679410 748
1679420 749
1679430 749
1679440 750
1679450 751
1679460 751
1679470 752
1679480 752
1679490 752
1679500 753
1679510 753
1679520 753
1679530 754
1679540 754
1679550 754
1679560 754
1679570 755
1679580 755
1679590 755
1679600 756
1679610 756
1679620 756
1679630 756
1679640 756
1679650 757
1679660 757
1679670 757
1679680 758
1679690 758
1679700 758
1679710 758
1679720 759
1679730 759
1679740 759
1679750 760
1679760 760
1679770 760
1679780 760
1679790 760
1679800 761
1679810 761
1679820 761
1679830 761
1679840 762
1679850 762
1679860 762
1679870 762
1679880 762
1679890 762
1679900 763
1679910 763
1679920 763
1679930 763
1679940 763
1679950 763
1679960 764
1679970 764
1679980 764
1679990 764
