1660000 401
1660010 405
1660020 405
1660030 409
1660040 415
1660050 415
1660060 420
1660070 426
1660080 426
1660090 431
1660100 434
1660110 434
1660120 438
1660130 442
1660140 442
1660150 447
1660160 451
1660170 451
1660180 452
1660190 450
1660200 450
1660210 448
1660220 446
1660230 446
1660240 445
1660250 448
1660260 448
1660270 453
1660280 456
1660290 456
1660300 459
1660310 461
1660320 461
1660330 464
1660340 466
1660350 466
1660360 467
1660370 470
1660380 470
1660390 472
1660400 474
1660410 474
1660420 475
1660430 476
1660440 476
1660450 477
1660460 479
1660470 479
1660480 480
1660490 482
1660500 482
1660510 483
1660520 485
1660530 485
1660540 486
1660550 488
1660560 488
1660570 491
1660580 493
1660590 493
1660600 497
1660610 501
1660620 501
1660630 504
1660640 506
1660650 506
1660660 510
1660670 513
1660680 513
1660690 516
1660700 518
1660710 518
1660720 520
1660730 523
1660740 523
1660750 526
1660760 528
1660770 528
1660780 531
1660790 533
1660800 536
1660810 538
1660820 540
1660830 540
1660840 541
1660850 543
1660860 543
1660870 544
1660880 546
1660890 546
1660900 546
1660910 545
1660920 545
1660930 545
1660940 543
1660950 543
1660960 540
1660970 536
1660980 536
1660990 534
1661000 532
1661010 532
1661020 529
1661030 526
1661040 526
1661050 524
1661060 521
1661070 521
1661080 520
1661090 520
1661100 520
1661110 520
1661120 522
1661130 522
1661140 523
1661150 524
1661160 524
1661170 525
1661180 527
1661190 527
1661200 530
1661210 533
1661220 533
1661230 535
1661240 537
1661250 537
1661260 540
1661270 543
1661280 543
1661290 546
1661300 547
1661310 547
1661320 549
1661330 551
1661340 551
1661350 553
1661360 555
1661370 555
1661380 557
1661390 558
1661400 558
1661410 560
1661420 562
1661430 562
1661440 565
1661450 567
1661460 567
1661470 570
1661480 571
1661490 571
1661500 572
1661510 573
1661520 573
1661530 572
1661540 575
1661550 575
1661560 574
1661570 575
1661580 575
1661590 574
1661600 572
1661610 572
1661620 571
1661630 570
1661640 570
1661650 569
1661660 568
1661670 568
1661680 566
1661690 564
1661700 564
1661710 562
1661720 559
1661730 559
1661740 556
1661750 553
1661760 553
1661770 549
1661780 546
1661790 546
1661800 543
1661810 541
1661820 541
1661830 538
1661840 536
1661850 536
1661860 534
1661870 532
1661880 532
1661890 531
1661900 529
1661910 529
1661920 527
1661930 524
1661940 524
1661950 523
1661960 521
1661970 521
1661980 519
1661990 518
1662000 518
1662010 518
1662020 516
1662030 516
1662040 515
1662050 513
1662060 513
1662070 511
1662080 509
1662090 509
1662100 507
1662110 505
1662120 505
1662130 503
1662140 500
1662150 500
1662160 498
1662170 497
1662180 497
1662190 495
1662200 493
1662210 493
1662220 492
1662230 492
1662240 492
1662250 492
1662260 493
1662270 496
1662280 499
1662290 502
1662300 502
1662310 504
1662320 506
1662330 506
1662340 506
1662350 505
1662360 505
1662370 502
1662380 499
1662390 499
1662400 500
1662410 505
1662420 505
1662430 508
1662440 511
1662450 511
1662460 513
1662470 515
1662480 515
1662490 517
1662500 519
1662510 519
1662520 521
1662530 524
1662540 524
1662550 526
1662560 528
1662570 528
1662580 529
1662590 532
1662600 532
1662610 534
1662620 535
1662630 535
1662640 536
1662650 536
1662660 536
1662670 537
1662680 537
1662690 537
1662700 537
1662710 537
1662720 537
1662730 538
1662740 538
1662750 538
1662760 538
1662770 538
1662780 538
1662790 538
1662800 538
1662810 538
1662820 537
1662830 537
1662840 537
1662850 536
1662860 535
1662870 535
1662880 532
1662890 530
1662900 530
1662910 527
1662920 524
1662930 524
1662940 523
1662950 526
1662960 526
1662970 528
1662980 528
1662990 528
1663000 530
1663010 528
1663020 528
1663030 527
1663040 525
1663050 525
1663060 524
1663070 522
1663080 522
1663090 521
1663100 520
1663110 520
1663120 519
1663130 519
1663140 519
1663150 519
1663160 518
1663170 518
1663180 517
1663190 516
1663200 516
1663210 515
1663220 513
1663230 513
1663240 511
1663250 509
1663260 509
1663270 507
1663280 505
1663290 505
1663300 503
1663310 501
1663320 501
1663330 498
1663340 494
1663350 494
1663360 493
1663370 493
1663380 493
1663390 493
1663400 495
1663410 495
1663420 498
1663430 502
1663440 502
1663450 504
1663460 506
1663470 506
1663480 506
1663490 505
1663500 505
1663510 503
1663520 502
1663530 502
1663540 501
1663550 499
1663560 499
1663570 498
1663580 496
1663590 496
1663600 494
1663610 493
1663620 493
1663630 491
1663640 490
1663650 490
1663660 488
1663670 487
1663680 487
1663690 486
1663700 485
1663710 485
1663720 483
1663730 482
1663740 482
1663750 481
1663760 480
1663770 480
1663780 479
1663790 478
1663800 478
1663810 476
1663820 477
1663830 477
1663840 478
1663850 480
1663860 480
1663870 481
1663880 482
1663890 482
1663900 483
1663910 484
1663920 484
1663930 485
1663940 486
1663950 486
1663960 489
1663970 489
1663980 489
1663990 489
1664000 489
1664010 489
1664020 489
1664030 489
1664040 489
1664050 489
1664060 490
1664070 490
1664080 490
1664090 491
1664100 491
1664110 492
1664120 493
1664130 493
1664140 493
1664150 492
1664160 492
1664170 491
1664180 489
1664190 489
1664200 485
1664210 480
1664220 480
1664230 472
1664240 464
1664250 464
1664260 457
1664270 451
1664280 451
1664290 447
1664300 446
1664310 446
1664320 446
1664330 446
1664340 446
1664350 446
1664360 446
1664370 446
1664380 450
1664390 454
1664400 454
1664410 456
1664420 458
1664430 458
1664440 459
1664450 459
1664460 459
1664470 461
1664480 462
1664490 462
1664500 463
1664510 464
1664520 464
1664530 464
1664540 465
1664550 465
1664560 467
1664570 468
1664580 468
1664590 470
1664600 471
1664610 471
1664620 471
1664630 471
1664640 471
1664650 470
1664660 470
1664670 470
1664680 471
1664690 472
1664700 472
1664710 472
1664720 472
1664730 472
1664740 472
1664750 473
1664760 473
1664770 475
1664780 476
1664790 476
1664800 477
1664810 479
1664820 479
1664830 480
1664840 482
1664850 482
1664860 483
1664870 483
1664880 483
1664890 484
1664900 485
1664910 485
1664920 486
1664930 487
1664940 487
1664950 488
1664960 488
1664970 488
1664980 489
1664990 490
1665000 490
1665010 490
1665020 490
1665030 490
1665040 491
1665050 491
1665060 491
1665070 492
1665080 493
1665090 493
1665100 493
1665110 494
1665120 494
1665130 494
1665140 495
1665150 495
1665160 495
1665170 493
1665180 493
1665190 494
1665200 494
1665210 494
1665220 494
1665230 493
1665240 493
1665250 493
1665260 493
1665270 493
1665280 493
1665290 493
1665300 493
1665310 492
1665320 492
1665330 492
1665340 491
1665350 491
1665360 491
1665370 490
1665380 488
1665390 488
1665400 488
1665410 489
1665420 489
1665430 489
1665440 489
1665450 489
1665460 489
1665470 488
1665480 488
1665490 488
1665500 488
1665510 488
1665520 487
1665530 487
1665540 487
1665550 486
1665560 485
1665570 485
1665580 485
1665590 485
1665600 485
1665610 484
1665620 484
1665630 484
1665640 484
1665650 484
1665660 484
1665670 485
1665680 485
1665690 485
1665700 484
1665710 484
1665720 484
1665730 485
1665740 485
1665750 485
1665760 486
1665770 486
1665780 486
1665790 487
1665800 487
1665810 487
1665820 485
1665830 485
1665840 485
1665850 486
1665860 486
1665870 486
1665880 485
1665890 488
1665900 488
1665910 495
1665920 500
1665930 500
1665940 503
1665950 507
1665960 507
1665970 510
1665980 512
1665990 512
1666000 514
1666010 515
1666020 515
1666030 516
1666040 517
1666050 517
1666060 518
1666070 519
1666080 519
1666090 520
1666100 521
1666110 521
1666120 523
1666130 525
1666140 525
1666150 528
1666160 531
1666170 531
1666180 534
1666190 537
1666200 537
1666210 540
1666220 543
1666230 543
1666240 546
1666250 549
1666260 549
1666270 551
1666280 553
1666290 553
1666300 555
1666310 556
1666320 556
1666330 558
1666340 560
1666350 560
1666360 561
1666370 563
1666380 563
1666390 565
1666400 566
1666410 566
1666420 569
1666430 571
1666440 571
1666450 574
1666460 575
1666470 575
1666480 577
1666490 579
1666500 579
1666510 581
1666520 583
1666530 583
1666540 584
1666550 585
1666560 585
1666570 585
1666580 585
1666590 585
1666600 581
1666610 581
1666620 581
1666630 582
1666640 583
1666650 583
1666660 584
1666670 586
1666680 586
1666690 587
1666700 588
1666710 588
1666720 589
1666730 591
1666740 591
1666750 591
1666760 592
1666770 592
1666780 592
1666790 592
1666800 592
1666810 592
1666820 592
1666830 592
1666840 591
1666850 591
1666860 591
1666870 590
1666880 588
1666890 588
1666900 587
1666910 586
1666920 586
1666930 584
1666940 583
1666950 583
1666960 582
1666970 581
1666980 581
1666990 580
1667000 579
1667010 579
1667020 579
1667030 578
1667040 578
1667050 577
1667060 576
1667070 576
1667080 575
1667090 574
1667100 574
1667110 573
1667120 571
1667130 571
1667140 569
1667150 568
1667160 568
1667170 567
1667180 566
1667190 566
1667200 565
1667210 563
1667220 563
1667230 561
1667240 560
1667250 560
1667260 557
1667270 556
1667280 556
1667290 555
1667300 554
1667310 552
1667320 551
1667330 550
1667340 550
1667350 549
1667360 549
1667370 549
1667380 548
1667390 546
1667400 546
1667410 545
1667420 543
1667430 543
1667440 542
1667450 541
1667460 541
1667470 540
1667480 538
1667490 538
1667500 537
1667510 536
1667520 536
1667530 536
1667540 534
1667550 534
1667560 534
1667570 534
1667580 534
1667590 534
1667600 533
1667610 533
1667620 532
1667630 531
1667640 531
1667650 530
1667660 528
1667670 528
1667680 527
1667690 526
1667700 526
1667710 525
1667720 525
1667730 525
1667740 525
1667750 525
1667760 525
1667770 523
1667780 522
1667790 522
1667800 520
1667810 518
1667820 518
1667830 517
1667840 515
1667850 515
1667860 514
1667870 512
1667880 512
1667890 509
1667900 508
1667910 508
1667920 506
1667930 505
1667940 505
1667950 505
1667960 504
1667970 504
1667980 504
1667990 504
1668000 504
1668010 504
1668020 502
1668030 502
1668040 502
1668050 501
1668060 501
1668070 499
1668080 497
1668090 497
1668100 496
1668110 495
1668120 495
1668130 494
1668140 493
1668150 493
1668160 491
1668170 490
1668180 490
1668190 488
1668200 485
1668210 485
1668220 483
1668230 483
1668240 483
1668250 482
1668260 481
1668270 481
1668280 480
1668290 479
1668300 479
1668310 478
1668320 478
1668330 478
1668340 478
1668350 478
1668360 478
1668370 477
1668380 477
1668390 477
1668400 477
1668410 476
1668420 476
1668430 476
1668440 475
1668450 475
1668460 474
1668470 475
1668480 475
1668490 475
1668500 475
1668510 475
1668520 475
1668530 475
1668540 475
1668550 476
1668560 478
1668570 478
1668580 479
1668590 479
1668600 479
1668610 480
1668620 481
1668630 481
1668640 482
1668650 482
1668660 482
1668670 482
1668680 481
1668690 481
1668700 480
1668710 478
1668720 478
1668730 475
1668740 472
1668750 472
1668760 469
1668770 465
1668780 465
1668790 461
1668800 457
1668810 457
1668820 452
1668830 447
1668840 447
1668850 445
1668860 445
1668870 445
1668880 445
1668890 445
1668900 445
1668910 446
1668920 448
1668930 448
1668940 451
1668950 455
1668960 455
1668970 459
1668980 463
1668990 463
1669000 466
1669010 469
1669020 469
1669030 472
1669040 475
1669050 475
1669060 478
1669070 479
1669080 479
1669090 481
1669100 483
1669110 483
1669120 485
1669130 487
1669140 487
1669150 488
1669160 490
1669170 490
1669180 491
1669190 492
1669200 492
1669210 493
1669220 495
1669230 495
1669240 496
1669250 497
1669260 497
1669270 498
1669280 499
1669290 499
1669300 500
1669310 501
1669320 501
1669330 502
1669340 502
1669350 502
1669360 503
1669370 503
1669380 503
1669390 504
1669400 505
1669410 505
1669420 506
1669430 507
1669440 507
1669450 508
1669460 508
1669470 508
1669480 508
1669490 508
1669500 508
1669510 508
1669520 508
1669530 508
1669540 507
1669550 507
1669560 507
1669570 506
1669580 505
1669590 505
1669600 504
1669610 503
1669620 503
1669630 502
1669640 501
1669650 501
1669660 501
1669670 500
1669680 500
1669690 499
1669700 498
1669710 498
1669720 496
1669730 495
1669740 495
1669750 492
1669760 489
1669770 489
1669780 491
1669790 497
1669800 497
1669810 502
1669820 505
1669830 505
1669840 507
1669850 509
1669860 509
1669870 511
1669880 513
1669890 513
1669900 514
1669910 515
1669920 515
1669930 515
1669940 516
1669950 516
1669960 517
1669970 517
1669980 517
1669990 518
1670000 518
1670010 518
1670020 519
1670030 519
1670040 519
1670050 520
1670060 520
1670070 520
1670080 520
1670090 521
1670100 521
1670110 521
1670120 521
1670130 521
1670140 521
1670150 521
1670160 521
1670170 521
1670180 521
1670190 521
1670200 520
1670210 518
1670220 518
1670230 514
1670240 509
1670250 509
1670260 504
1670270 498
1670280 498
1670290 491
1670300 492
1670310 492
1670320 496
1670330 498
1670340 498
1670350 501
1670360 505
1670370 505
1670380 508
1670390 511
1670400 511
1670410 513
1670420 517
1670430 517
1670440 520
1670450 523
1670460 523
1670470 526
1670480 528
1670490 528
1670500 530
1670510 533
1670520 533
1670530 536
1670540 539
1670550 539
1670560 543
1670570 546
1670580 546
1670590 549
1670600 551
1670610 551
1670620 553
1670630 555
1670640 555
1670650 557
1670660 559
1670670 559
1670680 560
1670690 561
1670700 561
1670710 560
1670720 558
1670730 558
1670740 553
1670750 548
1670760 548
1670770 543
1670780 537
1670790 537
1670800 532
1670810 528
1670820 525
1670830 520
1670840 516
1670850 516
1670860 513
1670870 511
1670880 511
1670890 510
1670900 509
1670910 509
1670920 510
1670930 510
1670940 510
1670950 512
1670960 517
1670970 517
1670980 521
1670990 525
1671000 525
1671010 526
1671020 527
1671030 527
1671040 528
1671050 530
1671060 530
1671070 530
1671080 531
1671090 531
1671100 532
1671110 533
1671120 533
1671130 534
1671140 535
1671150 535
1671160 536
1671170 537
1671180 537
1671190 538
1671200 538
1671210 538
1671220 539
1671230 540
1671240 540
1671250 541
1671260 541
1671270 541
1671280 542
1671290 542
1671300 542
1671310 542
1671320 542
1671330 542
1671340 542
1671350 542
1671360 542
1671370 541
1671380 540
1671390 540
1671400 538
1671410 535
1671420 535
1671430 532
1671440 529
1671450 529
1671460 525
1671470 523
1671480 523
1671490 523
1671500 523
1671510 523
1671520 524
1671530 524
1671540 524
1671550 524
1671560 525
1671570 525
1671580 526
1671590 528
1671600 528
1671610 529
1671620 530
1671630 530
1671640 532
1671650 533
1671660 533
1671670 535
1671680 537
1671690 537
1671700 538
1671710 540
1671720 540
1671730 542
1671740 544
1671750 544
1671760 545
1671770 547
1671780 547
1671790 548
1671800 549
1671810 549
1671820 551
1671830 553
1671840 553
1671850 555
1671860 557
1671870 557
1671880 559
1671890 561
1671900 561
1671910 563
1671920 565
1671930 565
1671940 567
1671950 569
1671960 569
1671970 572
1671980 574
1671990 574
1672000 576
1672010 578
1672020 578
1672030 580
1672040 581
1672050 581
1672060 583
1672070 585
1672080 585
1672090 587
1672100 589
1672110 589
1672120 591
1672130 593
1672140 593
1672150 595
1672160 597
1672170 597
1672180 599
1672190 601
1672200 601
1672210 601
1672220 602
1672230 602
1672240 603
1672250 605
1672260 605
1672270 606
1672280 607
1672290 607
1672300 609
1672310 610
1672320 610
1672330 612
1672340 613
1672350 613
1672360 613
1672370 614
1672380 614
1672390 614
1672400 614
1672410 614
1672420 614
1672430 614
1672440 614
1672450 614
1672460 614
1672470 614
1672480 614
1672490 613
1672500 613
1672510 613
1672520 612
1672530 612
1672540 612
1672550 612
1672560 612
1672570 612
1672580 612
1672590 612
1672600 612
1672610 611
1672620 611
1672630 611
1672640 611
1672650 611
1672660 611
1672670 610
1672680 610
1672690 610
1672700 610
1672710 610
1672720 610
1672730 611
1672740 611
1672750 611
1672760 610
1672770 610
1672780 610
1672790 610
1672800 610
1672810 610
1672820 610
1672830 610
1672840 610
1672850 610
1672860 610
1672870 610
1672880 610
1672890 610
1672900 608
1672910 608
1672920 608
1672930 608
1672940 608
1672950 608
1672960 607
1672970 607
1672980 607
1672990 606
1673000 605
1673010 605
1673020 604
1673030 603
1673040 603
1673050 602
1673060 601
1673070 601
1673080 599
1673090 598
1673100 598
1673110 596
1673120 595
1673130 595
1673140 594
1673150 592
1673160 592
1673170 590
1673180 589
1673190 589
1673200 587
1673210 585
1673220 585
1673230 584
1673240 583
1673250 583
1673260 581
1673270 580
1673280 580
1673290 579
1673300 577
1673310 577
1673320 575
1673330 573
1673340 573
1673350 571
1673360 569
1673370 569
1673380 567
1673390 565
1673400 565
1673410 563
1673420 560
1673430 560
1673440 559
1673450 557
1673460 557
1673470 556
1673480 554
1673490 554
1673500 553
1673510 551
1673520 551
1673530 550
1673540 547
1673550 547
1673560 545
1673570 543
1673580 543
1673590 540
1673600 539
1673610 539
1673620 538
1673630 537
1673640 537
1673650 535
1673660 533
1673670 533
1673680 532
1673690 532
1673700 532
1673710 535
1673720 538
1673730 538
1673740 541
1673750 543
1673760 543
1673770 544
1673780 546
1673790 546
1673800 547
1673810 549
1673820 549
1673830 551
1673840 553
1673850 553
1673860 555
1673870 556
1673880 556
1673890 558
1673900 558
1673910 558
1673920 559
1673930 560
1673940 560
1673950 560
1673960 560
1673970 560
1673980 559
1673990 559
1674000 559
1674010 559
1674020 558
1674030 558
1674040 557
1674050 556
1674060 556
1674070 555
1674080 555
1674090 555
1674100 554
1674110 553
1674120 553
1674130 552
1674140 551
1674150 551
1674160 550
1674170 549
1674180 549
1674190 548
1674200 546
1674210 546
1674220 545
1674230 544
1674240 544
1674250 543
1674260 541
1674270 541
1674280 539
1674290 537
1674300 537
1674310 535
1674320 533
1674330 533
1674340 531
1674350 529
1674360 529
1674370 527
1674380 525
1674390 525
1674400 521
1674410 516
1674420 516
1674430 512
1674440 509
1674450 509
1674460 507
1674470 505
1674480 505
1674490 502
1674500 500
1674510 500
1674520 497
1674530 495
1674540 495
1674550 493
1674560 491
1674570 491
1674580 488
1674590 486
1674600 486
1674610 484
1674620 483
1674630 483
1674640 480
1674650 476
1674660 476
1674670 473
1674680 470
1674690 470
1674700 465
1674710 460
1674720 460
1674730 455
1674740 450
1674750 450
1674760 446
1674770 442
1674780 442
1674790 437
1674800 432
1674810 432
1674820 426
1674830 421
1674840 421
1674850 419
1674860 419
1674870 419
1674880 419
1674890 419
1674900 419
1674910 418
1674920 417
1674930 417
1674940 416
1674950 413
1674960 415
1674970 413
1674980 412
1674990 412
1675000 413
1675010 413
1675020 413
1675030 413
1675040 413
1675050 413
1675060 414
1675070 414
1675080 414
1675090 414
1675100 414
1675110 414
1675120 415
1675130 415
1675140 415
1675150 416
1675160 418
1675170 418
1675180 421
1675190 424
1675200 424
1675210 427
1675220 429
1675230 429
1675240 432
1675250 436
1675260 436
1675270 441
1675280 445
1675290 445
1675300 449
1675310 453
1675320 453
1675330 457
1675340 457
1675350 457
1675360 457
1675370 454
1675380 454
1675390 452
1675400 450
1675410 450
1675420 448
1675430 445
1675440 445
1675450 443
1675460 441
1675470 441
1675480 441
1675490 441
1675500 441
1675510 441
1675520 441
1675530 441
1675540 442
1675550 444
1675560 444
1675570 445
1675580 447
1675590 447
1675600 449
1675610 451
1675620 451
1675630 452
1675640 449
1675650 449
1675660 451
1675670 452
1675680 452
1675690 454
1675700 455
1675710 455
1675720 456
1675730 457
1675740 457
1675750 458
1675760 460
1675770 460
1675780 462
1675790 463
1675800 463
1675810 464
1675820 465
1675830 465
1675840 466
1675850 467
1675860 467
1675870 468
1675880 469
1675890 469
1675900 470
1675910 470
1675920 470
1675930 470
1675940 471
1675950 471
1675960 471
1675970 472
1675980 472
1675990 472
1676000 473
1676010 473
1676020 473
1676030 474
1676040 474
1676050 474
1676060 474
1676070 474
1676080 475
1676090 475
1676100 475
1676110 476
1676120 479
1676130 479
1676140 480
1676150 479
1676160 479
1676170 478
1676180 477
1676190 477
1676200 477
1676210 477
1676220 477
1676230 477
1676240 476
1676250 476
1676260 476
1676270 476
1676280 476
1676290 476
1676300 475
1676310 472
1676320 473
1676330 474
1676340 474
1676350 474
1676360 474
1676370 474
1676380 474
1676390 474
1676400 474
1676410 474
1676420 474
1676430 474
1676440 476
1676450 477
1676460 477
1676470 479
1676480 483
1676490 483
1676500 486
1676510 489
1676520 489
1676530 493
1676540 495
1676550 495
1676560 496
1676570 498
1676580 498
1676590 500
1676600 502
1676610 502
1676620 504
1676630 506
1676640 506
1676650 508
1676660 510
1676670 510
1676680 512
1676690 514
1676700 514
1676710 516
1676720 518
1676730 518
1676740 521
1676750 524
1676760 524
1676770 526
1676780 528
1676790 528
1676800 530
1676810 531
1676820 531
1676830 533
1676840 536
1676850 536
1676860 538
1676870 540
1676880 540
1676890 542
1676900 543
1676910 543
1676920 545
1676930 546
1676940 546
1676950 548
1676960 548
1676970 548
1676980 549
1676990 551
1677000 551
1677010 552
1677020 553
1677030 553
1677040 554
1677050 555
1677060 555
1677070 556
1677080 557
1677090 557
1677100 559
1677110 560
1677120 560
1677130 561
1677140 561
1677150 561
1677160 561
1677170 563
1677180 563
1677190 565
1677200 566
1677210 566
1677220 567
1677230 569
1677240 569
1677250 570
1677260 571
1677270 571
1677280 573
1677290 574
1677300 574
1677310 575
1677320 576
1677330 576
1677340 577
1677350 577
1677360 577
1677370 578
1677380 579
1677390 579
1677400 580
1677410 581
1677420 581
1677430 582
1677440 583
1677450 583
1677460 584
1677470 585
1677480 585
1677490 586
1677500 588
1677510 588
1677520 589
1677530 591
1677540 591
1677550 592
1677560 594
1677570 594
1677580 595
1677590 596
1677600 596
1677610 597
1677620 599
1677630 599
1677640 601
1677650 604
1677660 606
1677670 608
1677680 610
1677690 610
1677700 611
1677710 613
1677720 613
1677730 615
1677740 617
1677750 617
1677760 618
1677770 619
1677780 619
1677790 620
1677800 620
1677810 620
1677820 620
1677830 621
1677840 621
1677850 622
1677860 623
1677870 623
1677880 624
1677890 625
1677900 625
1677910 625
1677920 626
1677930 626
1677940 627
1677950 628
1677960 628
1677970 629
1677980 629
1677990 629
1678000 630
1678010 630
1678020 630
1678030 630
1678040 629
1678050 629
1678060 629
1678070 629
1678080 629
1678090 629
1678100 629
1678110 629
1678120 628
1678130 627
1678140 627
1678150 627
1678160 627
1678170 627
1678180 628
1678190 629
1678200 629
1678210 630
1678220 630
1678230 630
1678240 631
1678250 632
1678260 632
1678270 633
1678280 634
1678290 634
1678300 635
1678310 637
1678320 637
1678330 639
1678340 640
1678350 640
1678360 641
1678370 643
1678380 643
1678390 644
1678400 646
1678410 646
1678420 649
1678430 651
1678440 651
1678450 652
1678460 652
1678470 652
1678480 653
1678490 657
1678500 657
1678510 660
1678520 662
1678530 662
1678540 664
1678550 666
1678560 666
1678570 670
1678580 671
1678590 671
1678600 674
1678610 676
1678620 676
1678630 679
1678640 681
1678650 681
1678660 684
1678670 687
1678680 687
1678690 691
1678700 695
1678710 695
1678720 698
1678730 702
1678740 702
1678750 705
1678760 709
1678770 709
1678780 712
1678790 715
1678800 715
1678810 718
1678820 719
1678830 719
1678840 722
1678850 725
1678860 725
1678870 728
1678880 730
1678890 730
1678900 732
1678910 734
1678920 734
1678930 736
1678940 738
1678950 738
1678960 740
1678970 742
1678980 742
1678990 744
1679000 747
1679010 747
1679020 749
1679030 751
1679040 751
1679050 753
1679060 755
1679070 755
1679080 756
1679090 757
1679100 757
1679110 758
1679120 758
1679130 758
1679140 758
1679150 758
1679160 758
1679170 759
1679180 759
1679190 759
1679200 758
1679210 758
1679220 758
1679230 758
1679240 758
1679250 758
1679260 758
1679270 759
1679280 759
1679290 760
1679300 760
1679310 760
1679320 761
1679330 762
1679340 762
1679350 762
1679360 763
1679370 763
1679380 764
1679390 764
1679400 764
1679410 765
1679420 766
1679430 766
1679440 767
1679450 768
1679460 768
1679470 768
1679480 769
1679490 769
1679500 770
1679510 771
1679520 771
1679530 772
1679540 773
1679550 773
1679560 774
1679570 775
1679580 775
1679590 775
1679600 775
1679610 775
1679620 776
1679630 776
1679640 776
1679650 776
1679660 777
1679670 778
1679680 778
1679690 779
1679700 779
1679710 779
1679720 780
1679730 780
1679740 781
1679750 781
1679760 781
1679770 781
1679780 782
1679790 782
1679800 783
1679810 783
1679820 783
1679830 784
1679840 784
1679850 784
1679860 785
1679870 785
1679880 785
1679890 786
1679900 786
1679910 786
1679920 786
1679930 787
1679940 787
1679950 788
1679960 789
1679970 789
1679980 789
1679990 790
