1660000 508
1660010 507
1660020 506
1660030 506
1660040 505
1660050 505
1660060 505
1660070 505
1660080 504
1660090 504
1660100 502
1660110 500
1660120 500
1660130 498
1660140 496
1660150 496
1660160 493
1660170 489
1660180 489
1660190 485
1660200 481
1660210 481
1660220 477
1660230 473
1660240 473
1660250 466
1660260 463
1660270 463
1660280 459
1660290 455
1660300 455
1660310 452
1660320 449
1660330 449
1660340 451
1660350 456
1660360 456
1660370 460
1660380 463
1660390 463
1660400 466
1660410 469
1660420 469
1660430 472
1660440 473
1660450 473
1660460 473
1660470 473
1660480 473
1660490 472
1660500 470
1660510 470
1660520 467
1660530 462
1660540 462
1660550 457
1660560 453
1660570 453
1660580 449
1660590 443
1660600 443
1660610 437
1660620 433
1660630 433
1660640 430
1660650 427
1660660 427
1660670 423
1660680 420
1660690 420
1660700 418
1660710 417
1660720 417
1660730 416
1660740 416
1660750 416
1660760 416
1660770 416
1660780 416
1660790 416
1660800 417
1660810 417
1660820 417
1660830 416
1660840 416
1660850 416
1660860 417
1660870 417
1660880 418
1660890 418
1660900 418
1660910 418
1660920 419
1660930 419
1660940 420
1660950 421
1660960 421
1660970 423
1660980 422
1660990 422
1661000 425
1661010 427
1661020 427
1661030 429
1661040 431
1661050 431
1661060 433
1661070 436
1661080 436
1661090 438
1661100 441
1661110 441
1661120 443
1661130 445
1661140 445
1661150 446
1661160 447
1661170 447
1661180 448
1661190 449
1661200 449
1661210 448
1661220 446
1661230 446
1661240 442
1661250 440
1661260 440
1661270 441
1661280 442
1661290 442
1661300 445
1661310 449
1661320 449
1661330 451
1661340 452
1661350 452
1661360 451
1661370 450
1661380 450
1661390 449
1661400 449
1661410 449
1661420 448
1661430 447
1661440 447
1661450 448
1661460 450
1661470 450
1661480 453
1661490 455
1661500 455
1661510 457
1661520 460
1661530 460
1661540 463
1661550 465
1661560 465
1661570 468
1661580 471
1661590 471
1661600 474
1661610 477
1661620 477
1661630 480
1661640 482
1661650 482
1661660 485
1661670 487
1661680 487
1661690 489
1661700 491
1661710 491
1661720 492
1661730 494
1661740 494
1661750 495
1661760 497
1661770 497
1661780 498
1661790 499
1661800 499
1661810 501
1661820 502
1661830 502
1661840 503
1661850 505
1661860 505
1661870 506
1661880 506
1661890 506
1661900 507
1661910 507
1661920 507
1661930 507
1661940 508
1661950 508
1661960 508
1661970 509
1661980 509
1661990 509
1662000 508
1662010 508
1662020 508
1662030 507
1662040 507
1662050 506
1662060 504
1662070 504
1662080 502
1662090 500
1662100 500
1662110 498
1662120 496
1662130 496
1662140 495
1662150 493
1662160 493
1662170 491
1662180 489
1662190 489
1662200 488
1662210 485
1662220 485
1662230 482
1662240 480
1662250 480
1662260 477
1662270 475
1662280 475
1662290 473
1662300 471
1662310 471
1662320 470
1662330 468
1662340 468
1662350 466
1662360 463
1662370 463
1662380 459
1662390 458
1662400 458
1662410 461
1662420 464
1662430 464
1662440 467
1662450 467
1662460 467
1662470 471
1662480 475
1662490 475
1662500 479
1662510 483
1662520 483
1662530 488
1662540 491
1662550 491
1662560 492
1662570 490
1662580 490
1662590 487
1662600 484
1662610 484
1662620 481
1662630 480
1662640 480
1662650 481
1662660 484
1662670 484
1662680 487
1662690 491
1662700 491
1662710 495
1662720 499
1662730 499
1662740 503
1662750 506
1662760 506
1662770 507
1662780 509
1662790 509
1662800 512
1662810 513
1662820 513
1662830 515
1662840 516
1662850 516
1662860 517
1662870 518
1662880 518
1662890 519
1662900 519
1662910 519
1662920 519
1662930 518
1662940 518
1662950 517
1662960 514
1662970 514
1662980 511
1662990 509
1663000 509
1663010 509
1663020 510
1663030 510
1663040 511
1663050 512
1663060 512
1663070 511
1663080 511
1663090 511
1663100 512
1663110 512
1663120 512
1663130 513
1663140 514
1663150 514
1663160 514
1663170 514
1663180 511
1663190 511
1663200 511
1663210 511
1663220 511
1663230 511
1663240 511
1663250 511
1663260 512
1663270 512
1663280 512
1663290 511
1663300 511
1663310 511
1663320 511
1663330 511
1663340 510
1663350 510
1663360 510
1663370 509
1663380 508
1663390 508
1663400 508
1663410 507
1663420 507
1663430 507
1663440 506
1663450 506
1663460 505
1663470 504
1663480 504
1663490 503
1663500 502
1663510 502
1663520 501
1663530 500
1663540 500
1663550 499
1663560 498
1663570 498
1663580 496
1663590 495
1663600 495
1663610 493
1663620 492
1663630 492
1663640 491
1663650 491
1663660 491
1663670 490
1663680 490
1663690 490
1663700 490
1663710 490
1663720 490
1663730 489
1663740 488
1663750 488
1663760 487
1663770 486
1663780 486
1663790 484
1663800 483
1663810 483
1663820 481
1663830 479
1663840 479
1663850 476
1663860 473
1663870 473
1663880 471
1663890 469
1663900 468
1663910 468
1663920 467
1663930 467
1663940 467
1663950 469
1663960 469
1663970 472
1663980 475
1663990 475
1664000 477
1664010 478
1664020 478
1664030 478
1664040 476
1664050 476
1664060 474
1664070 472
1664080 472
1664090 469
1664100 465
1664110 465
1664120 460
1664130 457
1664140 457
1664150 456
1664160 456
1664170 456
1664180 455
1664190 455
1664200 455
1664210 455
1664220 455
1664230 455
1664240 455
1664250 455
1664260 455
1664270 455
1664280 455
1664290 455
1664300 455
1664310 455
1664320 455
1664330 455
1664340 455
1664350 455
1664360 456
1664370 456
1664380 456
1664390 456
1664400 456
1664410 456
1664420 456
1664430 456
1664440 455
1664450 456
1664460 456
1664470 456
1664480 457
1664490 457
1664500 457
1664510 459
1664520 459
1664530 461
1664540 464
1664550 464
1664560 466
1664570 469
1664580 469
1664590 471
1664600 473
1664610 473
1664620 476
1664630 478
1664640 478
1664650 480
1664660 482
1664670 482
1664680 483
1664690 483
1664700 483
1664710 483
1664720 485
1664730 485
1664740 487
1664750 488
1664760 488
1664770 490
1664780 492
1664790 492
1664800 494
1664810 497
1664820 497
1664830 499
1664840 502
1664850 502
1664860 504
1664870 507
1664880 507
1664890 510
1664900 513
1664910 513
1664920 515
1664930 518
1664940 518
1664950 520
1664960 522
1664970 522
1664980 523
1664990 525
1665000 525
1665010 527
1665020 530
1665030 530
1665040 533
1665050 536
1665060 536
1665070 539
1665080 542
1665090 542
1665100 545
1665110 547
1665120 547
1665130 549
1665140 550
1665150 550
1665160 552
1665170 553
1665180 553
1665190 555
1665200 555
1665210 555
1665220 556
1665230 557
1665240 557
1665250 556
1665260 555
1665270 555
1665280 554
1665290 555
1665300 555
1665310 557
1665320 561
1665330 561
1665340 567
1665350 571
1665360 571
1665370 576
1665380 580
1665390 580
1665400 584
1665410 587
1665420 587
1665430 591
1665440 594
1665450 594
1665460 598
1665470 601
1665480 601
1665490 604
1665500 607
1665510 607
1665520 610
1665530 613
1665540 613
1665550 616
1665560 618
1665570 618
1665580 620
1665590 622
1665600 622
1665610 622
1665620 622
1665630 622
1665640 621
1665650 621
1665660 621
1665670 620
1665680 620
1665690 620
1665700 620
1665710 622
1665720 622
1665730 623
1665740 625
1665750 625
1665760 626
1665770 628
1665780 628
1665790 629
1665800 630
1665810 630
1665820 631
1665830 632
1665840 632
1665850 635
1665860 636
1665870 636
1665880 637
1665890 639
1665900 639
1665910 640
1665920 642
1665930 642
1665940 645
1665950 651
1665960 651
1665970 654
1665980 656
1665990 656
1666000 657
1666010 657
1666020 657
1666030 655
1666040 655
1666050 655
1666060 650
1666070 650
1666080 650
1666090 650
1666100 649
1666110 649
1666120 648
1666130 647
1666140 647
1666150 647
1666160 646
1666170 646
1666180 646
1666190 646
1666200 646
1666210 645
1666220 645
1666230 645
1666240 644
1666250 644
1666260 644
1666270 644
1666280 644
1666290 644
1666300 643
1666310 643
1666320 643
1666330 642
1666340 642
1666350 642
1666360 641
1666370 640
1666380 640
1666390 638
1666400 636
1666410 636
1666420 635
1666430 635
1666440 635
1666450 635
1666460 636
1666470 636
1666480 636
1666490 636
1666500 636
1666510 635
1666520 634
1666530 634
1666540 634
1666550 634
1666560 634
1666570 633
1666580 632
1666590 632
1666600 631
1666610 631
1666620 631
1666630 632
1666640 634
1666650 634
1666660 636
1666670 638
1666680 638
1666690 640
1666700 643
1666710 643
1666720 645
1666730 648
1666740 648
1666750 649
1666760 651
1666770 652
1666780 654
1666790 656
1666800 656
1666810 658
1666820 658
1666830 658
1666840 660
1666850 660
1666860 660
1666870 661
1666880 661
1666890 661
1666900 663
1666910 664
1666920 664
1666930 666
1666940 668
1666950 668
1666960 669
1666970 670
1666980 670
1666990 672
1667000 673
1667010 673
1667020 675
1667030 677
1667040 677
1667050 679
1667060 681
1667070 681
1667080 684
1667090 687
1667100 687
1667110 690
1667120 693
1667130 693
1667140 696
1667150 699
1667160 699
1667170 702
1667180 705
1667190 705
1667200 707
1667210 710
1667220 710
1667230 712
1667240 715
1667250 715
1667260 719
1667270 725
1667280 725
1667290 727
1667300 727
1667310 727
1667320 725
1667330 722
1667340 722
1667350 720
1667360 717
1667370 717
1667380 714
1667390 710
1667400 710
1667410 704
1667420 698
1667430 698
1667440 692
1667450 684
1667460 684
1667470 677
1667480 672
1667490 672
1667500 667
1667510 661
1667520 661
1667530 656
1667540 651
1667550 651
1667560 646
1667570 640
1667580 640
1667590 635
1667600 629
1667610 629
1667620 625
1667630 621
1667640 621
1667650 617
1667660 613
1667670 613
1667680 609
1667690 606
1667700 606
1667710 602
1667720 599
1667730 599
1667740 596
1667750 593
1667760 593
1667770 590
1667780 588
1667790 588
1667800 585
1667810 583
1667820 583
1667830 580
1667840 577
1667850 577
1667860 574
1667870 572
1667880 572
1667890 570
1667900 568
1667910 568
1667920 567
1667930 566
1667940 566
1667950 564
1667960 562
1667970 562
1667980 560
1667990 558
1668000 558
1668010 556
1668020 555
1668030 555
1668040 553
1668050 553
1668060 553
1668070 553
1668080 554
1668090 554
1668100 555
1668110 556
1668120 556
1668130 557
1668140 557
1668150 557
1668160 557
1668170 558
1668180 558
1668190 560
1668200 559
1668210 559
1668220 557
1668230 556
1668240 556
1668250 552
1668260 550
1668270 550
1668280 547
1668290 543
1668300 543
1668310 539
1668320 536
1668330 536
1668340 532
1668350 531
1668360 531
1668370 530
1668380 529
1668390 529
1668400 527
1668410 524
1668420 524
1668430 519
1668440 516
1668450 516
1668460 512
1668470 508
1668480 508
1668490 504
1668500 500
1668510 500
1668520 496
1668530 491
1668540 491
1668550 487
1668560 482
1668570 482
1668580 477
1668590 474
1668600 474
1668610 474
1668620 474
1668630 474
1668640 474
1668650 477
1668660 477
1668670 482
1668680 487
1668690 487
1668700 491
1668710 495
1668720 495
1668730 499
1668740 503
1668750 503
1668760 508
1668770 513
1668780 513
1668790 515
1668800 516
1668810 516
1668820 516
1668830 516
1668840 516
1668850 515
1668860 513
1668870 513
1668880 512
1668890 513
1668900 511
1668910 514
1668920 516
1668930 516
1668940 516
1668950 517
1668960 517
1668970 519
1668980 521
1668990 521
1669000 523
1669010 525
1669020 525
1669030 528
1669040 531
1669050 531
1669060 533
1669070 535
1669080 535
1669090 536
1669100 537
1669110 537
1669120 538
1669130 538
1669140 538
1669150 539
1669160 539
1669170 539
1669180 539
1669190 540
1669200 540
1669210 542
1669220 544
1669230 544
1669240 545
1669250 546
1669260 546
1669270 550
1669280 553
1669290 553
1669300 556
1669310 558
1669320 558
1669330 560
1669340 561
1669350 561
1669360 563
1669370 565
1669380 565
1669390 566
1669400 568
1669410 568
1669420 569
1669430 571
1669440 571
1669450 573
1669460 575
1669470 575
1669480 577
1669490 579
1669500 579
1669510 581
1669520 583
1669530 583
1669540 585
1669550 587
1669560 587
1669570 589
1669580 591
1669590 591
1669600 595
1669610 597
1669620 597
1669630 600
1669640 603
1669650 603
1669660 606
1669670 609
1669680 609
1669690 612
1669700 616
1669710 616
1669720 620
1669730 622
1669740 622
1669750 625
1669760 629
1669770 629
1669780 632
1669790 634
1669800 634
1669810 635
1669820 636
1669830 636
1669840 637
1669850 637
1669860 637
1669870 637
1669880 636
1669890 636
1669900 634
1669910 631
1669920 631
1669930 628
1669940 625
1669950 625
1669960 623
1669970 621
1669980 621
1669990 621
1670000 624
1670010 624
1670020 627
1670030 631
1670040 631
1670050 635
1670060 639
1670070 639
1670080 643
1670090 645
1670100 645
1670110 647
1670120 648
1670130 648
1670140 649
1670150 650
1670160 650
1670170 651
1670180 653
1670190 653
1670200 654
1670210 654
1670220 654
1670230 654
1670240 655
1670250 655
1670260 655
1670270 655
1670280 655
1670290 656
1670300 659
1670310 659
1670320 660
1670330 661
1670340 661
1670350 661
1670360 661
1670370 661
1670380 661
1670390 662
1670400 662
1670410 662
1670420 663
1670430 663
1670440 664
1670450 665
1670460 665
1670470 665
1670480 665
1670490 665
1670500 665
1670510 665
1670520 665
1670530 664
1670540 663
1670550 663
1670560 663
1670570 662
1670580 662
1670590 661
1670600 661
1670610 661
1670620 660
1670630 659
1670640 659
1670650 658
1670660 657
1670670 657
1670680 657
1670690 657
1670700 657
1670710 655
1670720 654
1670730 654
1670740 652
1670750 650
1670760 650
1670770 649
1670780 646
1670790 646
1670800 644
1670810 641
1670820 641
1670830 639
1670840 637
1670850 637
1670860 635
1670870 633
1670880 633
1670890 629
1670900 626
1670910 626
1670920 625
1670930 624
1670940 624
1670950 624
1670960 625
1670970 625
1670980 625
1670990 625
1671000 627
1671010 626
1671020 625
1671030 625
1671040 625
1671050 624
1671060 624
1671070 622
1671080 620
1671090 620
1671100 618
1671110 616
1671120 616
1671130 615
1671140 620
1671150 620
1671160 624
1671170 625
1671180 625
1671190 627
1671200 628
1671210 628
1671220 629
1671230 628
1671240 628
1671250 627
1671260 626
1671270 626
1671280 626
1671290 625
1671300 625
1671310 625
1671320 625
1671330 625
1671340 625
1671350 624
1671360 624
1671370 624
1671380 624
1671390 624
1671400 624
1671410 624
1671420 624
1671430 624
1671440 624
1671450 624
1671460 624
1671470 624
1671480 624
1671490 623
1671500 623
1671510 623
1671520 623
1671530 623
1671540 623
1671550 622
1671560 622
1671570 622
1671580 621
1671590 621
1671600 621
1671610 621
1671620 620
1671630 620
1671640 620
1671650 619
1671660 619
1671670 619
1671680 618
1671690 619
1671700 618
1671710 618
1671720 618
1671730 617
1671740 616
1671750 616
1671760 616
1671770 615
1671780 615
1671790 614
1671800 614
1671810 614
1671820 613
1671830 613
1671840 613
1671850 612
1671860 611
1671870 611
1671880 611
1671890 610
1671900 610
1671910 608
1671920 607
1671930 607
1671940 606
1671950 604
1671960 604
1671970 602
1671980 598
1671990 598
1672000 596
1672010 594
1672020 594
1672030 593
1672040 592
1672050 592
1672060 592
1672070 592
1672080 592
1672090 592
1672100 592
1672110 592
1672120 592
1672130 592
1672140 592
1672150 594
1672160 596
1672170 596
1672180 598
1672190 602
1672200 602
1672210 606
1672220 610
1672230 610
1672240 613
1672250 613
1672260 613
1672270 613
1672280 611
1672290 611
1672300 610
1672310 608
1672320 608
1672330 606
1672340 604
1672350 604
1672360 603
1672370 603
1672380 605
1672390 604
1672400 604
1672410 604
1672420 604
1672430 605
1672440 605
1672450 606
1672460 608
1672470 608
1672480 610
1672490 611
1672500 611
1672510 613
1672520 615
1672530 615
1672540 617
1672550 618
1672560 618
1672570 620
1672580 622
1672590 622
1672600 624
1672610 625
1672620 625
1672630 628
1672640 630
1672650 630
1672660 633
1672670 636
1672680 636
1672690 638
1672700 642
1672710 642
1672720 644
1672730 647
1672740 647
1672750 649
1672760 651
1672770 651
1672780 654
1672790 656
1672800 656
1672810 657
1672820 659
1672830 659
1672840 660
1672850 662
1672860 662
1672870 664
1672880 666
1672890 666
1672900 668
1672910 670
1672920 670
1672930 672
1672940 674
1672950 674
1672960 676
1672970 679
1672980 679
1672990 682
1673000 685
1673010 685
1673020 688
1673030 691
1673040 691
1673050 693
1673060 696
1673070 695
1673080 697
1673090 699
1673100 699
1673110 702
1673120 704
1673130 704
1673140 707
1673150 709
1673160 709
1673170 712
1673180 714
1673190 714
1673200 717
1673210 719
1673220 719
1673230 722
1673240 724
1673250 724
1673260 727
1673270 730
1673280 730
1673290 732
1673300 735
1673310 735
1673320 737
1673330 739
1673340 739
1673350 741
1673360 744
1673370 744
1673380 745
1673390 747
1673400 747
1673410 748
1673420 750
1673430 750
1673440 750
1673450 750
1673460 750
1673470 749
1673480 749
1673490 749
1673500 748
1673510 748
1673520 748
1673530 746
1673540 746
1673550 746
1673560 744
1673570 741
1673580 741
1673590 736
1673600 729
1673610 729
1673620 722
1673630 716
1673640 716
1673650 711
1673660 706
1673670 706
1673680 701
1673690 696
1673700 696
1673710 691
1673720 687
1673730 687
1673740 681
1673750 677
1673760 677
1673770 674
1673780 670
1673790 670
1673800 667
1673810 666
1673820 666
1673830 663
1673840 660
1673850 660
1673860 657
1673870 655
1673880 655
1673890 653
1673900 652
1673910 652
1673920 651
1673930 650
1673940 650
1673950 649
1673960 648
1673970 648
1673980 647
1673990 646
1674000 646
1674010 645
1674020 644
1674030 644
1674040 643
1674050 643
1674060 643
1674070 642
1674080 642
1674090 642
1674100 641
1674110 640
1674120 640
1674130 639
1674140 638
1674150 638
1674160 638
1674170 637
1674180 637
1674190 637
1674200 637
1674210 637
1674220 636
1674230 635
1674240 635
1674250 634
1674260 633
1674270 633
1674280 632
1674290 631
1674300 631
1674310 630
1674320 630
1674330 630
1674340 629
1674350 628
1674360 628
1674370 627
1674380 627
1674390 627
1674400 626
1674410 625
1674420 625
1674430 625
1674440 623
1674450 623
1674460 623
1674470 622
1674480 622
1674490 622
1674500 622
1674510 622
1674520 621
1674530 621
1674540 621
1674550 621
1674560 621
1674570 621
1674580 621
1674590 621
1674600 621
1674610 620
1674620 621
1674630 621
1674640 621
1674650 622
1674660 622
1674670 622
1674680 622
1674690 622
1674700 621
1674710 621
1674720 621
1674730 621
1674740 620
1674750 620
1674760 621
1674770 620
1674780 620
1674790 620
1674800 619
1674810 619
1674820 619
1674830 618
1674840 618
1674850 617
1674860 617
1674870 617
1674880 616
1674890 616
1674900 616
1674910 616
1674920 616
1674930 616
1674940 616
1674950 615
1674960 615
1674970 614
1674980 612
1674990 612
1675000 611
1675010 609
1675020 609
1675030 608
1675040 607
1675050 607
1675060 606
1675070 605
1675080 605
1675090 604
1675100 603
1675110 603
1675120 602
1675130 599
1675140 599
1675150 598
1675160 598
1675170 598
1675180 597
1675190 596
1675200 596
1675210 595
1675220 594
1675230 594
1675240 593
1675250 592
1675260 592
1675270 590
1675280 588
1675290 588
1675300 587
1675310 586
1675320 586
1675330 585
1675340 585
1675350 585
1675360 584
1675370 583
1675380 583
1675390 582
1675400 581
1675410 581
1675420 580
1675430 579
1675440 579
1675450 578
1675460 576
1675470 576
1675480 575
1675490 574
1675500 574
1675510 572
1675520 571
1675530 571
1675540 570
1675550 568
1675560 568
1675570 567
1675580 566
1675590 566
1675600 565
1675610 563
1675620 563
1675630 562
1675640 561
1675650 561
1675660 559
1675670 557
1675680 557
1675690 555
1675700 553
1675710 553
1675720 552
1675730 550
1675740 550
1675750 548
1675760 546
1675770 546
1675780 544
1675790 542
1675800 542
1675810 538
1675820 537
1675830 537
1675840 535
1675850 532
1675860 532
1675870 529
1675880 525
1675890 525
1675900 521
1675910 518
1675920 518
1675930 516
1675940 515
1675950 515
1675960 514
1675970 512
1675980 512
1675990 511
1676000 509
1676010 509
1676020 506
1676030 500
1676040 500
1676050 497
1676060 498
1676070 498
1676080 500
1676090 503
1676100 503
1676110 507
1676120 507
1676130 507
1676140 506
1676150 506
1676160 506
1676170 505
1676180 504
1676190 504
1676200 503
1676210 502
1676220 502
1676230 501
1676240 501
1676250 501
1676260 500
1676270 499
1676280 499
1676290 498
1676300 497
1676310 497
1676320 495
1676330 494
1676340 494
1676350 493
1676360 492
1676370 492
1676380 490
1676390 489
1676400 489
1676410 487
1676420 485
1676430 485
1676440 484
1676450 479
1676460 479
1676470 475
1676480 471
1676490 471
1676500 470
1676510 469
1676520 469
1676530 469
1676540 468
1676550 468
1676560 468
1676570 467
1676580 467
1676590 467
1676600 466
1676610 466
1676620 466
1676630 464
1676640 464
1676650 464
1676660 463
1676670 463
1676680 463
1676690 463
1676700 463
1676710 462
1676720 462
1676730 462
1676740 462
1676750 461
1676760 461
1676770 463
1676780 468
1676790 468
1676800 474
1676810 477
1676820 477
1676830 478
1676840 480
1676850 480
1676860 481
1676870 482
1676880 482
1676890 483
1676900 485
1676910 485
1676920 485
1676930 486
1676940 486
1676950 488
1676960 489
1676970 489
1676980 491
1676990 494
1677000 494
1677010 495
1677020 497
1677030 497
1677040 499
1677050 501
1677060 501
1677070 502
1677080 504
1677090 504
1677100 505
1677110 507
1677120 507
1677130 508
1677140 510
1677150 510
1677160 511
1677170 512
1677180 512
1677190 514
1677200 515
1677210 515
1677220 517
1677230 519
1677240 519
1677250 521
1677260 523
1677270 523
1677280 525
1677290 527
1677300 527
1677310 529
1677320 530
1677330 530
1677340 531
1677350 533
1677360 533
1677370 534
1677380 535
1677390 535
1677400 536
1677410 537
1677420 537
1677430 538
1677440 539
1677450 539
1677460 540
1677470 541
1677480 541
1677490 541
1677500 542
1677510 542
1677520 543
1677530 545
1677540 545
1677550 546
1677560 547
1677570 547
1677580 548
1677590 549
1677600 549
1677610 551
1677620 552
1677630 552
1677640 553
1677650 555
1677660 555
1677670 556
1677680 557
1677690 557
1677700 559
1677710 560
1677720 560
1677730 561
1677740 563
1677750 563
1677760 564
1677770 565
1677780 565
1677790 567
1677800 568
1677810 568
1677820 569
1677830 570
1677840 570
1677850 572
1677860 575
1677870 575
1677880 577
1677890 579
1677900 579
1677910 581
1677920 584
1677930 584
1677940 586
1677950 588
1677960 588
1677970 590
1677980 592
1677990 592
1678000 593
1678010 595
1678020 595
1678030 597
1678040 598
1678050 598
1678060 600
1678070 602
1678080 602
1678090 603
1678100 604
1678110 604
1678120 606
1678130 607
1678140 607
1678150 608
1678160 609
1678170 609
1678180 611
1678190 612
1678200 612
1678210 614
1678220 615
1678230 615
1678240 616
1678250 618
1678260 618
1678270 619
1678280 620
1678290 620
1678300 621
1678310 621
1678320 621
1678330 622
1678340 623
1678350 623
1678360 625
1678370 627
1678380 627
1678390 629
1678400 630
1678410 630
1678420 632
1678430 634
1678440 634
1678450 636
1678460 638
1678470 638
1678480 639
1678490 640
1678500 639
1678510 640
1678520 641
1678530 641
1678540 641
1678550 644
1678560 644
1678570 645
1678580 647
1678590 647
1678600 648
1678610 649
1678620 649
1678630 650
1678640 652
1678650 652
1678660 653
1678670 655
1678680 655
1678690 656
1678700 657
1678710 657
1678720 659
1678730 660
1678740 660
1678750 662
1678760 663
1678770 663
1678780 664
1678790 666
1678800 666
1678810 667
1678820 668
1678830 668
1678840 670
1678850 671
1678860 671
1678870 672
1678880 673
1678890 673
1678900 675
1678910 676
1678920 676
1678930 677
1678940 678
1678950 678
1678960 680
1678970 682
1678980 682
1678990 683
1679000 685
1679010 685
1679020 686
1679030 689
1679040 689
1679050 692
1679060 694
1679070 694
1679080 696
1679090 699
1679100 699
1679110 702
1679120 705
1679130 705
1679140 708
1679150 710
1679160 710
1679170 712
1679180 715
1679190 715
1679200 718
1679210 720
1679220 720
1679230 723
1679240 726
1679250 726
1679260 729
1679270 732
1679280 732
1679290 735
1679300 737
1679310 737
1679320 740
1679330 742
1679340 742
1679350 745
1679360 747
1679370 747
1679380 749
1679390 752
1679400 752
1679410 754
1679420 756
1679430 756
1679440 759
1679450 761
1679460 761
1679470 764
1679480 766
1679490 766
1679500 769
1679510 771
1679520 771
1679530 773
1679540 775
1679550 775
1679560 778
1679570 780
1679580 780
1679590 782
1679600 784
1679610 784
1679620 786
1679630 788
1679640 788
1679650 791
1679660 792
1679670 792
1679680 794
1679690 795
1679700 795
1679710 795
1679720 797
1679730 797
1679740 799
1679750 801
1679760 801
1679770 803
1679780 804
1679790 804
1679800 806
1679810 807
1679820 807
1679830 809
1679840 808
1679850 808
1679860 810
1679870 811
1679880 811
1679890 812
1679900 813
1679910 813
1679920 814
1679930 815
1679940 815
1679950 817
1679960 818
1679970 818
1679980 820
1679990 822
