1660000 506
1660010 506
1660020 502
1660030 499
1660040 499
1660050 497
1660060 494
1660070 494
1660080 492
1660090 488
1660100 488
1660110 485
1660120 482
1660130 482
1660140 479
1660150 477
1660160 477
1660170 474
1660180 471
1660190 471
1660200 468
1660210 466
1660220 466
1660230 464
1660240 462
1660250 462
1660260 461
1660270 459
1660280 459
1660290 458
1660300 457
1660310 457
1660320 456
1660330 455
1660340 455
1660350 453
1660360 452
1660370 452
1660380 451
1660390 450
1660400 450
1660410 447
1660420 445
1660430 445
1660440 442
1660450 438
1660460 438
1660470 433
1660480 430
1660490 430
1660500 426
1660510 421
1660520 421
1660530 419
1660540 418
1660550 418
1660560 417
1660570 416
1660580 416
1660590 415
1660600 415
1660610 415
1660620 414
1660630 414
1660640 414
1660650 415
1660660 417
1660670 417
1660680 419
1660690 421
1660700 421
1660710 422
1660720 425
1660730 425
1660740 427
1660750 429
1660760 429
1660770 431
1660780 434
1660790 434
1660800 435
1660810 436
1660820 436
1660830 439
1660840 441
1660850 441
1660860 442
1660870 444
1660880 444
1660890 446
1660900 447
1660910 447
1660920 449
1660930 451
1660940 451
1660950 452
1660960 453
1660970 453
1660980 455
1660990 456
1661000 456
1661010 457
1661020 458
1661030 458
1661040 460
1661050 461
1661060 461
1661070 462
1661080 463
1661090 463
1661100 465
1661110 466
1661120 466
1661130 467
1661140 469
1661150 469
1661160 470
1661170 471
1661180 471
1661190 473
1661200 474
1661210 474
1661220 475
1661230 476
1661240 476
1661250 478
1661260 481
1661270 481
1661280 484
1661290 486
1661300 486
1661310 487
1661320 488
1661330 488
1661340 489
1661350 490
1661360 490
1661370 490
1661380 490
1661390 490
1661400 490
1661410 490
1661420 490
1661430 490
1661440 490
1661450 490
1661460 490
1661470 490
1661480 490
1661490 490
1661500 489
1661510 489
1661520 489
1661530 488
1661540 488
1661550 488
1661560 488
1661570 488
1661580 487
1661590 487
1661600 487
1661610 487
1661620 487
1661630 487
1661640 486
1661650 486
1661660 486
1661670 486
1661680 486
1661690 486
1661700 485
1661710 485
1661720 485
1661730 485
1661740 485
1661750 485
1661760 485
1661770 485
1661780 485
1661790 486
1661800 487
1661810 487
1661820 487
1661830 488
1661840 488
1661850 490
1661860 491
1661870 491
1661880 492
1661890 492
1661900 492
1661910 494
1661920 494
1661930 494
1661940 494
1661950 493
1661960 493
1661970 490
1661980 487
1661990 487
1662000 484
1662010 481
1662020 481
1662030 479
1662040 479
1662050 479
1662060 480
1662070 482
1662080 482
1662090 485
1662100 488
1662110 488
1662120 490
1662130 493
1662140 493
1662150 494
1662160 494
1662170 494
1662180 495
1662190 494
1662200 494
1662210 494
1662220 494
1662230 494
1662240 493
1662250 493
1662260 493
1662270 492
1662280 491
1662290 491
1662300 491
1662310 490
1662320 490
1662330 490
1662340 489
1662350 489
1662360 489
1662370 489
1662380 489
1662390 489
1662400 488
1662410 488
1662420 488
1662430 487
1662440 487
1662450 486
1662460 485
1662470 485
1662480 485
1662490 484
1662500 484
1662510 485
1662520 486
1662530 486
1662540 487
1662550 488
1662560 488
1662570 489
1662580 490
1662590 490
1662600 491
1662610 492
1662620 492
1662630 493
1662640 494
1662650 494
1662660 496
1662670 496
1662680 496
1662690 497
1662700 498
1662710 498
1662720 500
1662730 501
1662740 501
1662750 502
1662760 503
1662770 503
1662780 503
1662790 504
1662800 504
1662810 503
1662820 500
1662830 500
1662840 498
1662850 496
1662860 496
1662870 495
1662880 495
1662890 495
1662900 496
1662910 498
1662920 498
1662930 500
1662940 502
1662950 502
1662960 505
1662970 508
1662980 508
1662990 511
1663000 514
1663010 514
1663020 517
1663030 521
1663040 521
1663050 525
1663060 528
1663070 528
1663080 530
1663090 532
1663100 532
1663110 534
1663120 536
1663130 536
1663140 537
1663150 538
1663160 538
1663170 539
1663180 540
1663190 540
1663200 540
1663210 541
1663220 541
1663230 541
1663240 542
1663250 542
1663260 542
1663270 542
1663280 542
1663290 542
1663300 542
1663310 542
1663320 541
1663330 540
1663340 540
1663350 539
1663360 539
1663370 536
1663380 535
1663390 534
1663400 534
1663410 532
1663420 531
1663430 531
1663440 529
1663450 527
1663460 527
1663470 524
1663480 522
1663490 522
1663500 519
1663510 515
1663520 515
1663530 512
1663540 510
1663550 510
1663560 508
1663570 507
1663580 507
1663590 505
1663600 504
1663610 504
1663620 504
1663630 503
1663640 503
1663650 504
1663660 504
1663670 504
1663680 504
1663690 504
1663700 504
1663710 503
1663720 501
1663730 501
1663740 500
1663750 498
1663760 498
1663770 497
1663780 495
1663790 495
1663800 494
1663810 493
1663820 493
1663830 491
1663840 490
1663850 490
1663860 488
1663870 489
1663880 489
1663890 487
1663900 483
1663910 483
1663920 482
1663930 480
1663940 480
1663950 479
1663960 479
1663970 479
1663980 479
1663990 478
1664000 478
1664010 476
1664020 473
1664030 473
1664040 471
1664050 469
1664060 469
1664070 468
1664080 464
1664090 463
1664100 460
1664110 458
1664120 458
1664130 456
1664140 456
1664150 456
1664160 456
1664170 456
1664180 456
1664190 456
1664200 456
1664210 456
1664220 455
1664230 455
1664240 455
1664250 455
1664260 455
1664270 455
1664280 455
1664290 455
1664300 455
1664310 456
1664320 456
1664330 456
1664340 456
1664350 456
1664360 456
1664370 455
1664380 455
1664390 455
1664400 455
1664410 455
1664420 455
1664430 455
1664440 455
1664450 455
1664460 455
1664470 455
1664480 455
1664490 456
1664500 457
1664510 457
1664520 457
1664530 458
1664540 458
1664550 461
1664560 463
1664570 463
1664580 463
1664590 464
1664600 464
1664610 467
1664620 468
1664630 468
1664640 469
1664650 470
1664660 470
1664670 471
1664680 472
1664690 472
1664700 475
1664710 477
1664720 477
1664730 478
1664740 480
1664750 480
1664760 482
1664770 483
1664780 483
1664790 484
1664800 486
1664810 486
1664820 488
1664830 490
1664840 490
1664850 491
1664860 493
1664870 493
1664880 494
1664890 497
1664900 497
1664910 500
1664920 501
1664930 501
1664940 501
1664950 501
1664960 501
1664970 502
1664980 503
1664990 503
1665000 505
1665010 507
1665020 507
1665030 509
1665040 509
1665050 509
1665060 510
1665070 511
1665080 511
1665090 512
1665100 513
1665110 513
1665120 513
1665130 513
1665140 513
1665150 512
1665160 509
1665170 509
1665180 506
1665190 502
1665200 502
1665210 499
1665220 496
1665230 496
1665240 496
1665250 497
1665260 497
1665270 499
1665280 503
1665290 503
1665300 508
1665310 513
1665320 513
1665330 519
1665340 524
1665350 524
1665360 528
1665370 531
1665380 531
1665390 533
1665400 534
1665410 534
1665420 532
1665430 531
1665440 531
1665450 527
1665460 524
1665470 524
1665480 523
1665490 525
1665500 525
1665510 528
1665520 531
1665530 534
1665540 537
1665550 538
1665560 538
1665570 541
1665580 542
1665590 542
1665600 547
1665610 551
1665620 551
1665630 554
1665640 557
1665650 557
1665660 560
1665670 562
1665680 562
1665690 566
1665700 570
1665710 570
1665720 574
1665730 578
1665740 578
1665750 583
1665760 587
1665770 587
1665780 590
1665790 592
1665800 592
1665810 591
1665820 588
1665830 588
1665840 578
1665850 574
1665860 574
1665870 577
1665880 578
1665890 578
1665900 579
1665910 580
1665920 580
1665930 582
1665940 585
1665950 585
1665960 589
1665970 593
1665980 593
1665990 596
1666000 599
1666010 599
1666020 601
1666030 603
1666040 603
1666050 605
1666060 607
1666070 607
1666080 608
1666090 608
1666100 608
1666110 608
1666120 608
1666130 608
1666140 607
1666150 607
1666160 607
1666170 608
1666180 609
1666190 609
1666200 608
1666210 607
1666220 607
1666230 607
1666240 613
1666250 613
1666260 612
1666270 611
1666280 611
1666290 611
1666300 611
1666310 611
1666320 610
1666330 610
1666340 610
1666350 610
1666360 609
1666370 609
1666380 607
1666390 605
1666400 605
1666410 603
1666420 601
1666430 601
1666440 603
1666450 604
1666460 604
1666470 604
1666480 602
1666490 602
1666500 597
1666510 593
1666520 593
1666530 591
1666540 593
1666550 593
1666560 596
1666570 601
1666580 601
1666590 605
1666600 609
1666610 609
1666620 613
1666630 617
1666640 617
1666650 621
1666660 625
1666670 625
1666680 629
1666690 632
1666700 632
1666710 635
1666720 638
1666730 638
1666740 641
1666750 643
1666760 643
1666770 646
1666780 647
1666790 647
1666800 649
1666810 651
1666820 651
1666830 652
1666840 653
1666850 653
1666860 654
1666870 654
1666880 654
1666890 655
1666900 655
1666910 655
1666920 654
1666930 652
1666940 652
1666950 650
1666960 649
1666970 649
1666980 649
1666990 648
1667000 648
1667010 647
1667020 647
1667030 647
1667040 647
1667050 647
1667060 647
1667070 648
1667080 650
1667090 650
1667100 650
1667110 651
1667120 651
1667130 652
1667140 652
1667150 652
1667160 653
1667170 653
1667180 653
1667190 653
1667200 653
1667210 653
1667220 653
1667230 654
1667240 654
1667250 654
1667260 654
1667270 654
1667280 656
1667290 657
1667300 657
1667310 656
1667320 656
1667330 656
1667340 655
1667350 655
1667360 655
1667370 655
1667380 655
1667390 655
1667400 654
1667410 654
1667420 654
1667430 654
1667440 653
1667450 653
1667460 653
1667470 653
1667480 653
1667490 652
1667500 652
1667510 652
1667520 652
1667530 650
1667540 650
1667550 649
1667560 648
1667570 648
1667580 647
1667590 647
1667600 647
1667610 647
1667620 649
1667630 649
1667640 651
1667650 655
1667660 655
1667670 659
1667680 662
1667690 662
1667700 663
1667710 660
1667720 660
1667730 655
1667740 652
1667750 652
1667760 649
1667770 647
1667780 647
1667790 645
1667800 643
1667810 643
1667820 638
1667830 631
1667840 631
1667850 622
1667860 615
1667870 615
1667880 610
1667890 604
1667900 604
1667910 600
1667920 596
1667930 596
1667940 593
1667950 590
1667960 590
1667970 587
1667980 585
1667990 585
1668000 582
1668010 580
1668020 580
1668030 578
1668040 575
1668050 575
1668060 572
1668070 569
1668080 569
1668090 565
1668100 562
1668110 562
1668120 559
1668130 556
1668140 556
1668150 554
1668160 551
1668170 551
1668180 549
1668190 546
1668200 546
1668210 543
1668220 540
1668230 540
1668240 536
1668250 532
1668260 532
1668270 529
1668280 525
1668290 525
1668300 522
1668310 520
1668320 520
1668330 518
1668340 518
1668350 518
1668360 517
1668370 514
1668380 514
1668390 513
1668400 511
1668410 511
1668420 510
1668430 507
1668440 507
1668450 505
1668460 502
1668470 502
1668480 499
1668490 495
1668500 495
1668510 489
1668520 482
1668530 482
1668540 476
1668550 473
1668560 473
1668570 472
1668580 472
1668590 472
1668600 472
1668610 472
1668620 472
1668630 474
1668640 475
1668650 475
1668660 478
1668670 480
1668680 480
1668690 481
1668700 486
1668710 486
1668720 488
1668730 491
1668740 491
1668750 493
1668760 494
1668770 494
1668780 495
1668790 495
1668800 495
1668810 496
1668820 497
1668830 497
1668840 499
1668850 502
1668860 502
1668870 504
1668880 507
1668890 507
1668900 509
1668910 511
1668920 511
1668930 514
1668940 517
1668950 517
1668960 519
1668970 522
1668980 522
1668990 524
1669000 526
1669010 526
1669020 529
1669030 531
1669040 531
1669050 533
1669060 536
1669070 536
1669080 540
1669090 542
1669100 542
1669110 544
1669120 547
1669130 547
1669140 550
1669150 554
1669160 554
1669170 556
1669180 557
1669190 557
1669200 561
1669210 563
1669220 563
1669230 566
1669240 568
1669250 568
1669260 571
1669270 574
1669280 574
1669290 576
1669300 578
1669310 578
1669320 580
1669330 581
1669340 581
1669350 583
1669360 584
1669370 584
1669380 585
1669390 586
1669400 586
1669410 587
1669420 588
1669430 588
1669440 588
1669450 588
1669460 588
1669470 589
1669480 590
1669490 590
1669500 590
1669510 591
1669520 591
1669530 592
1669540 593
1669550 593
1669560 593
1669570 593
1669580 593
1669590 590
1669600 585
1669610 585
1669620 580
1669630 574
1669640 574
1669650 569
1669660 565
1669670 565
1669680 562
1669690 559
1669700 559
1669710 556
1669720 554
1669730 554
1669740 552
1669750 552
1669760 552
1669770 552
1669780 554
1669790 554
1669800 554
1669810 554
1669820 554
1669830 554
1669840 555
1669850 555
1669860 556
1669870 555
1669880 555
1669890 557
1669900 559
1669910 559
1669920 560
1669930 562
1669940 562
1669950 565
1669960 569
1669970 569
1669980 571
1669990 573
1670000 573
1670010 574
1670020 576
1670030 576
1670040 578
1670050 580
1670060 580
1670070 585
1670080 588
1670090 588
1670100 591
1670110 593
1670120 593
1670130 596
1670140 597
1670150 597
1670160 599
1670170 602
1670180 602
1670190 603
1670200 605
1670210 605
1670220 607
1670230 608
1670240 608
1670250 609
1670260 611
1670270 611
1670280 612
1670290 613
1670300 613
1670310 614
1670320 615
1670330 615
1670340 616
1670350 617
1670360 617
1670370 617
1670380 618
1670390 618
1670400 618
1670410 619
1670420 619
1670430 620
1670440 621
1670450 621
1670460 622
1670470 623
1670480 625
1670490 626
1670500 626
1670510 626
1670520 626
1670530 627
1670540 627
1670550 628
1670560 629
1670570 629
1670580 631
1670590 632
1670600 632
1670610 632
1670620 633
1670630 633
1670640 634
1670650 635
1670660 635
1670670 636
1670680 636
1670690 636
1670700 637
1670710 638
1670720 638
1670730 638
1670740 638
1670750 638
1670760 638
1670770 638
1670780 638
1670790 635
1670800 632
1670810 632
1670820 628
1670830 624
1670840 624
1670850 620
1670860 615
1670870 615
1670880 611
1670890 608
1670900 608
1670910 606
1670920 604
1670930 604
1670940 604
1670950 606
1670960 606
1670970 607
1670980 608
1670990 608
1671000 610
1671010 611
1671020 611
1671030 611
1671040 612
1671050 612
1671060 613
1671070 613
1671080 613
1671090 613
1671100 614
1671110 614
1671120 614
1671130 615
1671140 615
1671150 616
1671160 616
1671170 616
1671180 616
1671190 617
1671200 617
1671210 617
1671220 617
1671230 617
1671240 617
1671250 617
1671260 617
1671270 617
1671280 617
1671290 617
1671300 617
1671310 617
1671320 617
1671330 616
1671340 615
1671350 615
1671360 614
1671370 614
1671380 614
1671390 613
1671400 612
1671410 612
1671420 611
1671430 610
1671440 610
1671450 609
1671460 608
1671470 608
1671480 606
1671490 604
1671500 604
1671510 603
1671520 601
1671530 601
1671540 599
1671550 598
1671560 598
1671570 598
1671580 599
1671590 599
1671600 600
1671610 600
1671620 600
1671630 600
1671640 600
1671650 600
1671660 600
1671670 599
1671680 599
1671690 598
1671700 596
1671710 596
1671720 595
1671730 595
1671740 595
1671750 594
1671760 593
1671770 593
1671780 592
1671790 591
1671800 591
1671810 591
1671820 590
1671830 590
1671840 589
1671850 588
1671860 588
1671870 588
1671880 588
1671890 588
1671900 587
1671910 587
1671920 587
1671930 586
1671940 586
1671950 586
1671960 585
1671970 585
1671980 585
1671990 585
1672000 585
1672010 585
1672020 585
1672030 585
1672040 585
1672050 585
1672060 585
1672070 585
1672080 585
1672090 586
1672100 586
1672110 586
1672120 587
1672130 587
1672140 588
1672150 589
1672160 589
1672170 591
1672180 593
1672190 593
1672200 594
1672210 595
1672220 595
1672230 596
1672240 597
1672250 597
1672260 598
1672270 599
1672280 599
1672290 600
1672300 602
1672310 602
1672320 603
1672330 605
1672340 605
1672350 606
1672360 606
1672370 606
1672380 607
1672390 608
1672400 608
1672410 609
1672420 610
1672430 610
1672440 611
1672450 612
1672460 612
1672470 613
1672480 615
1672490 615
1672500 617
1672510 619
1672520 619
1672530 621
1672540 624
1672550 624
1672560 627
1672570 630
1672580 630
1672590 632
1672600 635
1672610 635
1672620 637
1672630 639
1672640 639
1672650 642
1672660 644
1672670 644
1672680 645
1672690 645
1672700 645
1672710 646
1672720 649
1672730 649
1672740 650
1672750 651
1672760 651
1672770 653
1672780 655
1672790 655
1672800 658
1672810 660
1672820 660
1672830 662
1672840 664
1672850 664
1672860 667
1672870 669
1672880 669
1672890 671
1672900 673
1672910 673
1672920 676
1672930 679
1672940 679
1672950 680
1672960 682
1672970 682
1672980 684
1672990 686
1673000 686
1673010 687
1673020 688
1673030 688
1673040 690
1673050 692
1673060 692
1673070 694
1673080 696
1673090 696
1673100 698
1673110 700
1673120 700
1673130 701
1673140 703
1673150 703
1673160 704
1673170 705
1673180 705
1673190 706
1673200 705
1673210 705
1673220 705
1673230 705
1673240 705
1673250 707
1673260 707
1673270 707
1673280 706
1673290 706
1673300 706
1673310 706
1673320 705
1673330 705
1673340 705
1673350 704
1673360 704
1673370 703
1673380 701
1673390 701
1673400 700
1673410 698
1673420 698
1673430 697
1673440 695
1673450 695
1673460 694
1673470 692
1673480 692
1673490 691
1673500 690
1673510 690
1673520 688
1673530 687
1673540 687
1673550 686
1673560 685
1673570 685
1673580 684
1673590 682
1673600 682
1673610 680
1673620 678
1673630 678
1673640 677
1673650 676
1673660 676
1673670 676
1673680 675
1673690 675
1673700 674
1673710 674
1673720 674
1673730 674
1673740 674
1673750 674
1673760 674
1673770 674
1673780 674
1673790 674
1673800 674
1673810 674
1673820 673
1673830 673
1673840 673
1673850 673
1673860 673
1673870 673
1673880 673
1673890 673
1673900 673
1673910 673
1673920 674
1673930 674
1673940 674
1673950 675
1673960 675
1673970 675
1673980 676
1673990 676
1674000 676
1674010 676
1674020 676
1674030 676
1674040 675
1674050 675
1674060 675
1674070 675
1674080 675
1674090 675
1674100 675
1674110 675
1674120 675
1674130 674
1674140 674
1674150 673
1674160 672
1674170 672
1674180 671
1674190 670
1674200 670
1674210 669
1674220 668
1674230 668
1674240 667
1674250 666
1674260 666
1674270 665
1674280 664
1674290 664
1674300 663
1674310 662
1674320 662
1674330 661
1674340 661
1674350 661
1674360 660
1674370 659
1674380 659
1674390 658
1674400 658
1674410 658
1674420 658
1674430 659
1674440 659
1674450 659
1674460 659
1674470 658
1674480 658
1674490 658
1674500 658
1674510 658
1674520 658
1674530 658
1674540 658
1674550 658
1674560 659
1674570 659
1674580 659
1674590 660
1674600 660
1674610 660
1674620 660
1674630 660
1674640 660
1674650 660
1674660 660
1674670 660
1674680 660
1674690 660
1674700 660
1674710 660
1674720 660
1674730 660
1674740 660
1674750 659
1674760 659
1674770 658
1674780 656
1674790 656
1674800 655
1674810 653
1674820 653
1674830 652
1674840 651
1674850 651
1674860 650
1674870 648
1674880 648
1674890 647
1674900 646
1674910 646
1674920 645
1674930 644
1674940 644
1674950 643
1674960 641
1674970 641
1674980 640
1674990 639
1675000 639
1675010 638
1675020 636
1675030 636
1675040 635
1675050 634
1675060 634
1675070 633
1675080 632
1675090 632
1675100 630
1675110 628
1675120 628
1675130 626
1675140 623
1675150 623
1675160 620
1675170 618
1675180 618
1675190 617
1675200 615
1675210 615
1675220 613
1675230 612
1675240 612
1675250 610
1675260 608
1675270 608
1675280 607
1675290 606
1675300 605
1675310 604
1675320 603
1675330 603
1675340 602
1675350 601
1675360 601
1675370 599
1675380 598
1675390 598
1675400 596
1675410 595
1675420 595
1675430 593
1675440 592
1675450 592
1675460 590
1675470 588
1675480 588
1675490 586
1675500 584
1675510 584
1675520 582
1675530 579
1675540 579
1675550 577
1675560 576
1675570 576
1675580 574
1675590 572
1675600 572
1675610 570
1675620 569
1675630 569
1675640 567
1675650 566
1675660 566
1675670 564
1675680 562
1675690 562
1675700 560
1675710 558
1675720 558
1675730 555
1675740 553
1675750 553
1675760 551
1675770 550
1675780 550
1675790 547
1675800 545
1675810 545
1675820 543
1675830 540
1675840 540
1675850 538
1675860 535
1675870 535
1675880 531
1675890 528
1675900 528
1675910 526
1675920 523
1675930 523
1675940 521
1675950 518
1675960 518
1675970 515
1675980 511
1675990 511
1676000 509
1676010 508
1676020 508
1676030 506
1676040 505
1676050 505
1676060 503
1676070 500
1676080 500
1676090 498
1676100 496
1676110 496
1676120 493
1676130 492
1676140 492
1676150 490
1676160 488
1676170 488
1676180 486
1676190 484
1676200 484
1676210 482
1676220 480
1676230 480
1676240 478
1676250 476
1676260 476
1676270 474
1676280 472
1676290 472
1676300 471
1676310 469
1676320 469
1676330 469
1676340 468
1676350 468
1676360 467
1676370 467
1676380 467
1676390 466
1676400 464
1676410 464
1676420 462
1676430 459
1676440 459
1676450 457
1676460 456
1676470 456
1676480 456
1676490 454
1676500 454
1676510 456
1676520 458
1676530 458
1676540 460
1676550 461
1676560 461
1676570 462
1676580 463
1676590 463
1676600 465
1676610 466
1676620 466
1676630 467
1676640 469
1676650 469
1676660 471
1676670 473
1676680 473
1676690 475
1676700 478
1676710 478
1676720 480
1676730 482
1676740 482
1676750 483
1676760 485
1676770 485
1676780 486
1676790 487
1676800 487
1676810 489
1676820 490
1676830 490
1676840 490
1676850 491
1676860 491
1676870 494
1676880 494
1676890 494
1676900 495
1676910 496
1676920 496
1676930 498
1676940 499
1676950 499
1676960 501
1676970 502
1676980 502
1676990 503
1677000 504
1677010 504
1677020 505
1677030 506
1677040 506
1677050 507
1677060 507
1677070 507
1677080 508
1677090 509
1677100 509
1677110 509
1677120 510
1677130 510
1677140 509
1677150 506
1677160 506
1677170 505
1677180 505
1677190 505
1677200 507
1677210 509
1677220 509
1677230 511
1677240 513
1677250 513
1677260 516
1677270 521
1677280 521
1677290 525
1677300 528
1677310 528
1677320 530
1677330 533
1677340 533
1677350 534
1677360 537
1677370 537
1677380 540
1677390 542
1677400 542
1677410 544
1677420 545
1677430 545
1677440 546
1677450 547
1677460 547
1677470 548
1677480 549
1677490 549
1677500 550
1677510 552
1677520 552
1677530 553
1677540 554
1677550 554
1677560 556
1677570 557
1677580 557
1677590 558
1677600 559
1677610 559
1677620 561
1677630 562
1677640 562
1677650 564
1677660 565
1677670 565
1677680 567
1677690 569
1677700 569
1677710 570
1677720 572
1677730 572
1677740 573
1677750 575
1677760 575
1677770 577
1677780 578
1677790 578
1677800 580
1677810 582
1677820 582
1677830 583
1677840 584
1677850 584
1677860 586
1677870 588
1677880 588
1677890 590
1677900 592
1677910 592
1677920 594
1677930 597
1677940 597
1677950 601
1677960 605
1677970 605
1677980 609
1677990 612
1678000 613
1678010 616
1678020 620
1678030 620
1678040 623
1678050 626
1678060 626
1678070 629
1678080 632
1678090 632
1678100 634
1678110 636
1678120 636
1678130 639
1678140 644
1678150 644
1678160 647
1678170 649
1678180 649
1678190 651
1678200 653
1678210 653
1678220 655
1678230 658
1678240 658
1678250 660
1678260 663
1678270 663
1678280 664
1678290 665
1678300 665
1678310 667
1678320 668
1678330 668
1678340 670
1678350 672
1678360 672
1678370 674
1678380 675
1678390 675
1678400 676
1678410 677
1678420 677
1678430 679
1678440 681
1678450 681
1678460 682
1678470 683
1678480 683
1678490 685
1678500 686
1678510 686
1678520 687
1678530 688
1678540 688
1678550 688
1678560 690
1678570 690
1678580 691
1678590 693
1678600 693
1678610 695
1678620 698
1678630 698
1678640 700
1678650 701
1678660 701
1678670 701
1678680 702
1678690 702
1678700 704
1678710 705
1678720 705
1678730 707
1678740 709
1678750 709
1678760 712
1678770 714
1678780 714
1678790 717
1678800 720
1678810 720
1678820 724
1678830 726
1678840 726
1678850 729
1678860 731
1678870 731
1678880 733
1678890 735
1678900 735
1678910 737
1678920 738
1678930 738
1678940 738
1678950 739
1678960 739
1678970 740
1678980 741
1678990 741
1679000 742
1679010 743
1679020 743
1679030 745
1679040 746
1679050 746
1679060 746
1679070 745
1679080 745
1679090 746
1679100 746
1679110 746
1679120 747
1679130 748
1679140 748
1679150 748
1679160 749
1679170 749
1679180 750
1679190 752
1679200 752
1679210 754
1679220 756
1679230 756
1679240 757
1679250 759
1679260 759
1679270 761
1679280 763
1679290 763
1679300 764
1679310 766
1679320 766
1679330 768
1679340 769
1679350 769
1679360 771
1679370 773
1679380 773
1679390 775
1679400 777
1679410 777
1679420 779
1679430 780
1679440 780
1679450 782
1679460 784
1679470 784
1679480 785
1679490 787
1679500 787
1679510 789
1679520 791
1679530 791
1679540 792
1679550 794
1679560 794
1679570 796
1679580 797
1679590 797
1679600 799
1679610 801
1679620 801
1679630 803
1679640 805
1679650 805
1679660 807
1679670 809
1679680 809
1679690 810
1679700 812
1679710 812
1679720 814
1679730 815
1679740 815
1679750 817
1679760 819
1679770 819
1679780 821
1679790 822
1679800 822
1679810 824
1679820 825
1679830 825
1679840 827
1679850 828
1679860 828
1679870 830
1679880 831
1679890 831
1679900 833
1679910 835
1679920 835
1679930 836
1679940 838
1679950 838
1679960 840
1679970 842
1679980 842
1679990 844
