1660000 479
1660010 473
1660020 473
1660030 468
1660040 465
1660050 465
1660060 464
1660070 466
1660080 466
1660090 468
1660100 469
1660110 469
1660120 472
1660130 473
1660140 473
1660150 474
1660160 476
1660170 476
1660180 478
1660190 478
1660200 478
1660210 477
1660220 475
1660230 475
1660240 473
1660250 473
1660260 473
1660270 474
1660280 475
1660290 475
1660300 477
1660310 478
1660320 478
1660330 477
1660340 476
1660350 476
1660360 475
1660370 474
1660380 474
1660390 472
1660400 471
1660410 471
1660420 469
1660430 466
1660440 466
1660450 462
1660460 457
1660470 457
1660480 453
1660490 450
1660500 450
1660510 447
1660520 444
1660530 444
1660540 441
1660550 439
1660560 439
1660570 438
1660580 437
1660590 437
1660600 439
1660610 442
1660620 442
1660630 446
1660640 449
1660650 449
1660660 452
1660670 454
1660680 454
1660690 454
1660700 454
1660710 454
1660720 453
1660730 451
1660740 451
1660750 450
1660760 448
1660770 448
1660780 446
1660790 444
1660800 444
1660810 442
1660820 438
1660830 438
1660840 434
1660850 430
1660860 430
1660870 428
1660880 427
1660890 427
1660900 427
1660910 427
1660920 427
1660930 427
1660940 428
1660950 428
1660960 433
1660970 438
1660980 438
1660990 443
1661000 445
1661010 445
1661020 446
1661030 447
1661040 447
1661050 448
1661060 448
1661070 448
1661080 448
1661090 447
1661100 447
1661110 446
1661120 444
1661130 444
1661140 442
1661150 440
1661160 440
1661170 437
1661180 435
1661190 435
1661200 433
1661210 431
1661220 431
1661230 429
1661240 427
1661250 427
1661260 426
1661270 425
1661280 425
1661290 424
1661300 423
1661310 423
1661320 423
1661330 423
1661340 423
1661350 423
1661360 423
1661370 423
1661380 423
1661390 426
1661400 426
1661410 430
1661420 434
1661430 434
1661440 438
1661450 442
1661460 442
1661470 445
1661480 447
1661490 447
1661500 448
1661510 449
1661520 449
1661530 448
1661540 447
1661550 447
1661560 446
1661570 447
1661580 447
1661590 448
1661600 450
1661610 450
1661620 452
1661630 454
1661640 454
1661650 457
1661660 460
1661670 460
1661680 462
1661690 465
1661700 465
1661710 467
1661720 469
1661730 469
1661740 471
1661750 472
1661760 472
1661770 473
1661780 473
1661790 473
1661800 473
1661810 473
1661820 473
1661830 472
1661840 471
1661850 471
1661860 470
1661870 467
1661880 467
1661890 465
1661900 464
1661910 464
1661920 462
1661930 460
1661940 460
1661950 459
1661960 457
1661970 457
1661980 455
1661990 454
1662000 454
1662010 453
1662020 451
1662030 451
1662040 450
1662050 449
1662060 449
1662070 448
1662080 446
1662090 446
1662100 444
1662110 442
1662120 442
1662130 441
1662140 439
1662150 439
1662160 438
1662170 436
1662180 436
1662190 436
1662200 436
1662210 436
1662220 438
1662230 441
1662240 441
1662250 445
1662260 449
1662270 449
1662280 453
1662290 457
1662300 457
1662310 460
1662320 462
1662330 462
1662340 463
1662350 463
1662360 463
1662370 463
1662380 463
1662390 463
1662400 464
1662410 466
1662420 466
1662430 467
1662440 468
1662450 468
1662460 468
1662470 468
1662480 468
1662490 467
1662500 466
1662510 466
1662520 465
1662530 465
1662540 465
1662550 465
1662560 464
1662570 464
1662580 464
1662590 463
1662600 462
1662610 462
1662620 462
1662630 462
1662640 462
1662650 462
1662660 462
1662670 461
1662680 461
1662690 461
1662700 461
1662710 461
1662720 461
1662730 461
1662740 462
1662750 462
1662760 463
1662770 464
1662780 464
1662790 465
1662800 465
1662810 465
1662820 465
1662830 465
1662840 465
1662850 465
1662860 464
1662870 464
1662880 463
1662890 465
1662900 465
1662910 465
1662920 465
1662930 465
1662940 465
1662950 464
1662960 464
1662970 465
1662980 467
1662990 467
1663000 467
1663010 469
1663020 469
1663030 470
1663040 471
1663050 471
1663060 472
1663070 473
1663080 473
1663090 473
1663100 473
1663110 473
1663120 473
1663130 473
1663140 473
1663150 473
1663160 472
1663170 472
1663180 470
1663190 468
1663200 468
1663210 465
1663220 463
1663230 463
1663240 464
1663250 465
1663260 465
1663270 467
1663280 469
1663290 469
1663300 471
1663310 472
1663320 472
1663330 475
1663340 475
1663350 475
1663360 475
1663370 475
1663380 475
1663390 474
1663400 474
1663410 474
1663420 473
1663430 472
1663440 472
1663450 471
1663460 470
1663470 470
1663480 470
1663490 469
1663500 469
1663510 468
1663520 468
1663530 468
1663540 467
1663550 467
1663560 467
1663570 466
1663580 465
1663590 465
1663600 463
1663610 462
1663620 462
1663630 461
1663640 461
1663650 461
1663660 461
1663670 461
1663680 461
1663690 464
1663700 466
1663710 466
1663720 468
1663730 470
1663740 470
1663750 471
1663760 471
1663770 471
1663780 472
1663790 472
1663800 472
1663810 473
1663820 473
1663830 473
1663840 473
1663850 474
1663860 474
1663870 475
1663880 477
1663890 477
1663900 479
1663910 482
1663920 482
1663930 483
1663940 485
1663950 485
1663960 485
1663970 486
1663980 486
1663990 486
1664000 486
1664010 486
1664020 487
1664030 487
1664040 487
1664050 486
1664060 486
1664070 486
1664080 487
1664090 487
1664100 487
1664110 487
1664120 487
1664130 487
1664140 486
1664150 485
1664160 485
1664170 485
1664180 484
1664190 484
1664200 483
1664210 482
1664220 482
1664230 481
1664240 480
1664250 480
1664260 479
1664270 478
1664280 478
1664290 476
1664300 475
1664310 475
1664320 473
1664330 471
1664340 471
1664350 470
1664360 469
1664370 469
1664380 469
1664390 469
1664400 469
1664410 468
1664420 468
1664430 468
1664440 468
1664450 467
1664460 467
1664470 466
1664480 465
1664490 465
1664500 465
1664510 465
1664520 465
1664530 465
1664540 465
1664550 465
1664560 465
1664570 465
1664580 465
1664590 465
1664600 465
1664610 466
1664620 465
1664630 465
1664640 464
1664650 466
1664660 466
1664670 468
1664680 471
1664690 471
1664700 472
1664710 471
1664720 471
1664730 471
1664740 471
1664750 471
1664760 471
1664770 470
1664780 473
1664790 471
1664800 464
1664810 464
1664820 459
1664830 459
1664840 459
1664850 459
1664860 459
1664870 459
1664880 460
1664890 460
1664900 460
1664910 461
1664920 462
1664930 462
1664940 462
1664950 464
1664960 464
1664970 465
1664980 467
1664990 467
1665000 469
1665010 471
1665020 471
1665030 473
1665040 474
1665050 474
1665060 477
1665070 478
1665080 478
1665090 479
1665100 481
1665110 481
1665120 483
1665130 484
1665140 484
1665150 486
1665160 488
1665170 488
1665180 490
1665190 492
1665200 492
1665210 494
1665220 498
1665230 498
1665240 500
1665250 502
1665260 502
1665270 505
1665280 508
1665290 508
1665300 511
1665310 514
1665320 514
1665330 517
1665340 520
1665350 520
1665360 523
1665370 526
1665380 526
1665390 529
1665400 532
1665410 532
1665420 534
1665430 537
1665440 537
1665450 540
1665460 544
1665470 544
1665480 548
1665490 550
1665500 550
1665510 553
1665520 557
1665530 557
1665540 560
1665550 563
1665560 563
1665570 565
1665580 567
1665590 567
1665600 568
1665610 568
1665620 568
1665630 567
1665640 565
1665650 565
1665660 564
1665670 563
1665680 563
1665690 561
1665700 559
1665710 559
1665720 558
1665730 559
1665740 559
1665750 560
1665760 562
1665770 562
1665780 564
1665790 565
1665800 565
1665810 566
1665820 568
1665830 568
1665840 569
1665850 570
1665860 570
1665870 570
1665880 571
1665890 571
1665900 571
1665910 572
1665920 572
1665930 574
1665940 576
1665950 576
1665960 577
1665970 579
1665980 579
1665990 581
1666000 583
1666010 583
1666020 585
1666030 588
1666040 588
1666050 591
1666060 593
1666070 593
1666080 596
1666090 600
1666100 600
1666110 603
1666120 606
1666130 606
1666140 609
1666150 611
1666160 611
1666170 614
1666180 617
1666190 617
1666200 620
1666210 622
1666220 622
1666230 626
1666240 629
1666250 629
1666260 631
1666270 634
1666280 634
1666290 638
1666300 641
1666310 641
1666320 642
1666330 644
1666340 644
1666350 647
1666360 651
1666370 651
1666380 654
1666390 657
1666400 657
1666410 659
1666420 662
1666430 662
1666440 667
1666450 673
1666460 673
1666470 679
1666480 683
1666490 683
1666500 685
1666510 688
1666520 688
1666530 690
1666540 692
1666550 692
1666560 694
1666570 695
1666580 695
1666590 698
1666600 701
1666610 701
1666620 703
1666630 704
1666640 704
1666650 705
1666660 705
1666670 705
1666680 706
1666690 706
1666700 706
1666710 706
1666720 705
1666730 705
1666740 705
1666750 704
1666760 704
1666770 703
1666780 701
1666790 701
1666800 699
1666810 696
1666820 696
1666830 694
1666840 693
1666850 693
1666860 692
1666870 690
1666880 690
1666890 688
1666900 685
1666910 685
1666920 679
1666930 675
1666940 675
1666950 671
1666960 668
1666970 668
1666980 664
1666990 660
1667000 660
1667010 657
1667020 653
1667030 653
1667040 649
1667050 645
1667060 645
1667070 642
1667080 640
1667090 640
1667100 638
1667110 635
1667120 635
1667130 633
1667140 630
1667150 630
1667160 629
1667170 628
1667180 628
1667190 627
1667200 626
1667210 626
1667220 625
1667230 624
1667240 624
1667250 623
1667260 622
1667270 622
1667280 621
1667290 620
1667300 620
1667310 619
1667320 620
1667330 620
1667340 620
1667350 619
1667360 619
1667370 619
1667380 619
1667390 619
1667400 620
1667410 620
1667420 620
1667430 620
1667440 620
1667450 620
1667460 620
1667470 620
1667480 620
1667490 620
1667500 621
1667510 621
1667520 623
1667530 624
1667540 624
1667550 626
1667560 627
1667570 627
1667580 627
1667590 628
1667600 628
1667610 630
1667620 631
1667630 632
1667640 634
1667650 636
1667660 636
1667670 638
1667680 640
1667690 640
1667700 641
1667710 643
1667720 643
1667730 645
1667740 647
1667750 647
1667760 649
1667770 650
1667780 650
1667790 652
1667800 654
1667810 654
1667820 657
1667830 660
1667840 660
1667850 662
1667860 665
1667870 665
1667880 668
1667890 672
1667900 672
1667910 675
1667920 679
1667930 679
1667940 683
1667950 688
1667960 688
1667970 691
1667980 692
1667990 692
1668000 692
1668010 692
1668020 692
1668030 692
1668040 690
1668050 690
1668060 688
1668070 685
1668080 685
1668090 682
1668100 677
1668110 677
1668120 673
1668130 669
1668140 669
1668150 664
1668160 660
1668170 660
1668180 657
1668190 655
1668200 655
1668210 652
1668220 648
1668230 648
1668240 642
1668250 633
1668260 633
1668270 625
1668280 618
1668290 618
1668300 612
1668310 606
1668320 606
1668330 599
1668340 594
1668350 594
1668360 588
1668370 580
1668380 580
1668390 573
1668400 567
1668410 567
1668420 561
1668430 555
1668440 555
1668450 548
1668460 541
1668470 541
1668480 534
1668490 529
1668500 529
1668510 524
1668520 520
1668530 520
1668540 516
1668550 512
1668560 512
1668570 507
1668580 503
1668590 503
1668600 499
1668610 496
1668620 496
1668630 494
1668640 493
1668650 493
1668660 491
1668670 489
1668680 489
1668690 489
1668700 487
1668710 487
1668720 487
1668730 489
1668740 489
1668750 492
1668760 497
1668770 497
1668780 504
1668790 510
1668800 510
1668810 517
1668820 522
1668830 522
1668840 527
1668850 531
1668860 531
1668870 535
1668880 540
1668890 540
1668900 545
1668910 550
1668920 550
1668930 556
1668940 561
1668950 561
1668960 565
1668970 570
1668980 570
1668990 576
1669000 580
1669010 580
1669020 585
1669030 590
1669040 590
1669050 592
1669060 593
1669070 593
1669080 594
1669090 594
1669100 594
1669110 596
1669120 598
1669130 598
1669140 600
1669150 603
1669160 603
1669170 605
1669180 607
1669190 607
1669200 610
1669210 613
1669220 613
1669230 617
1669240 622
1669250 622
1669260 625
1669270 628
1669280 628
1669290 630
1669300 634
1669310 634
1669320 638
1669330 642
1669340 642
1669350 644
1669360 646
1669370 646
1669380 646
1669390 648
1669400 648
1669410 650
1669420 651
1669430 651
1669440 655
1669450 659
1669460 659
1669470 662
1669480 664
1669490 664
1669500 667
1669510 669
1669520 669
1669530 671
1669540 674
1669550 674
1669560 677
1669570 679
1669580 679
1669590 683
1669600 686
1669610 686
1669620 689
1669630 692
1669640 692
1669650 694
1669660 699
1669670 699
1669680 703
1669690 707
1669700 707
1669710 711
1669720 715
1669730 715
1669740 719
1669750 725
1669760 725
1669770 729
1669780 733
1669790 733
1669800 737
1669810 741
1669820 741
1669830 745
1669840 749
1669850 749
1669860 753
1669870 758
1669880 758
1669890 762
1669900 766
1669910 766
1669920 769
1669930 772
1669940 772
1669950 775
1669960 778
1669970 778
1669980 781
1669990 785
1670000 785
1670010 787
1670020 791
1670030 791
1670040 793
1670050 795
1670060 795
1670070 797
1670080 800
1670090 800
1670100 805
1670110 811
1670120 811
1670130 814
1670140 817
1670150 817
1670160 819
1670170 820
1670180 820
1670190 820
1670200 821
1670210 821
1670220 822
1670230 822
1670240 822
1670250 824
1670260 826
1670270 826
1670280 828
1670290 831
1670300 831
1670310 833
1670320 835
1670330 835
1670340 836
1670350 838
1670360 838
1670370 839
1670380 841
1670390 841
1670400 843
1670410 844
1670420 844
1670430 844
1670440 845
1670450 848
1670460 848
1670470 847
1670480 847
1670490 846
1670500 845
1670510 845
1670520 844
1670530 842
1670540 842
1670550 841
1670560 839
1670570 839
1670580 837
1670590 834
1670600 834
1670610 832
1670620 830
1670630 830
1670640 829
1670650 827
1670660 827
1670670 827
1670680 826
1670690 826
1670700 825
1670710 822
1670720 822
1670730 820
1670740 816
1670750 816
1670760 812
1670770 808
1670780 808
1670790 804
1670800 799
1670810 799
1670820 794
1670830 788
1670840 788
1670850 784
1670860 780
1670870 780
1670880 777
1670890 774
1670900 774
1670910 770
1670920 765
1670930 765
1670940 761
1670950 757
1670960 757
1670970 752
1670980 749
1670990 749
1671000 748
1671010 746
1671020 746
1671030 744
1671040 742
1671050 742
1671060 740
1671070 737
1671080 737
1671090 735
1671100 734
1671110 734
1671120 732
1671130 730
1671140 732
1671150 730
1671160 728
1671170 728
1671180 726
1671190 724
1671200 724
1671210 724
1671220 725
1671230 725
1671240 727
1671250 730
1671260 730
1671270 731
1671280 732
1671290 732
1671300 732
1671310 731
1671320 731
1671330 730
1671340 729
1671350 729
1671360 727
1671370 724
1671380 724
1671390 721
1671400 718
1671410 718
1671420 716
1671430 715
1671440 715
1671450 715
1671460 715
1671470 715
1671480 716
1671490 716
1671500 716
1671510 717
1671520 717
1671530 717
1671540 717
1671550 718
1671560 718
1671570 718
1671580 718
1671590 718
1671600 718
1671610 718
1671620 718
1671630 718
1671640 718
1671650 718
1671660 717
1671670 717
1671680 717
1671690 718
1671700 718
1671710 718
1671720 718
1671730 718
1671740 718
1671750 718
1671760 717
1671770 717
1671780 716
1671790 715
1671800 715
1671810 714
1671820 713
1671830 713
1671840 716
1671850 716
1671860 716
1671870 717
1671880 717
1671890 717
1671900 717
1671910 717
1671920 717
1671930 716
1671940 716
1671950 716
1671960 715
1671970 714
1671980 714
1671990 714
1672000 714
1672010 714
1672020 713
1672030 711
1672040 711
1672050 706
1672060 701
1672070 701
1672080 696
1672090 689
1672100 689
1672110 685
1672120 682
1672130 682
1672140 679
1672150 675
1672160 675
1672170 671
1672180 667
1672190 667
1672200 662
1672210 659
1672220 659
1672230 657
1672240 655
1672250 655
1672260 654
1672270 653
1672280 653
1672290 652
1672300 651
1672310 651
1672320 650
1672330 650
1672340 650
1672350 649
1672360 648
1672370 648
1672380 646
1672390 645
1672400 645
1672410 644
1672420 642
1672430 642
1672440 639
1672450 636
1672460 636
1672470 634
1672480 632
1672490 632
1672500 631
1672510 630
1672520 630
1672530 631
1672540 631
1672550 631
1672560 631
1672570 631
1672580 631
1672590 631
1672600 631
1672610 631
1672620 631
1672630 632
1672640 632
1672650 632
1672660 632
1672670 632
1672680 632
1672690 632
1672700 632
1672710 632
1672720 633
1672730 633
1672740 633
1672750 633
1672760 633
1672770 633
1672780 633
1672790 633
1672800 634
1672810 634
1672820 634
1672830 634
1672840 635
1672850 635
1672860 635
1672870 635
1672880 635
1672890 635
1672900 636
1672910 636
1672920 636
1672930 636
1672940 636
1672950 636
1672960 636
1672970 636
1672980 636
1672990 635
1673000 635
1673010 635
1673020 635
1673030 635
1673040 635
1673050 635
1673060 635
1673070 635
1673080 635
1673090 635
1673100 634
1673110 634
1673120 634
1673130 633
1673140 633
1673150 633
1673160 632
1673170 631
1673180 631
1673190 629
1673200 628
1673210 628
1673220 628
1673230 628
1673240 628
1673250 628
1673260 628
1673270 628
1673280 628
1673290 628
1673300 628
1673310 628
1673320 632
1673330 632
1673340 635
1673350 638
1673360 638
1673370 641
1673380 644
1673390 644
1673400 646
1673410 648
1673420 648
1673430 652
1673440 655
1673450 655
1673460 657
1673470 659
1673480 659
1673490 662
1673500 664
1673510 664
1673520 666
1673530 668
1673540 668
1673550 672
1673560 674
1673570 674
1673580 677
1673590 680
1673600 680
1673610 683
1673620 687
1673630 687
1673640 692
1673650 696
1673660 696
1673670 699
1673680 703
1673690 703
1673700 705
1673710 708
1673720 708
1673730 711
1673740 715
1673750 715
1673760 719
1673770 724
1673780 724
1673790 729
1673800 733
1673810 733
1673820 734
1673830 734
1673840 734
1673850 734
1673860 733
1673870 733
1673880 734
1673890 734
1673900 733
1673910 733
1673920 734
1673930 734
1673940 735
1673950 735
1673960 735
1673970 735
1673980 734
1673990 734
1674000 733
1674010 733
1674020 733
1674030 732
1674040 730
1674050 730
1674060 729
1674070 728
1674080 728
1674090 727
1674100 726
1674110 726
1674120 725
1674130 724
1674140 724
1674150 723
1674160 722
1674170 722
1674180 721
1674190 720
1674200 720
1674210 719
1674220 718
1674230 718
1674240 718
1674250 717
1674260 717
1674270 717
1674280 716
1674290 716
1674300 715
1674310 715
1674320 715
1674330 715
1674340 716
1674350 716
1674360 716
1674370 717
1674380 717
1674390 718
1674400 719
1674410 719
1674420 720
1674430 720
1674440 720
1674450 720
1674460 721
1674470 721
1674480 720
1674490 719
1674500 719
1674510 719
1674520 718
1674530 718
1674540 717
1674550 716
1674560 716
1674570 715
1674580 714
1674590 717
1674600 715
1674610 714
1674620 714
1674630 713
1674640 712
1674650 712
1674660 711
1674670 711
1674680 711
1674690 710
1674700 708
1674710 708
1674720 707
1674730 705
1674740 705
1674750 703
1674760 701
1674770 701
1674780 699
1674790 697
1674800 697
1674810 695
1674820 693
1674830 693
1674840 691
1674850 689
1674860 689
1674870 687
1674880 684
1674890 684
1674900 681
1674910 679
1674920 679
1674930 676
1674940 673
1674950 673
1674960 670
1674970 666
1674980 666
1674990 663
1675000 659
1675010 659
1675020 655
1675030 649
1675040 649
1675050 644
1675060 638
1675070 638
1675080 633
1675090 630
1675100 630
1675110 627
1675120 622
1675130 622
1675140 617
1675150 612
1675160 612
1675170 607
1675180 603
1675190 603
1675200 599
1675210 597
1675220 597
1675230 596
1675240 594
1675250 594
1675260 592
1675270 592
1675280 592
1675290 590
1675300 589
1675310 589
1675320 587
1675330 585
1675340 585
1675350 582
1675360 578
1675370 578
1675380 576
1675390 573
1675400 573
1675410 570
1675420 567
1675430 567
1675440 564
1675450 561
1675460 561
1675470 559
1675480 559
1675490 559
1675500 557
1675510 555
1675520 555
1675530 553
1675540 553
1675550 553
1675560 552
1675570 551
1675580 551
1675590 550
1675600 549
1675610 549
1675620 548
1675630 547
1675640 547
1675650 546
1675660 545
1675670 545
1675680 546
1675690 546
1675700 546
1675710 546
1675720 546
1675730 546
1675740 546
1675750 547
1675760 547
1675770 547
1675780 547
1675790 547
1675800 547
1675810 546
1675820 546
1675830 546
1675840 546
1675850 546
1675860 546
1675870 545
1675880 545
1675890 545
1675900 544
1675910 544
1675920 544
1675930 544
1675940 544
1675950 544
1675960 543
1675970 543
1675980 542
1675990 541
1676000 541
1676010 539
1676020 538
1676030 538
1676040 536
1676050 534
1676060 534
1676070 532
1676080 530
1676090 530
1676100 527
1676110 525
1676120 525
1676130 522
1676140 518
1676150 518
1676160 515
1676170 509
1676180 509
1676190 504
1676200 498
1676210 498
1676220 493
1676230 487
1676240 487
1676250 481
1676260 476
1676270 476
1676280 474
1676290 473
1676300 473
1676310 472
1676320 471
1676330 471
1676340 471
1676350 471
1676360 471
1676370 471
1676380 471
1676390 471
1676400 471
1676410 471
1676420 471
1676430 472
1676440 472
1676450 472
1676460 472
1676470 473
1676480 473
1676490 474
1676500 475
1676510 475
1676520 476
1676530 478
1676540 478
1676550 479
1676560 481
1676570 481
1676580 482
1676590 484
1676600 484
1676610 485
1676620 487
1676630 487
1676640 488
1676650 489
1676660 489
1676670 490
1676680 490
1676690 490
1676700 491
1676710 492
1676720 492
1676730 492
1676740 492
1676750 492
1676760 493
1676770 493
1676780 493
1676790 493
1676800 493
1676810 493
1676820 493
1676830 494
1676840 494
1676850 494
1676860 494
1676870 494
1676880 494
1676890 494
1676900 494
1676910 494
1676920 494
1676930 494
1676940 494
1676950 494
1676960 494
1676970 494
1676980 494
1676990 494
1677000 494
1677010 494
1677020 494
1677030 494
1677040 492
1677050 492
1677060 493
1677070 493
1677080 493
1677090 493
1677100 493
1677110 493
1677120 494
1677130 494
1677140 494
1677150 494
1677160 495
1677170 495
1677180 495
1677190 496
1677200 496
1677210 496
1677220 496
1677230 496
1677240 497
1677250 498
1677260 498
1677270 498
1677280 499
1677290 499
1677300 499
1677310 500
1677320 500
1677330 501
1677340 501
1677350 501
1677360 502
1677370 502
1677380 502
1677390 503
1677400 504
1677410 504
1677420 503
1677430 503
1677440 503
1677450 502
1677460 502
1677470 502
1677480 502
1677490 502
1677500 502
1677510 502
1677520 503
1677530 503
1677540 505
1677550 508
1677560 508
1677570 509
1677580 510
1677590 510
1677600 511
1677610 511
1677620 511
1677630 512
1677640 513
1677650 513
1677660 514
1677670 515
1677680 515
1677690 516
1677700 516
1677710 516
1677720 517
1677730 518
1677740 518
1677750 519
1677760 520
1677770 520
1677780 521
1677790 521
1677800 521
1677810 522
1677820 523
1677830 523
1677840 524
1677850 525
1677860 525
1677870 527
1677880 528
1677890 528
1677900 529
1677910 529
1677920 529
1677930 530
1677940 531
1677950 531
1677960 532
1677970 532
1677980 532
1677990 533
1678000 534
1678010 534
1678020 534
1678030 535
1678040 535
1678050 536
1678060 536
1678070 537
1678080 538
1678090 538
1678100 538
1678110 539
1678120 539
1678130 540
1678140 541
1678150 541
1678160 541
1678170 542
1678180 542
1678190 542
1678200 542
1678210 542
1678220 543
1678230 544
1678240 544
1678250 545
1678260 546
1678270 546
1678280 547
1678290 548
1678300 548
1678310 548
1678320 549
1678330 549
1678340 549
1678350 550
1678360 550
1678370 550
1678380 548
1678390 548
1678400 547
1678410 548
1678420 548
1678430 549
1678440 550
1678450 550
1678460 551
1678470 552
1678480 552
1678490 553
1678500 555
1678510 555
1678520 556
1678530 557
1678540 557
1678550 559
1678560 560
1678570 560
1678580 561
1678590 563
1678600 563
1678610 564
1678620 566
1678630 566
1678640 568
1678650 570
1678660 570
1678670 571
1678680 573
1678690 573
1678700 575
1678710 577
1678720 577
1678730 579
1678740 580
1678750 580
1678760 582
1678770 583
1678780 583
1678790 585
1678800 588
1678810 588
1678820 590
1678830 591
1678840 591
1678850 592
1678860 594
1678870 594
1678880 596
1678890 598
1678900 598
1678910 601
1678920 603
1678930 603
1678940 605
1678950 607
1678960 607
1678970 608
1678980 610
1678990 610
1679000 612
1679010 613
1679020 613
1679030 615
1679040 617
1679050 617
1679060 620
1679070 622
1679080 622
1679090 624
1679100 625
1679110 625
1679120 627
1679130 629
1679140 629
1679150 631
1679160 634
1679170 634
1679180 637
1679190 639
1679200 639
1679210 641
1679220 643
1679230 643
1679240 645
1679250 647
1679260 647
1679270 649
1679280 651
1679290 651
1679300 653
1679310 656
1679320 656
1679330 659
1679340 661
1679350 661
1679360 662
1679370 664
1679380 664
1679390 666
1679400 668
1679410 668
1679420 670
1679430 673
1679440 673
1679450 676
1679460 679
1679470 679
1679480 681
1679490 684
1679500 684
1679510 686
1679520 689
1679530 689
1679540 692
1679550 695
1679560 695
1679570 698
1679580 702
1679590 702
1679600 705
1679610 708
1679620 708
1679630 711
1679640 713
1679650 713
1679660 716
1679670 719
1679680 719
1679690 722
1679700 725
1679710 725
1679720 727
1679730 730
1679740 730
1679750 733
1679760 735
1679770 735
1679780 738
1679790 741
1679800 741
1679810 744
1679820 747
1679830 747
1679840 750
1679850 753
1679860 753
1679870 755
1679880 757
1679890 757
1679900 759
1679910 762
1679920 762
1679930 764
1679940 767
1679950 767
1679960 768
1679970 770
1679980 770
1679990 772
