1660000 657
1660010 657
1660020 658
1660030 659
1660040 659
1660050 661
1660060 662
1660070 662
1660080 663
1660090 663
1660100 663
1660110 662
1660120 661
1660130 661
1660140 661
1660150 660
1660160 660
1660170 658
1660180 655
1660190 655
1660200 652
1660210 648
1660220 648
1660230 646
1660240 645
1660250 645
1660260 644
1660270 644
1660280 644
1660290 646
1660300 649
1660310 649
1660320 651
1660330 654
1660340 655
1660350 658
1660360 660
1660370 660
1660380 663
1660390 664
1660400 664
1660410 665
1660420 665
1660430 665
1660440 664
1660450 664
1660460 664
1660470 663
1660480 662
1660490 662
1660500 661
1660510 661
1660520 661
1660530 659
1660540 656
1660550 656
1660560 655
1660570 654
1660580 654
1660590 654
1660600 654
1660610 654
1660620 653
1660630 653
1660640 653
1660650 653
1660660 653
1660670 653
1660680 653
1660690 653
1660700 653
1660710 653
1660720 654
1660730 654
1660740 655
1660750 656
1660760 656
1660770 656
1660780 656
1660790 656
1660800 656
1660810 657
1660820 657
1660830 659
1660840 660
1660850 660
1660860 659
1660870 659
1660880 659
1660890 659
1660900 658
1660910 658
1660920 656
1660930 654
1660940 654
1660950 651
1660960 649
1660970 649
1660980 646
1660990 644
1661000 644
1661010 643
1661020 642
1661030 642
1661040 642
1661050 641
1661060 641
1661070 639
1661080 638
1661090 638
1661100 637
1661110 636
1661120 636
1661130 635
1661140 634
1661150 634
1661160 633
1661170 631
1661180 631
1661190 626
1661200 623
1661210 623
1661220 626
1661230 632
1661240 632
1661250 636
1661260 637
1661270 637
1661280 637
1661290 637
1661300 637
1661310 636
1661320 636
1661330 636
1661340 634
1661350 631
1661360 631
1661370 626
1661380 622
1661390 622
1661400 617
1661410 612
1661420 612
1661430 606
1661440 602
1661450 602
1661460 599
1661470 597
1661480 597
1661490 597
1661500 601
1661510 601
1661520 606
1661530 609
1661540 609
1661550 613
1661560 617
1661570 617
1661580 621
1661590 624
1661600 624
1661610 626
1661620 628
1661630 628
1661640 630
1661650 631
1661660 631
1661670 631
1661680 632
1661690 632
1661700 634
1661710 636
1661720 636
1661730 637
1661740 639
1661750 639
1661760 642
1661770 646
1661780 646
1661790 649
1661800 651
1661810 651
1661820 653
1661830 653
1661840 653
1661850 653
1661860 652
1661870 652
1661880 652
1661890 651
1661900 651
1661910 649
1661920 647
1661930 647
1661940 645
1661950 644
1661960 644
1661970 642
1661980 641
1661990 641
1662000 640
1662010 639
1662020 639
1662030 639
1662040 638
1662050 638
1662060 638
1662070 637
1662080 637
1662090 636
1662100 633
1662110 633
1662120 630
1662130 627
1662140 627
1662150 623
1662160 620
1662170 620
1662180 616
1662190 613
1662200 613
1662210 609
1662220 606
1662230 606
1662240 602
1662250 599
1662260 599
1662270 597
1662280 595
1662290 595
1662300 593
1662310 591
1662320 591
1662330 589
1662340 588
1662350 588
1662360 586
1662370 583
1662380 583
1662390 580
1662400 576
1662410 576
1662420 572
1662430 567
1662440 567
1662450 564
1662460 560
1662470 560
1662480 557
1662490 554
1662500 554
1662510 550
1662520 547
1662530 547
1662540 543
1662550 542
1662560 542
1662570 539
1662580 534
1662590 534
1662600 530
1662610 526
1662620 526
1662630 521
1662640 518
1662650 518
1662660 514
1662670 511
1662680 511
1662690 507
1662700 502
1662710 502
1662720 499
1662730 497
1662740 497
1662750 497
1662760 496
1662770 496
1662780 496
1662790 498
1662800 498
1662810 500
1662820 500
1662830 500
1662840 505
1662850 510
1662860 510
1662870 513
1662880 515
1662890 515
1662900 517
1662910 518
1662920 518
1662930 519
1662940 519
1662950 519
1662960 518
1662970 517
1662980 517
1662990 517
1663000 517
1663010 517
1663020 518
1663030 521
1663040 521
1663050 523
1663060 526
1663070 526
1663080 528
1663090 531
1663100 531
1663110 533
1663120 534
1663130 534
1663140 536
1663150 537
1663160 537
1663170 538
1663180 539
1663190 539
1663200 539
1663210 540
1663220 540
1663230 544
1663240 549
1663250 549
1663260 553
1663270 557
1663280 557
1663290 561
1663300 566
1663310 566
1663320 570
1663330 573
1663340 573
1663350 577
1663360 580
1663370 580
1663380 582
1663390 585
1663400 585
1663410 587
1663420 588
1663430 588
1663440 588
1663450 588
1663460 588
1663470 586
1663480 583
1663490 583
1663500 579
1663510 579
1663520 575
1663530 572
1663540 572
1663550 570
1663560 570
1663570 570
1663580 570
1663590 571
1663600 571
1663610 572
1663620 575
1663630 575
1663640 577
1663650 579
1663660 579
1663670 580
1663680 581
1663690 581
1663700 583
1663710 585
1663720 585
1663730 586
1663740 588
1663750 588
1663760 590
1663770 593
1663780 593
1663790 595
1663800 598
1663810 598
1663820 601
1663830 603
1663840 603
1663850 606
1663860 608
1663870 608
1663880 611
1663890 613
1663900 613
1663910 616
1663920 619
1663930 619
1663940 621
1663950 623
1663960 623
1663970 623
1663980 622
1663990 622
1664000 622
1664010 618
1664020 618
1664030 611
1664040 605
1664050 605
1664060 599
1664070 593
1664080 593
1664090 587
1664100 582
1664110 582
1664120 577
1664130 572
1664140 572
1664150 571
1664160 573
1664170 573
1664180 576
1664190 580
1664200 580
1664210 585
1664220 591
1664230 591
1664240 597
1664250 602
1664260 602
1664270 604
1664280 605
1664290 605
1664300 604
1664310 603
1664320 603
1664330 601
1664340 600
1664350 600
1664360 599
1664370 598
1664380 598
1664390 596
1664400 594
1664410 594
1664420 591
1664430 589
1664440 589
1664450 586
1664460 583
1664470 583
1664480 580
1664490 576
1664500 576
1664510 574
1664520 574
1664530 574
1664540 573
1664550 571
1664560 571
1664570 570
1664580 568
1664590 568
1664600 565
1664610 563
1664620 563
1664630 564
1664640 566
1664650 566
1664660 568
1664670 570
1664680 570
1664690 572
1664700 574
1664710 574
1664720 575
1664730 577
1664740 577
1664750 580
1664760 582
1664770 582
1664780 585
1664790 587
1664800 587
1664810 589
1664820 591
1664830 591
1664840 593
1664850 595
1664860 595
1664870 596
1664880 596
1664890 596
1664900 597
1664910 598
1664920 598
1664930 599
1664940 600
1664950 600
1664960 601
1664970 603
1664980 603
1664990 604
1665000 607
1665010 607
1665020 609
1665030 610
1665040 610
1665050 612
1665060 615
1665070 615
1665080 617
1665090 619
1665100 619
1665110 620
1665120 622
1665130 622
1665140 624
1665150 626
1665160 626
1665170 628
1665180 629
1665190 629
1665200 631
1665210 633
1665220 633
1665230 635
1665240 637
1665250 637
1665260 639
1665270 640
1665280 640
1665290 640
1665300 640
1665310 640
1665320 640
1665330 641
1665340 641
1665350 642
1665360 643
1665370 643
1665380 644
1665390 645
1665400 645
1665410 647
1665420 648
1665430 648
1665440 647
1665450 649
1665460 649
1665470 649
1665480 650
1665490 650
1665500 651
1665510 653
1665520 653
1665530 655
1665540 656
1665550 656
1665560 658
1665570 659
1665580 659
1665590 660
1665600 662
1665610 662
1665620 664
1665630 665
1665640 665
1665650 666
1665660 668
1665670 668
1665680 669
1665690 670
1665700 670
1665710 671
1665720 673
1665730 673
1665740 674
1665750 677
1665760 677
1665770 679
1665780 682
1665790 682
1665800 685
1665810 688
1665820 688
1665830 690
1665840 692
1665850 692
1665860 693
1665870 694
1665880 694
1665890 696
1665900 698
1665910 698
1665920 700
1665930 702
1665940 702
1665950 703
1665960 704
1665970 704
1665980 704
1665990 706
1666000 706
1666010 708
1666020 710
1666030 710
1666040 712
1666050 712
1666060 712
1666070 711
1666080 709
1666090 709
1666100 706
1666110 703
1666120 703
1666130 698
1666140 692
1666150 692
1666160 686
1666170 681
1666180 681
1666190 677
1666200 674
1666210 674
1666220 672
1666230 670
1666240 670
1666250 669
1666260 670
1666270 670
1666280 674
1666290 679
1666300 679
1666310 683
1666320 687
1666330 687
1666340 692
1666350 696
1666360 696
1666370 701
1666380 705
1666390 705
1666400 709
1666410 712
1666420 712
1666430 716
1666440 720
1666450 720
1666460 723
1666470 725
1666480 725
1666490 727
1666500 729
1666510 729
1666520 730
1666530 731
1666540 731
1666550 731
1666560 731
1666570 731
1666580 730
1666590 730
1666600 730
1666610 729
1666620 729
1666630 729
1666640 728
1666650 728
1666660 728
1666670 726
1666680 725
1666690 725
1666700 722
1666710 718
1666720 718
1666730 713
1666740 710
1666750 710
1666760 706
1666770 702
1666780 702
1666790 700
1666800 701
1666810 701
1666820 704
1666830 706
1666840 706
1666850 708
1666860 709
1666870 710
1666880 711
1666890 712
1666900 712
1666910 713
1666920 714
1666930 714
1666940 714
1666950 715
1666960 715
1666970 715
1666980 716
1666990 716
1667000 717
1667010 718
1667020 718
1667030 718
1667040 719
1667050 719
1667060 721
1667070 723
1667080 723
1667090 725
1667100 727
1667110 727
1667120 729
1667130 730
1667140 730
1667150 731
1667160 733
1667170 733
1667180 734
1667190 735
1667200 735
1667210 736
1667220 738
1667230 738
1667240 740
1667250 743
1667260 743
1667270 746
1667280 747
1667290 747
1667300 748
1667310 750
1667320 750
1667330 752
1667340 755
1667350 755
1667360 757
1667370 760
1667380 760
1667390 761
1667400 763
1667410 763
1667420 764
1667430 765
1667440 765
1667450 767
1667460 769
1667470 769
1667480 769
1667490 766
1667500 766
1667510 764
1667520 762
1667530 762
1667540 760
1667550 757
1667560 757
1667570 754
1667580 757
1667590 757
1667600 753
1667610 749
1667620 749
1667630 748
1667640 747
1667650 747
1667660 745
1667670 742
1667680 742
1667690 736
1667700 730
1667710 730
1667720 722
1667730 714
1667740 714
1667750 706
1667760 699
1667770 699
1667780 692
1667790 686
1667800 686
1667810 679
1667820 673
1667830 673
1667840 666
1667850 660
1667860 660
1667870 654
1667880 648
1667890 648
1667900 643
1667910 639
1667920 639
1667930 635
1667940 631
1667950 631
1667960 625
1667970 621
1667980 621
1667990 617
1668000 612
1668010 612
1668020 609
1668030 605
1668040 605
1668050 601
1668060 596
1668070 596
1668080 590
1668090 584
1668100 584
1668110 579
1668120 574
1668130 574
1668140 568
1668150 563
1668160 563
1668170 564
1668180 568
1668190 568
1668200 572
1668210 577
1668220 577
1668230 582
1668240 586
1668250 586
1668260 591
1668270 598
1668280 598
1668290 606
1668300 612
1668310 612
1668320 618
1668330 624
1668340 624
1668350 632
1668360 638
1668370 638
1668380 643
1668390 646
1668400 646
1668410 648
1668420 650
1668430 650
1668440 651
1668450 654
1668460 654
1668470 656
1668480 658
1668490 658
1668500 660
1668510 661
1668520 661
1668530 663
1668540 664
1668550 664
1668560 664
1668570 661
1668580 661
1668590 658
1668600 655
1668610 655
1668620 653
1668630 651
1668640 651
1668650 648
1668660 644
1668670 644
1668680 641
1668690 638
1668700 638
1668710 634
1668720 631
1668730 631
1668740 628
1668750 625
1668760 625
1668770 622
1668780 616
1668790 616
1668800 612
1668810 609
1668820 609
1668830 607
1668840 604
1668850 604
1668860 601
1668870 598
1668880 598
1668890 595
1668900 592
1668910 592
1668920 590
1668930 589
1668940 589
1668950 588
1668960 588
1668970 588
1668980 588
1668990 594
1669000 594
1669010 595
1669020 595
1669030 595
1669040 595
1669050 596
1669060 596
1669070 595
1669080 593
1669090 593
1669100 594
1669110 595
1669120 595
1669130 598
1669140 600
1669150 600
1669160 602
1669170 604
1669180 604
1669190 605
1669200 608
1669210 608
1669220 610
1669230 612
1669240 612
1669250 614
1669260 616
1669270 616
1669280 618
1669290 620
1669300 620
1669310 622
1669320 624
1669330 624
1669340 625
1669350 626
1669360 626
1669370 628
1669380 630
1669390 630
1669400 632
1669410 634
1669420 634
1669430 636
1669440 637
1669450 637
1669460 639
1669470 640
1669480 640
1669490 642
1669500 643
1669510 643
1669520 645
1669530 646
1669540 646
1669550 648
1669560 650
1669570 650
1669580 651
1669590 653
1669600 653
1669610 654
1669620 655
1669630 655
1669640 657
1669650 658
1669660 658
1669670 660
1669680 660
1669690 661
1669700 662
1669710 662
1669720 664
1669730 666
1669740 666
1669750 667
1669760 669
1669770 669
1669780 670
1669790 673
1669800 673
1669810 674
1669820 676
1669830 676
1669840 678
1669850 680
1669860 680
1669870 683
1669880 686
1669890 686
1669900 688
1669910 691
1669920 691
1669930 693
1669940 694
1669950 694
1669960 696
1669970 697
1669980 697
1669990 698
1670000 698
1670010 698
1670020 698
1670030 698
1670040 698
1670050 699
1670060 701
1670070 701
1670080 702
1670090 704
1670100 704
1670110 706
1670120 708
1670130 708
1670140 709
1670150 711
1670160 711
1670170 712
1670180 713
1670190 713
1670200 715
1670210 716
1670220 716
1670230 719
1670240 722
1670250 722
1670260 725
1670270 725
1670280 725
1670290 727
1670300 730
1670310 730
1670320 733
1670330 736
1670340 736
1670350 737
1670360 740
1670370 740
1670380 743
1670390 744
1670400 744
1670410 749
1670420 753
1670430 753
1670440 757
1670450 761
1670460 761
1670470 765
1670480 768
1670490 768
1670500 773
1670510 778
1670520 778
1670530 782
1670540 787
1670550 787
1670560 792
1670570 798
1670580 798
1670590 802
1670600 807
1670610 807
1670620 812
1670630 816
1670640 816
1670650 820
1670660 824
1670670 824
1670680 829
1670690 833
1670700 833
1670710 837
1670720 840
1670730 840
1670740 841
1670750 843
1670760 843
1670770 845
1670780 847
1670790 847
1670800 850
1670810 854
1670820 854
1670830 857
1670840 859
1670850 859
1670860 860
1670870 861
1670880 861
1670890 861
1670900 862
1670910 862
1670920 864
1670930 865
1670940 865
1670950 867
1670960 868
1670970 868
1670980 868
1670990 870
1671000 870
1671010 872
1671020 874
1671030 874
1671040 875
1671050 878
1671060 878
1671070 880
1671080 882
1671090 881
1671100 884
1671110 886
1671120 886
1671130 888
1671140 890
1671150 890
1671160 892
1671170 894
1671180 894
1671190 896
1671200 898
1671210 898
1671220 900
1671230 902
1671240 902
1671250 904
1671260 907
1671270 907
1671280 910
1671290 914
1671300 914
1671310 917
1671320 919
1671330 919
1671340 921
1671350 923
1671360 923
1671370 925
1671380 927
1671390 927
1671400 928
1671410 929
1671420 929
1671430 930
1671440 930
1671450 930
1671460 931
1671470 932
1671480 932
1671490 933
1671500 934
1671510 934
1671520 936
1671530 938
1671540 938
1671550 940
1671560 942
1671570 942
1671580 944
1671590 946
1671600 946
1671610 947
1671620 949
1671630 949
1671640 951
1671650 954
1671660 954
1671670 957
1671680 959
1671690 959
1671700 960
1671710 961
1671720 961
1671730 962
1671740 962
1671750 962
1671760 962
1671770 962
1671780 963
1671790 962
1671800 961
1671810 961
1671820 959
1671830 958
1671840 958
1671850 957
1671860 956
1671870 956
1671880 955
1671890 953
1671900 953
1671910 952
1671920 950
1671930 950
1671940 948
1671950 945
1671960 945
1671970 942
1671980 938
1671990 938
1672000 935
1672010 933
1672020 933
1672030 931
1672040 928
1672050 928
1672060 925
1672070 920
1672080 920
1672090 915
1672100 910
1672110 910
1672120 905
1672130 902
1672140 902
1672150 897
1672160 892
1672170 892
1672180 888
1672190 884
1672200 884
1672210 880
1672220 874
1672230 874
1672240 870
1672250 866
1672260 866
1672270 862
1672280 858
1672290 858
1672300 854
1672310 852
1672320 852
1672330 849
1672340 845
1672350 845
1672360 841
1672370 841
1672380 841
1672390 843
1672400 845
1672410 845
1672420 845
1672430 844
1672440 844
1672450 840
1672460 836
1672470 836
1672480 839
1672490 844
1672500 844
1672510 849
1672520 853
1672530 853
1672540 856
1672550 860
1672560 860
1672570 863
1672580 866
1672590 866
1672600 869
1672610 872
1672620 872
1672630 875
1672640 877
1672650 877
1672660 878
1672670 878
1672680 878
1672690 878
1672700 879
1672710 879
1672720 879
1672730 880
1672740 880
1672750 881
1672760 882
1672770 882
1672780 883
1672790 884
1672800 884
1672810 885
1672820 886
1672830 886
1672840 887
1672850 888
1672860 888
1672870 889
1672880 890
1672890 890
1672900 891
1672910 892
1672920 892
1672930 893
1672940 894
1672950 894
1672960 896
1672970 896
1672980 896
1672990 897
1673000 898
1673010 898
1673020 900
1673030 901
1673040 901
1673050 901
1673060 901
1673070 901
1673080 902
1673090 901
1673100 901
1673110 899
1673120 898
1673130 898
1673140 895
1673150 891
1673160 891
1673170 887
1673180 885
1673190 885
1673200 884
1673210 883
1673220 883
1673230 881
1673240 880
1673250 880
1673260 879
1673270 878
1673280 878
1673290 876
1673300 874
1673310 874
1673320 873
1673330 872
1673340 872
1673350 871
1673360 871
1673370 871
1673380 870
1673390 870
1673400 870
1673410 868
1673420 866
1673430 866
1673440 864
1673450 863
1673460 863
1673470 861
1673480 858
1673490 858
1673500 856
1673510 854
1673520 854
1673530 852
1673540 851
1673550 851
1673560 851
1673570 848
1673580 848
1673590 845
1673600 843
1673610 843
1673620 839
1673630 835
1673640 835
1673650 831
1673660 827
1673670 827
1673680 823
1673690 819
1673700 819
1673710 815
1673720 811
1673730 811
1673740 809
1673750 807
1673760 807
1673770 805
1673780 801
1673790 801
1673800 798
1673810 793
1673820 793
1673830 789
1673840 784
1673850 786
1673860 783
1673870 780
1673880 780
1673890 776
1673900 772
1673910 772
1673920 768
1673930 764
1673940 764
1673950 760
1673960 758
1673970 758
1673980 756
1673990 753
1674000 753
1674010 751
1674020 748
1674030 748
1674040 746
1674050 744
1674060 744
1674070 742
1674080 740
1674090 740
1674100 739
1674110 735
1674120 735
1674130 730
1674140 726
1674150 726
1674160 722
1674170 719
1674180 719
1674190 718
1674200 716
1674210 716
1674220 715
1674230 714
1674240 714
1674250 716
1674260 718
1674270 718
1674280 719
1674290 721
1674300 721
1674310 722
1674320 722
1674330 722
1674340 722
1674350 722
1674360 722
1674370 722
1674380 721
1674390 721
1674400 719
1674410 718
1674420 718
1674430 716
1674440 713
1674450 713
1674460 709
1674470 705
1674480 705
1674490 700
1674500 696
1674510 696
1674520 692
1674530 689
1674540 689
1674550 686
1674560 683
1674570 683
1674580 678
1674590 675
1674600 675
1674610 674
1674620 671
1674630 671
1674640 668
1674650 664
1674660 664
1674670 659
1674680 655
1674690 655
1674700 651
1674710 647
1674720 647
1674730 643
1674740 639
1674750 639
1674760 636
1674770 632
1674780 632
1674790 629
1674800 627
1674810 627
1674820 620
1674830 616
1674840 616
1674850 613
1674860 609
1674870 609
1674880 608
1674890 607
1674900 607
1674910 606
1674920 605
1674930 605
1674940 607
1674950 610
1674960 610
1674970 612
1674980 614
1674990 614
1675000 616
1675010 618
1675020 618
1675030 619
1675040 619
1675050 619
1675060 617
1675070 615
1675080 615
1675090 613
1675100 610
1675110 610
1675120 607
1675130 605
1675140 605
1675150 602
1675160 601
1675170 601
1675180 598
1675190 594
1675200 594
1675210 591
1675220 587
1675230 587
1675240 584
1675250 582
1675260 582
1675270 579
1675280 576
1675290 576
1675300 573
1675310 570
1675320 570
1675330 566
1675340 563
1675350 563
1675360 560
1675370 557
1675380 557
1675390 554
1675400 551
1675410 551
1675420 549
1675430 546
1675440 546
1675450 544
1675460 542
1675470 542
1675480 540
1675490 539
1675500 539
1675510 536
1675520 533
1675530 533
1675540 530
1675550 529
1675560 529
1675570 528
1675580 526
1675590 526
1675600 525
1675610 525
1675620 525
1675630 524
1675640 523
1675650 523
1675660 523
1675670 522
1675680 522
1675690 521
1675700 520
1675710 520
1675720 520
1675730 520
1675740 520
1675750 519
1675760 519
1675770 519
1675780 519
1675790 519
1675800 519
1675810 519
1675820 519
1675830 519
1675840 519
1675850 519
1675860 519
1675870 520
1675880 520
1675890 520
1675900 521
1675910 521
1675920 521
1675930 521
1675940 521
1675950 520
1675960 520
1675970 520
1675980 520
1675990 520
1676000 520
1676010 520
1676020 520
1676030 520
1676040 520
1676050 519
1676060 519
1676070 519
1676080 519
1676090 519
1676100 519
1676110 519
1676120 519
1676130 518
1676140 518
1676150 518
1676160 518
1676170 518
1676180 518
1676190 518
1676200 517
1676210 517
1676220 517
1676230 517
1676240 517
1676250 518
1676260 518
1676270 518
1676280 517
1676290 517
1676300 517
1676310 516
1676320 515
1676330 515
1676340 513
1676350 512
1676360 512
1676370 511
1676380 512
1676390 512
1676400 512
1676410 512
1676420 512
1676430 513
1676440 513
1676450 513
1676460 511
1676470 510
1676480 510
1676490 510
1676500 510
1676510 510
1676520 510
1676530 509
1676540 509
1676550 509
1676560 508
1676570 508
1676580 506
1676590 505
1676600 505
1676610 503
1676620 501
1676630 501
1676640 500
1676650 499
1676660 499
1676670 497
1676680 495
1676690 495
1676700 493
1676710 492
1676720 492
1676730 492
1676740 492
1676750 492
1676760 492
1676770 492
1676780 492
1676790 492
1676800 492
1676810 492
1676820 492
1676830 491
1676840 491
1676850 491
1676860 491
1676870 491
1676880 491
1676890 491
1676900 491
1676910 491
1676920 490
1676930 490
1676940 490
1676950 490
1676960 490
1676970 490
1676980 490
1676990 490
1677000 490
1677010 489
1677020 489
1677030 489
1677040 489
1677050 489
1677060 489
1677070 489
1677080 489
1677090 489
1677100 489
1677110 489
1677120 489
1677130 490
1677140 490
1677150 490
1677160 490
1677170 490
1677180 490
1677190 491
1677200 491
1677210 491
1677220 491
1677230 491
1677240 491
1677250 491
1677260 491
1677270 490
1677280 493
1677290 493
1677300 496
1677310 497
1677320 497
1677330 497
1677340 498
1677350 498
1677360 499
1677370 499
1677380 499
1677390 500
1677400 500
1677410 500
1677420 501
1677430 501
1677440 501
1677450 502
1677460 502
1677470 502
1677480 503
1677490 503
1677500 503
1677510 503
1677520 504
1677530 504
1677540 504
1677550 505
1677560 505
1677570 505
1677580 506
1677590 506
1677600 506
1677610 507
1677620 507
1677630 507
1677640 507
1677650 507
1677660 508
1677670 508
1677680 508
1677690 508
1677700 508
1677710 508
1677720 509
1677730 510
1677740 510
1677750 510
1677760 511
1677770 511
1677780 511
1677790 512
1677800 512
1677810 513
1677820 513
1677830 513
1677840 513
1677850 513
1677860 513
1677870 514
1677880 514
1677890 514
1677900 515
1677910 516
1677920 516
1677930 517
1677940 517
1677950 517
1677960 518
1677970 518
1677980 518
1677990 519
1678000 519
1678010 519
1678020 520
1678030 521
1678040 521
1678050 522
1678060 523
1678070 523
1678080 523
1678090 524
1678100 524
1678110 524
1678120 525
1678130 525
1678140 526
1678150 527
1678160 527
1678170 528
1678180 529
1678190 529
1678200 529
1678210 530
1678220 530
1678230 531
1678240 532
1678250 532
1678260 533
1678270 533
1678280 533
1678290 534
1678300 535
1678310 535
1678320 536
1678330 537
1678340 537
1678350 538
1678360 538
1678370 538
1678380 539
1678390 540
1678400 540
1678410 541
1678420 542
1678430 542
1678440 543
1678450 544
1678460 544
1678470 545
1678480 546
1678490 546
1678500 547
1678510 548
1678520 548
1678530 550
1678540 551
1678550 551
1678560 552
1678570 553
1678580 553
1678590 555
1678600 555
1678610 555
1678620 557
1678630 558
1678640 558
1678650 559
1678660 561
1678670 561
1678680 562
1678690 563
1678700 563
1678710 565
1678720 566
1678730 566
1678740 567
1678750 569
1678760 569
1678770 571
1678780 572
1678790 572
1678800 574
1678810 576
1678820 576
1678830 577
1678840 578
1678850 578
1678860 580
1678870 581
1678880 581
1678890 583
1678900 585
1678910 585
1678920 587
1678930 589
1678940 589
1678950 590
1678960 592
1678970 592
1678980 594
1678990 596
1679000 596
1679010 597
1679020 600
1679030 600
1679040 602
1679050 603
1679060 603
1679070 604
1679080 606
1679090 606
1679100 607
1679110 609
1679120 609
1679130 612
1679140 615
1679150 615
1679160 617
1679170 620
1679180 620
1679190 622
1679200 625
1679210 625
1679220 627
1679230 630
1679240 630
1679250 633
1679260 636
1679270 635
1679280 638
1679290 641
1679300 641
1679310 643
1679320 646
1679330 646
1679340 648
1679350 652
1679360 652
1679370 654
1679380 656
1679390 656
1679400 659
1679410 661
1679420 661
1679430 664
1679440 667
1679450 667
1679460 669
1679470 672
1679480 672
1679490 674
1679500 676
1679510 676
1679520 679
1679530 681
1679540 681
1679550 683
1679560 686
1679570 686
1679580 688
1679590 690
1679600 690
1679610 693
1679620 695
1679630 695
1679640 697
1679650 699
1679660 699
1679670 701
1679680 703
1679690 703
1679700 705
1679710 708
1679720 708
1679730 711
1679740 713
1679750 713
1679760 715
1679770 718
1679780 718
1679790 721
1679800 724
1679810 724
1679820 727
1679830 730
1679840 730
1679850 734
1679860 738
1679870 738
1679880 741
1679890 744
1679900 744
1679910 747
1679920 750
1679930 749
1679940 752
1679950 755
1679960 755
1679970 758
1679980 761
1679990 761
