1660000 702
1660010 702
1660020 702
1660030 703
1660040 703
1660050 703
1660060 704
1660070 704
1660080 704
1660090 705
1660100 705
1660110 705
1660120 706
1660130 706
1660140 707
1660150 707
1660160 707
1660170 707
1660180 707
1660190 707
1660200 708
1660210 708
1660220 708
1660230 708
1660240 708
1660250 708
1660260 708
1660270 708
1660280 708
1660290 707
1660300 705
1660310 705
1660320 703
1660330 702
1660340 702
1660350 701
1660360 701
1660370 701
1660380 702
1660390 704
1660400 704
1660410 706
1660420 708
1660430 708
1660440 711
1660450 712
1660460 712
1660470 712
1660480 713
1660490 713
1660500 714
1660510 716
1660520 716
1660530 717
1660540 719
1660550 719
1660560 720
1660570 721
1660580 721
1660590 722
1660600 722
1660610 722
1660620 722
1660630 721
1660640 721
1660650 720
1660660 721
1660670 721
1660680 722
1660690 723
1660700 723
1660710 724
1660720 724
1660730 728
1660740 728
1660750 729
1660760 729
1660770 731
1660780 732
1660790 732
1660800 733
1660810 734
1660820 734
1660830 734
1660840 735
1660850 735
1660860 736
1660870 737
1660880 737
1660890 737
1660900 738
1660910 738
1660920 738
1660930 739
1660940 739
1660950 739
1660960 739
1660970 739
1660980 740
1660990 740
1661000 740
1661010 739
1661020 738
1661030 738
1661040 736
1661050 735
1661060 735
1661070 733
1661080 733
1661090 733
1661100 736
1661110 738
1661120 738
1661130 741
1661140 743
1661150 743
1661160 746
1661170 748
1661180 748
1661190 749
1661200 750
1661210 750
1661220 751
1661230 752
1661240 752
1661250 753
1661260 753
1661270 753
1661280 753
1661290 753
1661300 753
1661310 753
1661320 753
1661330 753
1661340 754
1661350 755
1661360 755
1661370 756
1661380 756
1661390 756
1661400 757
1661410 757
1661420 757
1661430 757
1661440 758
1661450 758
1661460 760
1661470 761
1661480 761
1661490 761
1661500 760
1661510 760
1661520 759
1661530 757
1661540 757
1661550 756
1661560 754
1661570 754
1661580 752
1661590 751
1661600 751
1661610 749
1661620 747
1661630 747
1661640 744
1661650 740
1661660 740
1661670 737
1661680 734
1661690 734
1661700 730
1661710 727
1661720 727
1661730 724
1661740 720
1661750 720
1661760 717
1661770 715
1661780 715
1661790 711
1661800 708
1661810 708
1661820 707
1661830 708
1661840 708
1661850 708
1661860 708
1661870 708
1661880 710
1661890 711
1661900 711
1661910 712
1661920 713
1661930 713
1661940 715
1661950 716
1661960 716
1661970 718
1661980 720
1661990 720
1662000 722
1662010 723
1662020 723
1662030 725
1662040 726
1662050 726
1662060 729
1662070 731
1662080 731
1662090 734
1662100 737
1662110 737
1662120 741
1662130 744
1662140 744
1662150 747
1662160 750
1662170 750
1662180 752
1662190 759
1662200 759
1662210 761
1662220 762
1662230 762
1662240 762
1662250 763
1662260 763
1662270 762
1662280 762
1662290 762
1662300 761
1662310 760
1662320 760
1662330 760
1662340 759
1662350 759
1662360 758
1662370 757
1662380 757
1662390 755
1662400 753
1662410 753
1662420 751
1662430 750
1662440 750
1662450 748
1662460 747
1662470 747
1662480 746
1662490 745
1662500 745
1662510 744
1662520 743
1662530 743
1662540 741
1662550 740
1662560 740
1662570 740
1662580 739
1662590 739
1662600 738
1662610 737
1662620 737
1662630 735
1662640 733
1662650 733
1662660 731
1662670 728
1662680 728
1662690 725
1662700 721
1662710 721
1662720 716
1662730 716
1662740 713
1662750 710
1662760 710
1662770 706
1662780 702
1662790 702
1662800 699
1662810 696
1662820 696
1662830 693
1662840 690
1662850 690
1662860 688
1662870 688
1662880 688
1662890 688
1662900 688
1662910 688
1662920 689
1662930 689
1662940 689
1662950 686
1662960 683
1662970 683
1662980 680
1662990 679
1663000 679
1663010 677
1663020 675
1663030 675
1663040 673
1663050 671
1663060 671
1663070 669
1663080 667
1663090 667
1663100 665
1663110 662
1663120 662
1663130 658
1663140 654
1663150 654
1663160 651
1663170 647
1663180 647
1663190 642
1663200 639
1663210 639
1663220 637
1663230 634
1663240 634
1663250 631
1663260 627
1663270 627
1663280 624
1663290 622
1663300 622
1663310 622
1663320 622
1663330 622
1663340 621
1663350 618
1663360 618
1663370 614
1663380 609
1663390 609
1663400 604
1663410 599
1663420 599
1663430 594
1663440 589
1663450 589
1663460 586
1663470 583
1663480 583
1663490 581
1663500 577
1663510 577
1663520 572
1663530 566
1663540 566
1663550 561
1663560 555
1663570 555
1663580 549
1663590 543
1663600 543
1663610 536
1663620 529
1663630 529
1663640 522
1663650 517
1663660 517
1663670 515
1663680 515
1663690 515
1663700 515
1663710 515
1663720 515
1663730 518
1663740 523
1663750 523
1663760 525
1663770 528
1663780 528
1663790 530
1663800 531
1663810 531
1663820 532
1663830 533
1663840 533
1663850 533
1663860 532
1663870 532
1663880 532
1663890 532
1663900 532
1663910 533
1663920 535
1663930 535
1663940 538
1663950 541
1663960 541
1663970 544
1663980 546
1663990 546
1664000 548
1664010 551
1664020 551
1664030 553
1664040 554
1664050 554
1664060 556
1664070 558
1664080 558
1664090 561
1664100 564
1664110 564
1664120 567
1664130 570
1664140 570
1664150 574
1664160 577
1664170 577
1664180 580
1664190 584
1664200 584
1664210 587
1664220 591
1664230 591
1664240 596
1664250 601
1664260 601
1664270 606
1664280 611
1664290 611
1664300 615
1664310 619
1664320 619
1664330 623
1664340 627
1664350 627
1664360 632
1664370 638
1664380 638
1664390 642
1664400 646
1664410 646
1664420 650
1664430 654
1664440 654
1664450 658
1664460 661
1664470 661
1664480 667
1664490 672
1664500 672
1664510 676
1664520 681
1664530 681
1664540 686
1664550 690
1664560 690
1664570 694
1664580 698
1664590 698
1664600 702
1664610 706
1664620 706
1664630 709
1664640 711
1664650 711
1664660 713
1664670 715
1664680 715
1664690 717
1664700 717
1664710 717
1664720 718
1664730 719
1664740 719
1664750 721
1664760 722
1664770 722
1664780 723
1664790 725
1664800 725
1664810 726
1664820 728
1664830 728
1664840 729
1664850 731
1664860 731
1664870 731
1664880 731
1664890 731
1664900 730
1664910 729
1664920 729
1664930 728
1664940 726
1664950 726
1664960 724
1664970 723
1664980 723
1664990 723
1665000 725
1665010 725
1665020 731
1665030 734
1665040 734
1665050 737
1665060 740
1665070 740
1665080 742
1665090 744
1665100 745
1665110 747
1665120 749
1665130 749
1665140 752
1665150 754
1665160 754
1665170 758
1665180 761
1665190 761
1665200 765
1665210 769
1665220 769
1665230 772
1665240 774
1665250 774
1665260 777
1665270 780
1665280 780
1665290 782
1665300 784
1665310 784
1665320 786
1665330 788
1665340 788
1665350 790
1665360 790
1665370 790
1665380 789
1665390 787
1665400 787
1665410 787
1665420 786
1665430 786
1665440 787
1665450 787
1665460 787
1665470 788
1665480 789
1665490 789
1665500 791
1665510 793
1665520 793
1665530 795
1665540 798
1665550 798
1665560 799
1665570 800
1665580 800
1665590 801
1665600 802
1665610 802
1665620 801
1665630 800
1665640 800
1665650 799
1665660 798
1665670 798
1665680 797
1665690 796
1665700 796
1665710 795
1665720 792
1665730 792
1665740 790
1665750 787
1665760 787
1665770 785
1665780 787
1665790 787
1665800 789
1665810 794
1665820 794
1665830 797
1665840 800
1665850 800
1665860 802
1665870 803
1665880 803
1665890 804
1665900 804
1665910 804
1665920 803
1665930 801
1665940 801
1665950 800
1665960 798
1665970 798
1665980 796
1665990 794
1666000 794
1666010 791
1666020 790
1666030 790
1666040 789
1666050 791
1666060 791
1666070 792
1666080 795
1666090 795
1666100 797
1666110 800
1666120 800
1666130 803
1666140 806
1666150 806
1666160 808
1666170 810
1666180 810
1666190 811
1666200 811
1666210 811
1666220 810
1666230 809
1666240 809
1666250 808
1666260 806
1666270 806
1666280 805
1666290 804
1666300 804
1666310 804
1666320 803
1666330 803
1666340 802
1666350 800
1666360 800
1666370 797
1666380 794
1666390 794
1666400 793
1666410 792
1666420 792
1666430 790
1666440 789
1666450 789
1666460 787
1666470 786
1666480 786
1666490 784
1666500 784
1666510 783
1666520 781
1666530 781
1666540 779
1666550 777
1666560 777
1666570 776
1666580 775
1666590 775
1666600 772
1666610 770
1666620 770
1666630 769
1666640 768
1666650 768
1666660 765
1666670 764
1666680 764
1666690 763
1666700 761
1666710 761
1666720 760
1666730 759
1666740 759
1666750 759
1666760 758
1666770 758
1666780 755
1666790 753
1666800 753
1666810 751
1666820 751
1666830 751
1666840 751
1666850 754
1666860 754
1666870 756
1666880 757
1666890 757
1666900 757
1666910 757
1666920 757
1666930 757
1666940 757
1666950 757
1666960 758
1666970 758
1666980 758
1666990 757
1667000 756
1667010 756
1667020 755
1667030 753
1667040 753
1667050 750
1667060 748
1667070 748
1667080 744
1667090 741
1667100 741
1667110 739
1667120 736
1667130 736
1667140 734
1667150 732
1667160 732
1667170 731
1667180 729
1667190 729
1667200 728
1667210 727
1667220 727
1667230 726
1667240 722
1667250 722
1667260 719
1667270 717
1667280 717
1667290 714
1667300 712
1667310 712
1667320 710
1667330 709
1667340 709
1667350 708
1667360 709
1667370 709
1667380 709
1667390 710
1667400 710
1667410 710
1667420 712
1667430 712
1667440 714
1667450 714
1667460 714
1667470 714
1667480 714
1667490 714
1667500 714
1667510 713
1667520 713
1667530 713
1667540 712
1667550 712
1667560 709
1667570 708
1667580 708
1667590 707
1667600 707
1667610 707
1667620 707
1667630 707
1667640 707
1667650 705
1667660 705
1667670 705
1667680 710
1667690 715
1667700 715
1667710 719
1667720 723
1667730 723
1667740 727
1667750 730
1667760 730
1667770 732
1667780 733
1667790 733
1667800 734
1667810 734
1667820 734
1667830 738
1667840 741
1667850 741
1667860 743
1667870 743
1667880 743
1667890 744
1667900 745
1667910 745
1667920 745
1667930 744
1667940 744
1667950 741
1667960 740
1667970 740
1667980 739
1667990 738
1668000 738
1668010 738
1668020 737
1668030 737
1668040 736
1668050 734
1668060 734
1668070 732
1668080 730
1668090 730
1668100 728
1668110 727
1668120 727
1668130 726
1668140 725
1668150 725
1668160 723
1668170 722
1668180 722
1668190 721
1668200 720
1668210 720
1668220 720
1668230 720
1668240 720
1668250 720
1668260 720
1668270 720
1668280 720
1668290 720
1668300 720
1668310 721
1668320 721
1668330 721
1668340 721
1668350 721
1668360 721
1668370 720
1668380 720
1668390 720
1668400 720
1668410 721
1668420 721
1668430 721
1668440 723
1668450 723
1668460 724
1668470 727
1668480 727
1668490 729
1668500 730
1668510 730
1668520 732
1668530 734
1668540 734
1668550 736
1668560 737
1668570 737
1668580 739
1668590 741
1668600 741
1668610 743
1668620 746
1668630 746
1668640 748
1668650 751
1668660 750
1668670 752
1668680 754
1668690 754
1668700 756
1668710 757
1668720 757
1668730 758
1668740 758
1668750 758
1668760 758
1668770 757
1668780 757
1668790 757
1668800 756
1668810 756
1668820 754
1668830 754
1668840 754
1668850 754
1668860 753
1668870 753
1668880 751
1668890 749
1668900 749
1668910 747
1668920 745
1668930 745
1668940 744
1668950 745
1668960 745
1668970 745
1668980 744
1668990 744
1669000 742
1669010 740
1669020 740
1669030 739
1669040 738
1669050 738
1669060 736
1669070 736
1669080 736
1669090 737
1669100 736
1669110 736
1669120 737
1669130 737
1669140 737
1669150 735
1669160 737
1669170 737
1669180 738
1669190 738
1669200 738
1669210 738
1669220 738
1669230 738
1669240 738
1669250 738
1669260 738
1669270 739
1669280 739
1669290 739
1669300 738
1669310 738
1669320 738
1669330 738
1669340 738
1669350 738
1669360 737
1669370 737
1669380 737
1669390 738
1669400 738
1669410 738
1669420 739
1669430 739
1669440 739
1669450 739
1669460 740
1669470 740
1669480 740
1669490 739
1669500 739
1669510 739
1669520 739
1669530 739
1669540 740
1669550 740
1669560 740
1669570 741
1669580 743
1669590 743
1669600 744
1669610 747
1669620 747
1669630 751
1669640 754
1669650 754
1669660 756
1669670 757
1669680 757
1669690 757
1669700 757
1669710 757
1669720 758
1669730 761
1669740 761
1669750 764
1669760 767
1669770 767
1669780 770
1669790 772
1669800 772
1669810 773
1669820 775
1669830 775
1669840 776
1669850 777
1669860 777
1669870 778
1669880 778
1669890 778
1669900 778
1669910 778
1669920 778
1669930 778
1669940 778
1669950 778
1669960 779
1669970 780
1669980 780
1669990 781
1670000 781
1670010 781
1670020 782
1670030 782
1670040 782
1670050 781
1670060 784
1670070 784
1670080 782
1670090 780
1670100 780
1670110 780
1670120 779
1670130 779
1670140 779
1670150 778
1670160 778
1670170 778
1670180 778
1670190 778
1670200 777
1670210 776
1670220 776
1670230 776
1670240 777
1670250 777
1670260 778
1670270 779
1670280 779
1670290 780
1670300 780
1670310 780
1670320 781
1670330 781
1670340 782
1670350 784
1670360 784
1670370 785
1670380 787
1670390 787
1670400 788
1670410 790
1670420 790
1670430 792
1670440 793
1670450 793
1670460 795
1670470 797
1670480 797
1670490 799
1670500 803
1670510 803
1670520 806
1670530 807
1670540 807
1670550 808
1670560 810
1670570 810
1670580 811
1670590 813
1670600 813
1670610 816
1670620 818
1670630 818
1670640 821
1670650 824
1670660 824
1670670 830
1670680 835
1670690 835
1670700 841
1670710 846
1670720 846
1670730 850
1670740 853
1670750 853
1670760 859
1670770 862
1670780 862
1670790 865
1670800 867
1670810 867
1670820 868
1670830 869
1670840 869
1670850 870
1670860 872
1670870 872
1670880 873
1670890 875
1670900 875
1670910 877
1670920 879
1670930 879
1670940 882
1670950 885
1670960 885
1670970 888
1670980 891
1670990 891
1671000 893
1671010 896
1671020 896
1671030 899
1671040 900
1671050 900
1671060 904
1671070 908
1671080 908
1671090 912
1671100 916
1671110 916
1671120 920
1671130 923
1671140 923
1671150 925
1671160 927
1671170 927
1671180 930
1671190 932
1671200 932
1671210 934
1671220 936
1671230 936
1671240 938
1671250 941
1671260 941
1671270 944
1671280 948
1671290 948
1671300 951
1671310 955
1671320 955
1671330 957
1671340 959
1671350 959
1671360 960
1671370 959
1671380 959
1671390 957
1671400 956
1671410 956
1671420 956
1671430 956
1671440 956
1671450 957
1671460 954
1671470 954
1671480 953
1671490 952
1671500 952
1671510 951
1671520 950
1671530 950
1671540 949
1671550 948
1671560 948
1671570 947
1671580 946
1671590 946
1671600 946
1671610 946
1671620 946
1671630 946
1671640 945
1671650 945
1671660 945
1671670 944
1671680 944
1671690 944
1671700 943
1671710 943
1671720 942
1671730 941
1671740 941
1671750 941
1671760 940
1671770 940
1671780 939
1671790 938
1671800 938
1671810 936
1671820 935
1671830 935
1671840 934
1671850 933
1671860 933
1671870 932
1671880 931
1671890 931
1671900 929
1671910 927
1671920 927
1671930 926
1671940 923
1671950 923
1671960 922
1671970 919
1671980 919
1671990 917
1672000 915
1672010 915
1672020 914
1672030 912
1672040 912
1672050 910
1672060 910
1672070 910
1672080 909
1672090 907
1672100 907
1672110 905
1672120 902
1672130 902
1672140 900
1672150 898
1672160 898
1672170 896
1672180 895
1672190 895
1672200 894
1672210 891
1672220 891
1672230 889
1672240 888
1672250 888
1672260 887
1672270 887
1672280 887
1672290 886
1672300 885
1672310 885
1672320 885
1672330 884
1672340 884
1672350 883
1672360 883
1672370 883
1672380 882
1672390 880
1672400 880
1672410 881
1672420 881
1672430 881
1672440 881
1672450 881
1672460 881
1672470 880
1672480 880
1672490 880
1672500 879
1672510 879
1672520 879
1672530 879
1672540 879
1672550 879
1672560 879
1672570 879
1672580 879
1672590 878
1672600 878
1672610 878
1672620 878
1672630 879
1672640 879
1672650 878
1672660 879
1672670 879
1672680 879
1672690 880
1672700 880
1672710 881
1672720 881
1672730 881
1672740 882
1672750 882
1672760 882
1672770 882
1672780 883
1672790 883
1672800 885
1672810 886
1672820 886
1672830 888
1672840 887
1672850 887
1672860 889
1672870 890
1672880 890
1672890 892
1672900 893
1672910 893
1672920 896
1672930 899
1672940 899
1672950 901
1672960 903
1672970 903
1672980 905
1672990 906
1673000 906
1673010 907
1673020 908
1673030 908
1673040 909
1673050 911
1673060 911
1673070 911
1673080 911
1673090 911
1673100 911
1673110 910
1673120 910
1673130 909
1673140 908
1673150 908
1673160 907
1673170 906
1673180 906
1673190 905
1673200 904
1673210 904
1673220 902
1673230 901
1673240 901
1673250 899
1673260 897
1673270 897
1673280 895
1673290 893
1673300 893
1673310 890
1673320 887
1673330 887
1673340 883
1673350 880
1673360 880
1673370 878
1673380 874
1673390 874
1673400 872
1673410 868
1673420 868
1673430 866
1673440 863
1673450 863
1673460 861
1673470 858
1673480 858
1673490 855
1673500 854
1673510 854
1673520 849
1673530 846
1673540 846
1673550 843
1673560 840
1673570 840
1673580 837
1673590 834
1673600 834
1673610 832
1673620 828
1673630 828
1673640 822
1673650 821
1673660 821
1673670 820
1673680 819
1673690 819
1673700 819
1673710 819
1673720 819
1673730 820
1673740 821
1673750 821
1673760 824
1673770 825
1673780 825
1673790 823
1673800 821
1673810 821
1673820 819
1673830 818
1673840 818
1673850 815
1673860 812
1673870 812
1673880 809
1673890 807
1673900 807
1673910 805
1673920 802
1673930 802
1673940 799
1673950 797
1673960 797
1673970 795
1673980 792
1673990 792
1674000 791
1674010 789
1674020 789
1674030 787
1674040 787
1674050 786
1674060 786
1674070 786
1674080 784
1674090 782
1674100 782
1674110 779
1674120 776
1674130 776
1674140 775
1674150 773
1674160 773
1674170 771
1674180 770
1674190 770
1674200 769
1674210 768
1674220 767
1674230 766
1674240 764
1674250 764
1674260 763
1674270 763
1674280 763
1674290 764
1674300 763
1674310 763
1674320 760
1674330 755
1674340 755
1674350 751
1674360 749
1674370 749
1674380 747
1674390 747
1674400 747
1674410 746
1674420 747
1674430 747
1674440 748
1674450 750
1674460 750
1674470 752
1674480 754
1674490 754
1674500 754
1674510 754
1674520 754
1674530 753
1674540 755
1674550 755
1674560 757
1674570 759
1674580 759
1674590 761
1674600 763
1674610 763
1674620 763
1674630 765
1674640 765
1674650 767
1674660 770
1674670 770
1674680 772
1674690 772
1674700 772
1674710 773
1674720 773
1674730 773
1674740 774
1674750 775
1674760 775
1674770 774
1674780 774
1674790 774
1674800 774
1674810 775
1674820 775
1674830 776
1674840 777
1674850 777
1674860 779
1674870 781
1674880 781
1674890 783
1674900 786
1674910 786
1674920 782
1674930 777
1674940 777
1674950 771
1674960 769
1674970 769
1674980 766
1674990 760
1675000 760
1675010 754
1675020 746
1675030 746
1675040 740
1675050 734
1675060 734
1675070 728
1675080 722
1675090 722
1675100 718
1675110 714
1675120 714
1675130 709
1675140 704
1675150 704
1675160 698
1675170 693
1675180 693
1675190 689
1675200 684
1675210 684
1675220 680
1675230 676
1675240 676
1675250 671
1675260 668
1675270 668
1675280 663
1675290 659
1675300 659
1675310 656
1675320 652
1675330 652
1675340 649
1675350 646
1675360 646
1675370 643
1675380 640
1675390 640
1675400 638
1675410 636
1675420 636
1675430 634
1675440 631
1675450 631
1675460 625
1675470 620
1675480 620
1675490 619
1675500 618
1675510 618
1675520 618
1675530 616
1675540 616
1675550 614
1675560 612
1675570 612
1675580 608
1675590 605
1675600 605
1675610 602
1675620 599
1675630 599
1675640 596
1675650 596
1675660 596
1675670 595
1675680 592
1675690 592
1675700 590
1675710 590
1675720 590
1675730 587
1675740 585
1675750 585
1675760 583
1675770 584
1675780 584
1675790 583
1675800 581
1675810 581
1675820 580
1675830 579
1675840 579
1675850 578
1675860 576
1675870 576
1675880 574
1675890 578
1675900 578
1675910 583
1675920 582
1675930 582
1675940 580
1675950 577
1675960 577
1675970 575
1675980 575
1675990 575
1676000 577
1676010 578
1676020 578
1676030 576
1676040 573
1676050 573
1676060 569
1676070 568
1676080 568
1676090 568
1676100 567
1676110 567
1676120 566
1676130 565
1676140 565
1676150 564
1676160 564
1676170 564
1676180 563
1676190 563
1676200 563
1676210 563
1676220 563
1676230 563
1676240 563
1676250 562
1676260 560
1676270 560
1676280 560
1676290 560
1676300 560
1676310 559
1676320 559
1676330 559
1676340 559
1676350 559
1676360 559
1676370 559
1676380 559
1676390 560
1676400 560
1676410 560
1676420 561
1676430 563
1676440 563
1676450 564
1676460 565
1676470 565
1676480 565
1676490 565
1676500 565
1676510 565
1676520 564
1676530 564
1676540 562
1676550 560
1676560 560
1676570 558
1676580 557
1676590 557
1676600 554
1676610 552
1676620 552
1676630 549
1676640 545
1676650 545
1676660 541
1676670 537
1676680 537
1676690 532
1676700 529
1676710 529
1676720 526
1676730 524
1676740 524
1676750 524
1676760 523
1676770 523
1676780 523
1676790 523
1676800 523
1676810 523
1676820 522
1676830 522
1676840 521
1676850 520
1676860 520
1676870 520
1676880 521
1676890 521
1676900 520
1676910 521
1676920 521
1676930 523
1676940 525
1676950 525
1676960 528
1676970 530
1676980 530
1676990 532
1677000 535
1677010 535
1677020 537
1677030 538
1677040 538
1677050 540
1677060 542
1677070 542
1677080 544
1677090 546
1677100 546
1677110 548
1677120 550
1677130 550
1677140 552
1677150 554
1677160 554
1677170 556
1677180 558
1677190 558
1677200 560
1677210 563
1677220 563
1677230 567
1677240 569
1677250 569
1677260 571
1677270 572
1677280 572
1677290 574
1677300 578
1677310 578
1677320 581
1677330 582
1677340 582
1677350 584
1677360 586
1677370 586
1677380 588
1677390 590
1677400 590
1677410 591
1677420 593
1677430 593
1677440 594
1677450 595
1677460 595
1677470 597
1677480 600
1677490 600
1677500 602
1677510 604
1677520 604
1677530 606
1677540 610
1677550 610
1677560 612
1677570 614
1677580 614
1677590 616
1677600 617
1677610 620
1677620 622
1677630 624
1677640 624
1677650 626
1677660 628
1677670 628
1677680 629
1677690 630
1677700 630
1677710 631
1677720 631
1677730 633
1677740 634
1677750 634
1677760 635
1677770 636
1677780 636
1677790 637
1677800 638
1677810 638
1677820 640
1677830 641
1677840 641
1677850 641
1677860 642
1677870 642
1677880 643
1677890 643
1677900 643
1677910 644
1677920 644
1677930 644
1677940 645
1677950 646
1677960 646
1677970 647
1677980 649
1677990 649
1678000 649
1678010 649
1678020 649
1678030 650
1678040 651
1678050 651
1678060 651
1678070 649
1678080 649
1678090 648
1678100 648
1678110 648
1678120 647
1678130 647
1678140 647
1678150 648
1678160 648
1678170 648
1678180 649
1678190 651
1678200 651
1678210 652
1678220 650
1678230 650
1678240 650
1678250 649
1678260 649
1678270 649
1678280 654
1678290 654
1678300 652
1678310 651
1678320 651
1678330 652
1678340 652
1678350 652
1678360 654
1678370 655
1678380 655
1678390 656
1678400 656
1678410 656
1678420 658
1678430 658
1678440 658
1678450 659
1678460 658
1678470 658
1678480 658
1678490 658
1678500 658
1678510 658
1678520 657
1678530 657
1678540 658
1678550 657
1678560 657
1678570 656
1678580 656
1678590 656
1678600 655
1678610 653
1678620 653
1678630 651
1678640 649
1678650 649
1678660 648
1678670 647
1678680 647
1678690 645
1678700 644
1678710 644
1678720 644
1678730 643
1678740 643
1678750 641
1678760 640
1678770 640
1678780 639
1678790 638
1678800 638
1678810 637
1678820 637
1678830 637
1678840 636
1678850 635
1678860 635
1678870 635
1678880 634
1678890 634
1678900 632
1678910 630
1678920 630
1678930 628
1678940 624
1678950 626
1678960 624
1678970 622
1678980 622
1678990 621
1679000 620
1679010 620
1679020 618
1679030 615
1679040 615
1679050 613
1679060 611
1679070 611
1679080 608
1679090 606
1679100 606
1679110 604
1679120 603
1679130 603
1679140 600
1679150 597
1679160 597
1679170 595
1679180 593
1679190 593
1679200 590
1679210 588
1679220 588
1679230 586
1679240 584
1679250 584
1679260 582
1679270 580
1679280 580
1679290 577
1679300 574
1679310 574
1679320 571
1679330 565
1679340 565
1679350 564
1679360 564
1679370 564
1679380 566
1679390 573
1679400 573
1679410 579
1679420 584
1679430 584
1679440 586
1679450 588
1679460 588
1679470 589
1679480 589
1679490 589
1679500 590
1679510 591
1679520 591
1679530 592
1679540 593
1679550 593
1679560 594
1679570 595
1679580 595
1679590 596
1679600 598
1679610 598
1679620 601
1679630 602
1679640 602
1679650 604
1679660 606
1679670 606
1679680 607
1679690 609
1679700 609
1679710 611
1679720 612
1679730 612
1679740 614
1679750 616
1679760 616
1679770 618
1679780 620
1679790 620
1679800 622
1679810 623
1679820 623
1679830 625
1679840 627
1679850 627
1679860 629
1679870 630
1679880 630
1679890 633
1679900 635
1679910 635
1679920 636
1679930 638
1679940 638
1679950 640
1679960 642
1679970 642
1679980 644
1679990 645
