1660000 688
1660010 687
1660020 687
1660030 687
1660040 687
1660050 687
1660060 687
1660070 687
1660080 687
1660090 687
1660100 687
1660110 687
1660120 687
1660130 688
1660140 691
1660150 691
1660160 695
1660170 698
1660180 698
1660190 701
1660200 704
1660210 701
1660220 703
1660230 705
1660240 705
1660250 706
1660260 708
1660270 708
1660280 709
1660290 709
1660300 709
1660310 709
1660320 709
1660330 709
1660340 709
1660350 709
1660360 709
1660370 707
1660380 706
1660390 706
1660400 702
1660410 699
1660420 699
1660430 693
1660440 689
1660450 689
1660460 688
1660470 688
1660480 688
1660490 687
1660500 687
1660510 687
1660520 688
1660530 688
1660540 688
1660550 688
1660560 688
1660570 688
1660580 688
1660590 688
1660600 688
1660610 688
1660620 689
1660630 689
1660640 690
1660650 690
1660660 690
1660670 690
1660680 690
1660690 690
1660700 691
1660710 694
1660720 694
1660730 696
1660740 698
1660750 698
1660760 700
1660770 703
1660780 703
1660790 706
1660800 709
1660810 709
1660820 712
1660830 715
1660840 715
1660850 718
1660860 720
1660870 720
1660880 723
1660890 725
1660900 725
1660910 726
1660920 728
1660930 728
1660940 730
1660950 729
1660960 729
1660970 731
1660980 732
1660990 732
1661000 734
1661010 737
1661020 737
1661030 740
1661040 742
1661050 742
1661060 744
1661070 747
1661080 747
1661090 750
1661100 752
1661110 752
1661120 754
1661130 755
1661140 755
1661150 757
1661160 758
1661170 758
1661180 759
1661190 760
1661200 760
1661210 761
1661220 764
1661230 764
1661240 766
1661250 768
1661260 768
1661270 770
1661280 772
1661290 772
1661300 774
1661310 776
1661320 776
1661330 778
1661340 779
1661350 779
1661360 780
1661370 781
1661380 781
1661390 782
1661400 783
1661410 783
1661420 783
1661430 784
1661440 784
1661450 785
1661460 787
1661470 787
1661480 789
1661490 791
1661500 791
1661510 793
1661520 794
1661530 794
1661540 797
1661550 800
1661560 800
1661570 803
1661580 806
1661590 806
1661600 808
1661610 809
1661620 809
1661630 810
1661640 811
1661650 811
1661660 812
1661670 814
1661680 811
1661690 812
1661700 814
1661710 814
1661720 815
1661730 817
1661740 817
1661750 818
1661760 818
1661770 819
1661780 820
1661790 820
1661800 820
1661810 820
1661820 820
1661830 819
1661840 818
1661850 818
1661860 818
1661870 817
1661880 817
1661890 817
1661900 818
1661910 818
1661920 818
1661930 819
1661940 819
1661950 820
1661960 821
1661970 821
1661980 822
1661990 823
1662000 823
1662010 825
1662020 826
1662030 826
1662040 828
1662050 829
1662060 829
1662070 830
1662080 831
1662090 831
1662100 832
1662110 834
1662120 834
1662130 835
1662140 837
1662150 837
1662160 837
1662170 838
1662180 838
1662190 839
1662200 840
1662210 840
1662220 840
1662230 841
1662240 841
1662250 842
1662260 843
1662270 843
1662280 844
1662290 845
1662300 845
1662310 846
1662320 847
1662330 847
1662340 847
1662350 847
1662360 847
1662370 846
1662380 845
1662390 845
1662400 844
1662410 840
1662420 840
1662430 838
1662440 836
1662450 836
1662460 836
1662470 835
1662480 835
1662490 834
1662500 832
1662510 832
1662520 830
1662530 829
1662540 829
1662550 828
1662560 828
1662570 828
1662580 828
1662590 827
1662600 827
1662610 826
1662620 823
1662630 823
1662640 821
1662650 819
1662660 819
1662670 818
1662680 816
1662690 816
1662700 813
1662710 811
1662720 811
1662730 808
1662740 806
1662750 806
1662760 805
1662770 803
1662780 803
1662790 801
1662800 799
1662810 799
1662820 796
1662830 793
1662840 793
1662850 791
1662860 787
1662870 787
1662880 783
1662890 777
1662900 777
1662910 772
1662920 768
1662930 768
1662940 765
1662950 762
1662960 762
1662970 760
1662980 758
1662990 758
1663000 757
1663010 757
1663020 757
1663030 757
1663040 756
1663050 756
1663060 755
1663070 753
1663080 753
1663090 753
1663100 752
1663110 752
1663120 750
1663130 749
1663140 746
1663150 745
1663160 743
1663170 743
1663180 742
1663190 740
1663200 740
1663210 739
1663220 739
1663230 739
1663240 738
1663250 737
1663260 737
1663270 736
1663280 734
1663290 734
1663300 733
1663310 733
1663320 733
1663330 731
1663340 730
1663350 730
1663360 729
1663370 728
1663380 728
1663390 727
1663400 725
1663410 725
1663420 724
1663430 723
1663440 723
1663450 722
1663460 720
1663470 720
1663480 719
1663490 717
1663500 717
1663510 715
1663520 713
1663530 713
1663540 712
1663550 709
1663560 709
1663570 706
1663580 703
1663590 703
1663600 700
1663610 698
1663620 698
1663630 696
1663640 693
1663650 693
1663660 690
1663670 686
1663680 686
1663690 682
1663700 678
1663710 678
1663720 674
1663730 670
1663740 670
1663750 665
1663760 660
1663770 660
1663780 656
1663790 653
1663800 653
1663810 651
1663820 648
1663830 648
1663840 644
1663850 640
1663860 640
1663870 637
1663880 634
1663890 634
1663900 631
1663910 628
1663920 628
1663930 625
1663940 622
1663950 622
1663960 619
1663970 617
1663980 617
1663990 615
1664000 613
1664010 613
1664020 611
1664030 609
1664040 609
1664050 607
1664060 605
1664070 605
1664080 602
1664090 600
1664100 600
1664110 595
1664120 591
1664130 591
1664140 585
1664150 580
1664160 580
1664170 577
1664180 575
1664190 575
1664200 572
1664210 569
1664220 569
1664230 566
1664240 565
1664250 565
1664260 564
1664270 563
1664280 563
1664290 562
1664300 561
1664310 561
1664320 560
1664330 559
1664340 559
1664350 558
1664360 557
1664370 557
1664380 556
1664390 555
1664400 555
1664410 554
1664420 553
1664430 553
1664440 552
1664450 551
1664460 551
1664470 550
1664480 549
1664490 549
1664500 548
1664510 547
1664520 547
1664530 547
1664540 546
1664550 546
1664560 547
1664570 550
1664580 550
1664590 557
1664600 559
1664610 559
1664620 561
1664630 564
1664640 564
1664650 566
1664660 568
1664670 568
1664680 571
1664690 573
1664700 573
1664710 575
1664720 575
1664730 577
1664740 579
1664750 579
1664760 581
1664770 583
1664780 583
1664790 585
1664800 587
1664810 587
1664820 590
1664830 593
1664840 593
1664850 597
1664860 600
1664870 600
1664880 604
1664890 607
1664900 607
1664910 610
1664920 614
1664930 614
1664940 619
1664950 624
1664960 624
1664970 628
1664980 632
1664990 632
1665000 636
1665010 640
1665020 640
1665030 644
1665040 648
1665050 648
1665060 652
1665070 657
1665080 657
1665090 661
1665100 666
1665110 666
1665120 672
1665130 678
1665140 678
1665150 685
1665160 692
1665170 692
1665180 699
1665190 706
1665200 706
1665210 712
1665220 718
1665230 718
1665240 723
1665250 728
1665260 728
1665270 733
1665280 738
1665290 738
1665300 742
1665310 746
1665320 746
1665330 749
1665340 752
1665350 752
1665360 755
1665370 759
1665380 759
1665390 761
1665400 764
1665410 764
1665420 767
1665430 769
1665440 769
1665450 772
1665460 775
1665470 775
1665480 777
1665490 780
1665500 780
1665510 784
1665520 786
1665530 786
1665540 789
1665550 790
1665560 790
1665570 792
1665580 793
1665590 793
1665600 795
1665610 797
1665620 797
1665630 798
1665640 799
1665650 799
1665660 800
1665670 799
1665680 799
1665690 797
1665700 790
1665710 790
1665720 784
1665730 779
1665740 779
1665750 775
1665760 770
1665770 770
1665780 767
1665790 766
1665800 766
1665810 767
1665820 770
1665830 770
1665840 774
1665850 776
1665860 776
1665870 777
1665880 776
1665890 776
1665900 775
1665910 775
1665920 775
1665930 777
1665940 778
1665950 778
1665960 779
1665970 781
1665980 781
1665990 783
1666000 789
1666010 789
1666020 794
1666030 799
1666040 799
1666050 802
1666060 804
1666070 804
1666080 806
1666090 807
1666100 807
1666110 809
1666120 810
1666130 810
1666140 811
1666150 812
1666160 812
1666170 813
1666180 815
1666190 815
1666200 818
1666210 820
1666220 820
1666230 823
1666240 826
1666250 826
1666260 828
1666270 832
1666280 832
1666290 834
1666300 836
1666310 836
1666320 836
1666330 834
1666340 834
1666350 830
1666360 826
1666370 826
1666380 823
1666390 818
1666400 818
1666410 815
1666420 813
1666430 813
1666440 813
1666450 813
1666460 813
1666470 813
1666480 813
1666490 813
1666500 814
1666510 814
1666520 814
1666530 815
1666540 816
1666550 816
1666560 817
1666570 819
1666580 819
1666590 820
1666600 822
1666610 822
1666620 823
1666630 825
1666640 825
1666650 826
1666660 827
1666670 827
1666680 827
1666690 828
1666700 828
1666710 828
1666720 829
1666730 829
1666740 832
1666750 834
1666760 834
1666770 836
1666780 838
1666790 838
1666800 841
1666810 844
1666820 844
1666830 847
1666840 850
1666850 850
1666860 853
1666870 856
1666880 856
1666890 859
1666900 862
1666910 862
1666920 863
1666930 866
1666940 866
1666950 868
1666960 870
1666970 870
1666980 871
1666990 873
1667000 873
1667010 875
1667020 877
1667030 877
1667040 881
1667050 885
1667060 885
1667070 888
1667080 892
1667090 892
1667100 896
1667110 901
1667120 901
1667130 905
1667140 909
1667150 909
1667160 911
1667170 913
1667180 913
1667190 915
1667200 916
1667210 916
1667220 917
1667230 917
1667240 917
1667250 916
1667260 914
1667270 914
1667280 913
1667290 910
1667300 910
1667310 907
1667320 902
1667330 902
1667340 897
1667350 893
1667360 893
1667370 890
1667380 886
1667390 886
1667400 882
1667410 878
1667420 878
1667430 874
1667440 871
1667450 871
1667460 868
1667470 864
1667480 864
1667490 860
1667500 855
1667510 855
1667520 852
1667530 850
1667540 850
1667550 847
1667560 843
1667570 843
1667580 838
1667590 831
1667600 831
1667610 825
1667620 821
1667630 821
1667640 816
1667650 813
1667660 813
1667670 809
1667680 809
1667690 806
1667700 803
1667710 803
1667720 800
1667730 799
1667740 799
1667750 797
1667760 794
1667770 794
1667780 793
1667790 791
1667800 791
1667810 789
1667820 788
1667830 788
1667840 788
1667850 786
1667860 786
1667870 784
1667880 783
1667890 783
1667900 781
1667910 780
1667920 780
1667930 779
1667940 779
1667950 779
1667960 779
1667970 779
1667980 779
1667990 779
1668000 780
1668010 780
1668020 782
1668030 783
1668040 783
1668050 785
1668060 787
1668070 787
1668080 788
1668090 790
1668100 790
1668110 792
1668120 793
1668130 793
1668140 794
1668150 794
1668160 794
1668170 795
1668180 793
1668190 793
1668200 791
1668210 789
1668220 789
1668230 790
1668240 792
1668250 792
1668260 795
1668270 798
1668280 798
1668290 801
1668300 802
1668310 802
1668320 801
1668330 800
1668340 800
1668350 800
1668360 799
1668370 799
1668380 798
1668390 797
1668400 797
1668410 797
1668420 796
1668430 796
1668440 796
1668450 796
1668460 796
1668470 797
1668480 797
1668490 797
1668500 798
1668510 798
1668520 798
1668530 798
1668540 798
1668550 798
1668560 799
1668570 799
1668580 799
1668590 799
1668600 799
1668610 799
1668620 799
1668630 798
1668640 798
1668650 797
1668660 797
1668670 797
1668680 794
1668690 791
1668700 791
1668710 787
1668720 783
1668730 783
1668740 780
1668750 777
1668760 777
1668770 773
1668780 770
1668790 770
1668800 767
1668810 764
1668820 764
1668830 763
1668840 763
1668850 763
1668860 763
1668870 764
1668880 764
1668890 764
1668900 765
1668910 765
1668920 765
1668930 765
1668940 765
1668950 765
1668960 767
1668970 767
1668980 768
1668990 769
1669000 769
1669010 771
1669020 772
1669030 772
1669040 772
1669050 773
1669060 773
1669070 775
1669080 776
1669090 776
1669100 778
1669110 779
1669120 779
1669130 780
1669140 781
1669150 781
1669160 782
1669170 784
1669180 784
1669190 786
1669200 788
1669210 788
1669220 789
1669230 789
1669240 789
1669250 790
1669260 791
1669270 791
1669280 792
1669290 793
1669300 793
1669310 794
1669320 796
1669330 796
1669340 799
1669350 801
1669360 801
1669370 803
1669380 805
1669390 805
1669400 807
1669410 809
1669420 809
1669430 811
1669440 813
1669450 813
1669460 815
1669470 816
1669480 816
1669490 819
1669500 821
1669510 821
1669520 824
1669530 826
1669540 826
1669550 828
1669560 830
1669570 830
1669580 833
1669590 834
1669600 834
1669610 836
1669620 836
1669630 836
1669640 837
1669650 837
1669660 837
1669670 837
1669680 837
1669690 837
1669700 838
1669710 839
1669720 839
1669730 840
1669740 841
1669750 841
1669760 843
1669770 845
1669780 845
1669790 848
1669800 850
1669810 850
1669820 853
1669830 855
1669840 855
1669850 858
1669860 861
1669870 861
1669880 864
1669890 866
1669900 866
1669910 869
1669920 872
1669930 872
1669940 874
1669950 877
1669960 877
1669970 879
1669980 881
1669990 881
1670000 884
1670010 887
1670020 887
1670030 890
1670040 892
1670050 892
1670060 895
1670070 897
1670080 897
1670090 900
1670100 903
1670110 903
1670120 905
1670130 906
1670140 906
1670150 907
1670160 909
1670170 909
1670180 910
1670190 911
1670200 911
1670210 912
1670220 913
1670230 913
1670240 913
1670250 913
1670260 913
1670270 913
1670280 912
1670290 912
1670300 911
1670310 910
1670320 910
1670330 909
1670340 909
1670350 909
1670360 909
1670370 909
1670380 909
1670390 910
1670400 910
1670410 910
1670420 911
1670430 911
1670440 911
1670450 912
1670460 914
1670470 914
1670480 915
1670490 915
1670500 915
1670510 916
1670520 917
1670530 917
1670540 918
1670550 919
1670560 919
1670570 921
1670580 922
1670590 922
1670600 922
1670610 922
1670620 923
1670630 925
1670640 925
1670650 926
1670660 927
1670670 927
1670680 928
1670690 929
1670700 929
1670710 930
1670720 931
1670730 931
1670740 932
1670750 933
1670760 933
1670770 934
1670780 935
1670790 935
1670800 936
1670810 938
1670820 938
1670830 939
1670840 941
1670850 941
1670860 943
1670870 945
1670880 945
1670890 945
1670900 946
1670910 946
1670920 948
1670930 952
1670940 952
1670950 953
1670960 957
1670970 957
1670980 962
1670990 961
1671000 961
1671010 960
1671020 959
1671030 959
1671040 959
1671050 960
1671060 960
1671070 960
1671080 962
1671090 962
1671100 964
1671110 964
1671120 964
1671130 965
1671140 966
1671150 966
1671160 967
1671170 967
1671180 967
1671190 968
1671200 968
1671210 968
1671220 969
1671230 969
1671240 969
1671250 969
1671260 968
1671270 968
1671280 968
1671290 967
1671300 967
1671310 966
1671320 965
1671330 965
1671340 965
1671350 964
1671360 964
1671370 963
1671380 962
1671390 962
1671400 961
1671410 960
1671420 960
1671430 960
1671440 959
1671450 959
1671460 958
1671470 957
1671480 957
1671490 957
1671500 956
1671510 956
1671520 955
1671530 954
1671540 954
1671550 953
1671560 952
1671570 952
1671580 951
1671590 951
1671600 951
1671610 950
1671620 949
1671630 949
1671640 948
1671650 948
1671660 948
1671670 947
1671680 946
1671690 946
1671700 945
1671710 943
1671720 943
1671730 942
1671740 941
1671750 941
1671760 940
1671770 940
1671780 940
1671790 939
1671800 940
1671810 940
1671820 941
1671830 942
1671840 942
1671850 942
1671860 942
1671870 942
1671880 942
1671890 943
1671900 943
1671910 943
1671920 943
1671930 943
1671940 943
1671950 943
1671960 943
1671970 943
1671980 943
1671990 943
1672000 942
1672010 941
1672020 941
1672030 943
1672040 944
1672050 944
1672060 944
1672070 944
1672080 944
1672090 944
1672100 944
1672110 944
1672120 945
1672130 945
1672140 945
1672150 945
1672160 946
1672170 946
1672180 946
1672190 947
1672200 947
1672210 947
1672220 947
1672230 947
1672240 947
1672250 947
1672260 947
1672270 948
1672280 948
1672290 948
1672300 948
1672310 948
1672320 948
1672330 948
1672340 949
1672350 949
1672360 949
1672370 948
1672380 948
1672390 949
1672400 949
1672410 949
1672420 949
1672430 950
1672440 950
1672450 950
1672460 951
1672470 951
1672480 951
1672490 951
1672500 951
1672510 951
1672520 951
1672530 951
1672540 952
1672550 952
1672560 952
1672570 953
1672580 953
1672590 953
1672600 954
1672610 955
1672620 955
1672630 955
1672640 955
1672650 955
1672660 955
1672670 955
1672680 955
1672690 954
1672700 954
1672710 954
1672720 954
1672730 953
1672740 953
1672750 953
1672760 952
1672770 952
1672780 952
1672790 951
1672800 951
1672810 951
1672820 950
1672830 950
1672840 949
1672850 948
1672860 948
1672870 948
1672880 947
1672890 947
1672900 946
1672910 945
1672920 945
1672930 945
1672940 944
1672950 944
1672960 944
1672970 943
1672980 943
1672990 942
1673000 940
1673010 940
1673020 938
1673030 936
1673040 936
1673050 935
1673060 933
1673070 933
1673080 932
1673090 932
1673100 932
1673110 931
1673120 930
1673130 930
1673140 929
1673150 928
1673160 928
1673170 927
1673180 926
1673190 926
1673200 925
1673210 925
1673220 925
1673230 924
1673240 924
1673250 924
1673260 923
1673270 922
1673280 922
1673290 921
1673300 918
1673310 918
1673320 915
1673330 913
1673340 913
1673350 912
1673360 911
1673370 911
1673380 909
1673390 909
1673400 909
1673410 907
1673420 907
1673430 907
1673440 907
1673450 908
1673460 908
1673470 909
1673480 910
1673490 910
1673500 909
1673510 910
1673520 910
1673530 911
1673540 911
1673550 912
1673560 912
1673570 912
1673580 912
1673590 912
1673600 912
1673610 910
1673620 909
1673630 909
1673640 909
1673650 910
1673660 910
1673670 911
1673680 911
1673690 911
1673700 911
1673710 911
1673720 911
1673730 910
1673740 909
1673750 909
1673760 908
1673770 907
1673780 907
1673790 906
1673800 904
1673810 904
1673820 903
1673830 902
1673840 902
1673850 900
1673860 899
1673870 899
1673880 898
1673890 897
1673900 897
1673910 896
1673920 896
1673930 896
1673940 895
1673950 894
1673960 894
1673970 893
1673980 893
1673990 893
1674000 893
1674010 892
1674020 892
1674030 891
1674040 891
1674050 891
1674060 890
1674070 890
1674080 890
1674090 890
1674100 890
1674110 890
1674120 890
1674130 889
1674140 889
1674150 889
1674160 889
1674170 889
1674180 889
1674190 889
1674200 889
1674210 889
1674220 889
1674230 889
1674240 888
1674250 886
1674260 886
1674270 883
1674280 883
1674290 883
1674300 883
1674310 883
1674320 883
1674330 883
1674340 883
1674350 883
1674360 884
1674370 883
1674380 883
1674390 883
1674400 884
1674410 884
1674420 883
1674430 881
1674440 881
1674450 881
1674460 880
1674470 880
1674480 880
1674490 879
1674500 879
1674510 879
1674520 878
1674530 878
1674540 877
1674550 877
1674560 877
1674570 877
1674580 876
1674590 876
1674600 876
1674610 876
1674620 876
1674630 876
1674640 875
1674650 875
1674660 875
1674670 875
1674680 875
1674690 875
1674700 875
1674710 875
1674720 875
1674730 875
1674740 875
1674750 875
1674760 875
1674770 875
1674780 876
1674790 877
1674800 877
1674810 878
1674820 879
1674830 879
1674840 880
1674850 880
1674860 880
1674870 880
1674880 880
1674890 880
1674900 881
1674910 880
1674920 880
1674930 879
1674940 878
1674950 878
1674960 876
1674970 875
1674980 875
1674990 874
1675000 873
1675010 873
1675020 872
1675030 871
1675040 871
1675050 870
1675060 868
1675070 868
1675080 865
1675090 861
1675100 861
1675110 862
1675120 862
1675130 862
1675140 862
1675150 863
1675160 863
1675170 865
1675180 866
1675190 866
1675200 867
1675210 870
1675220 870
1675230 872
1675240 873
1675250 873
1675260 872
1675270 870
1675280 870
1675290 869
1675300 868
1675310 868
1675320 867
1675330 866
1675340 866
1675350 865
1675360 864
1675370 864
1675380 862
1675390 861
1675400 861
1675410 864
1675420 866
1675430 866
1675440 867
1675450 868
1675460 868
1675470 870
1675480 873
1675490 873
1675500 873
1675510 873
1675520 873
1675530 872
1675540 872
1675550 872
1675560 871
1675570 871
1675580 871
1675590 870
1675600 870
1675610 870
1675620 869
1675630 867
1675640 867
1675650 865
1675660 866
1675670 866
1675680 868
1675690 870
1675700 870
1675710 871
1675720 871
1675730 871
1675740 871
1675750 870
1675760 870
1675770 869
1675780 867
1675790 869
1675800 865
1675810 861
1675820 861
1675830 856
1675840 852
1675850 852
1675860 849
1675870 848
1675880 848
1675890 846
1675900 844
1675910 844
1675920 843
1675930 845
1675940 845
1675950 840
1675960 832
1675970 832
1675980 825
1675990 818
1676000 818
1676010 811
1676020 804
1676030 804
1676040 799
1676050 793
1676060 793
1676070 790
1676080 799
1676090 799
1676100 807
1676110 810
1676120 810
1676130 816
1676140 822
1676150 822
1676160 827
1676170 833
1676180 833
1676190 839
1676200 845
1676210 845
1676220 850
1676230 855
1676240 855
1676250 860
1676260 865
1676270 865
1676280 870
1676290 874
1676300 874
1676310 877
1676320 879
1676330 879
1676340 883
1676350 887
1676360 887
1676370 891
1676380 894
1676390 894
1676400 900
1676410 900
1676420 909
1676430 915
1676440 915
1676450 919
1676460 922
1676470 927
1676480 929
1676490 933
1676500 933
1676510 935
1676520 936
1676530 936
1676540 937
1676550 931
1676560 931
1676570 926
1676580 925
1676590 925
1676600 925
1676610 924
1676620 924
1676630 923
1676640 920
1676650 920
1676660 919
1676670 919
1676680 919
1676690 919
1676700 916
1676710 916
1676720 913
1676730 911
1676740 911
1676750 908
1676760 904
1676770 904
1676780 901
1676790 897
1676800 897
1676810 893
1676820 892
1676830 892
1676840 894
1676850 896
1676860 896
1676870 898
1676880 902
1676890 902
1676900 904
1676910 903
1676920 903
1676930 903
1676940 905
1676950 905
1676960 908
1676970 913
1676980 913
1676990 916
1677000 918
1677010 918
1677020 920
1677030 922
1677040 922
1677050 925
1677060 928
1677070 928
1677080 931
1677090 932
1677100 932
1677110 934
1677120 936
1677130 936
1677140 938
1677150 941
1677160 941
1677170 942
1677180 944
1677190 944
1677200 946
1677210 947
1677220 947
1677230 950
1677240 953
1677250 953
1677260 956
1677270 958
1677280 958
1677290 960
1677300 962
1677310 962
1677320 964
1677330 965
1677340 965
1677350 966
1677360 968
1677370 968
1677380 969
1677390 970
1677400 970
1677410 972
1677420 973
1677430 973
1677440 975
1677450 975
1677460 975
1677470 976
1677480 976
1677490 976
1677500 976
1677510 976
1677520 976
1677530 975
1677540 975
1677550 975
1677560 974
1677570 973
1677580 973
1677590 971
1677600 967
1677610 967
1677620 963
1677630 958
1677640 958
1677650 955
1677660 955
1677670 955
1677680 954
1677690 954
1677700 954
1677710 953
1677720 953
1677730 953
1677740 952
1677750 952
1677760 952
1677770 951
1677780 951
1677790 951
1677800 950
1677810 948
1677820 945
1677830 945
1677840 943
1677850 943
1677860 943
1677870 942
1677880 942
1677890 942
1677900 941
1677910 941
1677920 939
1677930 938
1677940 938
1677950 936
1677960 935
1677970 935
1677980 934
1677990 932
1678000 932
1678010 930
1678020 928
1678030 928
1678040 926
1678050 924
1678060 924
1678070 920
1678080 917
1678090 917
1678100 915
1678110 914
1678120 914
1678130 912
1678140 911
1678150 911
1678160 909
1678170 908
1678180 908
1678190 907
1678200 905
1678210 905
1678220 905
1678230 904
1678240 904
1678250 903
1678260 901
1678270 901
1678280 900
1678290 899
1678300 899
1678310 898
1678320 898
1678330 898
1678340 897
1678350 897
1678360 897
1678370 896
1678380 895
1678390 895
1678400 895
1678410 895
1678420 895
1678430 895
1678440 895
1678450 895
1678460 895
1678470 894
1678480 894
1678490 894
1678500 894
1678510 894
1678520 893
1678530 893
1678540 893
1678550 893
1678560 893
1678570 893
1678580 893
1678590 894
1678600 894
1678610 895
1678620 895
1678630 895
1678640 896
1678650 897
1678660 897
1678670 897
1678680 897
1678690 897
1678700 898
1678710 898
1678720 898
1678730 899
1678740 897
1678750 897
1678760 896
1678770 896
1678780 896
1678790 895
1678800 894
1678810 894
1678820 892
1678830 891
1678840 891
1678850 889
1678860 887
1678870 887
1678880 886
1678890 884
1678900 884
1678910 882
1678920 881
1678930 881
1678940 883
1678950 883
1678960 883
1678970 882
1678980 881
1678990 881
1679000 880
1679010 878
1679020 878
1679030 877
1679040 876
1679050 876
1679060 873
1679070 869
1679080 869
1679090 865
1679100 863
1679110 863
1679120 860
1679130 860
1679140 860
1679150 861
1679160 862
1679170 862
1679180 862
1679190 862
1679200 862
1679210 862
1679220 864
1679230 864
1679240 865
1679250 867
1679260 867
1679270 869
1679280 872
1679290 872
1679300 875
1679310 875
1679320 878
1679330 881
1679340 881
1679350 885
1679360 887
1679370 887
1679380 889
1679390 891
1679400 891
1679410 893
1679420 894
1679430 894
1679440 896
1679450 897
1679460 897
1679470 898
1679480 900
1679490 900
1679500 901
1679510 902
1679520 902
1679530 902
1679540 902
1679550 902
1679560 903
1679570 904
1679580 904
1679590 905
1679600 906
1679610 906
1679620 907
1679630 908
1679640 908
1679650 909
1679660 911
1679670 911
1679680 913
1679690 915
1679700 915
1679710 916
1679720 916
1679730 916
1679740 917
1679750 917
1679760 917
1679770 916
1679780 916
1679790 916
1679800 916
1679810 915
1679820 915
1679830 914
1679840 913
1679850 913
1679860 911
1679870 910
1679880 910
1679890 908
1679900 906
1679910 906
1679920 905
1679930 903
1679940 903
1679950 901
1679960 899
1679970 899
1679980 896
1679990 891
