1660000 793
1660010 794
1660020 795
1660030 795
1660040 795
1660050 795
1660060 795
1660070 794
1660080 793
1660090 793
1660100 791
1660110 790
1660120 790
1660130 789
1660140 788
1660150 788
1660160 787
1660170 785
1660180 785
1660190 783
1660200 780
1660210 780
1660220 776
1660230 773
1660240 773
1660250 771
1660260 770
1660270 770
1660280 768
1660290 767
1660300 767
1660310 767
1660320 766
1660330 766
1660340 767
1660350 767
1660360 767
1660370 768
1660380 767
1660390 767
1660400 765
1660410 762
1660420 762
1660430 759
1660440 757
1660450 757
1660460 757
1660470 760
1660480 760
1660490 759
1660500 755
1660510 755
1660520 751
1660530 750
1660540 750
1660550 750
1660560 750
1660570 750
1660580 751
1660590 753
1660600 753
1660610 756
1660620 759
1660630 759
1660640 762
1660650 765
1660660 765
1660670 768
1660680 770
1660690 770
1660700 772
1660710 774
1660720 774
1660730 776
1660740 777
1660750 777
1660760 777
1660770 775
1660780 775
1660790 774
1660800 774
1660810 774
1660820 775
1660830 777
1660840 777
1660850 779
1660860 782
1660870 782
1660880 785
1660890 789
1660900 789
1660910 793
1660920 796
1660930 796
1660940 801
1660950 805
1660960 805
1660970 808
1660980 811
1660990 811
1661000 813
1661010 816
1661020 816
1661030 820
1661040 823
1661050 823
1661060 827
1661070 831
1661080 831
1661090 835
1661100 837
1661110 837
1661120 839
1661130 840
1661140 840
1661150 841
1661160 842
1661170 842
1661180 843
1661190 843
1661200 845
1661210 846
1661220 847
1661230 847
1661240 849
1661250 851
1661260 851
1661270 851
1661280 852
1661290 852
1661300 852
1661310 853
1661320 853
1661330 853
1661340 853
1661350 853
1661360 853
1661370 853
1661380 853
1661390 853
1661400 853
1661410 853
1661420 853
1661430 852
1661440 852
1661450 852
1661460 850
1661470 850
1661480 849
1661490 848
1661500 848
1661510 848
1661520 848
1661530 848
1661540 847
1661550 848
1661560 848
1661570 848
1661580 849
1661590 849
1661600 849
1661610 850
1661620 850
1661630 851
1661640 852
1661650 852
1661660 853
1661670 854
1661680 854
1661690 855
1661700 856
1661710 856
1661720 857
1661730 859
1661740 859
1661750 860
1661760 860
1661770 860
1661780 861
1661790 862
1661800 862
1661810 863
1661820 864
1661830 864
1661840 865
1661850 866
1661860 866
1661870 866
1661880 867
1661890 867
1661900 868
1661910 868
1661920 868
1661930 869
1661940 871
1661950 871
1661960 871
1661970 872
1661980 872
1661990 872
1662000 873
1662010 873
1662020 873
1662030 873
1662040 873
1662050 873
1662060 874
1662070 874
1662080 874
1662090 874
1662100 874
1662110 874
1662120 874
1662130 874
1662140 875
1662150 875
1662160 875
1662170 876
1662180 877
1662190 877
1662200 877
1662210 876
1662220 876
1662230 876
1662240 875
1662250 875
1662260 874
1662270 874
1662280 874
1662290 873
1662300 871
1662310 871
1662320 868
1662330 865
1662340 865
1662350 863
1662360 861
1662370 861
1662380 859
1662390 859
1662400 857
1662410 855
1662420 855
1662430 854
1662440 854
1662450 854
1662460 855
1662470 856
1662480 856
1662490 859
1662500 861
1662510 861
1662520 863
1662530 865
1662540 865
1662550 867
1662560 868
1662570 868
1662580 869
1662590 870
1662600 870
1662610 871
1662620 872
1662630 872
1662640 873
1662650 873
1662660 873
1662670 874
1662680 875
1662690 875
1662700 876
1662710 877
1662720 877
1662730 877
1662740 878
1662750 878
1662760 878
1662770 878
1662780 878
1662790 878
1662800 879
1662810 879
1662820 879
1662830 879
1662840 879
1662850 880
1662860 880
1662870 880
1662880 880
1662890 880
1662900 880
1662910 880
1662920 881
1662930 881
1662940 882
1662950 882
1662960 882
1662970 882
1662980 881
1662990 881
1663000 881
1663010 881
1663020 881
1663030 881
1663040 880
1663050 880
1663060 880
1663070 879
1663080 879
1663090 879
1663100 878
1663110 878
1663120 878
1663130 877
1663140 877
1663150 877
1663160 877
1663170 877
1663180 877
1663190 877
1663200 877
1663210 878
1663220 878
1663230 878
1663240 878
1663250 878
1663260 878
1663270 877
1663280 877
1663290 877
1663300 876
1663310 875
1663320 875
1663330 874
1663340 873
1663350 873
1663360 872
1663370 870
1663380 870
1663390 869
1663400 868
1663410 868
1663420 867
1663430 866
1663440 866
1663450 866
1663460 865
1663470 865
1663480 865
1663490 865
1663500 865
1663510 865
1663520 865
1663530 865
1663540 864
1663550 864
1663560 864
1663570 864
1663580 864
1663590 864
1663600 864
1663610 864
1663620 864
1663630 864
1663640 863
1663650 863
1663660 863
1663670 862
1663680 862
1663690 861
1663700 861
1663710 861
1663720 860
1663730 860
1663740 860
1663750 859
1663760 859
1663770 859
1663780 859
1663790 858
1663800 858
1663810 858
1663820 857
1663830 857
1663840 856
1663850 855
1663860 855
1663870 854
1663880 853
1663890 853
1663900 852
1663910 851
1663920 851
1663930 851
1663940 849
1663950 849
1663960 848
1663970 847
1663980 847
1663990 845
1664000 842
1664010 842
1664020 838
1664030 834
1664040 834
1664050 829
1664060 824
1664070 824
1664080 820
1664090 817
1664100 817
1664110 813
1664120 809
1664130 809
1664140 805
1664150 799
1664160 799
1664170 793
1664180 787
1664190 787
1664200 781
1664210 775
1664220 775
1664230 770
1664240 766
1664250 766
1664260 763
1664270 762
1664280 762
1664290 760
1664300 759
1664310 759
1664320 756
1664330 751
1664340 751
1664350 746
1664360 741
1664370 741
1664380 736
1664390 730
1664400 730
1664410 724
1664420 718
1664430 718
1664440 712
1664450 707
1664460 707
1664470 700
1664480 694
1664490 694
1664500 687
1664510 681
1664520 681
1664530 675
1664540 669
1664550 669
1664560 664
1664570 660
1664580 660
1664590 657
1664600 655
1664610 655
1664620 655
1664630 655
1664640 655
1664650 656
1664660 656
1664670 656
1664680 659
1664690 664
1664700 664
1664710 667
1664720 671
1664730 671
1664740 674
1664750 678
1664760 678
1664770 681
1664780 683
1664790 683
1664800 686
1664810 688
1664820 688
1664830 691
1664840 696
1664850 696
1664860 699
1664870 703
1664880 703
1664890 706
1664900 709
1664910 709
1664920 712
1664930 714
1664940 714
1664950 718
1664960 718
1664970 721
1664980 725
1664990 725
1665000 728
1665010 730
1665020 730
1665030 732
1665040 734
1665050 734
1665060 735
1665070 736
1665080 736
1665090 736
1665100 737
1665110 737
1665120 737
1665130 738
1665140 738
1665150 739
1665160 740
1665170 740
1665180 741
1665190 743
1665200 743
1665210 741
1665220 737
1665230 737
1665240 734
1665250 731
1665260 731
1665270 732
1665280 732
1665290 732
1665300 732
1665310 731
1665320 731
1665330 731
1665340 732
1665350 732
1665360 734
1665370 737
1665380 737
1665390 740
1665400 742
1665410 742
1665420 745
1665430 748
1665440 748
1665450 751
1665460 755
1665470 755
1665480 759
1665490 763
1665500 763
1665510 766
1665520 769
1665530 769
1665540 774
1665550 777
1665560 777
1665570 780
1665580 783
1665590 783
1665600 786
1665610 789
1665620 789
1665630 792
1665640 796
1665650 796
1665660 798
1665670 801
1665680 801
1665690 803
1665700 804
1665710 804
1665720 806
1665730 807
1665740 807
1665750 806
1665760 806
1665770 806
1665780 805
1665790 803
1665800 803
1665810 802
1665820 800
1665830 800
1665840 798
1665850 796
1665860 796
1665870 794
1665880 793
1665890 793
1665900 791
1665910 792
1665920 792
1665930 793
1665940 794
1665950 794
1665960 795
1665970 798
1665980 798
1665990 800
1666000 801
1666010 801
1666020 801
1666030 802
1666040 802
1666050 803
1666060 805
1666070 805
1666080 808
1666090 811
1666100 811
1666110 814
1666120 817
1666130 817
1666140 822
1666150 826
1666160 826
1666170 829
1666180 831
1666190 831
1666200 833
1666210 834
1666220 834
1666230 836
1666240 837
1666250 837
1666260 839
1666270 841
1666280 838
1666290 840
1666300 842
1666310 842
1666320 844
1666330 847
1666340 847
1666350 850
1666360 852
1666370 852
1666380 854
1666390 856
1666400 856
1666410 857
1666420 857
1666430 857
1666440 858
1666450 859
1666460 859
1666470 860
1666480 861
1666490 861
1666500 861
1666510 862
1666520 862
1666530 862
1666540 862
1666550 862
1666560 863
1666570 863
1666580 863
1666590 864
1666600 864
1666610 864
1666620 864
1666630 864
1666640 864
1666650 864
1666660 864
1666670 864
1666680 864
1666690 864
1666700 864
1666710 864
1666720 863
1666730 863
1666740 862
1666750 860
1666760 860
1666770 858
1666780 857
1666790 857
1666800 857
1666810 857
1666820 857
1666830 856
1666840 855
1666850 855
1666860 855
1666870 855
1666880 855
1666890 855
1666900 854
1666910 854
1666920 854
1666930 854
1666940 854
1666950 856
1666960 857
1666970 857
1666980 858
1666990 859
1667000 859
1667010 859
1667020 860
1667030 860
1667040 860
1667050 861
1667060 861
1667070 862
1667080 862
1667090 862
1667100 862
1667110 862
1667120 862
1667130 863
1667140 863
1667150 863
1667160 864
1667170 865
1667180 865
1667190 866
1667200 867
1667210 867
1667220 868
1667230 869
1667240 869
1667250 870
1667260 871
1667270 871
1667280 872
1667290 872
1667300 872
1667310 873
1667320 874
1667330 874
1667340 875
1667350 875
1667360 875
1667370 875
1667380 875
1667390 875
1667400 875
1667410 874
1667420 874
1667430 873
1667440 872
1667450 872
1667460 869
1667470 867
1667480 867
1667490 865
1667500 864
1667510 864
1667520 863
1667530 863
1667540 862
1667550 863
1667560 863
1667570 864
1667580 866
1667590 866
1667600 867
1667610 867
1667620 867
1667630 866
1667640 866
1667650 866
1667660 866
1667670 866
1667680 866
1667690 866
1667700 866
1667710 867
1667720 867
1667730 868
1667740 868
1667750 868
1667760 869
1667770 869
1667780 870
1667790 871
1667800 871
1667810 872
1667820 873
1667830 873
1667840 874
1667850 875
1667860 875
1667870 876
1667880 878
1667890 878
1667900 878
1667910 879
1667920 879
1667930 881
1667940 882
1667950 882
1667960 883
1667970 883
1667980 883
1667990 884
1668000 884
1668010 884
1668020 885
1668030 886
1668040 886
1668050 887
1668060 888
1668070 888
1668080 888
1668090 888
1668100 888
1668110 889
1668120 889
1668130 889
1668140 889
1668150 889
1668160 889
1668170 889
1668180 889
1668190 889
1668200 888
1668210 888
1668220 888
1668230 887
1668240 885
1668250 885
1668260 883
1668270 881
1668280 881
1668290 881
1668300 880
1668310 880
1668320 880
1668330 880
1668340 880
1668350 880
1668360 882
1668370 882
1668380 883
1668390 885
1668400 885
1668410 887
1668420 888
1668430 888
1668440 889
1668450 890
1668460 890
1668470 891
1668480 892
1668490 892
1668500 893
1668510 892
1668520 892
1668530 892
1668540 891
1668550 891
1668560 891
1668570 890
1668580 890
1668590 890
1668600 889
1668610 889
1668620 886
1668630 884
1668640 884
1668650 882
1668660 879
1668670 879
1668680 875
1668690 872
1668700 872
1668710 868
1668720 864
1668730 864
1668740 860
1668750 856
1668760 856
1668770 852
1668780 848
1668790 848
1668800 843
1668810 840
1668820 840
1668830 835
1668840 831
1668850 831
1668860 828
1668870 825
1668880 825
1668890 822
1668900 819
1668910 819
1668920 816
1668930 814
1668940 814
1668950 814
1668960 813
1668970 813
1668980 813
1668990 816
1669000 816
1669010 818
1669020 820
1669030 820
1669040 824
1669050 827
1669060 827
1669070 831
1669080 836
1669090 836
1669100 840
1669110 844
1669120 844
1669130 848
1669140 851
1669150 851
1669160 855
1669170 860
1669180 860
1669190 862
1669200 864
1669210 864
1669220 865
1669230 867
1669240 867
1669250 868
1669260 869
1669270 869
1669280 869
1669290 869
1669300 869
1669310 870
1669320 870
1669330 870
1669340 870
1669350 868
1669360 868
1669370 867
1669380 866
1669390 866
1669400 865
1669410 865
1669420 865
1669430 864
1669440 863
1669450 863
1669460 862
1669470 862
1669480 862
1669490 863
1669500 864
1669510 864
1669520 865
1669530 866
1669540 866
1669550 866
1669560 866
1669570 866
1669580 866
1669590 866
1669600 866
1669610 865
1669620 866
1669630 866
1669640 867
1669650 867
1669660 867
1669670 868
1669680 868
1669690 868
1669700 867
1669710 866
1669720 866
1669730 865
1669740 865
1669750 865
1669760 865
1669770 866
1669780 866
1669790 867
1669800 869
1669810 869
1669820 868
1669830 869
1669840 869
1669850 871
1669860 872
1669870 872
1669880 873
1669890 874
1669900 874
1669910 875
1669920 878
1669930 878
1669940 879
1669950 879
1669960 879
1669970 880
1669980 879
1669990 879
1670000 879
1670010 879
1670020 879
1670030 879
1670040 880
1670050 880
1670060 880
1670070 880
1670080 880
1670090 880
1670100 880
1670110 880
1670120 880
1670130 880
1670140 880
1670150 880
1670160 880
1670170 879
1670180 877
1670190 877
1670200 875
1670210 875
1670220 875
1670230 875
1670240 875
1670250 875
1670260 876
1670270 878
1670280 878
1670290 878
1670300 877
1670310 877
1670320 877
1670330 878
1670340 878
1670350 881
1670360 884
1670370 884
1670380 885
1670390 886
1670400 886
1670410 887
1670420 887
1670430 887
1670440 888
1670450 890
1670460 890
1670470 891
1670480 893
1670490 893
1670500 893
1670510 895
1670520 896
1670530 897
1670540 900
1670550 900
1670560 903
1670570 906
1670580 906
1670590 908
1670600 909
1670610 909
1670620 910
1670630 912
1670640 912
1670650 913
1670660 914
1670670 914
1670680 915
1670690 916
1670700 916
1670710 916
1670720 916
1670730 916
1670740 916
1670750 916
1670760 916
1670770 916
1670780 916
1670790 916
1670800 917
1670810 917
1670820 917
1670830 917
1670840 917
1670850 917
1670860 918
1670870 918
1670880 918
1670890 918
1670900 918
1670910 918
1670920 919
1670930 919
1670940 919
1670950 919
1670960 919
1670970 919
1670980 919
1670990 919
1671000 919
1671010 920
1671020 921
1671030 921
1671040 922
1671050 922
1671060 922
1671070 922
1671080 922
1671090 922
1671100 923
1671110 923
1671120 923
1671130 924
1671140 924
1671150 924
1671160 925
1671170 925
1671180 925
1671190 926
1671200 926
1671210 926
1671220 927
1671230 927
1671240 927
1671250 928
1671260 929
1671270 929
1671280 930
1671290 931
1671300 931
1671310 932
1671320 933
1671330 933
1671340 934
1671350 934
1671360 934
1671370 935
1671380 936
1671390 936
1671400 937
1671410 937
1671420 937
1671430 938
1671440 939
1671450 939
1671460 939
1671470 938
1671480 938
1671490 937
1671500 936
1671510 936
1671520 935
1671530 934
1671540 934
1671550 932
1671560 932
1671570 932
1671580 930
1671590 929
1671600 929
1671610 927
1671620 926
1671630 926
1671640 925
1671650 925
1671660 925
1671670 924
1671680 923
1671690 923
1671700 922
1671710 921
1671720 921
1671730 920
1671740 918
1671750 918
1671760 916
1671770 915
1671780 915
1671790 914
1671800 913
1671810 913
1671820 913
1671830 912
1671840 912
1671850 912
1671860 911
1671870 911
1671880 911
1671890 911
1671900 911
1671910 910
1671920 910
1671930 910
1671940 911
1671950 911
1671960 911
1671970 911
1671980 911
1671990 911
1672000 911
1672010 912
1672020 912
1672030 913
1672040 913
1672050 913
1672060 913
1672070 913
1672080 913
1672090 913
1672100 914
1672110 914
1672120 914
1672130 915
1672140 915
1672150 915
1672160 915
1672170 915
1672180 916
1672190 916
1672200 916
1672210 917
1672220 917
1672230 917
1672240 917
1672250 917
1672260 917
1672270 917
1672280 917
1672290 917
1672300 917
1672310 916
1672320 916
1672330 916
1672340 916
1672350 916
1672360 917
1672370 917
1672380 917
1672390 917
1672400 917
1672410 917
1672420 918
1672430 918
1672440 918
1672450 918
1672460 918
1672470 918
1672480 919
1672490 920
1672500 920
1672510 920
1672520 921
1672530 921
1672540 922
1672550 922
1672560 922
1672570 923
1672580 923
1672590 923
1672600 923
1672610 923
1672620 923
1672630 924
1672640 924
1672650 924
1672660 924
1672670 924
1672680 924
1672690 925
1672700 925
1672710 926
1672720 926
1672730 926
1672740 926
1672750 926
1672760 926
1672770 927
1672780 927
1672790 927
1672800 928
1672810 929
1672820 929
1672830 929
1672840 929
1672850 929
1672860 930
1672870 931
1672880 931
1672890 931
1672900 931
1672910 931
1672920 931
1672930 932
1672940 932
1672950 932
1672960 932
1672970 932
1672980 932
1672990 932
1673000 932
1673010 932
1673020 932
1673030 932
1673040 932
1673050 931
1673060 931
1673070 930
1673080 930
1673090 930
1673100 928
1673110 927
1673120 927
1673130 926
1673140 924
1673150 924
1673160 923
1673170 922
1673180 922
1673190 921
1673200 920
1673210 920
1673220 919
1673230 920
1673240 920
1673250 921
1673260 921
1673270 921
1673280 922
1673290 922
1673300 923
1673310 923
1673320 924
1673330 924
1673340 925
1673350 926
1673360 926
1673370 927
1673380 928
1673390 928
1673400 929
1673410 930
1673420 930
1673430 931
1673440 932
1673450 932
1673460 934
1673470 936
1673480 936
1673490 937
1673500 938
1673510 938
1673520 939
1673530 940
1673540 940
1673550 941
1673560 942
1673570 942
1673580 943
1673590 944
1673600 944
1673610 945
1673620 946
1673630 946
1673640 947
1673650 948
1673660 948
1673670 948
1673680 949
1673690 949
1673700 949
1673710 950
1673720 950
1673730 951
1673740 952
1673750 952
1673760 952
1673770 953
1673780 953
1673790 954
1673800 954
1673810 954
1673820 955
1673830 956
1673840 956
1673850 957
1673860 958
1673870 958
1673880 958
1673890 958
1673900 958
1673910 958
1673920 958
1673930 958
1673940 958
1673950 957
1673960 957
1673970 957
1673980 958
1673990 960
1674000 960
1674010 961
1674020 961
1674030 961
1674040 960
1674050 960
1674060 958
1674070 955
1674080 955
1674090 953
1674100 953
1674110 953
1674120 953
1674130 952
1674140 952
1674150 952
1674160 952
1674170 952
1674180 952
1674190 952
1674200 952
1674210 952
1674220 951
1674230 951
1674240 951
1674250 949
1674260 949
1674270 947
1674280 945
1674290 945
1674300 944
1674310 943
1674320 943
1674330 943
1674340 942
1674350 942
1674360 939
1674370 937
1674380 937
1674390 936
1674400 934
1674410 934
1674420 934
1674430 932
1674440 932
1674450 931
1674460 930
1674470 930
1674480 929
1674490 927
1674500 927
1674510 924
1674520 924
1674530 924
1674540 922
1674550 921
1674560 921
1674570 922
1674580 922
1674590 922
1674600 923
1674610 924
1674620 924
1674630 925
1674640 926
1674650 926
1674660 926
1674670 927
1674680 927
1674690 926
1674700 926
1674710 926
1674720 925
1674730 923
1674740 923
1674750 922
1674760 920
1674770 920
1674780 918
1674790 916
1674800 916
1674810 914
1674820 911
1674830 911
1674840 909
1674850 906
1674860 906
1674870 904
1674880 899
1674890 899
1674900 894
1674910 889
1674920 889
1674930 883
1674940 875
1674950 875
1674960 871
1674970 865
1674980 865
1674990 859
1675000 855
1675010 855
1675020 852
1675030 850
1675040 850
1675050 850
1675060 850
1675070 850
1675080 851
1675090 852
1675100 852
1675110 854
1675120 857
1675130 857
1675140 860
1675150 862
1675160 862
1675170 863
1675180 863
1675190 864
1675200 864
1675210 864
1675220 865
1675230 865
1675240 865
1675250 865
1675260 862
1675270 862
1675280 857
1675290 854
1675300 854
1675310 851
1675320 847
1675330 847
1675340 844
1675350 839
1675360 839
1675370 834
1675380 833
1675390 833
1675400 834
1675410 834
1675420 834
1675430 835
1675440 836
1675450 836
1675460 840
1675470 844
1675480 844
1675490 849
1675500 854
1675510 854
1675520 857
1675530 862
1675540 862
1675550 866
1675560 869
1675570 869
1675580 872
1675590 873
1675600 873
1675610 872
1675620 870
1675630 870
1675640 869
1675650 871
1675660 871
1675670 873
1675680 874
1675690 874
1675700 875
1675710 876
1675720 876
1675730 876
1675740 877
1675750 877
1675760 879
1675770 880
1675780 880
1675790 881
1675800 883
1675810 883
1675820 884
1675830 886
1675840 886
1675850 889
1675860 891
1675870 891
1675880 893
1675890 895
1675900 895
1675910 896
1675920 897
1675930 897
1675940 899
1675950 899
1675960 899
1675970 900
1675980 901
1675990 901
1676000 901
1676010 901
1676020 901
1676030 903
1676040 903
1676050 903
1676060 903
1676070 903
1676080 903
1676090 904
1676100 904
1676110 904
1676120 903
1676130 902
1676140 902
1676150 900
1676160 896
1676170 896
1676180 892
1676190 889
1676200 889
1676210 888
1676220 887
1676230 887
1676240 886
1676250 887
1676260 887
1676270 891
1676280 896
1676290 896
1676300 900
1676310 901
1676320 901
1676330 903
1676340 903
1676350 903
1676360 903
1676370 902
1676380 902
1676390 900
1676400 900
1676410 900
1676420 903
1676430 906
1676440 906
1676450 909
1676460 910
1676470 910
1676480 910
1676490 910
1676500 910
1676510 910
1676520 909
1676530 909
1676540 909
1676550 908
1676560 908
1676570 907
1676580 907
1676590 907
1676600 906
1676610 907
1676620 907
1676630 907
1676640 908
1676650 908
1676660 908
1676670 907
1676680 907
1676690 907
1676700 906
1676710 910
1676720 910
1676730 910
1676740 910
1676750 910
1676760 910
1676770 910
1676780 911
1676790 911
1676800 911
1676810 912
1676820 912
1676830 912
1676840 912
1676850 914
1676860 914
1676870 914
1676880 915
1676890 915
1676900 916
1676910 917
1676920 917
1676930 917
1676940 918
1676950 918
1676960 919
1676970 920
1676980 920
1676990 920
1677000 920
1677010 920
1677020 923
1677030 926
1677040 926
1677050 927
1677060 928
1677070 928
1677080 929
1677090 930
1677100 930
1677110 929
1677120 929
1677130 929
1677140 930
1677150 931
1677160 931
1677170 931
1677180 932
1677190 932
1677200 933
1677210 932
1677220 932
1677230 932
1677240 933
1677250 933
1677260 933
1677270 933
1677280 933
1677290 934
1677300 935
1677310 935
1677320 935
1677330 935
1677340 935
1677350 936
1677360 936
1677370 936
1677380 937
1677390 938
1677400 938
1677410 939
1677420 939
1677430 939
1677440 940
1677450 941
1677460 941
1677470 942
1677480 943
1677490 943
1677500 943
1677510 944
1677520 944
1677530 944
1677540 945
1677550 945
1677560 945
1677570 946
1677580 946
1677590 946
1677600 947
1677610 947
1677620 947
1677630 947
1677640 947
1677650 947
1677660 947
1677670 947
1677680 948
1677690 948
1677700 948
1677710 948
1677720 948
1677730 948
1677740 948
1677750 948
1677760 947
1677770 947
1677780 947
1677790 946
1677800 946
1677810 946
1677820 946
1677830 946
1677840 946
1677850 945
1677860 944
1677870 944
1677880 944
1677890 944
1677900 944
1677910 944
1677920 944
1677930 944
1677940 943
1677950 943
1677960 943
1677970 943
1677980 942
1677990 942
1678000 942
1678010 942
1678020 942
1678030 941
1678040 941
1678050 941
1678060 941
1678070 941
1678080 941
1678090 940
1678100 940
1678110 940
1678120 939
1678130 939
1678140 939
1678150 939
1678160 939
1678170 939
1678180 939
1678190 939
1678200 939
1678210 939
1678220 938
1678230 938
1678240 938
1678250 938
1678260 938
1678270 939
1678280 938
1678290 938
1678300 938
1678310 938
1678320 938
1678330 938
1678340 938
1678350 938
1678360 938
1678370 938
1678380 938
1678390 939
1678400 939
1678410 939
1678420 939
1678430 938
1678440 938
1678450 938
1678460 937
1678470 937
1678480 937
1678490 937
1678500 937
1678510 937
1678520 937
1678530 937
1678540 937
1678550 937
1678560 937
1678570 938
1678580 938
1678590 938
1678600 938
1678610 939
1678620 939
1678630 938
1678640 938
1678650 938
1678660 938
1678670 939
1678680 939
1678690 939
1678700 940
1678710 940
1678720 940
1678730 941
1678740 941
1678750 942
1678760 942
1678770 942
1678780 942
1678790 942
1678800 942
1678810 943
1678820 943
1678830 943
1678840 943
1678850 943
1678860 943
1678870 943
1678880 942
1678890 942
1678900 939
1678910 936
1678920 936
1678930 934
1678940 933
1678950 933
1678960 932
1678970 931
1678980 931
1678990 929
1679000 928
1679010 928
1679020 928
1679030 928
1679040 928
1679050 928
1679060 927
1679070 927
1679080 927
1679090 927
1679100 927
1679110 930
1679120 933
1679130 933
1679140 934
1679150 935
1679160 935
1679170 934
1679180 933
1679190 933
1679200 932
1679210 930
1679220 930
1679230 930
1679240 929
1679250 929
1679260 929
1679270 930
1679280 930
1679290 930
1679300 930
1679310 930
1679320 930
1679330 930
1679340 930
1679350 930
1679360 930
1679370 930
1679380 931
1679390 931
1679400 931
1679410 931
1679420 932
1679430 932
1679440 933
1679450 934
1679460 934
1679470 934
1679480 934
1679490 934
1679500 935
1679510 935
1679520 935
1679530 936
1679540 936
1679550 936
1679560 937
1679570 938
1679580 938
1679590 939
1679600 939
1679610 939
1679620 940
1679630 940
1679640 940
1679650 940
1679660 940
1679670 940
1679680 940
1679690 940
1679700 940
1679710 940
1679720 940
1679730 940
1679740 940
1679750 940
1679760 940
1679770 940
1679780 940
1679790 940
1679800 940
1679810 940
1679820 940
1679830 940
1679840 940
1679850 940
1679860 940
1679870 941
1679880 941
1679890 941
1679900 941
1679910 941
1679920 941
1679930 941
1679940 941
1679950 942
1679960 943
1679970 943
1679980 943
1679990 945
