1660000 811
1660010 813
1660020 815
1660030 815
1660040 817
1660050 819
1660060 819
1660070 821
1660080 823
1660090 823
1660100 824
1660110 824
1660120 824
1660130 823
1660140 822
1660150 822
1660160 821
1660170 819
1660180 819
1660190 818
1660200 817
1660210 817
1660220 814
1660230 813
1660240 813
1660250 812
1660260 810
1660270 810
1660280 809
1660290 808
1660300 808
1660310 806
1660320 804
1660330 804
1660340 802
1660350 802
1660360 802
1660370 801
1660380 800
1660390 800
1660400 799
1660410 799
1660420 799
1660430 798
1660440 798
1660450 798
1660460 798
1660470 798
1660480 798
1660490 797
1660500 797
1660510 797
1660520 798
1660530 798
1660540 798
1660550 799
1660560 799
1660570 799
1660580 800
1660590 800
1660600 800
1660610 800
1660620 801
1660630 801
1660640 801
1660650 801
1660660 801
1660670 801
1660680 800
1660690 800
1660700 800
1660710 799
1660720 799
1660730 797
1660740 794
1660750 794
1660760 792
1660770 792
1660780 792
1660790 792
1660800 793
1660810 793
1660820 794
1660830 796
1660840 796
1660850 799
1660860 801
1660870 801
1660880 802
1660890 802
1660900 802
1660910 801
1660920 801
1660930 801
1660940 800
1660950 799
1660960 798
1660970 797
1660980 796
1660990 796
1661000 795
1661010 795
1661020 795
1661030 796
1661040 796
1661050 796
1661060 797
1661070 797
1661080 797
1661090 797
1661100 798
1661110 798
1661120 800
1661130 801
1661140 801
1661150 802
1661160 802
1661170 802
1661180 802
1661190 802
1661200 802
1661210 802
1661220 803
1661230 803
1661240 804
1661250 805
1661260 805
1661270 806
1661280 808
1661290 808
1661300 809
1661310 810
1661320 810
1661330 811
1661340 812
1661350 812
1661360 812
1661370 812
1661380 812
1661390 811
1661400 811
1661410 811
1661420 811
1661430 812
1661440 812
1661450 813
1661460 814
1661470 814
1661480 815
1661490 817
1661500 817
1661510 819
1661520 821
1661530 821
1661540 822
1661550 824
1661560 824
1661570 826
1661580 828
1661590 828
1661600 831
1661610 832
1661620 832
1661630 831
1661640 832
1661650 832
1661660 836
1661670 838
1661680 838
1661690 839
1661700 839
1661710 839
1661720 838
1661730 838
1661740 838
1661750 838
1661760 838
1661770 838
1661780 838
1661790 838
1661800 838
1661810 839
1661820 839
1661830 839
1661840 840
1661850 840
1661860 840
1661870 841
1661880 841
1661890 841
1661900 841
1661910 842
1661920 842
1661930 842
1661940 843
1661950 843
1661960 842
1661970 842
1661980 842
1661990 842
1662000 843
1662010 843
1662020 842
1662030 843
1662040 843
1662050 843
1662060 843
1662070 843
1662080 842
1662090 843
1662100 843
1662110 843
1662120 844
1662130 844
1662140 844
1662150 844
1662160 845
1662170 845
1662180 845
1662190 845
1662200 845
1662210 845
1662220 845
1662230 844
1662240 844
1662250 844
1662260 845
1662270 845
1662280 845
1662290 846
1662300 846
1662310 847
1662320 847
1662330 847
1662340 848
1662350 848
1662360 848
1662370 848
1662380 849
1662390 849
1662400 849
1662410 848
1662420 848
1662430 849
1662440 847
1662450 847
1662460 848
1662470 850
1662480 850
1662490 851
1662500 851
1662510 851
1662520 851
1662530 851
1662540 851
1662550 852
1662560 852
1662570 852
1662580 852
1662590 852
1662600 852
1662610 851
1662620 851
1662630 851
1662640 851
1662650 851
1662660 851
1662670 851
1662680 852
1662690 852
1662700 852
1662710 852
1662720 852
1662730 852
1662740 853
1662750 853
1662760 853
1662770 854
1662780 854
1662790 854
1662800 855
1662810 855
1662820 856
1662830 856
1662840 856
1662850 855
1662860 855
1662870 855
1662880 855
1662890 856
1662900 856
1662910 856
1662920 857
1662930 857
1662940 858
1662950 859
1662960 859
1662970 859
1662980 860
1662990 860
1663000 861
1663010 861
1663020 861
1663030 861
1663040 862
1663050 862
1663060 862
1663070 863
1663080 863
1663090 864
1663100 865
1663110 865
1663120 866
1663130 867
1663140 867
1663150 868
1663160 869
1663170 869
1663180 870
1663190 870
1663200 870
1663210 871
1663220 871
1663230 871
1663240 872
1663250 873
1663260 873
1663270 873
1663280 873
1663290 873
1663300 873
1663310 873
1663320 873
1663330 873
1663340 873
1663350 873
1663360 873
1663370 873
1663380 873
1663390 872
1663400 872
1663410 872
1663420 872
1663430 872
1663440 872
1663450 872
1663460 872
1663470 872
1663480 871
1663490 871
1663500 871
1663510 870
1663520 870
1663530 870
1663540 870
1663550 869
1663560 869
1663570 869
1663580 868
1663590 868
1663600 868
1663610 867
1663620 867
1663630 867
1663640 867
1663650 867
1663660 866
1663670 866
1663680 866
1663690 865
1663700 865
1663710 865
1663720 864
1663730 864
1663740 864
1663750 864
1663760 864
1663770 864
1663780 863
1663790 863
1663800 863
1663810 863
1663820 862
1663830 862
1663840 862
1663850 862
1663860 862
1663870 861
1663880 861
1663890 861
1663900 861
1663910 861
1663920 861
1663930 862
1663940 862
1663950 862
1663960 863
1663970 863
1663980 863
1663990 864
1664000 864
1664010 864
1664020 864
1664030 864
1664040 864
1664050 864
1664060 864
1664070 864
1664080 864
1664090 864
1664100 864
1664110 864
1664120 863
1664130 863
1664140 863
1664150 863
1664160 863
1664170 863
1664180 863
1664190 863
1664200 864
1664210 864
1664220 864
1664230 864
1664240 864
1664250 864
1664260 864
1664270 864
1664280 864
1664290 864
1664300 863
1664310 863
1664320 863
1664330 863
1664340 863
1664350 863
1664360 863
1664370 863
1664380 863
1664390 863
1664400 863
1664410 863
1664420 863
1664430 863
1664440 863
1664450 863
1664460 863
1664470 862
1664480 862
1664490 862
1664500 862
1664510 862
1664520 862
1664530 862
1664540 862
1664550 862
1664560 862
1664570 862
1664580 862
1664590 862
1664600 862
1664610 863
1664620 863
1664630 863
1664640 863
1664650 862
1664660 862
1664670 862
1664680 862
1664690 862
1664700 861
1664710 861
1664720 861
1664730 860
1664740 859
1664750 859
1664760 857
1664770 855
1664780 855
1664790 854
1664800 853
1664810 853
1664820 852
1664830 851
1664840 851
1664850 848
1664860 843
1664870 843
1664880 838
1664890 839
1664900 839
1664910 844
1664920 849
1664930 849
1664940 853
1664950 854
1664960 854
1664970 854
1664980 854
1664990 854
1665000 853
1665010 851
1665020 851
1665030 850
1665040 847
1665050 847
1665060 844
1665070 842
1665080 842
1665090 838
1665100 834
1665110 834
1665120 829
1665130 825
1665140 825
1665150 822
1665160 822
1665170 822
1665180 821
1665190 821
1665200 821
1665210 824
1665220 829
1665230 829
1665240 834
1665250 839
1665260 839
1665270 843
1665280 846
1665290 846
1665300 848
1665310 850
1665320 850
1665330 852
1665340 852
1665350 852
1665360 852
1665370 852
1665380 852
1665390 852
1665400 851
1665410 851
1665420 851
1665430 850
1665440 850
1665450 849
1665460 848
1665470 848
1665480 847
1665490 846
1665500 846
1665510 844
1665520 843
1665530 843
1665540 841
1665550 839
1665560 839
1665570 837
1665580 835
1665590 835
1665600 833
1665610 832
1665620 832
1665630 833
1665640 833
1665650 833
1665660 833
1665670 832
1665680 832
1665690 831
1665700 829
1665710 829
1665720 827
1665730 825
1665740 825
1665750 822
1665760 819
1665770 819
1665780 815
1665790 811
1665800 811
1665810 807
1665820 806
1665830 806
1665840 805
1665850 805
1665860 805
1665870 805
1665880 807
1665890 807
1665900 810
1665910 814
1665920 814
1665930 817
1665940 820
1665950 820
1665960 821
1665970 820
1665980 820
1665990 816
1666000 815
1666010 815
1666020 817
1666030 821
1666040 822
1666050 826
1666060 830
1666070 830
1666080 831
1666090 825
1666100 825
1666110 820
1666120 819
1666130 819
1666140 818
1666150 817
1666160 817
1666170 817
1666180 818
1666190 818
1666200 821
1666210 825
1666220 825
1666230 832
1666240 836
1666250 836
1666260 839
1666270 841
1666280 841
1666290 843
1666300 845
1666310 845
1666320 847
1666330 849
1666340 849
1666350 850
1666360 852
1666370 852
1666380 854
1666390 855
1666400 855
1666410 856
1666420 857
1666430 857
1666440 859
1666450 860
1666460 860
1666470 861
1666480 862
1666490 862
1666500 864
1666510 865
1666520 865
1666530 866
1666540 866
1666550 867
1666560 868
1666570 868
1666580 869
1666590 869
1666600 869
1666610 869
1666620 869
1666630 869
1666640 869
1666650 870
1666660 870
1666670 870
1666680 871
1666690 871
1666700 872
1666710 872
1666720 872
1666730 873
1666740 873
1666750 873
1666760 870
1666770 870
1666780 870
1666790 871
1666800 871
1666810 871
1666820 870
1666830 870
1666840 870
1666850 869
1666860 868
1666870 868
1666880 867
1666890 867
1666900 867
1666910 866
1666920 866
1666930 866
1666940 866
1666950 866
1666960 866
1666970 866
1666980 866
1666990 866
1667000 865
1667010 867
1667020 867
1667030 868
1667040 869
1667050 869
1667060 869
1667070 867
1667080 867
1667090 864
1667100 862
1667110 862
1667120 862
1667130 861
1667140 861
1667150 862
1667160 863
1667170 863
1667180 864
1667190 864
1667200 864
1667210 865
1667220 866
1667230 866
1667240 867
1667250 868
1667260 868
1667270 871
1667280 873
1667290 873
1667300 876
1667310 880
1667320 880
1667330 884
1667340 887
1667350 887
1667360 889
1667370 891
1667380 891
1667390 893
1667400 894
1667410 894
1667420 895
1667430 895
1667440 895
1667450 894
1667460 892
1667470 892
1667480 891
1667490 890
1667500 890
1667510 890
1667520 890
1667530 890
1667540 890
1667550 890
1667560 890
1667570 891
1667580 891
1667590 891
1667600 891
1667610 892
1667620 892
1667630 893
1667640 892
1667650 892
1667660 891
1667670 891
1667680 891
1667690 891
1667700 892
1667710 892
1667720 893
1667730 895
1667740 895
1667750 896
1667760 897
1667770 897
1667780 897
1667790 897
1667800 897
1667810 897
1667820 896
1667830 896
1667840 896
1667850 895
1667860 895
1667870 895
1667880 894
1667890 894
1667900 893
1667910 893
1667920 893
1667930 893
1667940 892
1667950 892
1667960 892
1667970 891
1667980 891
1667990 891
1668000 891
1668010 891
1668020 891
1668030 890
1668040 890
1668050 890
1668060 890
1668070 890
1668080 889
1668090 889
1668100 889
1668110 889
1668120 888
1668130 888
1668140 888
1668150 888
1668160 888
1668170 887
1668180 888
1668190 888
1668200 888
1668210 888
1668220 888
1668230 888
1668240 887
1668250 887
1668260 887
1668270 887
1668280 887
1668290 887
1668300 888
1668310 888
1668320 887
1668330 886
1668340 886
1668350 885
1668360 884
1668370 884
1668380 882
1668390 880
1668400 880
1668410 879
1668420 878
1668430 878
1668440 879
1668450 879
1668460 879
1668470 880
1668480 880
1668490 880
1668500 883
1668510 884
1668520 884
1668530 885
1668540 885
1668550 885
1668560 886
1668570 886
1668580 886
1668590 886
1668600 886
1668610 886
1668620 886
1668630 886
1668640 886
1668650 885
1668660 883
1668670 883
1668680 883
1668690 883
1668700 883
1668710 882
1668720 882
1668730 881
1668740 880
1668750 880
1668760 880
1668770 879
1668780 879
1668790 879
1668800 879
1668810 879
1668820 879
1668830 879
1668840 879
1668850 879
1668860 879
1668870 879
1668880 879
1668890 879
1668900 879
1668910 879
1668920 879
1668930 879
1668940 880
1668950 880
1668960 880
1668970 881
1668980 883
1668990 883
1669000 883
1669010 883
1669020 883
1669030 884
1669040 884
1669050 884
1669060 884
1669070 885
1669080 885
1669090 885
1669100 885
1669110 885
1669120 885
1669130 885
1669140 885
1669150 885
1669160 885
1669170 885
1669180 885
1669190 885
1669200 885
1669210 886
1669220 886
1669230 886
1669240 886
1669250 887
1669260 887
1669270 887
1669280 888
1669290 888
1669300 889
1669310 889
1669320 889
1669330 890
1669340 890
1669350 890
1669360 890
1669370 889
1669380 889
1669390 889
1669400 888
1669410 888
1669420 886
1669430 885
1669440 885
1669450 883
1669460 880
1669470 880
1669480 880
1669490 880
1669500 880
1669510 881
1669520 880
1669530 880
1669540 881
1669550 882
1669560 882
1669570 882
1669580 885
1669590 883
1669600 887
1669610 889
1669620 889
1669630 890
1669640 892
1669650 892
1669660 894
1669670 896
1669680 896
1669690 898
1669700 900
1669710 900
1669720 902
1669730 903
1669740 903
1669750 905
1669760 905
1669770 905
1669780 906
1669790 906
1669800 906
1669810 907
1669820 907
1669830 907
1669840 907
1669850 908
1669860 908
1669870 908
1669880 908
1669890 908
1669900 909
1669910 909
1669920 909
1669930 909
1669940 909
1669950 909
1669960 909
1669970 909
1669980 909
1669990 909
1670000 908
1670010 908
1670020 909
1670030 909
1670040 909
1670050 909
1670060 910
1670070 910
1670080 911
1670090 913
1670100 913
1670110 914
1670120 914
1670130 914
1670140 912
1670150 910
1670160 910
1670170 907
1670180 906
1670190 906
1670200 907
1670210 908
1670220 908
1670230 907
1670240 907
1670250 907
1670260 907
1670270 906
1670280 906
1670290 908
1670300 908
1670310 908
1670320 908
1670330 910
1670340 910
1670350 912
1670360 913
1670370 913
1670380 915
1670390 915
1670400 915
1670410 916
1670420 916
1670430 916
1670440 915
1670450 915
1670460 915
1670470 915
1670480 914
1670490 914
1670500 913
1670510 910
1670520 910
1670530 906
1670540 905
1670550 905
1670560 906
1670570 905
1670580 905
1670590 906
1670600 909
1670610 909
1670620 912
1670630 914
1670640 914
1670650 916
1670660 917
1670670 917
1670680 917
1670690 916
1670700 916
1670710 916
1670720 916
1670730 916
1670740 916
1670750 916
1670760 916
1670770 916
1670780 917
1670790 917
1670800 917
1670810 917
1670820 917
1670830 917
1670840 918
1670850 918
1670860 919
1670870 919
1670880 920
1670890 921
1670900 921
1670910 922
1670920 923
1670930 923
1670940 924
1670950 926
1670960 926
1670970 928
1670980 931
1670990 934
1671000 937
1671010 942
1671020 942
1671030 948
1671040 952
1671050 952
1671060 956
1671070 956
1671080 956
1671090 952
1671100 947
1671110 947
1671120 941
1671130 936
1671140 936
1671150 931
1671160 929
1671170 929
1671180 928
1671190 927
1671200 927
1671210 926
1671220 924
1671230 924
1671240 924
1671250 922
1671260 922
1671270 921
1671280 919
1671290 919
1671300 918
1671310 917
1671320 917
1671330 916
1671340 915
1671350 915
1671360 915
1671370 916
1671380 916
1671390 917
1671400 917
1671410 917
1671420 918
1671430 918
1671440 918
1671450 917
1671460 917
1671470 917
1671480 917
1671490 916
1671500 916
1671510 915
1671520 914
1671530 914
1671540 913
1671550 913
1671560 913
1671570 913
1671580 913
1671590 913
1671600 913
1671610 914
1671620 914
1671630 915
1671640 915
1671650 915
1671660 917
1671670 917
1671680 917
1671690 918
1671700 919
1671710 919
1671720 920
1671730 921
1671740 921
1671750 923
1671760 924
1671770 924
1671780 925
1671790 926
1671800 926
1671810 928
1671820 929
1671830 929
1671840 930
1671850 931
1671860 931
1671870 932
1671880 933
1671890 933
1671900 935
1671910 936
1671920 936
1671930 937
1671940 938
1671950 938
1671960 939
1671970 940
1671980 940
1671990 942
1672000 943
1672010 943
1672020 945
1672030 948
1672040 948
1672050 951
1672060 953
1672070 953
1672080 955
1672090 957
1672100 957
1672110 959
1672120 961
1672130 961
1672140 964
1672150 968
1672160 968
1672170 972
1672180 976
1672190 976
1672200 980
1672210 983
1672220 983
1672230 984
1672240 985
1672250 985
1672260 986
1672270 986
1672280 986
1672290 987
1672300 987
1672310 987
1672320 987
1672330 987
1672340 987
1672350 986
1672360 987
1672370 987
1672380 988
1672390 989
1672400 989
1672410 989
1672420 991
1672430 991
1672440 993
1672450 994
1672460 994
1672470 996
1672480 998
1672490 998
1672500 1000
1672510 1001
1672520 1001
1672530 1002
1672540 1004
1672550 1004
1672560 1006
1672570 1007
1672580 1007
1672590 1008
1672600 1009
1672610 1009
1672620 1010
1672630 1011
1672640 1011
1672650 1011
1672660 1012
1672670 1012
1672680 1013
1672690 1013
1672700 1013
1672710 1014
1672720 1016
1672730 1016
1672740 1019
1672750 1018
1672760 1018
1672770 1017
1672780 1016
1672790 1016
1672800 1012
1672810 1007
1672820 1007
1672830 1003
1672840 1001
1672850 1001
1672860 1000
1672870 999
1672880 999
1672890 999
1672900 999
1672910 999
1672920 998
1672930 999
1672940 999
1672950 999
1672960 1000
1672970 1000
1672980 1001
1672990 1002
1673000 1002
1673010 1003
1673020 1003
1673030 1003
1673040 1004
1673050 1004
1673060 1005
1673070 1006
1673080 1006
1673090 1007
1673100 1008
1673110 1008
1673120 1010
1673130 1011
1673140 1011
1673150 1012
1673160 1013
1673170 1013
1673180 1013
1673190 1013
1673200 1013
1673210 1012
1673220 1012
1673230 1012
1673240 1012
1673250 1012
1673260 1012
1673270 1012
1673280 1015
1673290 1015
1673300 1014
1673310 1013
1673320 1013
1673330 1011
1673340 1009
1673350 1009
1673360 1007
1673370 1004
1673380 1004
1673390 1002
1673400 1001
1673410 1001
1673420 999
1673430 997
1673440 997
1673450 995
1673460 992
1673470 992
1673480 990
1673490 988
1673500 988
1673510 987
1673520 985
1673530 985
1673540 984
1673550 983
1673560 983
1673570 981
1673580 980
1673590 980
1673600 978
1673610 977
1673620 977
1673630 976
1673640 974
1673650 974
1673660 972
1673670 971
1673680 971
1673690 970
1673700 969
1673710 969
1673720 968
1673730 967
1673740 967
1673750 966
1673760 964
1673770 964
1673780 963
1673790 961
1673800 961
1673810 961
1673820 961
1673830 961
1673840 962
1673850 961
1673860 961
1673870 961
1673880 960
1673890 960
1673900 959
1673910 959
1673920 959
1673930 958
1673940 958
1673950 958
1673960 958
1673970 958
1673980 958
1673990 958
1674000 958
1674010 958
1674020 959
1674030 960
1674040 960
1674050 961
1674060 963
1674070 963
1674080 965
1674090 966
1674100 966
1674110 966
1674120 965
1674130 965
1674140 964
1674150 963
1674160 963
1674170 962
1674180 962
1674190 962
1674200 963
1674210 962
1674220 962
1674230 961
1674240 960
1674250 960
1674260 960
1674270 960
1674280 960
1674290 960
1674300 960
1674310 960
1674320 959
1674330 958
1674340 958
1674350 957
1674360 956
1674370 956
1674380 954
1674390 952
1674400 952
1674410 950
1674420 949
1674430 949
1674440 948
1674450 945
1674460 945
1674470 943
1674480 940
1674490 940
1674500 937
1674510 935
1674520 935
1674530 934
1674540 932
1674550 932
1674560 929
1674570 926
1674580 926
1674590 923
1674600 920
1674610 920
1674620 917
1674630 917
1674640 917
1674650 917
1674660 918
1674670 918
1674680 918
1674690 919
1674700 919
1674710 920
1674720 921
1674730 921
1674740 921
1674750 922
1674760 922
1674770 923
1674780 924
1674790 924
1674800 925
1674810 925
1674820 925
1674830 926
1674840 927
1674850 927
1674860 928
1674870 929
1674880 929
1674890 930
1674900 932
1674910 932
1674920 934
1674930 936
1674940 936
1674950 938
1674960 940
1674970 940
1674980 942
1674990 946
1675000 946
1675010 949
1675020 953
1675030 953
1675040 955
1675050 957
1675060 957
1675070 959
1675080 960
1675090 960
1675100 962
1675110 963
1675120 963
1675130 965
1675140 967
1675150 967
1675160 969
1675170 970
1675180 970
1675190 971
1675200 972
1675210 972
1675220 973
1675230 973
1675240 974
1675250 974
1675260 974
1675270 974
1675280 974
1675290 974
1675300 974
1675310 974
1675320 974
1675330 973
1675340 973
1675350 973
1675360 973
1675370 974
1675380 974
1675390 974
1675400 975
1675410 975
1675420 977
1675430 980
1675440 980
1675450 982
1675460 984
1675470 984
1675480 985
1675490 987
1675500 987
1675510 988
1675520 990
1675530 990
1675540 992
1675550 994
1675560 994
1675570 995
1675580 996
1675590 996
1675600 997
1675610 999
1675620 999
1675630 999
1675640 999
1675650 999
1675660 999
1675670 1000
1675680 1000
1675690 1000
1675700 1000
1675710 1000
1675720 999
1675730 1000
1675740 1000
1675750 1002
1675760 1003
1675770 1003
1675780 1005
1675790 1006
1675800 1006
1675810 1009
1675820 1012
1675830 1012
1675840 1016
1675850 1017
1675860 1017
1675870 1020
1675880 1022
1675890 1022
1675900 1024
1675910 1024
1675920 1024
1675930 1025
1675940 1024
1675950 1024
1675960 1023
1675970 1023
1675980 1023
1675990 1024
1676000 1025
1676010 1025
1676020 1024
1676030 1024
1676040 1024
1676050 1024
1676060 1024
1676070 1024
1676080 1025
1676090 1025
1676100 1025
1676110 1026
1676120 1027
1676130 1027
1676140 1028
1676150 1028
1676160 1028
1676170 1030
1676180 1031
1676190 1031
1676200 1031
1676210 1031
1676220 1031
1676230 1029
1676240 1027
1676250 1027
1676260 1024
1676270 1021
1676280 1021
1676290 1020
1676300 1020
1676310 1020
1676320 1019
1676330 1019
1676340 1019
1676350 1019
1676360 1018
1676370 1018
1676380 1018
1676390 1017
1676400 1017
1676410 1016
1676420 1015
1676430 1015
1676440 1014
1676450 1013
1676460 1013
1676470 1012
1676480 1011
1676490 1010
1676500 1010
1676510 1009
1676520 1009
1676530 1008
1676540 1008
1676550 1008
1676560 1007
1676570 1005
1676580 1005
1676590 1004
1676600 1002
1676610 1002
1676620 1001
1676630 1001
1676640 1001
1676650 1000
1676660 999
1676670 999
1676680 998
1676690 997
1676700 997
1676710 996
1676720 995
1676730 995
1676740 994
1676750 992
1676760 992
1676770 991
1676780 990
1676790 990
1676800 989
1676810 988
1676820 988
1676830 987
1676840 986
1676850 986
1676860 985
1676870 984
1676880 984
1676890 982
1676900 981
1676910 981
1676920 980
1676930 978
1676940 978
1676950 976
1676960 974
1676970 974
1676980 970
1676990 967
1677000 967
1677010 964
1677020 962
1677030 962
1677040 961
1677050 959
1677060 959
1677070 957
1677080 955
1677090 955
1677100 953
1677110 951
1677120 951
1677130 950
1677140 947
1677150 947
1677160 945
1677170 941
1677180 941
1677190 938
1677200 936
1677210 936
1677220 933
1677230 932
1677240 932
1677250 930
1677260 930
1677270 930
1677280 929
1677290 928
1677300 928
1677310 927
1677320 926
1677330 926
1677340 927
1677350 929
1677360 929
1677370 931
1677380 932
1677390 932
1677400 932
1677410 932
1677420 932
1677430 931
1677440 931
1677450 930
1677460 929
1677470 929
1677480 928
1677490 927
1677500 927
1677510 926
1677520 924
1677530 924
1677540 920
1677550 917
1677560 917
1677570 914
1677580 911
1677590 911
1677600 909
1677610 907
1677620 907
1677630 907
1677640 909
1677650 909
1677660 910
1677670 912
1677680 912
1677690 914
1677700 917
1677710 917
1677720 919
1677730 920
1677740 920
1677750 921
1677760 922
1677770 922
1677780 925
1677790 927
1677800 927
1677810 929
1677820 932
1677830 932
1677840 936
1677850 938
1677860 938
1677870 939
1677880 940
1677890 940
1677900 939
1677910 938
1677920 938
1677930 938
1677940 938
1677950 938
1677960 938
1677970 938
1677980 938
1677990 938
1678000 938
1678010 938
1678020 937
1678030 937
1678040 937
1678050 936
1678060 936
1678070 936
1678080 935
1678090 934
1678100 934
1678110 934
1678120 933
1678130 933
1678140 932
1678150 930
1678160 930
1678170 927
1678180 928
1678190 928
1678200 928
1678210 928
1678220 928
1678230 928
1678240 929
1678250 929
1678260 929
1678270 930
1678280 930
1678290 930
1678300 931
1678310 931
1678320 933
1678330 935
1678340 935
1678350 937
1678360 937
1678370 937
1678380 937
1678390 938
1678400 938
1678410 938
1678420 938
1678430 938
1678440 939
1678450 940
1678460 940
1678470 941
1678480 941
1678490 941
1678500 941
1678510 942
1678520 942
1678530 942
1678540 941
1678550 941
1678560 941
1678570 940
1678580 940
1678590 940
1678600 939
1678610 939
1678620 938
1678630 938
1678640 938
1678650 938
1678660 937
1678670 937
1678680 936
1678690 935
1678700 935
1678710 934
1678720 933
1678730 933
1678740 931
1678750 929
1678760 929
1678770 927
1678780 928
1678790 928
1678800 928
1678810 928
1678820 928
1678830 929
1678840 929
1678850 929
1678860 929
1678870 929
1678880 929
1678890 930
1678900 930
1678910 930
1678920 930
1678930 930
1678940 930
1678950 931
1678960 931
1678970 931
1678980 931
1678990 932
1679000 932
1679010 932
1679020 933
1679030 933
1679040 933
1679050 934
1679060 934
1679070 934
1679080 934
1679090 934
1679100 935
1679110 935
1679120 935
1679130 935
1679140 935
1679150 935
1679160 936
1679170 936
1679180 935
1679190 936
1679200 936
1679210 936
1679220 935
1679230 935
1679240 935
1679250 936
1679260 935
1679270 935
1679280 935
1679290 935
1679300 935
1679310 935
1679320 935
1679330 935
1679340 935
1679350 935
1679360 935
1679370 935
1679380 935
1679390 935
1679400 934
1679410 934
1679420 934
1679430 933
1679440 932
1679450 932
1679460 932
1679470 931
1679480 931
1679490 930
1679500 929
1679510 929
1679520 928
1679530 927
1679540 927
1679550 926
1679560 926
1679570 925
1679580 924
1679590 924
1679600 923
1679610 922
1679620 922
1679630 920
1679640 918
1679650 918
1679660 916
1679670 914
1679680 914
1679690 913
1679700 912
1679710 912
1679720 911
1679730 910
1679740 910
1679750 909
1679760 908
1679770 908
1679780 908
1679790 908
1679800 908
1679810 908
1679820 908
1679830 908
1679840 908
1679850 908
1679860 908
1679870 907
1679880 907
1679890 907
1679900 907
1679910 906
1679920 906
1679930 906
1679940 906
1679950 906
1679960 905
1679970 905
1679980 905
1679990 905
