1660000 772
1660010 772
1660020 775
1660030 777
1660040 777
1660050 780
1660060 780
1660070 780
1660080 780
1660090 779
1660100 779
1660110 776
1660120 774
1660130 774
1660140 772
1660150 770
1660160 770
1660170 769
1660180 770
1660190 770
1660200 771
1660210 773
1660220 773
1660230 776
1660240 779
1660250 779
1660260 783
1660270 786
1660280 786
1660290 789
1660300 791
1660310 791
1660320 794
1660330 795
1660340 795
1660350 796
1660360 797
1660370 797
1660380 798
1660390 799
1660400 799
1660410 799
1660420 798
1660430 798
1660440 798
1660450 798
1660460 798
1660470 798
1660480 797
1660490 797
1660500 797
1660510 796
1660520 796
1660530 795
1660540 795
1660550 794
1660560 792
1660570 792
1660580 789
1660590 787
1660600 787
1660610 786
1660620 784
1660630 784
1660640 781
1660650 778
1660660 778
1660670 774
1660680 770
1660690 770
1660700 769
1660710 770
1660720 770
1660730 772
1660740 774
1660750 774
1660760 777
1660770 781
1660780 781
1660790 780
1660800 780
1660810 780
1660820 780
1660830 782
1660840 782
1660850 783
1660860 784
1660870 784
1660880 786
1660890 788
1660900 788
1660910 790
1660920 794
1660930 794
1660940 797
1660950 798
1660960 798
1660970 799
1660980 800
1660990 800
1661000 800
1661010 801
1661020 801
1661030 802
1661040 803
1661050 803
1661060 803
1661070 804
1661080 804
1661090 805
1661100 806
1661110 806
1661120 806
1661130 807
1661140 807
1661150 807
1661160 808
1661170 808
1661180 809
1661190 810
1661200 810
1661210 809
1661220 810
1661230 810
1661240 811
1661250 811
1661260 811
1661270 812
1661280 812
1661290 812
1661300 813
1661310 813
1661320 813
1661330 813
1661340 813
1661350 813
1661360 813
1661370 814
1661380 814
1661390 814
1661400 814
1661410 814
1661420 814
1661430 813
1661440 813
1661450 812
1661460 810
1661470 810
1661480 809
1661490 808
1661500 808
1661510 805
1661520 802
1661530 803
1661540 800
1661550 796
1661560 796
1661570 793
1661580 791
1661590 791
1661600 789
1661610 786
1661620 786
1661630 784
1661640 781
1661650 781
1661660 781
1661670 782
1661680 782
1661690 784
1661700 785
1661710 785
1661720 787
1661730 789
1661740 789
1661750 791
1661760 791
1661770 791
1661780 789
1661790 786
1661800 786
1661810 783
1661820 782
1661830 782
1661840 783
1661850 784
1661860 784
1661870 785
1661880 786
1661890 786
1661900 786
1661910 786
1661920 786
1661930 785
1661940 783
1661950 783
1661960 782
1661970 780
1661980 780
1661990 777
1662000 776
1662010 776
1662020 775
1662030 776
1662040 776
1662050 777
1662060 779
1662070 779
1662080 781
1662090 783
1662100 783
1662110 785
1662120 786
1662130 786
1662140 789
1662150 791
1662160 791
1662170 793
1662180 795
1662190 795
1662200 797
1662210 799
1662220 799
1662230 802
1662240 804
1662250 804
1662260 804
1662270 807
1662280 807
1662290 809
1662300 812
1662310 812
1662320 814
1662330 817
1662340 817
1662350 820
1662360 823
1662370 823
1662380 826
1662390 829
1662400 829
1662410 831
1662420 833
1662430 833
1662440 836
1662450 838
1662460 838
1662470 840
1662480 841
1662490 841
1662500 843
1662510 843
1662520 843
1662530 844
1662540 844
1662550 845
1662560 846
1662570 846
1662580 845
1662590 845
1662600 845
1662610 846
1662620 846
1662630 846
1662640 846
1662650 846
1662660 846
1662670 847
1662680 847
1662690 847
1662700 847
1662710 847
1662720 847
1662730 847
1662740 847
1662750 847
1662760 847
1662770 846
1662780 846
1662790 846
1662800 846
1662810 846
1662820 846
1662830 846
1662840 846
1662850 846
1662860 846
1662870 846
1662880 846
1662890 845
1662900 845
1662910 845
1662920 844
1662930 844
1662940 844
1662950 844
1662960 844
1662970 843
1662980 843
1662990 842
1663000 842
1663010 841
1663020 841
1663030 840
1663040 840
1663050 840
1663060 840
1663070 839
1663080 839
1663090 839
1663100 838
1663110 838
1663120 838
1663130 838
1663140 838
1663150 837
1663160 838
1663170 838
1663180 838
1663190 838
1663200 838
1663210 838
1663220 838
1663230 838
1663240 839
1663250 839
1663260 839
1663270 839
1663280 839
1663290 839
1663300 839
1663310 839
1663320 839
1663330 839
1663340 839
1663350 839
1663360 839
1663370 840
1663380 840
1663390 840
1663400 839
1663410 839
1663420 839
1663430 839
1663440 839
1663450 838
1663460 838
1663470 838
1663480 838
1663490 837
1663500 837
1663510 837
1663520 837
1663530 837
1663540 837
1663550 837
1663560 837
1663570 836
1663580 836
1663590 836
1663600 836
1663610 836
1663620 836
1663630 836
1663640 835
1663650 835
1663660 835
1663670 835
1663680 835
1663690 834
1663700 834
1663710 834
1663720 833
1663730 834
1663740 834
1663750 834
1663760 834
1663770 834
1663780 834
1663790 834
1663800 834
1663810 834
1663820 834
1663830 834
1663840 834
1663850 834
1663860 834
1663870 833
1663880 833
1663890 833
1663900 832
1663910 832
1663920 832
1663930 832
1663940 832
1663950 832
1663960 832
1663970 832
1663980 832
1663990 832
1664000 833
1664010 833
1664020 832
1664030 833
1664040 833
1664050 833
1664060 833
1664070 833
1664080 833
1664090 834
1664100 834
1664110 835
1664120 836
1664130 836
1664140 836
1664150 837
1664160 837
1664170 837
1664180 838
1664190 838
1664200 839
1664210 840
1664220 840
1664230 841
1664240 842
1664250 842
1664260 842
1664270 844
1664280 844
1664290 846
1664300 847
1664310 847
1664320 849
1664330 851
1664340 851
1664350 854
1664360 856
1664370 856
1664380 858
1664390 860
1664400 860
1664410 862
1664420 863
1664430 863
1664440 866
1664450 867
1664460 867
1664470 868
1664480 868
1664490 869
1664500 870
1664510 870
1664520 871
1664530 871
1664540 871
1664550 872
1664560 872
1664570 872
1664580 873
1664590 873
1664600 873
1664610 873
1664620 873
1664630 873
1664640 873
1664650 873
1664660 873
1664670 873
1664680 873
1664690 873
1664700 873
1664710 873
1664720 873
1664730 872
1664740 872
1664750 872
1664760 872
1664770 872
1664780 872
1664790 872
1664800 871
1664810 871
1664820 871
1664830 871
1664840 871
1664850 870
1664860 870
1664870 870
1664880 870
1664890 869
1664900 869
1664910 869
1664920 869
1664930 869
1664940 868
1664950 868
1664960 868
1664970 867
1664980 867
1664990 867
1665000 865
1665010 863
1665020 863
1665030 862
1665040 864
1665050 864
1665060 864
1665070 863
1665080 863
1665090 862
1665100 860
1665110 860
1665120 859
1665130 857
1665140 857
1665150 856
1665160 856
1665170 856
1665180 855
1665190 854
1665200 854
1665210 854
1665220 855
1665230 855
1665240 856
1665250 855
1665260 855
1665270 854
1665280 852
1665290 852
1665300 851
1665310 849
1665320 849
1665330 849
1665340 849
1665350 849
1665360 849
1665370 848
1665380 848
1665390 847
1665400 847
1665410 847
1665420 846
1665430 845
1665440 845
1665450 843
1665460 842
1665470 842
1665480 839
1665490 837
1665500 837
1665510 837
1665520 836
1665530 836
1665540 836
1665550 835
1665560 835
1665570 834
1665580 834
1665590 834
1665600 833
1665610 834
1665620 834
1665630 833
1665640 833
1665650 833
1665660 835
1665670 839
1665680 839
1665690 843
1665700 847
1665710 847
1665720 850
1665730 853
1665740 853
1665750 856
1665760 857
1665770 857
1665780 859
1665790 859
1665800 859
1665810 860
1665820 860
1665830 860
1665840 860
1665850 859
1665860 859
1665870 857
1665880 851
1665890 851
1665900 848
1665910 843
1665920 843
1665930 840
1665940 838
1665950 838
1665960 836
1665970 836
1665980 836
1665990 837
1666000 838
1666010 838
1666020 839
1666030 840
1666040 840
1666050 842
1666060 843
1666070 843
1666080 845
1666090 845
1666100 845
1666110 846
1666120 847
1666130 847
1666140 848
1666150 849
1666160 849
1666170 850
1666180 851
1666190 851
1666200 853
1666210 855
1666220 855
1666230 858
1666240 860
1666250 860
1666260 862
1666270 865
1666280 865
1666290 867
1666300 869
1666310 869
1666320 871
1666330 872
1666340 872
1666350 874
1666360 877
1666370 877
1666380 880
1666390 882
1666400 882
1666410 884
1666420 886
1666430 886
1666440 887
1666450 887
1666460 887
1666470 887
1666480 887
1666490 887
1666500 888
1666510 888
1666520 890
1666530 891
1666540 891
1666550 893
1666560 894
1666570 894
1666580 895
1666590 896
1666600 898
1666610 900
1666620 902
1666630 902
1666640 903
1666650 904
1666660 904
1666670 904
1666680 906
1666690 906
1666700 907
1666710 908
1666720 908
1666730 908
1666740 909
1666750 909
1666760 909
1666770 909
1666780 909
1666790 908
1666800 908
1666810 908
1666820 907
1666830 907
1666840 907
1666850 906
1666860 906
1666870 906
1666880 906
1666890 905
1666900 905
1666910 905
1666920 904
1666930 904
1666940 904
1666950 903
1666960 903
1666970 902
1666980 901
1666990 901
1667000 900
1667010 899
1667020 899
1667030 897
1667040 895
1667050 895
1667060 893
1667070 891
1667080 891
1667090 889
1667100 887
1667110 887
1667120 885
1667130 885
1667140 885
1667150 884
1667160 884
1667170 884
1667180 883
1667190 880
1667200 880
1667210 878
1667220 876
1667230 876
1667240 876
1667250 876
1667260 876
1667270 875
1667280 875
1667290 875
1667300 875
1667310 876
1667320 876
1667330 877
1667340 879
1667350 879
1667360 880
1667370 881
1667380 881
1667390 882
1667400 884
1667410 884
1667420 885
1667430 887
1667440 887
1667450 891
1667460 893
1667470 893
1667480 895
1667490 897
1667500 897
1667510 898
1667520 899
1667530 899
1667540 899
1667550 899
1667560 899
1667570 899
1667580 898
1667590 898
1667600 898
1667610 897
1667620 897
1667630 896
1667640 896
1667650 896
1667660 896
1667670 896
1667680 896
1667690 896
1667700 896
1667710 896
1667720 896
1667730 896
1667740 896
1667750 895
1667760 895
1667770 895
1667780 895
1667790 896
1667800 896
1667810 897
1667820 898
1667830 898
1667840 899
1667850 900
1667860 900
1667870 901
1667880 902
1667890 902
1667900 903
1667910 903
1667920 903
1667930 904
1667940 905
1667950 905
1667960 906
1667970 906
1667980 906
1667990 907
1668000 908
1668010 908
1668020 910
1668030 910
1668040 910
1668050 912
1668060 912
1668070 912
1668080 913
1668090 914
1668100 914
1668110 915
1668120 915
1668130 915
1668140 916
1668150 917
1668160 917
1668170 917
1668180 917
1668190 917
1668200 918
1668210 919
1668220 919
1668230 920
1668240 921
1668250 921
1668260 921
1668270 922
1668280 922
1668290 923
1668300 924
1668310 924
1668320 925
1668330 926
1668340 926
1668350 927
1668360 928
1668370 928
1668380 929
1668390 929
1668400 929
1668410 930
1668420 930
1668430 931
1668440 931
1668450 931
1668460 931
1668470 932
1668480 932
1668490 932
1668500 932
1668510 932
1668520 933
1668530 933
1668540 933
1668550 934
1668560 934
1668570 934
1668580 935
1668590 937
1668600 937
1668610 940
1668620 942
1668630 942
1668640 942
1668650 942
1668660 942
1668670 942
1668680 942
1668690 942
1668700 942
1668710 943
1668720 943
1668730 944
1668740 945
1668750 945
1668760 945
1668770 945
1668780 945
1668790 944
1668800 945
1668810 945
1668820 945
1668830 945
1668840 945
1668850 945
1668860 945
1668870 945
1668880 945
1668890 945
1668900 945
1668910 945
1668920 945
1668930 945
1668940 945
1668950 945
1668960 945
1668970 945
1668980 944
1668990 944
1669000 944
1669010 944
1669020 944
1669030 944
1669040 943
1669050 943
1669060 943
1669070 942
1669080 942
1669090 942
1669100 943
1669110 943
1669120 943
1669130 943
1669140 943
1669150 944
1669160 944
1669170 944
1669180 945
1669190 945
1669200 945
1669210 946
1669220 947
1669230 947
1669240 948
1669250 949
1669260 949
1669270 949
1669280 951
1669290 951
1669300 952
1669310 954
1669320 954
1669330 956
1669340 957
1669350 957
1669360 959
1669370 960
1669380 960
1669390 962
1669400 962
1669410 962
1669420 963
1669430 962
1669440 962
1669450 962
1669460 963
1669470 963
1669480 964
1669490 964
1669500 964
1669510 965
1669520 966
1669530 966
1669540 967
1669550 968
1669560 968
1669570 968
1669580 969
1669590 969
1669600 969
1669610 970
1669620 970
1669630 970
1669640 971
1669650 971
1669660 971
1669670 972
1669680 972
1669690 972
1669700 973
1669710 973
1669720 973
1669730 974
1669740 974
1669750 973
1669760 973
1669770 973
1669780 973
1669790 972
1669800 972
1669810 971
1669820 970
1669830 970
1669840 970
1669850 969
1669860 969
1669870 968
1669880 966
1669890 966
1669900 965
1669910 963
1669920 963
1669930 961
1669940 960
1669950 960
1669960 959
1669970 958
1669980 958
1669990 957
1670000 956
1670010 956
1670020 955
1670030 954
1670040 954
1670050 954
1670060 954
1670070 954
1670080 954
1670090 955
1670100 955
1670110 956
1670120 957
1670130 957
1670140 956
1670150 956
1670160 956
1670170 957
1670180 956
1670190 956
1670200 956
1670210 955
1670220 955
1670230 954
1670240 951
1670250 951
1670260 948
1670270 947
1670280 947
1670290 947
1670300 948
1670310 948
1670320 949
1670330 953
1670340 953
1670350 954
1670360 955
1670370 955
1670380 955
1670390 955
1670400 954
1670410 954
1670420 954
1670430 952
1670440 952
1670450 952
1670460 952
1670470 953
1670480 953
1670490 954
1670500 954
1670510 954
1670520 955
1670530 957
1670540 957
1670550 956
1670560 956
1670570 956
1670580 957
1670590 958
1670600 958
1670610 959
1670620 960
1670630 960
1670640 960
1670650 961
1670660 961
1670670 961
1670680 962
1670690 962
1670700 962
1670710 962
1670720 962
1670730 962
1670740 962
1670750 962
1670760 962
1670770 961
1670780 961
1670790 961
1670800 960
1670810 960
1670820 959
1670830 958
1670840 958
1670850 956
1670860 955
1670870 955
1670880 954
1670890 952
1670900 952
1670910 951
1670920 949
1670930 949
1670940 948
1670950 946
1670960 946
1670970 944
1670980 941
1670990 941
1671000 939
1671010 938
1671020 938
1671030 936
1671040 936
1671050 936
1671060 934
1671070 933
1671080 933
1671090 931
1671100 929
1671110 929
1671120 929
1671130 928
1671140 928
1671150 928
1671160 928
1671170 928
1671180 928
1671190 928
1671200 928
1671210 928
1671220 928
1671230 928
1671240 928
1671250 928
1671260 928
1671270 929
1671280 929
1671290 929
1671300 929
1671310 929
1671320 929
1671330 931
1671340 932
1671350 932
1671360 933
1671370 934
1671380 934
1671390 934
1671400 935
1671410 935
1671420 936
1671430 937
1671440 937
1671450 937
1671460 937
1671470 937
1671480 938
1671490 938
1671500 938
1671510 938
1671520 939
1671530 939
1671540 939
1671550 939
1671560 939
1671570 940
1671580 940
1671590 940
1671600 941
1671610 942
1671620 942
1671630 942
1671640 941
1671650 941
1671660 941
1671670 941
1671680 941
1671690 941
1671700 941
1671710 941
1671720 941
1671730 941
1671740 941
1671750 940
1671760 939
1671770 939
1671780 939
1671790 939
1671800 939
1671810 938
1671820 938
1671830 938
1671840 938
1671850 938
1671860 938
1671870 938
1671880 938
1671890 938
1671900 937
1671910 937
1671920 937
1671930 936
1671940 936
1671950 936
1671960 935
1671970 934
1671980 934
1671990 933
1672000 933
1672010 933
1672020 933
1672030 935
1672040 935
1672050 936
1672060 937
1672070 937
1672080 938
1672090 939
1672100 939
1672110 940
1672120 941
1672130 941
1672140 943
1672150 944
1672160 944
1672170 945
1672180 945
1672190 945
1672200 947
1672210 948
1672220 948
1672230 950
1672240 951
1672250 951
1672260 952
1672270 953
1672280 953
1672290 953
1672300 953
1672310 953
1672320 952
1672330 952
1672340 952
1672350 953
1672360 953
1672370 953
1672380 954
1672390 954
1672400 956
1672410 956
1672420 956
1672430 957
1672440 957
1672450 957
1672460 958
1672470 958
1672480 958
1672490 959
1672500 958
1672510 958
1672520 956
1672530 955
1672540 955
1672550 954
1672560 952
1672570 952
1672580 950
1672590 949
1672600 949
1672610 948
1672620 948
1672630 948
1672640 949
1672650 949
1672660 949
1672670 949
1672680 949
1672690 949
1672700 949
1672710 950
1672720 950
1672730 951
1672740 952
1672750 952
1672760 951
1672770 950
1672780 950
1672790 949
1672800 947
1672810 947
1672820 945
1672830 941
1672840 941
1672850 937
1672860 933
1672870 933
1672880 928
1672890 924
1672900 924
1672910 920
1672920 913
1672930 913
1672940 909
1672950 904
1672960 904
1672970 900
1672980 895
1672990 895
1673000 892
1673010 892
1673020 892
1673030 893
1673040 895
1673050 895
1673060 897
1673070 899
1673080 899
1673090 903
1673100 906
1673110 906
1673120 908
1673130 910
1673140 910
1673150 913
1673160 915
1673170 915
1673180 916
1673190 919
1673200 919
1673210 923
1673220 926
1673230 926
1673240 930
1673250 933
1673260 933
1673270 939
1673280 940
1673290 940
1673300 942
1673310 944
1673320 944
1673330 946
1673340 947
1673350 947
1673360 946
1673370 942
1673380 942
1673390 938
1673400 936
1673410 936
1673420 934
1673430 932
1673440 932
1673450 930
1673460 929
1673470 929
1673480 929
1673490 928
1673500 928
1673510 927
1673520 926
1673530 926
1673540 925
1673550 924
1673560 924
1673570 922
1673580 922
1673590 922
1673600 920
1673610 920
1673620 920
1673630 919
1673640 920
1673650 920
1673660 920
1673670 920
1673680 920
1673690 920
1673700 919
1673710 919
1673720 920
1673730 920
1673740 920
1673750 921
1673760 921
1673770 921
1673780 922
1673790 922
1673800 922
1673810 923
1673820 923
1673830 923
1673840 924
1673850 924
1673860 924
1673870 924
1673880 925
1673890 925
1673900 925
1673910 926
1673920 926
1673930 926
1673940 927
1673950 927
1673960 928
1673970 928
1673980 928
1673990 929
1674000 930
1674010 930
1674020 930
1674030 931
1674040 931
1674050 931
1674060 931
1674070 931
1674080 931
1674090 932
1674100 932
1674110 932
1674120 933
1674130 933
1674140 933
1674150 934
1674160 934
1674170 934
1674180 935
1674190 935
1674200 936
1674210 937
1674220 937
1674230 938
1674240 939
1674250 939
1674260 940
1674270 941
1674280 941
1674290 943
1674300 943
1674310 945
1674320 946
1674330 946
1674340 948
1674350 950
1674360 950
1674370 951
1674380 950
1674390 950
1674400 950
1674410 948
1674420 948
1674430 946
1674440 942
1674450 942
1674460 939
1674470 935
1674480 935
1674490 931
1674500 927
1674510 927
1674520 923
1674530 918
1674540 918
1674550 914
1674560 911
1674570 911
1674580 906
1674590 901
1674600 901
1674610 895
1674620 890
1674630 890
1674640 888
1674650 888
1674660 888
1674670 886
1674680 885
1674690 885
1674700 885
1674710 884
1674720 884
1674730 886
1674740 886
1674750 886
1674760 886
1674770 887
1674780 887
1674790 888
1674800 890
1674810 890
1674820 893
1674830 897
1674840 897
1674850 899
1674860 900
1674870 900
1674880 899
1674890 899
1674900 899
1674910 899
1674920 899
1674930 899
1674940 899
1674950 901
1674960 901
1674970 902
1674980 902
1674990 902
1675000 904
1675010 906
1675020 906
1675030 907
1675040 908
1675050 908
1675060 910
1675070 912
1675080 912
1675090 914
1675100 915
1675110 915
1675120 917
1675130 918
1675140 918
1675150 919
1675160 920
1675170 920
1675180 921
1675190 922
1675200 922
1675210 924
1675220 926
1675230 926
1675240 927
1675250 928
1675260 928
1675270 929
1675280 931
1675290 931
1675300 933
1675310 934
1675320 934
1675330 935
1675340 938
1675350 938
1675360 939
1675370 940
1675380 940
1675390 941
1675400 942
1675410 942
1675420 943
1675430 944
1675440 944
1675450 945
1675460 946
1675470 946
1675480 947
1675490 949
1675500 949
1675510 950
1675520 950
1675530 950
1675540 952
1675550 953
1675560 953
1675570 952
1675580 951
1675590 951
1675600 949
1675610 945
1675620 945
1675630 943
1675640 941
1675650 941
1675660 939
1675670 938
1675680 938
1675690 937
1675700 936
1675710 936
1675720 934
1675730 933
1675740 933
1675750 930
1675760 927
1675770 927
1675780 925
1675790 923
1675800 923
1675810 923
1675820 922
1675830 922
1675840 921
1675850 920
1675860 920
1675870 919
1675880 920
1675890 920
1675900 919
1675910 919
1675920 919
1675930 918
1675940 918
1675950 918
1675960 918
1675970 917
1675980 917
1675990 917
1676000 916
1676010 916
1676020 915
1676030 915
1676040 915
1676050 915
1676060 916
1676070 916
1676080 916
1676090 915
1676100 915
1676110 910
1676120 906
1676130 906
1676140 901
1676150 896
1676160 896
1676170 892
1676180 888
1676190 888
1676200 885
1676210 883
1676220 883
1676230 880
1676240 877
1676250 877
1676260 875
1676270 875
1676280 873
1676290 870
1676300 870
1676310 869
1676320 867
1676330 867
1676340 865
1676350 864
1676360 864
1676370 863
1676380 863
1676390 863
1676400 862
1676410 862
1676420 862
1676430 861
1676440 860
1676450 860
1676460 860
1676470 859
1676480 859
1676490 858
1676500 857
1676510 857
1676520 857
1676530 857
1676540 857
1676550 857
1676560 856
1676570 856
1676580 856
1676590 857
1676600 857
1676610 856
1676620 856
1676630 856
1676640 856
1676650 856
1676660 856
1676670 856
1676680 855
1676690 855
1676700 855
1676710 854
1676720 854
1676730 854
1676740 856
1676750 856
1676760 856
1676770 856
1676780 856
1676790 857
1676800 857
1676810 857
1676820 857
1676830 858
1676840 858
1676850 858
1676860 858
1676870 858
1676880 859
1676890 861
1676900 861
1676910 863
1676920 867
1676930 867
1676940 871
1676950 873
1676960 873
1676970 874
1676980 874
1676990 874
1677000 874
1677010 871
1677020 871
1677030 871
1677040 870
1677050 870
1677060 870
1677070 870
1677080 870
1677090 870
1677100 870
1677110 870
1677120 869
1677130 868
1677140 868
1677150 867
1677160 866
1677170 866
1677180 866
1677190 866
1677200 866
1677210 865
1677220 865
1677230 865
1677240 865
1677250 867
1677260 867
1677270 869
1677280 871
1677290 871
1677300 873
1677310 875
1677320 875
1677330 878
1677340 880
1677350 880
1677360 882
1677370 884
1677380 884
1677390 886
1677400 889
1677410 889
1677420 891
1677430 893
1677440 893
1677450 894
1677460 895
1677470 895
1677480 896
1677490 896
1677500 896
1677510 897
1677520 898
1677530 898
1677540 899
1677550 900
1677560 900
1677570 900
1677580 900
1677590 900
1677600 900
1677610 900
1677620 900
1677630 900
1677640 900
1677650 900
1677660 900
1677670 901
1677680 901
1677690 901
1677700 900
1677710 900
1677720 900
1677730 899
1677740 899
1677750 898
1677760 896
1677770 896
1677780 895
1677790 893
1677800 893
1677810 892
1677820 890
1677830 890
1677840 889
1677850 887
1677860 887
1677870 886
1677880 885
1677890 885
1677900 884
1677910 883
1677920 883
1677930 883
1677940 883
1677950 883
1677960 883
1677970 883
1677980 883
1677990 883
1678000 884
1678010 884
1678020 885
1678030 886
1678040 886
1678050 887
1678060 888
1678070 888
1678080 889
1678090 890
1678100 890
1678110 892
1678120 894
1678130 894
1678140 895
1678150 896
1678160 896
1678170 898
1678180 900
1678190 900
1678200 901
1678210 902
1678220 902
1678230 903
1678240 903
1678250 905
1678260 905
1678270 905
1678280 905
1678290 906
1678300 906
1678310 906
1678320 907
1678330 907
1678340 907
1678350 906
1678360 905
1678370 906
1678380 906
1678390 906
1678400 907
1678410 909
1678420 909
1678430 910
1678440 912
1678450 912
1678460 913
1678470 914
1678480 914
1678490 915
1678500 916
1678510 916
1678520 918
1678530 920
1678540 920
1678550 922
1678560 924
1678570 924
1678580 925
1678590 927
1678600 927
1678610 928
1678620 929
1678630 929
1678640 929
1678650 930
1678660 930
1678670 931
1678680 931
1678690 931
1678700 931
1678710 931
1678720 931
1678730 931
1678740 931
1678750 931
1678760 931
1678770 931
1678780 931
1678790 931
1678800 932
1678810 932
1678820 932
1678830 932
1678840 932
1678850 932
1678860 931
1678870 931
1678880 931
1678890 931
1678900 931
1678910 931
1678920 931
1678930 931
1678940 932
1678950 932
1678960 932
1678970 932
1678980 932
1678990 932
1679000 932
1679010 932
1679020 932
1679030 933
1679040 933
1679050 933
1679060 933
1679070 933
1679080 933
1679090 934
1679100 934
1679110 934
1679120 936
1679130 937
1679140 937
1679150 937
1679160 938
1679170 938
1679180 939
1679190 940
1679200 940
1679210 941
1679220 942
1679230 942
1679240 942
1679250 943
1679260 943
1679270 944
1679280 944
1679290 944
1679300 946
1679310 946
1679320 946
1679330 947
1679340 947
1679350 947
1679360 948
1679370 948
1679380 948
1679390 947
1679400 947
1679410 947
1679420 946
1679430 946
1679440 946
1679450 946
1679460 946
1679470 946
1679480 946
1679490 945
1679500 945
1679510 946
1679520 947
1679530 947
1679540 948
1679550 949
1679560 949
1679570 950
1679580 951
1679590 951
1679600 951
1679610 952
1679620 952
1679630 952
1679640 952
1679650 952
1679660 952
1679670 951
1679680 951
1679690 951
1679700 950
1679710 950
1679720 950
1679730 949
1679740 949
1679750 949
1679760 949
1679770 949
1679780 950
1679790 950
1679800 950
1679810 950
1679820 950
1679830 950
1679840 951
1679850 951
1679860 951
1679870 952
1679880 953
1679890 953
1679900 953
1679910 954
1679920 954
1679930 954
1679940 955
1679950 955
1679960 955
1679970 956
1679980 956
1679990 957
