1660000 866
1660010 866
1660020 866
1660030 866
1660040 866
1660050 866
1660060 866
1660070 866
1660080 866
1660090 866
1660100 866
1660110 866
1660120 866
1660130 865
1660140 865
1660150 865
1660160 864
1660170 864
1660180 864
1660190 863
1660200 863
1660210 862
1660220 861
1660230 861
1660240 859
1660250 856
1660260 856
1660270 855
1660280 855
1660290 855
1660300 856
1660310 858
1660320 858
1660330 859
1660340 860
1660350 860
1660360 861
1660370 861
1660380 861
1660390 863
1660400 863
1660410 863
1660420 864
1660430 864
1660440 864
1660450 864
1660460 863
1660470 863
1660480 864
1660490 865
1660500 865
1660510 865
1660520 866
1660530 866
1660540 866
1660550 866
1660560 866
1660570 866
1660580 867
1660590 867
1660600 867
1660610 866
1660620 866
1660630 866
1660640 865
1660650 865
1660660 864
1660670 863
1660680 863
1660690 861
1660700 860
1660710 860
1660720 858
1660730 853
1660740 853
1660750 851
1660760 850
1660770 850
1660780 849
1660790 851
1660800 851
1660810 853
1660820 856
1660830 856
1660840 859
1660850 862
1660860 862
1660870 864
1660880 865
1660890 865
1660900 867
1660910 868
1660920 868
1660930 868
1660940 869
1660950 869
1660960 869
1660970 868
1660980 868
1660990 868
1661000 867
1661010 867
1661020 867
1661030 868
1661040 868
1661050 870
1661060 872
1661070 872
1661080 874
1661090 875
1661100 875
1661110 876
1661120 877
1661130 877
1661140 877
1661150 878
1661160 878
1661170 878
1661180 877
1661190 877
1661200 876
1661210 876
1661220 876
1661230 875
1661240 874
1661250 874
1661260 873
1661270 871
1661280 871
1661290 870
1661300 870
1661310 870
1661320 870
1661330 869
1661340 869
1661350 869
1661360 868
1661370 868
1661380 868
1661390 868
1661400 868
1661410 869
1661420 869
1661430 869
1661440 870
1661450 871
1661460 871
1661470 871
1661480 871
1661490 871
1661500 870
1661510 870
1661520 869
1661530 868
1661540 868
1661550 867
1661560 866
1661570 866
1661580 865
1661590 864
1661600 864
1661610 863
1661620 861
1661630 861
1661640 859
1661650 858
1661660 858
1661670 856
1661680 857
1661690 857
1661700 860
1661710 864
1661720 864
1661730 865
1661740 866
1661750 866
1661760 865
1661770 863
1661780 863
1661790 861
1661800 859
1661810 859
1661820 857
1661830 856
1661840 856
1661850 854
1661860 854
1661870 854
1661880 853
1661890 853
1661900 853
1661910 853
1661920 853
1661930 853
1661940 853
1661950 855
1661960 855
1661970 855
1661980 856
1661990 856
1662000 857
1662010 858
1662020 858
1662030 859
1662040 860
1662050 860
1662060 863
1662070 865
1662080 865
1662090 867
1662100 869
1662110 869
1662120 871
1662130 872
1662140 872
1662150 874
1662160 875
1662170 875
1662180 878
1662190 880
1662200 880
1662210 882
1662220 885
1662230 885
1662240 887
1662250 888
1662260 888
1662270 890
1662280 890
1662290 890
1662300 890
1662310 889
1662320 889
1662330 888
1662340 886
1662350 886
1662360 885
1662370 884
1662380 884
1662390 884
1662400 882
1662410 882
1662420 881
1662430 881
1662440 881
1662450 882
1662460 883
1662470 883
1662480 884
1662490 884
1662500 884
1662510 886
1662520 888
1662530 888
1662540 890
1662550 895
1662560 895
1662570 898
1662580 900
1662590 900
1662600 901
1662610 903
1662620 903
1662630 906
1662640 908
1662650 908
1662660 908
1662670 908
1662680 908
1662690 908
1662700 908
1662710 908
1662720 907
1662730 905
1662740 905
1662750 903
1662760 901
1662770 901
1662780 898
1662790 895
1662800 895
1662810 891
1662820 888
1662830 888
1662840 885
1662850 883
1662860 883
1662870 880
1662880 879
1662890 879
1662900 878
1662910 876
1662920 876
1662930 873
1662940 870
1662950 870
1662960 867
1662970 863
1662980 863
1662990 861
1663000 861
1663010 861
1663020 859
1663030 859
1663040 859
1663050 858
1663060 857
1663070 857
1663080 855
1663090 854
1663100 854
1663110 853
1663120 851
1663130 851
1663140 849
1663150 848
1663160 848
1663170 847
1663180 847
1663190 847
1663200 846
1663210 845
1663220 845
1663230 843
1663240 843
1663250 842
1663260 842
1663270 842
1663280 841
1663290 840
1663300 840
1663310 840
1663320 839
1663330 839
1663340 838
1663350 838
1663360 838
1663370 838
1663380 837
1663390 837
1663400 838
1663410 839
1663420 839
1663430 841
1663440 842
1663450 842
1663460 843
1663470 845
1663480 845
1663490 846
1663500 847
1663510 847
1663520 849
1663530 850
1663540 850
1663550 852
1663560 854
1663570 854
1663580 856
1663590 857
1663600 857
1663610 858
1663620 859
1663630 859
1663640 860
1663650 860
1663660 861
1663670 861
1663680 862
1663690 862
1663700 862
1663710 862
1663720 862
1663730 861
1663740 861
1663750 861
1663760 860
1663770 858
1663780 858
1663790 857
1663800 856
1663810 856
1663820 856
1663830 856
1663840 856
1663850 856
1663860 856
1663870 856
1663880 855
1663890 854
1663900 854
1663910 853
1663920 853
1663930 853
1663940 852
1663950 850
1663960 850
1663970 850
1663980 849
1663990 849
1664000 848
1664010 847
1664020 847
1664030 846
1664040 845
1664050 845
1664060 843
1664070 842
1664080 842
1664090 842
1664100 842
1664110 842
1664120 844
1664130 846
1664140 846
1664150 848
1664160 848
1664170 848
1664180 849
1664190 853
1664200 853
1664210 854
1664220 854
1664230 854
1664240 855
1664250 855
1664260 855
1664270 853
1664280 851
1664290 851
1664300 848
1664310 843
1664320 843
1664330 841
1664340 839
1664350 839
1664360 839
1664370 839
1664380 840
1664390 840
1664400 842
1664410 842
1664420 845
1664430 848
1664440 848
1664450 850
1664460 849
1664470 849
1664480 850
1664490 852
1664500 852
1664510 853
1664520 853
1664530 853
1664540 854
1664550 855
1664560 855
1664570 856
1664580 857
1664590 857
1664600 858
1664610 859
1664620 859
1664630 859
1664640 860
1664650 860
1664660 860
1664670 860
1664680 860
1664690 860
1664700 860
1664710 860
1664720 860
1664730 860
1664740 860
1664750 859
1664760 859
1664770 859
1664780 858
1664790 857
1664800 857
1664810 857
1664820 856
1664830 856
1664840 855
1664850 854
1664860 854
1664870 852
1664880 851
1664890 851
1664900 849
1664910 848
1664920 848
1664930 847
1664940 847
1664950 846
1664960 845
1664970 845
1664980 846
1664990 846
1665000 846
1665010 846
1665020 846
1665030 846
1665040 847
1665050 847
1665060 847
1665070 846
1665080 846
1665090 846
1665100 846
1665110 847
1665120 847
1665130 847
1665140 846
1665150 846
1665160 846
1665170 847
1665180 847
1665190 847
1665200 846
1665210 846
1665220 846
1665230 846
1665240 846
1665250 845
1665260 844
1665270 844
1665280 843
1665290 842
1665300 842
1665310 842
1665320 841
1665330 841
1665340 840
1665350 839
1665360 839
1665370 837
1665380 836
1665390 836
1665400 835
1665410 836
1665420 836
1665430 836
1665440 836
1665450 836
1665460 836
1665470 834
1665480 834
1665490 833
1665500 832
1665510 832
1665520 831
1665530 830
1665540 830
1665550 829
1665560 828
1665570 828
1665580 827
1665590 826
1665600 826
1665610 825
1665620 824
1665630 824
1665640 822
1665650 819
1665660 819
1665670 814
1665680 811
1665690 811
1665700 810
1665710 811
1665720 811
1665730 811
1665740 812
1665750 812
1665760 813
1665770 814
1665780 814
1665790 816
1665800 817
1665810 817
1665820 816
1665830 818
1665840 818
1665850 820
1665860 821
1665870 821
1665880 823
1665890 824
1665900 824
1665910 826
1665920 827
1665930 827
1665940 829
1665950 829
1665960 829
1665970 830
1665980 831
1665990 831
1666000 831
1666010 831
1666020 831
1666030 831
1666040 831
1666050 831
1666060 830
1666070 829
1666080 829
1666090 827
1666100 825
1666110 825
1666120 823
1666130 821
1666140 821
1666150 820
1666160 818
1666170 818
1666180 816
1666190 814
1666200 814
1666210 812
1666220 809
1666230 809
1666240 807
1666250 806
1666260 806
1666270 805
1666280 804
1666290 804
1666300 802
1666310 801
1666320 801
1666330 800
1666340 798
1666350 798
1666360 795
1666370 792
1666380 792
1666390 790
1666400 789
1666410 789
1666420 788
1666430 788
1666440 788
1666450 788
1666460 788
1666470 788
1666480 789
1666490 789
1666500 789
1666510 789
1666520 787
1666530 787
1666540 788
1666550 786
1666560 786
1666570 784
1666580 783
1666590 783
1666600 782
1666610 781
1666620 781
1666630 781
1666640 780
1666650 780
1666660 780
1666670 780
1666680 780
1666690 780
1666700 780
1666710 779
1666720 779
1666730 779
1666740 778
1666750 778
1666760 778
1666770 779
1666780 780
1666790 780
1666800 786
1666810 791
1666820 791
1666830 797
1666840 801
1666850 801
1666860 804
1666870 808
1666880 808
1666890 810
1666900 812
1666910 812
1666920 813
1666930 813
1666940 813
1666950 813
1666960 813
1666970 813
1666980 813
1666990 813
1667000 813
1667010 812
1667020 812
1667030 812
1667040 811
1667050 809
1667060 809
1667070 807
1667080 805
1667090 805
1667100 802
1667110 801
1667120 801
1667130 801
1667140 800
1667150 800
1667160 799
1667170 798
1667180 798
1667190 798
1667200 799
1667210 799
1667220 802
1667230 805
1667240 805
1667250 807
1667260 809
1667270 809
1667280 811
1667290 814
1667300 814
1667310 816
1667320 818
1667330 818
1667340 821
1667350 823
1667360 823
1667370 824
1667380 825
1667390 825
1667400 827
1667410 827
1667420 827
1667430 828
1667440 828
1667450 828
1667460 829
1667470 829
1667480 829
1667490 828
1667500 826
1667510 826
1667520 823
1667530 819
1667540 819
1667550 816
1667560 814
1667570 814
1667580 813
1667590 813
1667600 813
1667610 813
1667620 813
1667630 813
1667640 813
1667650 813
1667660 813
1667670 813
1667680 813
1667690 813
1667700 813
1667710 814
1667720 814
1667730 816
1667740 817
1667750 817
1667760 817
1667770 818
1667780 818
1667790 819
1667800 820
1667810 820
1667820 821
1667830 822
1667840 822
1667850 823
1667860 824
1667870 824
1667880 826
1667890 828
1667900 828
1667910 831
1667920 833
1667930 833
1667940 835
1667950 836
1667960 836
1667970 840
1667980 839
1667990 839
1668000 839
1668010 839
1668020 839
1668030 841
1668040 844
1668050 844
1668060 847
1668070 849
1668080 849
1668090 851
1668100 855
1668110 855
1668120 857
1668130 860
1668140 860
1668150 862
1668160 864
1668170 864
1668180 866
1668190 867
1668200 867
1668210 869
1668220 870
1668230 870
1668240 865
1668250 863
1668260 863
1668270 863
1668280 862
1668290 862
1668300 861
1668310 860
1668320 860
1668330 860
1668340 860
1668350 860
1668360 860
1668370 860
1668380 859
1668390 859
1668400 859
1668410 859
1668420 859
1668430 859
1668440 859
1668450 858
1668460 858
1668470 859
1668480 859
1668490 859
1668500 858
1668510 858
1668520 858
1668530 857
1668540 856
1668550 856
1668560 856
1668570 855
1668580 855
1668590 855
1668600 854
1668610 854
1668620 854
1668630 854
1668640 854
1668650 855
1668660 856
1668670 856
1668680 856
1668690 856
1668700 856
1668710 856
1668720 857
1668730 857
1668740 858
1668750 858
1668760 858
1668770 859
1668780 860
1668790 860
1668800 860
1668810 860
1668820 860
1668830 861
1668840 861
1668850 861
1668860 861
1668870 862
1668880 862
1668890 862
1668900 862
1668910 862
1668920 862
1668930 862
1668940 862
1668950 862
1668960 862
1668970 862
1668980 862
1668990 861
1669000 861
1669010 861
1669020 859
1669030 859
1669040 858
1669050 856
1669060 856
1669070 853
1669080 849
1669090 849
1669100 847
1669110 844
1669120 844
1669130 842
1669140 839
1669150 839
1669160 837
1669170 836
1669180 836
1669190 834
1669200 833
1669210 833
1669220 831
1669230 829
1669240 829
1669250 827
1669260 825
1669270 825
1669280 823
1669290 820
1669300 820
1669310 820
1669320 820
1669330 820
1669340 819
1669350 820
1669360 820
1669370 821
1669380 826
1669390 826
1669400 829
1669410 832
1669420 832
1669430 834
1669440 836
1669450 836
1669460 836
1669470 836
1669480 836
1669490 836
1669500 836
1669510 836
1669520 836
1669530 836
1669540 836
1669550 836
1669560 836
1669570 836
1669580 836
1669590 836
1669600 836
1669610 836
1669620 835
1669630 835
1669640 834
1669650 832
1669660 832
1669670 831
1669680 830
1669690 830
1669700 829
1669710 827
1669720 827
1669730 824
1669740 821
1669750 821
1669760 821
1669770 821
1669780 821
1669790 821
1669800 821
1669810 821
1669820 822
1669830 823
1669840 823
1669850 824
1669860 825
1669870 825
1669880 827
1669890 827
1669900 827
1669910 828
1669920 830
1669930 830
1669940 830
1669950 830
1669960 830
1669970 827
1669980 824
1669990 824
1670000 820
1670010 816
1670020 816
1670030 816
1670040 815
1670050 815
1670060 815
1670070 815
1670080 814
1670090 815
1670100 815
1670110 815
1670120 815
1670130 815
1670140 815
1670150 815
1670160 815
1670170 815
1670180 816
1670190 816
1670200 816
1670210 817
1670220 817
1670230 817
1670240 819
1670250 819
1670260 821
1670270 823
1670280 823
1670290 825
1670300 827
1670310 827
1670320 829
1670330 831
1670340 831
1670350 833
1670360 835
1670370 835
1670380 837
1670390 838
1670400 838
1670410 839
1670420 840
1670430 840
1670440 842
1670450 843
1670460 843
1670470 844
1670480 845
1670490 845
1670500 846
1670510 847
1670520 847
1670530 848
1670540 849
1670550 849
1670560 849
1670570 850
1670580 850
1670590 850
1670600 851
1670610 851
1670620 851
1670630 851
1670640 851
1670650 851
1670660 852
1670670 852
1670680 852
1670690 852
1670700 852
1670710 853
1670720 853
1670730 853
1670740 853
1670750 853
1670760 853
1670770 854
1670780 853
1670790 853
1670800 853
1670810 854
1670820 854
1670830 855
1670840 855
1670850 855
1670860 856
1670870 857
1670880 857
1670890 858
1670900 858
1670910 858
1670920 859
1670930 859
1670940 859
1670950 860
1670960 861
1670970 861
1670980 862
1670990 863
1671000 863
1671010 865
1671020 865
1671030 865
1671040 866
1671050 866
1671060 866
1671070 866
1671080 865
1671090 865
1671100 864
1671110 865
1671120 865
1671130 866
1671140 866
1671150 866
1671160 867
1671170 867
1671180 867
1671190 867
1671200 868
1671210 868
1671220 868
1671230 869
1671240 869
1671250 870
1671260 872
1671270 872
1671280 873
1671290 874
1671300 874
1671310 876
1671320 876
1671330 876
1671340 878
1671350 879
1671360 879
1671370 880
1671380 881
1671390 881
1671400 882
1671410 883
1671420 883
1671430 885
1671440 886
1671450 886
1671460 887
1671470 888
1671480 887
1671490 888
1671500 889
1671510 889
1671520 890
1671530 890
1671540 890
1671550 891
1671560 892
1671570 892
1671580 893
1671590 894
1671600 894
1671610 896
1671620 897
1671630 897
1671640 897
1671650 898
1671660 898
1671670 898
1671680 899
1671690 899
1671700 899
1671710 900
1671720 900
1671730 900
1671740 901
1671750 901
1671760 901
1671770 901
1671780 901
1671790 902
1671800 902
1671810 902
1671820 901
1671830 901
1671840 901
1671850 901
1671860 901
1671870 901
1671880 901
1671890 901
1671900 901
1671910 901
1671920 901
1671930 900
1671940 900
1671950 900
1671960 899
1671970 899
1671980 899
1671990 899
1672000 899
1672010 899
1672020 898
1672030 897
1672040 897
1672050 895
1672060 894
1672070 894
1672080 892
1672090 889
1672100 889
1672110 886
1672120 884
1672130 884
1672140 883
1672150 883
1672160 883
1672170 882
1672180 882
1672190 882
1672200 881
1672210 881
1672220 881
1672230 882
1672240 883
1672250 883
1672260 884
1672270 885
1672280 885
1672290 886
1672300 887
1672310 887
1672320 888
1672330 888
1672340 888
1672350 889
1672360 890
1672370 890
1672380 891
1672390 892
1672400 892
1672410 893
1672420 895
1672430 895
1672440 895
1672450 896
1672460 896
1672470 897
1672480 897
1672490 897
1672500 898
1672510 898
1672520 898
1672530 898
1672540 898
1672550 898
1672560 898
1672570 898
1672580 898
1672590 899
1672600 899
1672610 899
1672620 899
1672630 899
1672640 899
1672650 900
1672660 900
1672670 900
1672680 900
1672690 900
1672700 900
1672710 900
1672720 900
1672730 900
1672740 901
1672750 901
1672760 901
1672770 901
1672780 901
1672790 901
1672800 902
1672810 903
1672820 903
1672830 904
1672840 904
1672850 904
1672860 905
1672870 905
1672880 905
1672890 905
1672900 906
1672910 906
1672920 906
1672930 906
1672940 906
1672950 907
1672960 907
1672970 907
1672980 907
1672990 907
1673000 907
1673010 908
1673020 908
1673030 908
1673040 908
1673050 909
1673060 909
1673070 909
1673080 909
1673090 909
1673100 909
1673110 909
1673120 909
1673130 908
1673140 908
1673150 908
1673160 908
1673170 908
1673180 908
1673190 907
1673200 907
1673210 907
1673220 907
1673230 908
1673240 908
1673250 907
1673260 907
1673270 907
1673280 907
1673290 908
1673300 908
1673310 908
1673320 908
1673330 908
1673340 908
1673350 907
1673360 907
1673370 906
1673380 905
1673390 905
1673400 904
1673410 903
1673420 903
1673430 901
1673440 900
1673450 900
1673460 899
1673470 898
1673480 898
1673490 896
1673500 896
1673510 895
1673520 893
1673530 893
1673540 890
1673550 884
1673560 884
1673570 879
1673580 876
1673590 876
1673600 872
1673610 868
1673620 868
1673630 864
1673640 860
1673650 860
1673660 857
1673670 853
1673680 853
1673690 848
1673700 843
1673710 843
1673720 838
1673730 833
1673740 833
1673750 829
1673760 825
1673770 825
1673780 821
1673790 817
1673800 817
1673810 815
1673820 812
1673830 812
1673840 809
1673850 805
1673860 805
1673870 801
1673880 799
1673890 799
1673900 797
1673910 795
1673920 795
1673930 792
1673940 788
1673950 788
1673960 783
1673970 780
1673980 780
1673990 777
1674000 776
1674010 776
1674020 774
1674030 774
1674040 774
1674050 773
1674060 771
1674070 771
1674080 770
1674090 770
1674100 770
1674110 769
1674120 768
1674130 768
1674140 768
1674150 768
1674160 768
1674170 768
1674180 767
1674190 767
1674200 767
1674210 767
1674220 767
1674230 766
1674240 766
1674250 766
1674260 766
1674270 766
1674280 766
1674290 767
1674300 769
1674310 769
1674320 770
1674330 771
1674340 771
1674350 773
1674360 774
1674370 774
1674380 775
1674390 777
1674400 777
1674410 778
1674420 779
1674430 779
1674440 781
1674450 782
1674460 782
1674470 784
1674480 786
1674490 786
1674500 787
1674510 788
1674520 788
1674530 789
1674540 791
1674550 791
1674560 792
1674570 793
1674580 793
1674590 794
1674600 796
1674610 796
1674620 798
1674630 799
1674640 799
1674650 802
1674660 804
1674670 804
1674680 806
1674690 809
1674700 809
1674710 812
1674720 815
1674730 815
1674740 818
1674750 822
1674760 822
1674770 826
1674780 830
1674790 830
1674800 835
1674810 839
1674820 839
1674830 843
1674840 845
1674850 845
1674860 849
1674870 854
1674880 854
1674890 858
1674900 862
1674910 862
1674920 868
1674930 870
1674940 870
1674950 873
1674960 874
1674970 874
1674980 875
1674990 876
1675000 876
1675010 878
1675020 880
1675030 880
1675040 883
1675050 886
1675060 886
1675070 887
1675080 888
1675090 888
1675100 889
1675110 891
1675120 891
1675130 892
1675140 894
1675150 894
1675160 895
1675170 897
1675180 897
1675190 898
1675200 898
1675210 899
1675220 900
1675230 900
1675240 902
1675250 904
1675260 904
1675270 906
1675280 908
1675290 908
1675300 910
1675310 912
1675320 912
1675330 914
1675340 916
1675350 916
1675360 917
1675370 920
1675380 920
1675390 922
1675400 925
1675410 925
1675420 926
1675430 927
1675440 927
1675450 929
1675460 929
1675470 929
1675480 931
1675490 931
1675500 931
1675510 932
1675520 933
1675530 933
1675540 934
1675550 934
1675560 934
1675570 935
1675580 936
1675590 936
1675600 936
1675610 937
1675620 937
1675630 937
1675640 937
1675650 937
1675660 937
1675670 937
1675680 937
1675690 938
1675700 938
1675710 938
1675720 938
1675730 938
1675740 938
1675750 938
1675760 939
1675770 939
1675780 939
1675790 939
1675800 939
1675810 939
1675820 939
1675830 939
1675840 939
1675850 939
1675860 939
1675870 939
1675880 939
1675890 939
1675900 939
1675910 939
1675920 939
1675930 939
1675940 938
1675950 938
1675960 938
1675970 938
1675980 938
1675990 938
1676000 938
1676010 938
1676020 937
1676030 937
1676040 937
1676050 937
1676060 936
1676070 936
1676080 936
1676090 936
1676100 936
1676110 936
1676120 935
1676130 935
1676140 935
1676150 934
1676160 934
1676170 933
1676180 933
1676190 933
1676200 932
1676210 932
1676220 932
1676230 931
1676240 930
1676250 930
1676260 930
1676270 929
1676280 929
1676290 928
1676300 928
1676310 928
1676320 927
1676330 926
1676340 926
1676350 925
1676360 924
1676370 924
1676380 924
1676390 923
1676400 923
1676410 922
1676420 922
1676430 922
1676440 922
1676450 922
1676460 922
1676470 922
1676480 921
1676490 921
1676500 921
1676510 920
1676520 920
1676530 920
1676540 919
1676550 919
1676560 918
1676570 918
1676580 918
1676590 917
1676600 916
1676610 916
1676620 916
1676630 915
1676640 915
1676650 914
1676660 914
1676670 914
1676680 913
1676690 913
1676700 913
1676710 912
1676720 911
1676730 911
1676740 910
1676750 910
1676760 910
1676770 909
1676780 908
1676790 908
1676800 906
1676810 905
1676820 905
1676830 905
1676840 904
1676850 904
1676860 904
1676870 903
1676880 903
1676890 902
1676900 902
1676910 902
1676920 901
1676930 901
1676940 901
1676950 901
1676960 901
1676970 901
1676980 901
1676990 901
1677000 900
1677010 900
1677020 900
1677030 900
1677040 899
1677050 899
1677060 899
1677070 899
1677080 899
1677090 900
1677100 900
1677110 900
1677120 901
1677130 901
1677140 901
1677150 901
1677160 902
1677170 902
1677180 903
1677190 903
1677200 903
1677210 904
1677220 905
1677230 905
1677240 906
1677250 906
1677260 906
1677270 908
1677280 908
1677290 908
1677300 909
1677310 910
1677320 910
1677330 910
1677340 911
1677350 911
1677360 912
1677370 912
1677380 912
1677390 913
1677400 913
1677410 913
1677420 914
1677430 914
1677440 914
1677450 915
1677460 916
1677470 916
1677480 917
1677490 918
1677500 918
1677510 919
1677520 919
1677530 919
1677540 920
1677550 920
1677560 920
1677570 921
1677580 922
1677590 922
1677600 922
1677610 923
1677620 923
1677630 923
1677640 923
1677650 923
1677660 924
1677670 924
1677680 924
1677690 924
1677700 924
1677710 924
1677720 924
1677730 924
1677740 924
1677750 924
1677760 924
1677770 924
1677780 925
1677790 925
1677800 925
1677810 925
1677820 925
1677830 925
1677840 924
1677850 924
1677860 924
1677870 924
1677880 924
1677890 924
1677900 924
1677910 925
1677920 925
1677930 924
1677940 924
1677950 924
1677960 924
1677970 924
1677980 924
1677990 924
1678000 924
1678010 924
1678020 924
1678030 924
1678040 924
1678050 924
1678060 924
1678070 924
1678080 924
1678090 924
1678100 924
1678110 924
1678120 924
1678130 924
1678140 923
1678150 922
1678160 922
1678170 922
1678180 921
1678190 921
1678200 920
1678210 920
1678220 920
1678230 920
1678240 919
1678250 919
1678260 919
1678270 918
1678280 918
1678290 916
1678300 915
1678310 916
1678320 913
1678330 910
1678340 910
1678350 906
1678360 903
1678370 903
1678380 900
1678390 899
1678400 899
1678410 897
1678420 896
1678430 896
1678440 895
1678450 893
1678460 893
1678470 892
1678480 891
1678490 891
1678500 888
1678510 885
1678520 885
1678530 882
1678540 881
1678550 881
1678560 881
1678570 881
1678580 881
1678590 881
1678600 882
1678610 882
1678620 883
1678630 883
1678640 884
1678650 884
1678660 884
1678670 883
1678680 882
1678690 882
1678700 880
1678710 879
1678720 879
1678730 877
1678740 875
1678750 875
1678760 872
1678770 867
1678780 867
1678790 864
1678800 863
1678810 863
1678820 861
1678830 859
1678840 859
1678850 859
1678860 860
1678870 860
1678880 859
1678890 859
1678900 859
1678910 860
1678920 861
1678930 861
1678940 863
1678950 864
1678960 864
1678970 865
1678980 864
1678990 864
1679000 865
1679010 866
1679020 866
1679030 866
1679040 868
1679050 868
1679060 869
1679070 870
1679080 870
1679090 871
1679100 873
1679110 873
1679120 874
1679130 875
1679140 875
1679150 876
1679160 877
1679170 877
1679180 879
1679190 880
1679200 880
1679210 882
1679220 883
1679230 883
1679240 886
1679250 889
1679260 889
1679270 892
1679280 896
1679290 896
1679300 898
1679310 903
1679320 903
1679330 907
1679340 911
1679350 911
1679360 914
1679370 915
1679380 915
1679390 916
1679400 916
1679410 916
1679420 918
1679430 918
1679440 918
1679450 919
1679460 919
1679470 919
1679480 918
1679490 918
1679500 918
1679510 917
1679520 916
1679530 916
1679540 915
1679550 914
1679560 914
1679570 913
1679580 913
1679590 913
1679600 911
1679610 910
1679620 910
1679630 909
1679640 908
1679650 904
1679660 903
1679670 902
1679680 902
1679690 901
1679700 900
1679710 900
1679720 899
1679730 900
1679740 900
1679750 902
1679760 904
1679770 904
1679780 904
1679790 905
1679800 905
1679810 905
1679820 905
1679830 905
1679840 905
1679850 905
1679860 905
1679870 906
1679880 906
1679890 906
1679900 906
1679910 906
1679920 906
1679930 906
1679940 906
1679950 906
1679960 905
1679970 905
1679980 905
1679990 904
