1660000 867
1660010 867
1660020 868
1660030 868
1660040 868
1660050 869
1660060 869
1660070 869
1660080 869
1660090 869
1660100 869
1660110 869
1660120 869
1660130 870
1660140 870
1660150 870
1660160 870
1660170 870
1660180 870
1660190 868
1660200 867
1660210 867
1660220 866
1660230 866
1660240 866
1660250 865
1660260 863
1660270 863
1660280 861
1660290 860
1660300 860
1660310 860
1660320 859
1660330 859
1660340 860
1660350 861
1660360 861
1660370 862
1660380 863
1660390 863
1660400 863
1660410 864
1660420 864
1660430 864
1660440 864
1660450 864
1660460 864
1660470 864
1660480 864
1660490 864
1660500 864
1660510 864
1660520 864
1660530 863
1660540 863
1660550 863
1660560 862
1660570 862
1660580 861
1660590 861
1660600 861
1660610 861
1660620 861
1660630 861
1660640 861
1660650 860
1660660 860
1660670 860
1660680 859
1660690 859
1660700 859
1660710 858
1660720 858
1660730 858
1660740 858
1660750 858
1660760 859
1660770 860
1660780 860
1660790 861
1660800 862
1660810 862
1660820 863
1660830 863
1660840 863
1660850 863
1660860 862
1660870 862
1660880 861
1660890 860
1660900 860
1660910 859
1660920 857
1660930 857
1660940 855
1660950 852
1660960 852
1660970 849
1660980 844
1660990 844
1661000 840
1661010 837
1661020 837
1661030 833
1661040 828
1661050 828
1661060 824
1661070 822
1661080 822
1661090 820
1661100 820
1661110 820
1661120 821
1661130 820
1661140 820
1661150 817
1661160 814
1661170 814
1661180 813
1661190 815
1661200 815
1661210 816
1661220 817
1661230 817
1661240 819
1661250 820
1661260 820
1661270 820
1661280 821
1661290 821
1661300 822
1661310 823
1661320 823
1661330 825
1661340 827
1661350 827
1661360 828
1661370 829
1661380 829
1661390 831
1661400 833
1661410 833
1661420 836
1661430 838
1661440 838
1661450 840
1661460 843
1661470 843
1661480 844
1661490 846
1661500 846
1661510 849
1661520 851
1661530 851
1661540 853
1661550 855
1661560 855
1661570 857
1661580 859
1661590 859
1661600 861
1661610 863
1661620 863
1661630 865
1661640 868
1661650 868
1661660 870
1661670 872
1661680 872
1661690 873
1661700 873
1661710 873
1661720 870
1661730 867
1661740 867
1661750 864
1661760 860
1661770 860
1661780 855
1661790 855
1661800 851
1661810 848
1661820 848
1661830 844
1661840 842
1661850 842
1661860 840
1661870 839
1661880 839
1661890 839
1661900 837
1661910 837
1661920 836
1661930 835
1661940 835
1661950 833
1661960 833
1661970 833
1661980 837
1661990 840
1662000 840
1662010 843
1662020 845
1662030 845
1662040 847
1662050 848
1662060 848
1662070 849
1662080 850
1662090 850
1662100 851
1662110 851
1662120 851
1662130 851
1662140 850
1662150 850
1662160 850
1662170 849
1662180 849
1662190 848
1662200 848
1662210 848
1662220 847
1662230 845
1662240 845
1662250 842
1662260 838
1662270 838
1662280 834
1662290 831
1662300 828
1662310 825
1662320 821
1662330 821
1662340 818
1662350 814
1662360 814
1662370 811
1662380 809
1662390 809
1662400 807
1662410 808
1662420 808
1662430 811
1662440 814
1662450 814
1662460 819
1662470 823
1662480 823
1662490 828
1662500 831
1662510 831
1662520 834
1662530 837
1662540 837
1662550 841
1662560 846
1662570 846
1662580 851
1662590 855
1662600 855
1662610 857
1662620 859
1662630 859
1662640 861
1662650 863
1662660 863
1662670 864
1662680 865
1662690 865
1662700 865
1662710 865
1662720 865
1662730 864
1662740 864
1662750 864
1662760 864
1662770 863
1662780 863
1662790 863
1662800 863
1662810 863
1662820 863
1662830 863
1662840 863
1662850 864
1662860 864
1662870 864
1662880 863
1662890 863
1662900 863
1662910 864
1662920 864
1662930 864
1662940 864
1662950 864
1662960 864
1662970 864
1662980 864
1662990 864
1663000 864
1663010 864
1663020 864
1663030 864
1663040 864
1663050 864
1663060 864
1663070 864
1663080 864
1663090 864
1663100 864
1663110 864
1663120 864
1663130 864
1663140 864
1663150 864
1663160 864
1663170 864
1663180 863
1663190 863
1663200 863
1663210 862
1663220 862
1663230 862
1663240 862
1663250 861
1663260 861
1663270 861
1663280 860
1663290 860
1663300 859
1663310 859
1663320 859
1663330 858
1663340 857
1663350 857
1663360 857
1663370 856
1663380 856
1663390 854
1663400 854
1663410 854
1663420 852
1663430 852
1663440 852
1663450 851
1663460 851
1663470 851
1663480 850
1663490 850
1663500 849
1663510 849
1663520 849
1663530 848
1663540 848
1663550 848
1663560 846
1663570 846
1663580 846
1663590 845
1663600 845
1663610 845
1663620 844
1663630 844
1663640 844
1663650 843
1663660 843
1663670 843
1663680 843
1663690 843
1663700 843
1663710 842
1663720 842
1663730 842
1663740 842
1663750 841
1663760 841
1663770 841
1663780 841
1663790 841
1663800 841
1663810 840
1663820 840
1663830 840
1663840 839
1663850 839
1663860 839
1663870 839
1663880 839
1663890 839
1663900 839
1663910 839
1663920 839
1663930 839
1663940 839
1663950 840
1663960 841
1663970 841
1663980 842
1663990 842
1664000 842
1664010 846
1664020 848
1664030 848
1664040 850
1664050 851
1664060 851
1664070 851
1664080 851
1664090 851
1664100 851
1664110 851
1664120 851
1664130 851
1664140 852
1664150 852
1664160 852
1664170 852
1664180 852
1664190 851
1664200 852
1664210 852
1664220 852
1664230 852
1664240 852
1664250 852
1664260 852
1664270 852
1664280 852
1664290 852
1664300 852
1664310 852
1664320 852
1664330 852
1664340 851
1664350 851
1664360 851
1664370 851
1664380 851
1664390 851
1664400 851
1664410 851
1664420 851
1664430 852
1664440 851
1664450 851
1664460 851
1664470 851
1664480 852
1664490 851
1664500 852
1664510 852
1664520 852
1664530 852
1664540 852
1664550 852
1664560 853
1664570 853
1664580 853
1664590 854
1664600 854
1664610 853
1664620 854
1664630 854
1664640 854
1664650 854
1664660 854
1664670 855
1664680 855
1664690 855
1664700 855
1664710 855
1664720 855
1664730 855
1664740 856
1664750 856
1664760 857
1664770 857
1664780 857
1664790 857
1664800 858
1664810 858
1664820 859
1664830 860
1664840 860
1664850 862
1664860 863
1664870 863
1664880 864
1664890 865
1664900 865
1664910 866
1664920 867
1664930 867
1664940 867
1664950 868
1664960 868
1664970 869
1664980 870
1664990 870
1665000 870
1665010 871
1665020 871
1665030 871
1665040 870
1665050 870
1665060 870
1665070 870
1665080 870
1665090 871
1665100 871
1665110 870
1665120 870
1665130 870
1665140 870
1665150 870
1665160 870
1665170 870
1665180 870
1665190 870
1665200 869
1665210 869
1665220 869
1665230 869
1665240 869
1665250 869
1665260 868
1665270 868
1665280 868
1665290 867
1665300 866
1665310 866
1665320 865
1665330 864
1665340 864
1665350 863
1665360 862
1665370 862
1665380 860
1665390 858
1665400 858
1665410 856
1665420 853
1665430 853
1665440 851
1665450 850
1665460 850
1665470 849
1665480 848
1665490 848
1665500 847
1665510 846
1665520 846
1665530 845
1665540 844
1665550 844
1665560 843
1665570 842
1665580 842
1665590 841
1665600 840
1665610 840
1665620 839
1665630 836
1665640 836
1665650 834
1665660 834
1665670 834
1665680 833
1665690 832
1665700 832
1665710 833
1665720 833
1665730 833
1665740 835
1665750 836
1665760 836
1665770 839
1665780 841
1665790 841
1665800 844
1665810 844
1665820 844
1665830 844
1665840 846
1665850 846
1665860 847
1665870 849
1665880 849
1665890 852
1665900 854
1665910 854
1665920 857
1665930 859
1665940 859
1665950 861
1665960 862
1665970 862
1665980 863
1665990 864
1666000 864
1666010 864
1666020 863
1666030 863
1666040 862
1666050 860
1666060 860
1666070 858
1666080 857
1666090 857
1666100 856
1666110 854
1666120 854
1666130 854
1666140 852
1666150 852
1666160 851
1666170 848
1666180 848
1666190 847
1666200 844
1666210 844
1666220 842
1666230 839
1666240 839
1666250 835
1666260 831
1666270 831
1666280 828
1666290 827
1666300 827
1666310 825
1666320 824
1666330 824
1666340 823
1666350 820
1666360 820
1666370 816
1666380 812
1666390 812
1666400 810
1666410 807
1666420 807
1666430 806
1666440 805
1666450 805
1666460 803
1666470 801
1666480 801
1666490 802
1666500 802
1666510 802
1666520 802
1666530 801
1666540 801
1666550 799
1666560 798
1666570 798
1666580 797
1666590 796
1666600 796
1666610 795
1666620 795
1666630 795
1666640 796
1666650 796
1666660 796
1666670 796
1666680 796
1666690 796
1666700 796
1666710 796
1666720 798
1666730 800
1666740 800
1666750 801
1666760 803
1666770 803
1666780 803
1666790 803
1666800 803
1666810 803
1666820 803
1666830 803
1666840 803
1666850 801
1666860 801
1666870 800
1666880 799
1666890 799
1666900 799
1666910 798
1666920 798
1666930 796
1666940 795
1666950 795
1666960 795
1666970 794
1666980 794
1666990 793
1667000 792
1667010 792
1667020 790
1667030 788
1667040 788
1667050 784
1667060 780
1667070 780
1667080 775
1667090 771
1667100 771
1667110 770
1667120 770
1667130 770
1667140 770
1667150 770
1667160 770
1667170 770
1667180 770
1667190 770
1667200 770
1667210 769
1667220 769
1667230 769
1667240 769
1667250 769
1667260 769
1667270 769
1667280 769
1667290 769
1667300 769
1667310 769
1667320 771
1667330 772
1667340 772
1667350 772
1667360 775
1667370 775
1667380 779
1667390 784
1667400 784
1667410 787
1667420 789
1667430 789
1667440 791
1667450 793
1667460 793
1667470 795
1667480 797
1667490 797
1667500 798
1667510 798
1667520 798
1667530 799
1667540 799
1667550 799
1667560 799
1667570 798
1667580 798
1667590 796
1667600 795
1667610 795
1667620 794
1667630 794
1667640 794
1667650 794
1667660 793
1667670 793
1667680 793
1667690 792
1667700 792
1667710 791
1667720 790
1667730 790
1667740 788
1667750 784
1667760 784
1667770 780
1667780 776
1667790 776
1667800 774
1667810 774
1667820 774
1667830 774
1667840 774
1667850 774
1667860 775
1667870 776
1667880 776
1667890 776
1667900 777
1667910 777
1667920 779
1667930 780
1667940 780
1667950 782
1667960 785
1667970 785
1667980 787
1667990 789
1668000 789
1668010 791
1668020 793
1668030 793
1668040 794
1668050 796
1668060 796
1668070 798
1668080 800
1668090 800
1668100 802
1668110 804
1668120 804
1668130 806
1668140 807
1668150 807
1668160 809
1668170 810
1668180 810
1668190 812
1668200 813
1668210 813
1668220 814
1668230 815
1668240 815
1668250 816
1668260 816
1668270 816
1668280 816
1668290 815
1668300 815
1668310 812
1668320 812
1668330 808
1668340 805
1668350 805
1668360 802
1668370 803
1668380 803
1668390 804
1668400 805
1668410 805
1668420 807
1668430 809
1668440 809
1668450 811
1668460 813
1668470 813
1668480 814
1668490 816
1668500 816
1668510 817
1668520 817
1668530 817
1668540 818
1668550 820
1668560 820
1668570 821
1668580 823
1668590 823
1668600 824
1668610 825
1668620 825
1668630 825
1668640 825
1668650 825
1668660 825
1668670 824
1668680 824
1668690 824
1668700 825
1668710 825
1668720 826
1668730 827
1668740 827
1668750 829
1668760 831
1668770 831
1668780 834
1668790 837
1668800 837
1668810 839
1668820 840
1668830 840
1668840 841
1668850 843
1668860 843
1668870 844
1668880 846
1668890 846
1668900 847
1668910 849
1668920 849
1668930 849
1668940 851
1668950 851
1668960 853
1668970 854
1668980 854
1668990 856
1669000 859
1669010 859
1669020 862
1669030 863
1669040 863
1669050 863
1669060 863
1669070 863
1669080 862
1669090 861
1669100 861
1669110 860
1669120 859
1669130 859
1669140 858
1669150 856
1669160 856
1669170 854
1669180 853
1669190 853
1669200 852
1669210 847
1669220 847
1669230 842
1669240 837
1669250 837
1669260 832
1669270 829
1669280 829
1669290 826
1669300 821
1669310 821
1669320 816
1669330 812
1669340 812
1669350 807
1669360 802
1669370 802
1669380 801
1669390 800
1669400 800
1669410 799
1669420 797
1669430 797
1669440 796
1669450 795
1669460 795
1669470 795
1669480 798
1669490 798
1669500 800
1669510 803
1669520 803
1669530 806
1669540 810
1669550 810
1669560 813
1669570 817
1669580 817
1669590 819
1669600 823
1669610 823
1669620 826
1669630 827
1669640 827
1669650 828
1669660 830
1669670 830
1669680 832
1669690 835
1669700 835
1669710 836
1669720 838
1669730 838
1669740 840
1669750 841
1669760 841
1669770 842
1669780 843
1669790 843
1669800 844
1669810 845
1669820 845
1669830 846
1669840 847
1669850 847
1669860 848
1669870 849
1669880 849
1669890 850
1669900 852
1669910 852
1669920 855
1669930 860
1669940 860
1669950 863
1669960 863
1669970 866
1669980 867
1669990 867
1670000 869
1670010 872
1670020 872
1670030 876
1670040 879
1670050 879
1670060 881
1670070 882
1670080 882
1670090 883
1670100 883
1670110 883
1670120 884
1670130 886
1670140 886
1670150 889
1670160 891
1670170 891
1670180 888
1670190 887
1670200 887
1670210 884
1670220 881
1670230 881
1670240 879
1670250 878
1670260 878
1670270 877
1670280 877
1670290 877
1670300 876
1670310 875
1670320 875
1670330 874
1670340 873
1670350 873
1670360 872
1670370 871
1670380 871
1670390 871
1670400 871
1670410 871
1670420 872
1670430 873
1670440 873
1670450 873
1670460 874
1670470 874
1670480 875
1670490 877
1670500 877
1670510 878
1670520 879
1670530 879
1670540 880
1670550 881
1670560 881
1670570 883
1670580 883
1670590 883
1670600 883
1670610 883
1670620 883
1670630 881
1670640 881
1670650 881
1670660 880
1670670 879
1670680 879
1670690 879
1670700 879
1670710 879
1670720 879
1670730 878
1670740 878
1670750 878
1670760 877
1670770 877
1670780 876
1670790 875
1670800 875
1670810 873
1670820 870
1670830 870
1670840 868
1670850 866
1670860 866
1670870 864
1670880 862
1670890 862
1670900 860
1670910 858
1670920 858
1670930 855
1670940 853
1670950 853
1670960 852
1670970 851
1670980 851
1670990 850
1671000 848
1671010 848
1671020 846
1671030 844
1671040 844
1671050 844
1671060 845
1671070 845
1671080 845
1671090 844
1671100 844
1671110 843
1671120 842
1671130 842
1671140 841
1671150 839
1671160 839
1671170 838
1671180 838
1671190 838
1671200 836
1671210 834
1671220 834
1671230 829
1671240 826
1671250 826
1671260 823
1671270 822
1671280 822
1671290 819
1671300 818
1671310 818
1671320 816
1671330 815
1671340 815
1671350 813
1671360 810
1671370 810
1671380 808
1671390 808
1671400 808
1671410 808
1671420 808
1671430 808
1671440 809
1671450 809
1671460 809
1671470 810
1671480 810
1671490 810
1671500 811
1671510 812
1671520 812
1671530 812
1671540 812
1671550 812
1671560 813
1671570 809
1671580 809
1671590 809
1671600 809
1671610 810
1671620 810
1671630 810
1671640 810
1671650 810
1671660 810
1671670 810
1671680 811
1671690 811
1671700 811
1671710 812
1671720 812
1671730 813
1671740 814
1671750 814
1671760 814
1671770 814
1671780 814
1671790 815
1671800 815
1671810 815
1671820 816
1671830 817
1671840 817
1671850 817
1671860 818
1671870 818
1671880 820
1671890 822
1671900 822
1671910 824
1671920 825
1671930 825
1671940 826
1671950 828
1671960 828
1671970 830
1671980 831
1671990 831
1672000 832
1672010 832
1672020 832
1672030 832
1672040 832
1672050 832
1672060 832
1672070 832
1672080 832
1672090 830
1672100 828
1672110 828
1672120 829
1672130 830
1672140 830
1672150 831
1672160 833
1672170 833
1672180 835
1672190 836
1672200 836
1672210 837
1672220 837
1672230 837
1672240 837
1672250 838
1672260 838
1672270 836
1672280 836
1672290 836
1672300 837
1672310 838
1672320 838
1672330 838
1672340 838
1672350 838
1672360 839
1672370 839
1672380 839
1672390 839
1672400 839
1672410 839
1672420 838
1672430 837
1672440 837
1672450 837
1672460 837
1672470 837
1672480 836
1672490 836
1672500 836
1672510 836
1672520 835
1672530 835
1672540 834
1672550 833
1672560 833
1672570 832
1672580 831
1672590 831
1672600 829
1672610 827
1672620 827
1672630 823
1672640 820
1672650 820
1672660 818
1672670 815
1672680 815
1672690 813
1672700 812
1672710 812
1672720 810
1672730 809
1672740 809
1672750 809
1672760 808
1672770 808
1672780 806
1672790 805
1672800 805
1672810 804
1672820 803
1672830 803
1672840 802
1672850 801
1672860 801
1672870 799
1672880 798
1672890 798
1672900 796
1672910 795
1672920 795
1672930 793
1672940 790
1672950 790
1672960 784
1672970 779
1672980 779
1672990 776
1673000 774
1673010 774
1673020 772
1673030 770
1673040 770
1673050 769
1673060 767
1673070 767
1673080 766
1673090 764
1673100 764
1673110 761
1673120 760
1673130 760
1673140 758
1673150 758
1673160 758
1673170 756
1673180 755
1673190 755
1673200 752
1673210 751
1673220 751
1673230 750
1673240 750
1673250 750
1673260 749
1673270 749
1673280 749
1673290 749
1673300 749
1673310 750
1673320 752
1673330 752
1673340 756
1673350 760
1673360 760
1673370 765
1673380 768
1673390 768
1673400 771
1673410 774
1673420 774
1673430 776
1673440 779
1673450 779
1673460 783
1673470 787
1673480 787
1673490 791
1673500 793
1673510 793
1673520 796
1673530 798
1673540 798
1673550 800
1673560 802
1673570 802
1673580 803
1673590 804
1673600 804
1673610 805
1673620 805
1673630 805
1673640 806
1673650 807
1673660 807
1673670 807
1673680 807
1673690 807
1673700 806
1673710 804
1673720 804
1673730 802
1673740 798
1673750 798
1673760 796
1673770 795
1673780 795
1673790 793
1673800 793
1673810 793
1673820 793
1673830 794
1673840 794
1673850 796
1673860 798
1673870 798
1673880 800
1673890 801
1673900 801
1673910 802
1673920 801
1673930 801
1673940 799
1673950 798
1673960 798
1673970 798
1673980 797
1673990 797
1674000 793
1674010 792
1674020 792
1674030 791
1674040 792
1674050 792
1674060 792
1674070 792
1674080 792
1674090 792
1674100 795
1674110 795
1674120 799
1674130 803
1674140 803
1674150 807
1674160 810
1674170 810
1674180 812
1674190 814
1674200 814
1674210 816
1674220 817
1674230 817
1674240 819
1674250 820
1674260 820
1674270 821
1674280 822
1674290 822
1674300 822
1674310 823
1674320 823
1674330 823
1674340 821
1674350 821
1674360 821
1674370 820
1674380 820
1674390 818
1674400 815
1674410 815
1674420 813
1674430 812
1674440 812
1674450 812
1674460 813
1674470 813
1674480 814
1674490 815
1674500 815
1674510 816
1674520 818
1674530 818
1674540 820
1674550 822
1674560 822
1674570 823
1674580 824
1674590 824
1674600 825
1674610 827
1674620 827
1674630 828
1674640 830
1674650 830
1674660 832
1674670 835
1674680 835
1674690 839
1674700 844
1674710 844
1674720 849
1674730 854
1674740 854
1674750 856
1674760 859
1674770 859
1674780 862
1674790 865
1674800 865
1674810 868
1674820 870
1674830 870
1674840 873
1674850 877
1674860 877
1674870 880
1674880 880
1674890 882
1674900 884
1674910 884
1674920 887
1674930 889
1674940 889
1674950 891
1674960 893
1674970 893
1674980 894
1674990 895
1675000 895
1675010 897
1675020 896
1675030 896
1675040 897
1675050 898
1675060 898
1675070 900
1675080 902
1675090 902
1675100 904
1675110 906
1675120 906
1675130 907
1675140 909
1675150 909
1675160 910
1675170 911
1675180 911
1675190 911
1675200 913
1675210 913
1675220 915
1675230 917
1675240 917
1675250 918
1675260 920
1675270 920
1675280 921
1675290 922
1675300 922
1675310 923
1675320 923
1675330 923
1675340 922
1675350 922
1675360 922
1675370 923
1675380 923
1675390 923
1675400 923
1675410 923
1675420 923
1675430 925
1675440 927
1675450 927
1675460 929
1675470 930
1675480 930
1675490 932
1675500 933
1675510 933
1675520 934
1675530 935
1675540 935
1675550 935
1675560 935
1675570 935
1675580 936
1675590 936
1675600 936
1675610 936
1675620 937
1675630 937
1675640 937
1675650 937
1675660 937
1675670 937
1675680 937
1675690 937
1675700 935
1675710 935
1675720 935
1675730 934
1675740 934
1675750 934
1675760 933
1675770 932
1675780 932
1675790 932
1675800 932
1675810 932
1675820 932
1675830 932
1675840 932
1675850 932
1675860 931
1675870 931
1675880 931
1675890 931
1675900 931
1675910 930
1675920 929
1675930 929
1675940 929
1675950 929
1675960 929
1675970 928
1675980 928
1675990 928
1676000 928
1676010 927
1676020 927
1676030 926
1676040 926
1676050 926
1676060 925
1676070 925
1676080 925
1676090 924
1676100 923
1676110 923
1676120 922
1676130 921
1676140 921
1676150 921
1676160 919
1676170 919
1676180 918
1676190 917
1676200 917
1676210 916
1676220 914
1676230 914
1676240 913
1676250 912
1676260 912
1676270 910
1676280 908
1676290 908
1676300 905
1676310 903
1676320 903
1676330 902
1676340 900
1676350 900
1676360 899
1676370 898
1676380 897
1676390 896
1676400 895
1676410 895
1676420 894
1676430 893
1676440 893
1676450 892
1676460 893
1676470 893
1676480 891
1676490 891
1676500 891
1676510 891
1676520 891
1676530 890
1676540 890
1676550 890
1676560 888
1676570 887
1676580 887
1676590 886
1676600 885
1676610 885
1676620 884
1676630 884
1676640 884
1676650 883
1676660 882
1676670 882
1676680 881
1676690 879
1676700 879
1676710 876
1676720 874
1676730 874
1676740 873
1676750 872
1676760 872
1676770 871
1676780 869
1676790 869
1676800 868
1676810 866
1676820 866
1676830 864
1676840 863
1676850 863
1676860 863
1676870 865
1676880 865
1676890 865
1676900 866
1676910 866
1676920 867
1676930 868
1676940 868
1676950 870
1676960 870
1676970 870
1676980 870
1676990 871
1677000 871
1677010 872
1677020 873
1677030 873
1677040 874
1677050 876
1677060 875
1677070 876
1677080 877
1677090 877
1677100 878
1677110 879
1677120 879
1677130 881
1677140 882
1677150 882
1677160 884
1677170 887
1677180 887
1677190 890
1677200 892
1677210 892
1677220 895
1677230 896
1677240 896
1677250 898
1677260 899
1677270 899
1677280 900
1677290 903
1677300 903
1677310 907
1677320 910
1677330 910
1677340 914
1677350 917
1677360 917
1677370 917
1677380 917
1677390 917
1677400 918
1677410 918
1677420 918
1677430 918
1677440 917
1677450 917
1677460 916
1677470 916
1677480 916
1677490 915
1677500 915
1677510 915
1677520 915
1677530 914
1677540 914
1677550 914
1677560 914
1677570 914
1677580 913
1677590 912
1677600 912
1677610 912
1677620 911
1677630 911
1677640 911
1677650 910
1677660 910
1677670 909
1677680 908
1677690 908
1677700 907
1677710 907
1677720 907
1677730 904
1677740 903
1677750 903
1677760 903
1677770 902
1677780 902
1677790 903
1677800 903
1677810 903
1677820 903
1677830 903
1677840 903
1677850 903
1677860 904
1677870 904
1677880 904
1677890 904
1677900 904
1677910 904
1677920 905
1677930 905
1677940 905
1677950 906
1677960 906
1677970 907
1677980 907
1677990 907
1678000 908
1678010 909
1678020 909
1678030 909
1678040 910
1678050 910
1678060 911
1678070 912
1678080 912
1678090 914
1678100 916
1678110 916
1678120 918
1678130 918
1678140 919
1678150 920
1678160 920
1678170 919
1678180 919
1678190 919
1678200 918
1678210 918
1678220 918
1678230 918
1678240 918
1678250 918
1678260 918
1678270 919
1678280 919
1678290 920
1678300 919
1678310 919
1678320 919
1678330 918
1678340 918
1678350 917
1678360 917
1678370 917
1678380 918
1678390 919
1678400 919
1678410 917
1678420 917
1678430 917
1678440 915
1678450 914
1678460 914
1678470 912
1678480 911
1678490 911
1678500 910
1678510 908
1678520 908
1678530 907
1678540 906
1678550 906
1678560 905
1678570 903
1678580 903
1678590 902
1678600 900
1678610 900
1678620 899
1678630 897
1678640 897
1678650 894
1678660 893
1678670 893
1678680 892
1678690 891
1678700 891
1678710 890
1678720 890
1678730 890
1678740 890
1678750 890
1678760 890
1678770 889
1678780 888
1678790 888
1678800 888
1678810 887
1678820 887
1678830 886
1678840 885
1678850 885
1678860 884
1678870 883
1678880 883
1678890 882
1678900 880
1678910 880
1678920 878
1678930 877
1678940 877
1678950 875
1678960 874
1678970 874
1678980 873
1678990 871
1679000 871
1679010 869
1679020 867
1679030 867
1679040 864
1679050 862
1679060 862
1679070 860
1679080 856
1679090 856
1679100 854
1679110 853
1679120 853
1679130 852
1679140 850
1679150 850
1679160 849
1679170 849
1679180 849
1679190 848
1679200 848
1679210 848
1679220 847
1679230 846
1679240 846
1679250 841
1679260 837
1679270 837
1679280 834
1679290 833
1679300 833
1679310 833
1679320 833
1679330 833
1679340 833
1679350 833
1679360 833
1679370 835
1679380 837
1679390 837
1679400 838
1679410 840
1679420 840
1679430 842
1679440 843
1679450 843
1679460 845
1679470 847
1679480 847
1679490 850
1679500 853
1679510 853
1679520 854
1679530 856
1679540 856
1679550 858
1679560 860
1679570 860
1679580 861
1679590 862
1679600 862
1679610 864
1679620 865
1679630 865
1679640 867
1679650 869
1679660 869
1679670 871
1679680 873
1679690 873
1679700 875
1679710 877
1679720 877
1679730 878
1679740 878
1679750 879
1679760 882
1679770 882
1679780 883
1679790 885
1679800 885
1679810 886
1679820 887
1679830 887
1679840 887
1679850 890
1679860 890
1679870 890
1679880 892
1679890 892
1679900 892
1679910 893
1679920 893
1679930 893
1679940 893
1679950 893
1679960 893
1679970 893
1679980 893
1679990 893
