1660000 796
1660010 793
1660020 788
1660030 788
1660040 785
1660050 784
1660060 784
1660070 786
1660080 787
1660090 787
1660100 789
1660110 792
1660120 792
1660130 796
1660140 799
1660150 799
1660160 801
1660170 802
1660180 802
1660190 803
1660200 803
1660210 803
1660220 803
1660230 802
1660240 802
1660250 801
1660260 800
1660270 800
1660280 799
1660290 797
1660300 797
1660310 795
1660320 793
1660330 793
1660340 792
1660350 791
1660360 791
1660370 792
1660380 793
1660390 793
1660400 794
1660410 796
1660420 796
1660430 798
1660440 801
1660450 801
1660460 802
1660470 803
1660480 803
1660490 804
1660500 806
1660510 806
1660520 807
1660530 807
1660540 807
1660550 808
1660560 809
1660570 809
1660580 809
1660590 809
1660600 809
1660610 808
1660620 807
1660630 807
1660640 807
1660650 808
1660660 808
1660670 808
1660680 808
1660690 808
1660700 806
1660710 805
1660720 805
1660730 803
1660740 802
1660750 802
1660760 802
1660770 803
1660780 803
1660790 803
1660800 802
1660810 802
1660820 799
1660830 795
1660840 795
1660850 794
1660860 793
1660870 793
1660880 794
1660890 795
1660900 795
1660910 796
1660920 799
1660930 799
1660940 799
1660950 798
1660960 798
1660970 795
1660980 792
1660990 792
1661000 788
1661010 786
1661020 786
1661030 783
1661040 782
1661050 782
1661060 780
1661070 778
1661080 778
1661090 775
1661100 776
1661110 776
1661120 781
1661130 787
1661140 787
1661150 791
1661160 793
1661170 793
1661180 794
1661190 794
1661200 795
1661210 795
1661220 795
1661230 794
1661240 794
1661250 794
1661260 794
1661270 793
1661280 793
1661290 792
1661300 792
1661310 792
1661320 791
1661330 791
1661340 791
1661350 790
1661360 790
1661370 790
1661380 790
1661390 793
1661400 793
1661410 794
1661420 795
1661430 795
1661440 794
1661450 794
1661460 794
1661470 793
1661480 792
1661490 792
1661500 791
1661510 791
1661520 791
1661530 790
1661540 788
1661550 788
1661560 785
1661570 782
1661580 782
1661590 779
1661600 776
1661610 776
1661620 774
1661630 771
1661640 771
1661650 768
1661660 766
1661670 766
1661680 766
1661690 766
1661700 766
1661710 766
1661720 766
1661730 766
1661740 766
1661750 766
1661760 766
1661770 766
1661780 767
1661790 767
1661800 767
1661810 767
1661820 767
1661830 768
1661840 768
1661850 768
1661860 769
1661870 769
1661880 769
1661890 769
1661900 770
1661910 770
1661920 770
1661930 771
1661940 771
1661950 771
1661960 772
1661970 772
1661980 772
1661990 773
1662000 773
1662010 773
1662020 774
1662030 774
1662040 776
1662050 777
1662060 777
1662070 778
1662080 779
1662090 779
1662100 781
1662110 783
1662120 783
1662130 785
1662140 786
1662150 786
1662160 788
1662170 790
1662180 790
1662190 792
1662200 794
1662210 794
1662220 796
1662230 798
1662240 798
1662250 801
1662260 803
1662270 803
1662280 804
1662290 805
1662300 807
1662310 808
1662320 808
1662330 808
1662340 807
1662350 806
1662360 806
1662370 804
1662380 802
1662390 802
1662400 801
1662410 803
1662420 803
1662430 806
1662440 808
1662450 808
1662460 810
1662470 810
1662480 810
1662490 808
1662500 805
1662510 805
1662520 804
1662530 804
1662540 804
1662550 804
1662560 804
1662570 804
1662580 805
1662590 805
1662600 805
1662610 806
1662620 807
1662630 807
1662640 807
1662650 808
1662660 808
1662670 809
1662680 813
1662690 813
1662700 818
1662710 822
1662720 822
1662730 824
1662740 826
1662750 826
1662760 828
1662770 828
1662780 830
1662790 830
1662800 830
1662810 831
1662820 831
1662830 831
1662840 832
1662850 832
1662860 832
1662870 833
1662880 834
1662890 834
1662900 835
1662910 835
1662920 835
1662930 836
1662940 836
1662950 836
1662960 836
1662970 835
1662980 835
1662990 835
1663000 835
1663010 835
1663020 834
1663030 830
1663040 830
1663050 828
1663060 826
1663070 826
1663080 825
1663090 824
1663100 824
1663110 825
1663120 827
1663130 827
1663140 830
1663150 829
1663160 829
1663170 828
1663180 829
1663190 829
1663200 831
1663210 833
1663220 833
1663230 834
1663240 835
1663250 835
1663260 836
1663270 836
1663280 836
1663290 838
1663300 839
1663310 839
1663320 840
1663330 840
1663340 840
1663350 841
1663360 841
1663370 841
1663380 841
1663390 841
1663400 841
1663410 841
1663420 841
1663430 841
1663440 840
1663450 838
1663460 838
1663470 835
1663480 833
1663490 833
1663500 829
1663510 827
1663520 827
1663530 826
1663540 825
1663550 825
1663560 825
1663570 828
1663580 828
1663590 831
1663600 833
1663610 833
1663620 834
1663630 834
1663640 834
1663650 834
1663660 832
1663670 832
1663680 827
1663690 822
1663700 822
1663710 819
1663720 820
1663730 820
1663740 821
1663750 824
1663760 825
1663770 830
1663780 832
1663790 832
1663800 834
1663810 837
1663820 837
1663830 839
1663840 842
1663850 842
1663860 844
1663870 846
1663880 846
1663890 847
1663900 847
1663910 847
1663920 847
1663930 846
1663940 846
1663950 846
1663960 845
1663970 845
1663980 844
1663990 845
1664000 845
1664010 846
1664020 847
1664030 847
1664040 849
1664050 851
1664060 851
1664070 852
1664080 853
1664090 853
1664100 854
1664110 854
1664120 854
1664130 854
1664140 855
1664150 855
1664160 856
1664170 856
1664180 856
1664190 857
1664200 858
1664210 858
1664220 859
1664230 860
1664240 860
1664250 861
1664260 862
1664270 862
1664280 863
1664290 863
1664300 863
1664310 865
1664320 868
1664330 868
1664340 869
1664350 870
1664360 870
1664370 871
1664380 871
1664390 871
1664400 872
1664410 872
1664420 874
1664430 876
1664440 876
1664450 877
1664460 877
1664470 877
1664480 881
1664490 882
1664500 882
1664510 883
1664520 883
1664530 883
1664540 883
1664550 883
1664560 883
1664570 882
1664580 882
1664590 882
1664600 882
1664610 881
1664620 881
1664630 881
1664640 881
1664650 881
1664660 881
1664670 880
1664680 880
1664690 880
1664700 880
1664710 880
1664720 880
1664730 879
1664740 879
1664750 879
1664760 878
1664770 878
1664780 878
1664790 878
1664800 878
1664810 878
1664820 877
1664830 877
1664840 877
1664850 876
1664860 876
1664870 875
1664880 874
1664890 874
1664900 873
1664910 873
1664920 873
1664930 872
1664940 870
1664950 870
1664960 869
1664970 868
1664980 868
1664990 867
1665000 867
1665010 867
1665020 865
1665030 864
1665040 864
1665050 863
1665060 863
1665070 863
1665080 863
1665090 863
1665100 863
1665110 862
1665120 862
1665130 862
1665140 862
1665150 862
1665160 862
1665170 862
1665180 862
1665190 862
1665200 864
1665210 864
1665220 864
1665230 864
1665240 865
1665250 865
1665260 865
1665270 866
1665280 866
1665290 867
1665300 868
1665310 868
1665320 868
1665330 869
1665340 869
1665350 870
1665360 871
1665370 871
1665380 871
1665390 872
1665400 872
1665410 873
1665420 874
1665430 874
1665440 876
1665450 878
1665460 878
1665470 879
1665480 879
1665490 879
1665500 881
1665510 882
1665520 882
1665530 883
1665540 885
1665550 885
1665560 886
1665570 887
1665580 887
1665590 888
1665600 890
1665610 890
1665620 891
1665630 892
1665640 892
1665650 892
1665660 893
1665670 893
1665680 894
1665690 895
1665700 895
1665710 896
1665720 896
1665730 896
1665740 896
1665750 897
1665760 897
1665770 897
1665780 897
1665790 897
1665800 897
1665810 897
1665820 897
1665830 897
1665840 897
1665850 897
1665860 897
1665870 896
1665880 896
1665890 895
1665900 894
1665910 894
1665920 892
1665930 891
1665940 891
1665950 890
1665960 890
1665970 889
1665980 888
1665990 888
1666000 887
1666010 886
1666020 886
1666030 885
1666040 883
1666050 883
1666060 883
1666070 882
1666080 882
1666090 882
1666100 883
1666110 883
1666120 884
1666130 884
1666140 884
1666150 885
1666160 884
1666170 884
1666180 884
1666190 883
1666200 883
1666210 882
1666220 881
1666230 881
1666240 880
1666250 879
1666260 879
1666270 878
1666280 877
1666290 877
1666300 876
1666310 876
1666320 876
1666330 875
1666340 874
1666350 874
1666360 873
1666370 872
1666380 872
1666390 870
1666400 869
1666410 869
1666420 868
1666430 867
1666440 867
1666450 866
1666460 866
1666470 866
1666480 865
1666490 864
1666500 864
1666510 862
1666520 860
1666530 860
1666540 858
1666550 857
1666560 857
1666570 855
1666580 854
1666590 854
1666600 852
1666610 850
1666620 850
1666630 847
1666640 843
1666650 843
1666660 842
1666670 840
1666680 840
1666690 839
1666700 838
1666710 838
1666720 837
1666730 836
1666740 836
1666750 835
1666760 834
1666770 834
1666780 834
1666790 834
1666800 834
1666810 835
1666820 834
1666830 834
1666840 833
1666850 831
1666860 831
1666870 830
1666880 829
1666890 829
1666900 829
1666910 828
1666920 828
1666930 827
1666940 826
1666950 826
1666960 825
1666970 825
1666980 825
1666990 823
1667000 820
1667010 820
1667020 817
1667030 815
1667040 815
1667050 812
1667060 810
1667070 810
1667080 808
1667090 806
1667100 806
1667110 804
1667120 804
1667130 804
1667140 804
1667150 803
1667160 803
1667170 803
1667180 802
1667190 802
1667200 802
1667210 801
1667220 801
1667230 799
1667240 798
1667250 798
1667260 797
1667270 796
1667280 796
1667290 794
1667300 793
1667310 793
1667320 792
1667330 790
1667340 790
1667350 787
1667360 782
1667370 782
1667380 777
1667390 774
1667400 774
1667410 772
1667420 772
1667430 772
1667440 772
1667450 772
1667460 772
1667470 774
1667480 776
1667490 776
1667500 777
1667510 778
1667520 778
1667530 779
1667540 779
1667550 779
1667560 779
1667570 779
1667580 779
1667590 779
1667600 779
1667610 779
1667620 779
1667630 779
1667640 780
1667650 780
1667660 780
1667670 780
1667680 778
1667690 778
1667700 775
1667710 775
1667720 775
1667730 775
1667740 774
1667750 774
1667760 774
1667770 775
1667780 775
1667790 775
1667800 774
1667810 774
1667820 773
1667830 772
1667840 772
1667850 770
1667860 768
1667870 768
1667880 766
1667890 766
1667900 766
1667910 765
1667920 764
1667930 764
1667940 764
1667950 764
1667960 764
1667970 765
1667980 764
1667990 764
1668000 763
1668010 764
1668020 764
1668030 764
1668040 764
1668050 764
1668060 764
1668070 763
1668080 763
1668090 763
1668100 764
1668110 764
1668120 764
1668130 764
1668140 764
1668150 765
1668160 765
1668170 765
1668180 767
1668190 770
1668200 770
1668210 774
1668220 778
1668230 778
1668240 782
1668250 786
1668260 786
1668270 790
1668280 792
1668290 792
1668300 794
1668310 797
1668320 797
1668330 799
1668340 802
1668350 802
1668360 803
1668370 804
1668380 804
1668390 804
1668400 805
1668410 805
1668420 805
1668430 806
1668440 806
1668450 807
1668460 808
1668470 808
1668480 810
1668490 811
1668500 811
1668510 813
1668520 813
1668530 813
1668540 813
1668550 812
1668560 812
1668570 812
1668580 812
1668590 812
1668600 813
1668610 813
1668620 813
1668630 811
1668640 809
1668650 809
1668660 808
1668670 809
1668680 809
1668690 810
1668700 811
1668710 811
1668720 812
1668730 814
1668740 814
1668750 813
1668760 809
1668770 806
1668780 806
1668790 807
1668800 807
1668810 808
1668820 809
1668830 809
1668840 812
1668850 814
1668860 814
1668870 816
1668880 817
1668890 817
1668900 818
1668910 819
1668920 819
1668930 820
1668940 821
1668950 821
1668960 821
1668970 822
1668980 822
1668990 822
1669000 822
1669010 822
1669020 822
1669030 822
1669040 822
1669050 822
1669060 823
1669070 823
1669080 822
1669090 822
1669100 822
1669110 821
1669120 821
1669130 820
1669140 819
1669150 819
1669160 818
1669170 817
1669180 817
1669190 815
1669200 813
1669210 813
1669220 809
1669230 806
1669240 806
1669250 803
1669260 801
1669270 801
1669280 799
1669290 797
1669300 797
1669310 795
1669320 793
1669330 793
1669340 789
1669350 784
1669360 784
1669370 780
1669380 778
1669390 778
1669400 776
1669410 775
1669420 775
1669430 775
1669440 777
1669450 777
1669460 779
1669470 779
1669480 779
1669490 783
1669500 786
1669510 786
1669520 789
1669530 792
1669540 792
1669550 794
1669560 797
1669570 797
1669580 799
1669590 801
1669600 801
1669610 803
1669620 806
1669630 806
1669640 808
1669650 810
1669660 810
1669670 811
1669680 813
1669690 813
1669700 814
1669710 815
1669720 815
1669730 816
1669740 817
1669750 817
1669760 818
1669770 819
1669780 819
1669790 819
1669800 820
1669810 820
1669820 821
1669830 822
1669840 822
1669850 823
1669860 824
1669870 824
1669880 824
1669890 824
1669900 824
1669910 823
1669920 823
1669930 823
1669940 823
1669950 822
1669960 822
1669970 821
1669980 821
1669990 821
1670000 822
1670010 823
1670020 823
1670030 823
1670040 824
1670050 824
1670060 825
1670070 827
1670080 827
1670090 828
1670100 828
1670110 828
1670120 830
1670130 831
1670140 831
1670150 832
1670160 833
1670170 833
1670180 833
1670190 834
1670200 834
1670210 836
1670220 837
1670230 837
1670240 838
1670250 840
1670260 840
1670270 841
1670280 842
1670290 842
1670300 844
1670310 847
1670320 847
1670330 849
1670340 851
1670350 851
1670360 852
1670370 855
1670380 855
1670390 858
1670400 860
1670410 860
1670420 862
1670430 865
1670440 865
1670450 867
1670460 870
1670470 870
1670480 873
1670490 876
1670500 876
1670510 879
1670520 880
1670530 880
1670540 879
1670550 879
1670560 879
1670570 880
1670580 880
1670590 880
1670600 880
1670610 880
1670620 880
1670630 879
1670640 879
1670650 879
1670660 878
1670670 878
1670680 878
1670690 876
1670700 876
1670710 875
1670720 873
1670730 873
1670740 870
1670750 867
1670760 867
1670770 862
1670780 858
1670790 858
1670800 854
1670810 851
1670820 851
1670830 847
1670840 845
1670850 845
1670860 842
1670870 838
1670880 837
1670890 834
1670900 831
1670910 831
1670920 828
1670930 826
1670940 826
1670950 825
1670960 824
1670970 824
1670980 823
1670990 821
1671000 821
1671010 820
1671020 819
1671030 819
1671040 818
1671050 816
1671060 816
1671070 815
1671080 814
1671090 814
1671100 814
1671110 813
1671120 813
1671130 812
1671140 812
1671150 812
1671160 811
1671170 810
1671180 810
1671190 808
1671200 807
1671210 807
1671220 806
1671230 804
1671240 804
1671250 802
1671260 800
1671270 800
1671280 799
1671290 798
1671300 798
1671310 796
1671320 795
1671330 795
1671340 793
1671350 792
1671360 792
1671370 791
1671380 790
1671390 790
1671400 790
1671410 790
1671420 790
1671430 793
1671440 795
1671450 795
1671460 797
1671470 799
1671480 799
1671490 800
1671500 802
1671510 802
1671520 804
1671530 806
1671540 806
1671550 808
1671560 809
1671570 810
1671580 811
1671590 812
1671600 812
1671610 813
1671620 813
1671630 813
1671640 814
1671650 814
1671660 814
1671670 813
1671680 811
1671690 811
1671700 808
1671710 805
1671720 805
1671730 803
1671740 803
1671750 803
1671760 803
1671770 803
1671780 803
1671790 802
1671800 802
1671810 802
1671820 802
1671830 802
1671840 802
1671850 802
1671860 803
1671870 803
1671880 804
1671890 804
1671900 804
1671910 805
1671920 806
1671930 806
1671940 806
1671950 807
1671960 807
1671970 808
1671980 810
1671990 810
1672000 811
1672010 813
1672020 813
1672030 816
1672040 818
1672050 818
1672060 819
1672070 821
1672080 821
1672090 823
1672100 825
1672110 825
1672120 825
1672130 826
1672140 826
1672150 827
1672160 828
1672170 828
1672180 830
1672190 831
1672200 831
1672210 833
1672220 835
1672230 835
1672240 837
1672250 839
1672260 839
1672270 839
1672280 839
1672290 841
1672300 842
1672310 842
1672320 843
1672330 845
1672340 845
1672350 846
1672360 847
1672370 847
1672380 849
1672390 850
1672400 850
1672410 852
1672420 853
1672430 853
1672440 853
1672450 851
1672460 851
1672470 849
1672480 848
1672490 848
1672500 846
1672510 843
1672520 843
1672530 841
1672540 838
1672550 838
1672560 836
1672570 834
1672580 834
1672590 831
1672600 828
1672610 828
1672620 824
1672630 818
1672640 818
1672650 810
1672660 803
1672670 803
1672680 797
1672690 791
1672700 791
1672710 786
1672720 782
1672730 782
1672740 775
1672750 769
1672760 769
1672770 765
1672780 759
1672790 759
1672800 753
1672810 748
1672820 748
1672830 745
1672840 743
1672850 743
1672860 742
1672870 741
1672880 741
1672890 742
1672900 745
1672910 745
1672920 750
1672930 755
1672940 755
1672950 760
1672960 763
1672970 763
1672980 766
1672990 770
1673000 770
1673010 774
1673020 778
1673030 778
1673040 782
1673050 785
1673060 785
1673070 786
1673080 787
1673090 787
1673100 789
1673110 792
1673120 792
1673130 794
1673140 796
1673150 796
1673160 797
1673170 798
1673180 798
1673190 798
1673200 798
1673210 798
1673220 799
1673230 800
1673240 800
1673250 802
1673260 802
1673270 802
1673280 802
1673290 802
1673300 802
1673310 802
1673320 802
1673330 802
1673340 802
1673350 802
1673360 802
1673370 802
1673380 802
1673390 802
1673400 802
1673410 802
1673420 802
1673430 802
1673440 803
1673450 803
1673460 803
1673470 803
1673480 803
1673490 803
1673500 804
1673510 804
1673520 805
1673530 805
1673540 805
1673550 804
1673560 803
1673570 803
1673580 802
1673590 802
1673600 802
1673610 802
1673620 802
1673630 802
1673640 802
1673650 802
1673660 802
1673670 796
1673680 790
1673690 790
1673700 786
1673710 781
1673720 781
1673730 778
1673740 780
1673750 780
1673760 782
1673770 788
1673780 788
1673790 793
1673800 799
1673810 799
1673820 804
1673830 809
1673840 809
1673850 813
1673860 813
1673870 816
1673880 819
1673890 819
1673900 822
1673910 824
1673920 824
1673930 827
1673940 829
1673950 829
1673960 831
1673970 832
1673980 832
1673990 833
1674000 835
1674010 835
1674020 837
1674030 838
1674040 838
1674050 840
1674060 842
1674070 842
1674080 844
1674090 845
1674100 845
1674110 845
1674120 844
1674130 844
1674140 843
1674150 841
1674160 841
1674170 839
1674180 838
1674190 838
1674200 838
1674210 838
1674220 838
1674230 838
1674240 839
1674250 839
1674260 839
1674270 839
1674280 839
1674290 838
1674300 835
1674310 835
1674320 831
1674330 826
1674340 827
1674350 824
1674360 823
1674370 823
1674380 822
1674390 822
1674400 822
1674410 821
1674420 819
1674430 819
1674440 818
1674450 815
1674460 815
1674470 811
1674480 808
1674490 808
1674500 807
1674510 809
1674520 809
1674530 811
1674540 810
1674550 810
1674560 808
1674570 806
1674580 806
1674590 804
1674600 803
1674610 803
1674620 803
1674630 804
1674640 804
1674650 806
1674660 807
1674670 807
1674680 805
1674690 804
1674700 804
1674710 805
1674720 811
1674730 811
1674740 816
1674750 821
1674760 821
1674770 826
1674780 829
1674790 829
1674800 831
1674810 831
1674820 831
1674830 832
1674840 832
1674850 832
1674860 832
1674870 833
1674880 833
1674890 836
1674900 839
1674910 839
1674920 844
1674930 846
1674940 846
1674950 847
1674960 848
1674970 848
1674980 849
1674990 849
1675000 849
1675010 851
1675020 854
1675030 854
1675040 854
1675050 854
1675060 854
1675070 854
1675080 854
1675090 854
1675100 853
1675110 853
1675120 853
1675130 853
1675140 852
1675150 852
1675160 852
1675170 852
1675180 852
1675190 852
1675200 853
1675210 853
1675220 855
1675230 856
1675240 856
1675250 857
1675260 858
1675270 858
1675280 859
1675290 860
1675300 860
1675310 862
1675320 864
1675330 864
1675340 865
1675350 867
1675360 867
1675370 868
1675380 870
1675390 870
1675400 872
1675410 874
1675420 874
1675430 875
1675440 876
1675450 876
1675460 878
1675470 878
1675480 880
1675490 883
1675500 883
1675510 885
1675520 888
1675530 888
1675540 890
1675550 892
1675560 892
1675570 894
1675580 893
1675590 893
1675600 894
1675610 897
1675620 897
1675630 900
1675640 902
1675650 902
1675660 904
1675670 906
1675680 906
1675690 908
1675700 903
1675710 903
1675720 900
1675730 899
1675740 899
1675750 898
1675760 898
1675770 898
1675780 897
1675790 897
1675800 897
1675810 896
1675820 895
1675830 895
1675840 895
1675850 895
1675860 895
1675870 895
1675880 895
1675890 895
1675900 895
1675910 894
1675920 894
1675930 894
1675940 894
1675950 894
1675960 894
1675970 894
1675980 894
1675990 893
1676000 893
1676010 893
1676020 893
1676030 893
1676040 893
1676050 892
1676060 892
1676070 892
1676080 892
1676090 892
1676100 892
1676110 892
1676120 892
1676130 892
1676140 892
1676150 892
1676160 892
1676170 892
1676180 892
1676190 892
1676200 892
1676210 891
1676220 891
1676230 890
1676240 890
1676250 890
1676260 889
1676270 888
1676280 888
1676290 888
1676300 887
1676310 887
1676320 888
1676330 888
1676340 888
1676350 885
1676360 884
1676370 884
1676380 881
1676390 878
1676400 878
1676410 875
1676420 872
1676430 872
1676440 869
1676450 867
1676460 867
1676470 865
1676480 863
1676490 863
1676500 861
1676510 861
1676520 861
1676530 860
1676540 859
1676550 859
1676560 860
1676570 859
1676580 859
1676590 858
1676600 856
1676610 856
1676620 853
1676630 851
1676640 851
1676650 847
1676660 844
1676670 844
1676680 844
1676690 844
1676700 844
1676710 843
1676720 841
1676730 841
1676740 839
1676750 838
1676760 838
1676770 838
1676780 837
1676790 837
1676800 836
1676810 836
1676820 836
1676830 835
1676840 835
1676850 835
1676860 834
1676870 834
1676880 834
1676890 834
1676900 834
1676910 834
1676920 834
1676930 834
1676940 834
1676950 835
1676960 835
1676970 835
1676980 835
1676990 836
1677000 836
1677010 836
1677020 837
1677030 837
1677040 837
1677050 837
1677060 838
1677070 839
1677080 839
1677090 840
1677100 841
1677110 841
1677120 843
1677130 844
1677140 844
1677150 844
1677160 846
1677170 846
1677180 847
1677190 848
1677200 848
1677210 849
1677220 850
1677230 850
1677240 851
1677250 852
1677260 852
1677270 853
1677280 854
1677290 854
1677300 855
1677310 856
1677320 856
1677330 858
1677340 862
1677350 862
1677360 865
1677370 868
1677380 868
1677390 870
1677400 873
1677410 873
1677420 876
1677430 878
1677440 878
1677450 881
1677460 884
1677470 884
1677480 886
1677490 889
1677500 889
1677510 891
1677520 893
1677530 893
1677540 895
1677550 897
1677560 897
1677570 899
1677580 901
1677590 901
1677600 903
1677610 904
1677620 904
1677630 906
1677640 908
1677650 908
1677660 909
1677670 912
1677680 912
1677690 913
1677700 914
1677710 914
1677720 916
1677730 917
1677740 917
1677750 918
1677760 920
1677770 920
1677780 922
1677790 924
1677800 924
1677810 926
1677820 927
1677830 927
1677840 929
1677850 930
1677860 930
1677870 933
1677880 935
1677890 935
1677900 937
1677910 940
1677920 940
1677930 942
1677940 943
1677950 943
1677960 944
1677970 946
1677980 946
1677990 945
1678000 944
1678010 944
1678020 943
1678030 942
1678040 942
1678050 941
1678060 939
1678070 939
1678080 938
1678090 938
1678100 938
1678110 936
1678120 933
1678130 933
1678140 932
1678150 931
1678160 931
1678170 930
1678180 928
1678190 928
1678200 927
1678210 925
1678220 925
1678230 922
1678240 920
1678250 920
1678260 917
1678270 916
1678280 916
1678290 915
1678300 914
1678310 914
1678320 912
1678330 911
1678340 911
1678350 910
1678360 909
1678370 909
1678380 908
1678390 908
1678400 908
1678410 906
1678420 906
1678430 906
1678440 905
1678450 905
1678460 905
1678470 905
1678480 903
1678490 903
1678500 902
1678510 901
1678520 901
1678530 899
1678540 898
1678550 898
1678560 897
1678570 896
1678580 896
1678590 895
1678600 895
1678610 893
1678620 892
1678630 892
1678640 890
1678650 888
1678660 888
1678670 887
1678680 886
1678690 886
1678700 886
1678710 885
1678720 885
1678730 885
1678740 884
1678750 884
1678760 883
1678770 883
1678780 883
1678790 882
1678800 880
1678810 880
1678820 879
1678830 878
1678840 878
1678850 877
1678860 874
1678870 874
1678880 871
1678890 867
1678900 867
1678910 864
1678920 861
1678930 861
1678940 858
1678950 855
1678960 855
1678970 852
1678980 849
1678990 849
1679000 846
1679010 843
1679020 843
1679030 840
1679040 838
1679050 838
1679060 836
1679070 834
1679080 832
1679090 829
1679100 828
1679110 828
1679120 825
1679130 825
1679140 825
1679150 825
1679160 826
1679170 826
1679180 826
1679190 826
1679200 826
1679210 827
1679220 830
1679230 830
1679240 834
1679250 838
1679260 838
1679270 841
1679280 845
1679290 845
1679300 849
1679310 852
1679320 852
1679330 857
1679340 860
1679350 860
1679360 863
1679370 865
1679380 865
1679390 868
1679400 870
1679410 870
1679420 873
1679430 875
1679440 875
1679450 877
1679460 878
1679470 878
1679480 879
1679490 882
1679500 882
1679510 883
1679520 884
1679530 884
1679540 885
1679550 886
1679560 886
1679570 886
1679580 886
1679590 886
1679600 885
1679610 885
1679620 885
1679630 885
1679640 885
1679650 885
1679660 885
1679670 885
1679680 885
1679690 885
1679700 885
1679710 885
1679720 884
1679730 884
1679740 884
1679750 885
1679760 886
1679770 886
1679780 887
1679790 887
1679800 887
1679810 887
1679820 888
1679830 888
1679840 888
1679850 889
1679860 889
1679870 890
1679880 890
1679890 890
1679900 892
1679910 893
1679920 893
1679930 895
1679940 895
1679950 895
1679960 897
1679970 898
1679980 898
1679990 899
