1660000 830
1660010 826
1660020 826
1660030 827
1660040 829
1660050 829
1660060 834
1660070 839
1660080 839
1660090 842
1660100 843
1660110 843
1660120 844
1660130 845
1660140 845
1660150 844
1660160 843
1660170 843
1660180 836
1660190 832
1660200 832
1660210 829
1660220 828
1660230 828
1660240 827
1660250 827
1660260 827
1660270 827
1660280 828
1660290 828
1660300 831
1660310 835
1660320 835
1660330 838
1660340 840
1660350 840
1660360 841
1660370 842
1660380 842
1660390 844
1660400 845
1660410 845
1660420 846
1660430 847
1660440 847
1660450 848
1660460 848
1660470 848
1660480 848
1660490 848
1660500 847
1660510 846
1660520 846
1660530 845
1660540 844
1660550 844
1660560 843
1660570 842
1660580 842
1660590 840
1660600 838
1660610 838
1660620 837
1660630 836
1660640 836
1660650 834
1660660 832
1660670 832
1660680 830
1660690 829
1660700 829
1660710 828
1660720 827
1660730 827
1660740 825
1660750 825
1660760 825
1660770 824
1660780 824
1660790 824
1660800 824
1660810 824
1660820 824
1660830 824
1660840 825
1660850 825
1660860 825
1660870 825
1660880 825
1660890 825
1660900 825
1660910 825
1660920 826
1660930 826
1660940 826
1660950 826
1660960 828
1660970 828
1660980 830
1660990 831
1661000 831
1661010 832
1661020 833
1661030 833
1661040 834
1661050 834
1661060 834
1661070 835
1661080 836
1661090 836
1661100 833
1661110 835
1661120 835
1661130 836
1661140 838
1661150 838
1661160 842
1661170 845
1661180 845
1661190 848
1661200 851
1661210 851
1661220 853
1661230 856
1661240 856
1661250 858
1661260 860
1661270 860
1661280 861
1661290 862
1661300 862
1661310 864
1661320 865
1661330 865
1661340 867
1661350 867
1661360 867
1661370 867
1661380 867
1661390 867
1661400 867
1661410 866
1661420 866
1661430 867
1661440 867
1661450 867
1661460 867
1661470 868
1661480 868
1661490 868
1661500 869
1661510 869
1661520 869
1661530 868
1661540 868
1661550 868
1661560 867
1661570 867
1661580 866
1661590 865
1661600 865
1661610 862
1661620 861
1661630 861
1661640 856
1661650 853
1661660 853
1661670 852
1661680 852
1661690 852
1661700 852
1661710 852
1661720 852
1661730 853
1661740 853
1661750 853
1661760 854
1661770 856
1661780 856
1661790 859
1661800 862
1661810 862
1661820 864
1661830 864
1661840 866
1661850 868
1661860 868
1661870 870
1661880 872
1661890 872
1661900 872
1661910 873
1661920 873
1661930 874
1661940 875
1661950 875
1661960 875
1661970 875
1661980 875
1661990 876
1662000 876
1662010 876
1662020 877
1662030 877
1662040 877
1662050 878
1662060 879
1662070 879
1662080 879
1662090 880
1662100 880
1662110 881
1662120 882
1662130 882
1662140 882
1662150 882
1662160 882
1662170 882
1662180 882
1662190 882
1662200 882
1662210 882
1662220 882
1662230 881
1662240 881
1662250 881
1662260 881
1662270 881
1662280 881
1662290 882
1662300 882
1662310 882
1662320 882
1662330 882
1662340 882
1662350 882
1662360 882
1662370 882
1662380 883
1662390 883
1662400 883
1662410 883
1662420 883
1662430 883
1662440 883
1662450 884
1662460 884
1662470 884
1662480 884
1662490 884
1662500 884
1662510 884
1662520 884
1662530 885
1662540 885
1662550 885
1662560 885
1662570 885
1662580 885
1662590 885
1662600 884
1662610 884
1662620 884
1662630 884
1662640 884
1662650 883
1662660 882
1662670 882
1662680 882
1662690 880
1662700 880
1662710 880
1662720 879
1662730 879
1662740 879
1662750 878
1662760 878
1662770 878
1662780 878
1662790 878
1662800 878
1662810 877
1662820 877
1662830 877
1662840 877
1662850 877
1662860 877
1662870 877
1662880 877
1662890 877
1662900 876
1662910 876
1662920 876
1662930 875
1662940 875
1662950 875
1662960 875
1662970 875
1662980 875
1662990 875
1663000 875
1663010 875
1663020 875
1663030 875
1663040 876
1663050 876
1663060 876
1663070 876
1663080 876
1663090 876
1663100 876
1663110 877
1663120 877
1663130 877
1663140 877
1663150 877
1663160 878
1663170 878
1663180 878
1663190 878
1663200 878
1663210 878
1663220 878
1663230 878
1663240 879
1663250 879
1663260 879
1663270 879
1663280 880
1663290 880
1663300 880
1663310 880
1663320 880
1663330 881
1663340 881
1663350 881
1663360 881
1663370 882
1663380 882
1663390 882
1663400 882
1663410 882
1663420 882
1663430 882
1663440 882
1663450 882
1663460 883
1663470 883
1663480 883
1663490 883
1663500 883
1663510 883
1663520 883
1663530 883
1663540 883
1663550 883
1663560 883
1663570 883
1663580 883
1663590 883
1663600 884
1663610 883
1663620 883
1663630 883
1663640 884
1663650 884
1663660 884
1663670 884
1663680 884
1663690 884
1663700 884
1663710 884
1663720 884
1663730 885
1663740 885
1663750 885
1663760 885
1663770 885
1663780 885
1663790 885
1663800 885
1663810 885
1663820 885
1663830 885
1663840 885
1663850 885
1663860 885
1663870 885
1663880 885
1663890 885
1663900 885
1663910 885
1663920 885
1663930 885
1663940 884
1663950 884
1663960 884
1663970 884
1663980 884
1663990 884
1664000 883
1664010 883
1664020 883
1664030 883
1664040 883
1664050 883
1664060 882
1664070 882
1664080 882
1664090 881
1664100 881
1664110 881
1664120 880
1664130 880
1664140 880
1664150 879
1664160 879
1664170 879
1664180 878
1664190 878
1664200 877
1664210 877
1664220 877
1664230 877
1664240 877
1664250 877
1664260 877
1664270 877
1664280 877
1664290 877
1664300 877
1664310 877
1664320 877
1664330 877
1664340 877
1664350 876
1664360 875
1664370 875
1664380 874
1664390 874
1664400 874
1664410 875
1664420 876
1664430 876
1664440 876
1664450 876
1664460 876
1664470 876
1664480 876
1664490 876
1664500 876
1664510 876
1664520 876
1664530 876
1664540 876
1664550 877
1664560 877
1664570 877
1664580 877
1664590 878
1664600 878
1664610 878
1664620 878
1664630 878
1664640 878
1664650 879
1664660 879
1664670 879
1664680 879
1664690 879
1664700 879
1664710 879
1664720 879
1664730 879
1664740 880
1664750 880
1664760 880
1664770 880
1664780 880
1664790 881
1664800 881
1664810 881
1664820 881
1664830 881
1664840 881
1664850 881
1664860 882
1664870 882
1664880 882
1664890 882
1664900 882
1664910 882
1664920 882
1664930 882
1664940 882
1664950 882
1664960 882
1664970 882
1664980 882
1664990 882
1665000 882
1665010 883
1665020 883
1665030 883
1665040 884
1665050 884
1665060 884
1665070 884
1665080 884
1665090 885
1665100 885
1665110 885
1665120 885
1665130 886
1665140 886
1665150 886
1665160 887
1665170 887
1665180 888
1665190 889
1665200 889
1665210 889
1665220 890
1665230 890
1665240 891
1665250 892
1665260 892
1665270 892
1665280 893
1665290 893
1665300 893
1665310 894
1665320 894
1665330 894
1665340 895
1665350 895
1665360 895
1665370 896
1665380 896
1665390 896
1665400 895
1665410 895
1665420 893
1665430 890
1665440 890
1665450 887
1665460 885
1665470 884
1665480 881
1665490 878
1665500 878
1665510 875
1665520 872
1665530 872
1665540 871
1665550 867
1665560 867
1665570 865
1665580 862
1665590 862
1665600 858
1665610 856
1665620 856
1665630 854
1665640 852
1665650 852
1665660 852
1665670 850
1665680 850
1665690 850
1665700 848
1665710 848
1665720 848
1665730 847
1665740 847
1665750 846
1665760 846
1665770 846
1665780 845
1665790 846
1665800 846
1665810 846
1665820 846
1665830 846
1665840 846
1665850 846
1665860 846
1665870 846
1665880 846
1665890 846
1665900 846
1665910 846
1665920 847
1665930 848
1665940 848
1665950 851
1665960 854
1665970 854
1665980 856
1665990 858
1666000 858
1666010 859
1666020 861
1666030 861
1666040 861
1666050 861
1666060 861
1666070 862
1666080 863
1666090 863
1666100 864
1666110 864
1666120 864
1666130 865
1666140 865
1666150 865
1666160 865
1666170 864
1666180 864
1666190 869
1666200 868
1666210 868
1666220 867
1666230 867
1666240 867
1666250 866
1666260 866
1666270 866
1666280 866
1666290 865
1666300 865
1666310 864
1666320 864
1666330 864
1666340 863
1666350 863
1666360 863
1666370 865
1666380 867
1666390 867
1666400 869
1666410 870
1666420 870
1666430 872
1666440 873
1666450 873
1666460 874
1666470 875
1666480 875
1666490 877
1666500 878
1666510 878
1666520 879
1666530 880
1666540 880
1666550 881
1666560 883
1666570 883
1666580 885
1666590 886
1666600 886
1666610 888
1666620 889
1666630 889
1666640 890
1666650 891
1666660 891
1666670 892
1666680 892
1666690 892
1666700 893
1666710 893
1666720 893
1666730 893
1666740 893
1666750 893
1666760 893
1666770 892
1666780 892
1666790 892
1666800 892
1666810 892
1666820 892
1666830 892
1666840 892
1666850 893
1666860 893
1666870 893
1666880 894
1666890 895
1666900 895
1666910 896
1666920 898
1666930 898
1666940 899
1666950 900
1666960 900
1666970 900
1666980 901
1666990 901
1667000 902
1667010 903
1667020 903
1667030 904
1667040 904
1667050 904
1667060 905
1667070 905
1667080 905
1667090 905
1667100 905
1667110 905
1667120 905
1667130 905
1667140 905
1667150 905
1667160 904
1667170 904
1667180 904
1667190 903
1667200 903
1667210 903
1667220 902
1667230 902
1667240 902
1667250 902
1667260 902
1667270 902
1667280 902
1667290 901
1667300 900
1667310 900
1667320 899
1667330 898
1667340 898
1667350 897
1667360 895
1667370 895
1667380 893
1667390 892
1667400 892
1667410 890
1667420 889
1667430 889
1667440 887
1667450 886
1667460 886
1667470 884
1667480 883
1667490 883
1667500 881
1667510 880
1667520 880
1667530 878
1667540 877
1667550 877
1667560 875
1667570 874
1667580 874
1667590 873
1667600 872
1667610 872
1667620 870
1667630 869
1667640 869
1667650 867
1667660 866
1667670 866
1667680 865
1667690 864
1667700 864
1667710 863
1667720 862
1667730 862
1667740 861
1667750 860
1667760 860
1667770 859
1667780 858
1667790 858
1667800 857
1667810 856
1667820 856
1667830 855
1667840 854
1667850 854
1667860 853
1667870 852
1667880 852
1667890 850
1667900 850
1667910 850
1667920 849
1667930 847
1667940 847
1667950 846
1667960 846
1667970 846
1667980 845
1667990 845
1668000 845
1668010 843
1668020 841
1668030 841
1668040 840
1668050 839
1668060 839
1668070 838
1668080 837
1668090 837
1668100 836
1668110 835
1668120 835
1668130 834
1668140 832
1668150 832
1668160 831
1668170 830
1668180 830
1668190 829
1668200 828
1668210 828
1668220 827
1668230 826
1668240 826
1668250 825
1668260 824
1668270 824
1668280 823
1668290 823
1668300 823
1668310 823
1668320 822
1668330 821
1668340 820
1668350 818
1668360 818
1668370 817
1668380 817
1668390 817
1668400 817
1668410 816
1668420 816
1668430 816
1668440 815
1668450 815
1668460 815
1668470 814
1668480 814
1668490 814
1668500 813
1668510 813
1668520 813
1668530 812
1668540 812
1668550 811
1668560 811
1668570 811
1668580 810
1668590 810
1668600 810
1668610 810
1668620 810
1668630 810
1668640 809
1668650 809
1668660 809
1668670 808
1668680 808
1668690 807
1668700 808
1668710 808
1668720 808
1668730 810
1668740 810
1668750 810
1668760 810
1668770 810
1668780 810
1668790 810
1668800 810
1668810 810
1668820 810
1668830 810
1668840 810
1668850 809
1668860 809
1668870 807
1668880 806
1668890 806
1668900 805
1668910 804
1668920 804
1668930 803
1668940 800
1668950 800
1668960 798
1668970 796
1668980 796
1668990 794
1669000 792
1669010 792
1669020 791
1669030 790
1669040 789
1669050 788
1669060 786
1669070 786
1669080 785
1669090 785
1669100 785
1669110 784
1669120 782
1669130 782
1669140 780
1669150 779
1669160 779
1669170 779
1669180 778
1669190 778
1669200 778
1669210 779
1669220 779
1669230 780
1669240 783
1669250 783
1669260 787
1669270 791
1669280 791
1669290 795
1669300 797
1669310 797
1669320 800
1669330 803
1669340 803
1669350 806
1669360 808
1669370 808
1669380 811
1669390 813
1669400 813
1669410 814
1669420 815
1669430 815
1669440 816
1669450 816
1669460 816
1669470 816
1669480 815
1669490 815
1669500 813
1669510 812
1669520 812
1669530 811
1669540 810
1669550 810
1669560 809
1669570 807
1669580 807
1669590 806
1669600 804
1669610 804
1669620 802
1669630 800
1669640 800
1669650 798
1669660 796
1669670 796
1669680 794
1669690 793
1669700 793
1669710 791
1669720 790
1669730 790
1669740 793
1669750 792
1669760 792
1669770 792
1669780 791
1669790 791
1669800 789
1669810 788
1669820 788
1669830 788
1669840 787
1669850 787
1669860 785
1669870 783
1669880 783
1669890 779
1669900 776
1669910 776
1669920 775
1669930 775
1669940 774
1669950 773
1669960 773
1669970 772
1669980 770
1669990 770
1670000 768
1670010 766
1670020 766
1670030 763
1670040 761
1670050 761
1670060 760
1670070 759
1670080 759
1670090 756
1670100 754
1670110 754
1670120 752
1670130 751
1670140 751
1670150 752
1670160 753
1670170 753
1670180 754
1670190 756
1670200 756
1670210 761
1670220 765
1670230 765
1670240 768
1670250 771
1670260 771
1670270 774
1670280 776
1670290 776
1670300 777
1670310 777
1670320 777
1670330 778
1670340 779
1670350 779
1670360 779
1670370 777
1670380 777
1670390 775
1670400 772
1670410 772
1670420 770
1670430 769
1670440 767
1670450 765
1670460 764
1670470 764
1670480 763
1670490 762
1670500 762
1670510 761
1670520 759
1670530 759
1670540 757
1670550 756
1670560 756
1670570 754
1670580 752
1670590 752
1670600 751
1670610 748
1670620 748
1670630 745
1670640 741
1670650 741
1670660 737
1670670 734
1670680 734
1670690 732
1670700 731
1670710 731
1670720 730
1670730 727
1670740 727
1670750 723
1670760 720
1670770 720
1670780 717
1670790 716
1670800 716
1670810 714
1670820 713
1670830 713
1670840 710
1670850 710
1670860 710
1670870 710
1670880 709
1670890 709
1670900 707
1670910 706
1670920 706
1670930 704
1670940 702
1670950 702
1670960 702
1670970 706
1670980 706
1670990 709
1671000 710
1671010 710
1671020 712
1671030 713
1671040 713
1671050 712
1671060 711
1671070 711
1671080 709
1671090 707
1671100 707
1671110 704
1671120 700
1671130 700
1671140 701
1671150 698
1671160 698
1671170 695
1671180 691
1671190 691
1671200 688
1671210 687
1671220 687
1671230 686
1671240 686
1671250 686
1671260 686
1671270 686
1671280 686
1671290 688
1671300 688
1671310 689
1671320 689
1671330 689
1671340 688
1671350 689
1671360 689
1671370 690
1671380 691
1671390 691
1671400 693
1671410 693
1671420 693
1671430 694
1671440 695
1671450 695
1671460 696
1671470 697
1671480 697
1671490 698
1671500 699
1671510 699
1671520 700
1671530 701
1671540 701
1671550 702
1671560 704
1671570 704
1671580 705
1671590 707
1671600 707
1671610 709
1671620 708
1671630 708
1671640 709
1671650 710
1671660 710
1671670 710
1671680 710
1671690 710
1671700 710
1671710 711
1671720 711
1671730 711
1671740 710
1671750 710
1671760 710
1671770 709
1671780 709
1671790 708
1671800 707
1671810 707
1671820 706
1671830 704
1671840 704
1671850 701
1671860 699
1671870 699
1671880 696
1671890 694
1671900 694
1671910 691
1671920 688
1671930 688
1671940 686
1671950 684
1671960 684
1671970 684
1671980 682
1671990 682
1672000 681
1672010 681
1672020 681
1672030 681
1672040 681
1672050 681
1672060 681
1672070 681
1672080 681
1672090 681
1672100 680
1672110 680
1672120 681
1672130 681
1672140 681
1672150 682
1672160 685
1672170 685
1672180 688
1672190 691
1672200 691
1672210 693
1672220 695
1672230 695
1672240 696
1672250 697
1672260 697
1672270 699
1672280 701
1672290 701
1672300 703
1672310 705
1672320 705
1672330 706
1672340 707
1672350 707
1672360 707
1672370 707
1672380 707
1672390 707
1672400 706
1672410 706
1672420 705
1672430 704
1672440 704
1672450 704
1672460 704
1672470 704
1672480 704
1672490 704
1672500 704
1672510 705
1672520 704
1672530 700
1672540 701
1672550 702
1672560 702
1672570 705
1672580 707
1672590 707
1672600 709
1672610 710
1672620 710
1672630 711
1672640 711
1672650 712
1672660 715
1672670 715
1672680 718
1672690 722
1672700 722
1672710 727
1672720 731
1672730 731
1672740 735
1672750 739
1672760 739
1672770 742
1672780 745
1672790 745
1672800 748
1672810 751
1672820 751
1672830 753
1672840 756
1672850 756
1672860 758
1672870 761
1672880 761
1672890 765
1672900 768
1672910 768
1672920 770
1672930 771
1672940 771
1672950 772
1672960 771
1672970 771
1672980 770
1672990 768
1673000 768
1673010 767
1673020 765
1673030 765
1673040 762
1673050 760
1673060 760
1673070 759
1673080 760
1673090 760
1673100 760
1673110 761
1673120 761
1673130 763
1673140 764
1673150 764
1673160 766
1673170 767
1673180 767
1673190 769
1673200 772
1673210 772
1673220 777
1673230 779
1673240 779
1673250 781
1673260 783
1673270 783
1673280 786
1673290 788
1673300 788
1673310 789
1673320 789
1673330 789
1673340 790
1673350 791
1673360 791
1673370 793
1673380 794
1673390 794
1673400 794
1673410 791
1673420 791
1673430 789
1673440 787
1673450 787
1673460 785
1673470 783
1673480 783
1673490 780
1673500 776
1673510 776
1673520 773
1673530 771
1673540 771
1673550 768
1673560 766
1673570 766
1673580 763
1673590 761
1673600 761
1673610 759
1673620 757
1673630 757
1673640 756
1673650 755
1673660 755
1673670 754
1673680 752
1673690 752
1673700 750
1673710 748
1673720 748
1673730 747
1673740 746
1673750 746
1673760 744
1673770 742
1673780 742
1673790 740
1673800 739
1673810 739
1673820 737
1673830 736
1673840 736
1673850 736
1673860 735
1673870 735
1673880 733
1673890 731
1673900 731
1673910 733
1673920 732
1673930 732
1673940 730
1673950 729
1673960 729
1673970 728
1673980 728
1673990 726
1674000 725
1674010 725
1674020 724
1674030 723
1674040 723
1674050 723
1674060 722
1674070 722
1674080 722
1674090 722
1674100 722
1674110 721
1674120 721
1674130 721
1674140 720
1674150 720
1674160 720
1674170 719
1674180 719
1674190 719
1674200 719
1674210 719
1674220 719
1674230 719
1674240 719
1674250 719
1674260 719
1674270 720
1674280 720
1674290 719
1674300 719
1674310 719
1674320 719
1674330 718
1674340 718
1674350 717
1674360 717
1674370 717
1674380 717
1674390 716
1674400 716
1674410 715
1674420 715
1674430 715
1674440 715
1674450 714
1674460 714
1674470 714
1674480 714
1674490 714
1674500 713
1674510 714
1674520 714
1674530 714
1674540 716
1674550 716
1674560 719
1674570 724
1674580 724
1674590 730
1674600 734
1674610 734
1674620 739
1674630 745
1674640 745
1674650 750
1674660 755
1674670 755
1674680 759
1674690 763
1674700 763
1674710 765
1674720 767
1674730 767
1674740 768
1674750 769
1674760 769
1674770 769
1674780 768
1674790 768
1674800 767
1674810 765
1674820 765
1674830 764
1674840 763
1674850 763
1674860 763
1674870 762
1674880 762
1674890 761
1674900 761
1674910 761
1674920 760
1674930 761
1674940 761
1674950 761
1674960 761
1674970 761
1674980 760
1674990 758
1675000 758
1675010 757
1675020 756
1675030 756
1675040 754
1675050 752
1675060 752
1675070 750
1675080 747
1675090 747
1675100 745
1675110 744
1675120 744
1675130 742
1675140 741
1675150 741
1675160 741
1675170 740
1675180 740
1675190 738
1675200 737
1675210 737
1675220 736
1675230 735
1675240 735
1675250 734
1675260 733
1675270 733
1675280 733
1675290 733
1675300 733
1675310 732
1675320 732
1675330 731
1675340 729
1675350 729
1675360 726
1675370 721
1675380 721
1675390 715
1675400 708
1675410 708
1675420 702
1675430 700
1675440 700
1675450 700
1675460 700
1675470 700
1675480 701
1675490 702
1675500 702
1675510 704
1675520 706
1675530 706
1675540 707
1675550 710
1675560 710
1675570 712
1675580 714
1675590 714
1675600 716
1675610 718
1675620 718
1675630 721
1675640 725
1675650 725
1675660 727
1675670 728
1675680 728
1675690 730
1675700 731
1675710 731
1675720 732
1675730 733
1675740 733
1675750 734
1675760 734
1675770 734
1675780 734
1675790 734
1675800 734
1675810 734
1675820 734
1675830 734
1675840 734
1675850 734
1675860 734
1675870 734
1675880 734
1675890 734
1675900 734
1675910 734
1675920 734
1675930 734
1675940 734
1675950 734
1675960 731
1675970 729
1675980 729
1675990 728
1676000 726
1676010 726
1676020 725
1676030 724
1676040 724
1676050 722
1676060 720
1676070 720
1676080 718
1676090 715
1676100 715
1676110 711
1676120 706
1676130 706
1676140 704
1676150 699
1676160 699
1676170 695
1676180 692
1676190 692
1676200 689
1676210 687
1676220 687
1676230 684
1676240 682
1676250 682
1676260 680
1676270 679
1676280 679
1676290 677
1676300 676
1676310 676
1676320 675
1676330 674
1676340 674
1676350 673
1676360 673
1676370 673
1676380 673
1676390 673
1676400 673
1676410 673
1676420 673
1676430 673
1676440 672
1676450 672
1676460 672
1676470 672
1676480 672
1676490 672
1676500 672
1676510 672
1676520 672
1676530 672
1676540 672
1676550 672
1676560 672
1676570 672
1676580 672
1676590 672
1676600 672
1676610 672
1676620 673
1676630 675
1676640 675
1676650 678
1676660 678
1676670 681
1676680 683
1676690 683
1676700 686
1676710 689
1676720 689
1676730 691
1676740 694
1676750 694
1676760 696
1676770 699
1676780 699
1676790 701
1676800 703
1676810 703
1676820 704
1676830 706
1676840 706
1676850 707
1676860 709
1676870 709
1676880 709
1676890 710
1676900 710
1676910 710
1676920 710
1676930 710
1676940 710
1676950 709
1676960 709
1676970 707
1676980 705
1676990 705
1677000 703
1677010 701
1677020 701
1677030 699
1677040 699
1677050 699
1677060 701
1677070 704
1677080 704
1677090 706
1677100 709
1677110 709
1677120 711
1677130 712
1677140 712
1677150 713
1677160 712
1677170 712
1677180 709
1677190 707
1677200 707
1677210 705
1677220 704
1677230 704
1677240 703
1677250 703
1677260 703
1677270 702
1677280 701
1677290 701
1677300 702
1677310 704
1677320 704
1677330 706
1677340 707
1677350 707
1677360 709
1677370 710
1677380 710
1677390 712
1677400 713
1677410 713
1677420 715
1677430 716
1677440 716
1677450 718
1677460 721
1677470 721
1677480 724
1677490 728
1677500 728
1677510 732
1677520 734
1677530 734
1677540 736
1677550 738
1677560 738
1677570 740
1677580 742
1677590 742
1677600 743
1677610 743
1677620 743
1677630 744
1677640 745
1677650 745
1677660 746
1677670 746
1677680 746
1677690 745
1677700 743
1677710 743
1677720 740
1677730 739
1677740 739
1677750 738
1677760 735
1677770 735
1677780 731
1677790 727
1677800 727
1677810 723
1677820 722
1677830 722
1677840 721
1677850 720
1677860 720
1677870 719
1677880 721
1677890 721
1677900 723
1677910 726
1677920 726
1677930 728
1677940 732
1677950 732
1677960 734
1677970 736
1677980 736
1677990 742
1678000 745
1678010 745
1678020 747
1678030 747
1678040 749
1678050 751
1678060 751
1678070 753
1678080 754
1678090 754
1678100 755
1678110 757
1678120 757
1678130 758
1678140 760
1678150 760
1678160 761
1678170 764
1678180 764
1678190 765
1678200 767
1678210 767
1678220 769
1678230 770
1678240 770
1678250 771
1678260 771
1678270 771
1678280 772
1678290 771
1678300 771
1678310 771
1678320 769
1678330 769
1678340 768
1678350 768
1678360 768
1678370 767
1678380 765
1678390 765
1678400 767
1678410 769
1678420 769
1678430 770
1678440 771
1678450 771
1678460 772
1678470 773
1678480 773
1678490 774
1678500 776
1678510 776
1678520 779
1678530 782
1678540 782
1678550 784
1678560 786
1678570 786
1678580 788
1678590 790
1678600 790
1678610 794
1678620 797
1678630 797
1678640 798
1678650 799
1678660 803
1678670 805
1678680 808
1678690 808
1678700 811
1678710 812
1678720 812
1678730 813
1678740 814
1678750 814
1678760 814
1678770 816
1678780 816
1678790 819
1678800 820
1678810 820
1678820 821
1678830 823
1678840 823
1678850 825
1678860 827
1678870 827
1678880 829
1678890 833
1678900 833
1678910 835
1678920 838
1678930 838
1678940 840
1678950 842
1678960 842
1678970 844
1678980 846
1678990 846
1679000 849
1679010 850
1679020 850
1679030 853
1679040 855
1679050 855
1679060 858
1679070 860
1679080 860
1679090 861
1679100 863
1679110 863
1679120 865
1679130 866
1679140 866
1679150 868
1679160 869
1679170 869
1679180 870
1679190 871
1679200 871
1679210 872
1679220 871
1679230 871
1679240 871
1679250 870
1679260 870
1679270 869
1679280 867
1679290 867
1679300 866
1679310 865
1679320 865
1679330 862
1679340 861
1679350 861
1679360 861
1679370 861
1679380 860
1679390 860
1679400 860
1679410 859
1679420 859
1679430 859
1679440 859
1679450 859
1679460 859
1679470 859
1679480 859
1679490 859
1679500 859
1679510 859
1679520 859
1679530 859
1679540 860
1679550 860
1679560 860
1679570 861
1679580 861
1679590 861
1679600 862
1679610 862
1679620 862
1679630 863
1679640 863
1679650 863
1679660 864
1679670 864
1679680 865
1679690 866
1679700 866
1679710 867
1679720 867
1679730 867
1679740 868
1679750 869
1679760 869
1679770 870
1679780 871
1679790 871
1679800 872
1679810 873
1679820 873
1679830 874
1679840 875
1679850 875
1679860 877
1679870 878
1679880 878
1679890 879
1679900 880
1679910 880
1679920 881
1679930 882
1679940 882
1679950 884
1679960 885
1679970 885
1679980 886
1679990 887
