1660000 908
1660010 908
1660020 908
1660030 908
1660040 908
1660050 908
1660060 909
1660070 909
1660080 909
1660090 909
1660100 910
1660110 910
1660120 910
1660130 910
1660140 910
1660150 910
1660160 910
1660170 910
1660180 910
1660190 910
1660200 910
1660210 910
1660220 910
1660230 910
1660240 910
1660250 910
1660260 910
1660270 910
1660280 910
1660290 910
1660300 910
1660310 910
1660320 910
1660330 911
1660340 911
1660350 911
1660360 911
1660370 911
1660380 911
1660390 911
1660400 911
1660410 911
1660420 912
1660430 912
1660440 912
1660450 913
1660460 913
1660470 913
1660480 913
1660490 914
1660500 914
1660510 914
1660520 914
1660530 914
1660540 915
1660550 915
1660560 915
1660570 916
1660580 916
1660590 916
1660600 916
1660610 917
1660620 917
1660630 917
1660640 917
1660650 917
1660660 918
1660670 918
1660680 918
1660690 918
1660700 919
1660710 919
1660720 919
1660730 919
1660740 919
1660750 920
1660760 920
1660770 920
1660780 920
1660790 921
1660800 921
1660810 921
1660820 921
1660830 921
1660840 922
1660850 922
1660860 922
1660870 922
1660880 922
1660890 922
1660900 922
1660910 922
1660920 922
1660930 923
1660940 923
1660950 923
1660960 923
1660970 923
1660980 923
1660990 922
1661000 922
1661010 922
1661020 922
1661030 922
1661040 922
1661050 922
1661060 922
1661070 922
1661080 922
1661090 922
1661100 922
1661110 922
1661120 922
1661130 922
1661140 922
1661150 922
1661160 922
1661170 922
1661180 922
1661190 922
1661200 921
1661210 921
1661220 921
1661230 921
1661240 921
1661250 921
1661260 921
1661270 921
1661280 921
1661290 921
1661300 921
1661310 920
1661320 918
1661330 917
1661340 915
1661350 915
1661360 915
1661370 915
1661380 915
1661390 915
1661400 914
1661410 914
1661420 914
1661430 914
1661440 913
1661450 913
1661460 912
1661470 912
1661480 912
1661490 911
1661500 910
1661510 910
1661520 910
1661530 909
1661540 909
1661550 908
1661560 907
1661570 907
1661580 907
1661590 906
1661600 906
1661610 906
1661620 905
1661630 905
1661640 905
1661650 904
1661660 904
1661670 903
1661680 903
1661690 903
1661700 902
1661710 902
1661720 902
1661730 902
1661740 901
1661750 901
1661760 901
1661770 901
1661780 901
1661790 900
1661800 900
1661810 900
1661820 899
1661830 899
1661840 899
1661850 899
1661860 898
1661870 898
1661880 898
1661890 898
1661900 898
1661910 897
1661920 897
1661930 897
1661940 897
1661950 896
1661960 896
1661970 895
1661980 895
1661990 895
1662000 894
1662010 894
1662020 894
1662030 893
1662040 892
1662050 892
1662060 892
1662070 891
1662080 891
1662090 891
1662100 890
1662110 890
1662120 890
1662130 890
1662140 890
1662150 890
1662160 890
1662170 889
1662180 889
1662190 889
1662200 889
1662210 888
1662220 888
1662230 888
1662240 888
1662250 888
1662260 888
1662270 888
1662280 888
1662290 887
1662300 888
1662310 888
1662320 887
1662330 887
1662340 887
1662350 887
1662360 887
1662370 887
1662380 887
1662390 887
1662400 887
1662410 887
1662420 887
1662430 887
1662440 887
1662450 886
1662460 886
1662470 886
1662480 885
1662490 885
1662500 885
1662510 884
1662520 884
1662530 884
1662540 884
1662550 884
1662560 884
1662570 884
1662580 884
1662590 883
1662600 883
1662610 883
1662620 883
1662630 882
1662640 882
1662650 881
1662660 880
1662670 880
1662680 880
1662690 879
1662700 879
1662710 878
1662720 876
1662730 876
1662740 875
1662750 873
1662760 873
1662770 873
1662780 872
1662790 872
1662800 871
1662810 870
1662820 870
1662830 869
1662840 868
1662850 868
1662860 867
1662870 867
1662880 867
1662890 867
1662900 868
1662910 868
1662920 868
1662930 869
1662940 869
1662950 869
1662960 870
1662970 870
1662980 870
1662990 870
1663000 870
1663010 870
1663020 870
1663030 870
1663040 870
1663050 869
1663060 869
1663070 869
1663080 869
1663090 869
1663100 869
1663110 868
1663120 868
1663130 868
1663140 868
1663150 868
1663160 867
1663170 867
1663180 867
1663190 867
1663200 866
1663210 866
1663220 866
1663230 866
1663240 866
1663250 865
1663260 865
1663270 865
1663280 865
1663290 864
1663300 864
1663310 864
1663320 864
1663330 864
1663340 863
1663350 863
1663360 863
1663370 863
1663380 863
1663390 862
1663400 862
1663410 862
1663420 862
1663430 861
1663440 861
1663450 861
1663460 860
1663470 860
1663480 859
1663490 857
1663500 857
1663510 855
1663520 854
1663530 855
1663540 854
1663550 853
1663560 853
1663570 853
1663580 853
1663590 853
1663600 853
1663610 853
1663620 853
1663630 852
1663640 851
1663650 851
1663660 850
1663670 848
1663680 848
1663690 848
1663700 847
1663710 847
1663720 847
1663730 846
1663740 846
1663750 847
1663760 848
1663770 848
1663780 849
1663790 850
1663800 850
1663810 852
1663820 854
1663830 854
1663840 855
1663850 857
1663860 857
1663870 859
1663880 861
1663890 861
1663900 862
1663910 863
1663920 863
1663930 864
1663940 866
1663950 866
1663960 867
1663970 869
1663980 869
1663990 869
1664000 869
1664010 869
1664020 868
1664030 867
1664040 867
1664050 866
1664060 864
1664070 864
1664080 862
1664090 860
1664100 860
1664110 857
1664120 854
1664130 854
1664140 851
1664150 848
1664160 848
1664170 846
1664180 845
1664190 845
1664200 845
1664210 844
1664220 844
1664230 844
1664240 843
1664250 843
1664260 842
1664270 845
1664280 845
1664290 851
1664300 854
1664310 854
1664320 858
1664330 859
1664340 859
1664350 860
1664360 862
1664370 862
1664380 860
1664390 859
1664400 859
1664410 859
1664420 859
1664430 859
1664440 858
1664450 857
1664460 857
1664470 857
1664480 855
1664490 855
1664500 854
1664510 854
1664520 854
1664530 853
1664540 853
1664550 853
1664560 853
1664570 852
1664580 852
1664590 851
1664600 851
1664610 850
1664620 850
1664630 850
1664640 848
1664650 846
1664660 846
1664670 845
1664680 843
1664690 843
1664700 841
1664710 841
1664720 841
1664730 840
1664740 840
1664750 840
1664760 840
1664770 841
1664780 841
1664790 841
1664800 841
1664810 841
1664820 842
1664830 842
1664840 842
1664850 843
1664860 844
1664870 844
1664880 845
1664890 845
1664900 845
1664910 846
1664920 846
1664930 846
1664940 847
1664950 846
1664960 846
1664970 847
1664980 849
1664990 849
1665000 852
1665010 854
1665020 854
1665030 856
1665040 858
1665050 858
1665060 859
1665070 861
1665080 861
1665090 862
1665100 862
1665110 862
1665120 862
1665130 862
1665140 862
1665150 862
1665160 862
1665170 862
1665180 862
1665190 861
1665200 861
1665210 861
1665220 860
1665230 860
1665240 860
1665250 859
1665260 859
1665270 859
1665280 858
1665290 858
1665300 856
1665310 855
1665320 855
1665330 854
1665340 852
1665350 852
1665360 850
1665370 848
1665380 848
1665390 847
1665400 846
1665410 846
1665420 846
1665430 845
1665440 845
1665450 845
1665460 845
1665470 845
1665480 844
1665490 844
1665500 844
1665510 843
1665520 842
1665530 842
1665540 841
1665550 841
1665560 841
1665570 840
1665580 839
1665590 839
1665600 839
1665610 837
1665620 837
1665630 836
1665640 835
1665650 835
1665660 834
1665670 834
1665680 834
1665690 835
1665700 834
1665710 834
1665720 834
1665730 835
1665740 835
1665750 836
1665760 839
1665770 839
1665780 841
1665790 844
1665800 844
1665810 847
1665820 847
1665830 851
1665840 853
1665850 853
1665860 856
1665870 858
1665880 858
1665890 861
1665900 862
1665910 862
1665920 863
1665930 864
1665940 864
1665950 863
1665960 862
1665970 862
1665980 861
1665990 860
1666000 860
1666010 859
1666020 859
1666030 859
1666040 858
1666050 858
1666060 858
1666070 858
1666080 858
1666090 858
1666100 858
1666110 857
1666120 857
1666130 857
1666140 855
1666150 855
1666160 855
1666170 856
1666180 856
1666190 857
1666200 857
1666210 857
1666220 856
1666230 856
1666240 856
1666250 857
1666260 858
1666270 858
1666280 859
1666290 860
1666300 860
1666310 860
1666320 861
1666330 861
1666340 862
1666350 862
1666360 862
1666370 863
1666380 864
1666390 864
1666400 865
1666410 866
1666420 866
1666430 867
1666440 869
1666450 869
1666460 870
1666470 870
1666480 870
1666490 870
1666500 870
1666510 870
1666520 869
1666530 869
1666540 869
1666550 868
1666560 868
1666570 868
1666580 867
1666590 866
1666600 866
1666610 865
1666620 865
1666630 865
1666640 864
1666650 863
1666660 863
1666670 863
1666680 863
1666690 863
1666700 863
1666710 863
1666720 863
1666730 863
1666740 864
1666750 864
1666760 863
1666770 863
1666780 863
1666790 862
1666800 862
1666810 862
1666820 861
1666830 861
1666840 861
1666850 860
1666860 860
1666870 860
1666880 859
1666890 858
1666900 858
1666910 858
1666920 857
1666930 857
1666940 856
1666950 856
1666960 856
1666970 855
1666980 854
1666990 854
1667000 853
1667010 852
1667020 852
1667030 851
1667040 851
1667050 849
1667060 849
1667070 849
1667080 848
1667090 847
1667100 847
1667110 846
1667120 846
1667130 846
1667140 846
1667150 845
1667160 845
1667170 845
1667180 845
1667190 845
1667200 845
1667210 845
1667220 845
1667230 844
1667240 844
1667250 844
1667260 844
1667270 843
1667280 843
1667290 843
1667300 843
1667310 843
1667320 844
1667330 844
1667340 844
1667350 845
1667360 847
1667370 847
1667380 848
1667390 851
1667400 851
1667410 854
1667420 855
1667430 855
1667440 853
1667450 852
1667460 852
1667470 852
1667480 851
1667490 851
1667500 851
1667510 850
1667520 850
1667530 850
1667540 849
1667550 849
1667560 848
1667570 847
1667580 847
1667590 845
1667600 844
1667610 844
1667620 842
1667630 841
1667640 841
1667650 836
1667660 832
1667670 832
1667680 828
1667690 824
1667700 824
1667710 820
1667720 817
1667730 817
1667740 814
1667750 811
1667760 811
1667770 809
1667780 806
1667790 806
1667800 804
1667810 804
1667820 804
1667830 804
1667840 804
1667850 805
1667860 803
1667870 800
1667880 800
1667890 797
1667900 794
1667910 794
1667920 792
1667930 790
1667940 790
1667950 789
1667960 787
1667970 787
1667980 786
1667990 786
1668000 786
1668010 785
1668020 785
1668030 785
1668040 784
1668050 784
1668060 784
1668070 784
1668080 784
1668090 784
1668100 784
1668110 784
1668120 784
1668130 784
1668140 786
1668150 786
1668160 788
1668170 791
1668180 791
1668190 794
1668200 797
1668210 797
1668220 800
1668230 801
1668240 801
1668250 803
1668260 803
1668270 804
1668280 804
1668290 804
1668300 805
1668310 805
1668320 805
1668330 805
1668340 804
1668350 804
1668360 802
1668370 800
1668380 800
1668390 799
1668400 797
1668410 797
1668420 796
1668430 796
1668440 796
1668450 795
1668460 795
1668470 795
1668480 794
1668490 794
1668500 794
1668510 794
1668520 794
1668530 794
1668540 794
1668550 794
1668560 794
1668570 794
1668580 794
1668590 794
1668600 793
1668610 793
1668620 793
1668630 793
1668640 792
1668650 792
1668660 792
1668670 791
1668680 791
1668690 791
1668700 791
1668710 791
1668720 790
1668730 790
1668740 790
1668750 789
1668760 789
1668770 789
1668780 789
1668790 788
1668800 788
1668810 787
1668820 786
1668830 786
1668840 785
1668850 785
1668860 785
1668870 784
1668880 783
1668890 783
1668900 782
1668910 780
1668920 780
1668930 780
1668940 779
1668950 779
1668960 778
1668970 778
1668980 778
1668990 778
1669000 778
1669010 778
1669020 778
1669030 779
1669040 779
1669050 779
1669060 779
1669070 779
1669080 780
1669090 781
1669100 781
1669110 779
1669120 779
1669130 779
1669140 778
1669150 775
1669160 775
1669170 772
1669180 772
1669190 772
1669200 772
1669210 772
1669220 772
1669230 773
1669240 773
1669250 773
1669260 773
1669270 774
1669280 774
1669290 775
1669300 776
1669310 776
1669320 778
1669330 779
1669340 779
1669350 781
1669360 783
1669370 783
1669380 786
1669390 788
1669400 788
1669410 791
1669420 792
1669430 792
1669440 793
1669450 793
1669460 794
1669470 796
1669480 796
1669490 797
1669500 799
1669510 799
1669520 801
1669530 802
1669540 802
1669550 803
1669560 803
1669570 803
1669580 804
1669590 805
1669600 805
1669610 807
1669620 809
1669630 809
1669640 811
1669650 812
1669660 812
1669670 812
1669680 812
1669690 812
1669700 812
1669710 812
1669720 812
1669730 812
1669740 813
1669750 813
1669760 814
1669770 814
1669780 814
1669790 815
1669800 816
1669810 816
1669820 817
1669830 818
1669840 818
1669850 819
1669860 821
1669870 821
1669880 823
1669890 823
1669900 823
1669910 824
1669920 825
1669930 825
1669940 825
1669950 825
1669960 825
1669970 824
1669980 824
1669990 824
1670000 825
1670010 824
1670020 824
1670030 823
1670040 822
1670050 822
1670060 821
1670070 820
1670080 820
1670090 820
1670100 820
1670110 820
1670120 820
1670130 820
1670140 820
1670150 821
1670160 821
1670170 821
1670180 821
1670190 821
1670200 821
1670210 821
1670220 822
1670230 822
1670240 822
1670250 823
1670260 823
1670270 823
1670280 823
1670290 823
1670300 824
1670310 825
1670320 825
1670330 826
1670340 826
1670350 826
1670360 826
1670370 826
1670380 826
1670390 827
1670400 827
1670410 827
1670420 827
1670430 827
1670440 827
1670450 827
1670460 827
1670470 827
1670480 827
1670490 826
1670500 826
1670510 825
1670520 824
1670530 824
1670540 823
1670550 822
1670560 822
1670570 822
1670580 821
1670590 821
1670600 819
1670610 818
1670620 818
1670630 817
1670640 817
1670650 817
1670660 816
1670670 814
1670680 814
1670690 813
1670700 813
1670710 812
1670720 812
1670730 812
1670740 811
1670750 811
1670760 811
1670770 811
1670780 810
1670790 810
1670800 809
1670810 808
1670820 808
1670830 808
1670840 808
1670850 808
1670860 807
1670870 806
1670880 806
1670890 805
1670900 804
1670910 804
1670920 800
1670930 796
1670940 796
1670950 791
1670960 789
1670970 789
1670980 788
1670990 788
1671000 788
1671010 786
1671020 786
1671030 786
1671040 788
1671050 789
1671060 789
1671070 791
1671080 793
1671090 793
1671100 795
1671110 797
1671120 797
1671130 798
1671140 799
1671150 799
1671160 798
1671170 798
1671180 798
1671190 800
1671200 801
1671210 801
1671220 803
1671230 805
1671240 805
1671250 808
1671260 810
1671270 810
1671280 812
1671290 814
1671300 814
1671310 816
1671320 817
1671330 817
1671340 817
1671350 817
1671360 816
1671370 816
1671380 816
1671390 816
1671400 816
1671410 816
1671420 816
1671430 815
1671440 815
1671450 815
1671460 814
1671470 813
1671480 813
1671490 812
1671500 812
1671510 812
1671520 810
1671530 809
1671540 809
1671550 808
1671560 807
1671570 807
1671580 805
1671590 803
1671600 803
1671610 801
1671620 800
1671630 800
1671640 799
1671650 798
1671660 798
1671670 796
1671680 795
1671690 795
1671700 794
1671710 793
1671720 793
1671730 792
1671740 790
1671750 790
1671760 789
1671770 786
1671780 786
1671790 783
1671800 781
1671810 781
1671820 779
1671830 778
1671840 778
1671850 777
1671860 776
1671870 776
1671880 776
1671890 776
1671900 775
1671910 773
1671920 773
1671930 771
1671940 769
1671950 769
1671960 767
1671970 766
1671980 766
1671990 765
1672000 764
1672010 764
1672020 763
1672030 762
1672040 762
1672050 762
1672060 761
1672070 761
1672080 760
1672090 760
1672100 760
1672110 759
1672120 759
1672130 759
1672140 759
1672150 760
1672160 760
1672170 761
1672180 762
1672190 762
1672200 762
1672210 762
1672220 762
1672230 762
1672240 762
1672250 762
1672260 763
1672270 764
1672280 764
1672290 765
1672300 766
1672310 766
1672320 767
1672330 768
1672340 768
1672350 769
1672360 770
1672370 770
1672380 771
1672390 771
1672400 771
1672410 771
1672420 772
1672430 772
1672440 774
1672450 776
1672460 776
1672470 778
1672480 780
1672490 780
1672500 781
1672510 783
1672520 783
1672530 783
1672540 783
1672550 783
1672560 783
1672570 783
1672580 783
1672590 783
1672600 783
1672610 783
1672620 783
1672630 783
1672640 783
1672650 783
1672660 784
1672670 784
1672680 783
1672690 783
1672700 783
1672710 783
1672720 783
1672730 783
1672740 783
1672750 785
1672760 785
1672770 786
1672780 786
1672790 786
1672800 785
1672810 784
1672820 784
1672830 783
1672840 781
1672850 781
1672860 780
1672870 780
1672880 780
1672890 779
1672900 778
1672910 778
1672920 777
1672930 777
1672940 777
1672950 776
1672960 775
1672970 775
1672980 775
1672990 774
1673000 774
1673010 773
1673020 772
1673030 772
1673040 771
1673050 770
1673060 770
1673070 769
1673080 769
1673090 768
1673100 767
1673110 767
1673120 767
1673130 766
1673140 766
1673150 764
1673160 762
1673170 762
1673180 761
1673190 760
1673200 760
1673210 759
1673220 757
1673230 757
1673240 756
1673250 755
1673260 755
1673270 754
1673280 753
1673290 753
1673300 752
1673310 751
1673320 751
1673330 750
1673340 748
1673350 748
1673360 747
1673370 746
1673380 746
1673390 745
1673400 744
1673410 744
1673420 743
1673430 742
1673440 742
1673450 742
1673460 741
1673470 741
1673480 738
1673490 734
1673500 734
1673510 730
1673520 730
1673530 730
1673540 729
1673550 729
1673560 729
1673570 730
1673580 731
1673590 731
1673600 732
1673610 733
1673620 733
1673630 731
1673640 730
1673650 730
1673660 729
1673670 728
1673680 728
1673690 727
1673700 725
1673710 725
1673720 724
1673730 723
1673740 723
1673750 723
1673760 722
1673770 722
1673780 722
1673790 720
1673800 720
1673810 719
1673820 719
1673830 719
1673840 718
1673850 717
1673860 717
1673870 716
1673880 714
1673890 714
1673900 714
1673910 713
1673920 713
1673930 712
1673940 711
1673950 711
1673960 709
1673970 708
1673980 708
1673990 707
1674000 707
1674010 707
1674020 706
1674030 705
1674040 705
1674050 704
1674060 703
1674070 703
1674080 702
1674090 701
1674100 701
1674110 700
1674120 699
1674130 699
1674140 698
1674150 696
1674160 696
1674170 694
1674180 693
1674190 693
1674200 693
1674210 692
1674220 692
1674230 691
1674240 690
1674250 690
1674260 692
1674270 695
1674280 695
1674290 696
1674300 696
1674310 696
1674320 696
1674330 696
1674340 696
1674350 697
1674360 697
1674370 694
1674380 693
1674390 693
1674400 693
1674410 692
1674420 692
1674430 692
1674440 692
1674450 692
1674460 692
1674470 691
1674480 691
1674490 691
1674500 690
1674510 690
1674520 690
1674530 689
1674540 689
1674550 688
1674560 687
1674570 687
1674580 686
1674590 685
1674600 685
1674610 684
1674620 683
1674630 683
1674640 683
1674650 683
1674660 683
1674670 682
1674680 682
1674690 682
1674700 682
1674710 683
1674720 683
1674730 683
1674740 684
1674750 684
1674760 684
1674770 685
1674780 685
1674790 686
1674800 687
1674810 687
1674820 689
1674830 689
1674840 689
1674850 689
1674860 688
1674870 688
1674880 686
1674890 685
1674900 685
1674910 684
1674920 683
1674930 683
1674940 681
1674950 681
1674960 681
1674970 680
1674980 679
1674990 679
1675000 678
1675010 677
1675020 677
1675030 676
1675040 675
1675050 675
1675060 675
1675070 675
1675080 675
1675090 671
1675100 667
1675110 667
1675120 663
1675130 659
1675140 659
1675150 655
1675160 653
1675170 653
1675180 653
1675190 651
1675200 651
1675210 652
1675220 652
1675230 652
1675240 653
1675250 656
1675260 656
1675270 661
1675280 665
1675290 665
1675300 668
1675310 669
1675320 669
1675330 670
1675340 671
1675350 671
1675360 670
1675370 670
1675380 670
1675390 670
1675400 671
1675410 671
1675420 671
1675430 672
1675440 672
1675450 672
1675460 673
1675470 673
1675480 673
1675490 673
1675500 672
1675510 672
1675520 672
1675530 671
1675540 670
1675550 670
1675560 669
1675570 668
1675580 668
1675590 668
1675600 670
1675610 670
1675620 673
1675630 674
1675640 674
1675650 675
1675660 677
1675670 677
1675680 677
1675690 676
1675700 676
1675710 674
1675720 671
1675730 671
1675740 668
1675750 665
1675760 665
1675770 663
1675780 662
1675790 662
1675800 661
1675810 661
1675820 661
1675830 661
1675840 662
1675850 662
1675860 663
1675870 664
1675880 664
1675890 665
1675900 667
1675910 667
1675920 669
1675930 670
1675940 670
1675950 673
1675960 676
1675970 676
1675980 682
1675990 689
1676000 689
1676010 698
1676020 701
1676030 701
1676040 703
1676050 706
1676060 706
1676070 709
1676080 711
1676090 711
1676100 713
1676110 715
1676120 715
1676130 718
1676140 721
1676150 721
1676160 725
1676170 729
1676180 728
1676190 732
1676200 735
1676210 735
1676220 739
1676230 742
1676240 742
1676250 746
1676260 748
1676270 748
1676280 748
1676290 748
1676300 748
1676310 749
1676320 748
1676330 748
1676340 748
1676350 748
1676360 748
1676370 748
1676380 745
1676390 745
1676400 741
1676410 738
1676420 738
1676430 734
1676440 731
1676450 731
1676460 728
1676470 726
1676480 726
1676490 726
1676500 729
1676510 729
1676520 731
1676530 733
1676540 733
1676550 737
1676560 742
1676570 742
1676580 746
1676590 749
1676600 749
1676610 752
1676620 755
1676630 755
1676640 757
1676650 759
1676660 759
1676670 761
1676680 764
1676690 764
1676700 766
1676710 766
1676720 769
1676730 772
1676740 772
1676750 774
1676760 774
1676770 774
1676780 775
1676790 774
1676800 774
1676810 773
1676820 772
1676830 772
1676840 772
1676850 771
1676860 776
1676870 774
1676880 773
1676890 773
1676900 773
1676910 773
1676920 773
1676930 775
1676940 778
1676950 778
1676960 782
1676970 783
1676980 783
1676990 785
1677000 790
1677010 790
1677020 792
1677030 795
1677040 795
1677050 795
1677060 797
1677070 797
1677080 800
1677090 803
1677100 803
1677110 804
1677120 807
1677130 807
1677140 810
1677150 809
1677160 809
1677170 808
1677180 809
1677190 809
1677200 810
1677210 811
1677220 811
1677230 812
1677240 813
1677250 813
1677260 813
1677270 813
1677280 813
1677290 813
1677300 812
1677310 812
1677320 811
1677330 810
1677340 810
1677350 808
1677360 805
1677370 805
1677380 804
1677390 802
1677400 802
1677410 800
1677420 798
1677430 798
1677440 796
1677450 794
1677460 794
1677470 791
1677480 788
1677490 788
1677500 784
1677510 781
1677520 781
1677530 778
1677540 775
1677550 775
1677560 773
1677570 771
1677580 771
1677590 769
1677600 768
1677610 768
1677620 766
1677630 764
1677640 764
1677650 764
1677660 763
1677670 763
1677680 762
1677690 761
1677700 761
1677710 759
1677720 759
1677730 759
1677740 758
1677750 757
1677760 757
1677770 756
1677780 755
1677790 755
1677800 755
1677810 754
1677820 754
1677830 754
1677840 754
1677850 754
1677860 754
1677870 755
1677880 755
1677890 757
1677900 762
1677910 762
1677920 765
1677930 765
1677940 766
1677950 767
1677960 767
1677970 768
1677980 769
1677990 769
1678000 769
1678010 770
1678020 770
1678030 771
1678040 772
1678050 772
1678060 772
1678070 773
1678080 773
1678090 773
1678100 774
1678110 774
1678120 775
1678130 776
1678140 776
1678150 777
1678160 778
1678170 778
1678180 778
1678190 778
1678200 778
1678210 777
1678220 777
1678230 777
1678240 775
1678250 774
1678260 774
1678270 772
1678280 771
1678290 771
1678300 769
1678310 767
1678320 767
1678330 765
1678340 763
1678350 763
1678360 761
1678370 761
1678380 761
1678390 760
1678400 760
1678410 760
1678420 760
1678430 759
1678440 759
1678450 759
1678460 758
1678470 758
1678480 758
1678490 757
1678500 757
1678510 757
1678520 757
1678530 757
1678540 756
1678550 756
1678560 756
1678570 755
1678580 755
1678590 755
1678600 754
1678610 754
1678620 754
1678630 754
1678640 755
1678650 755
1678660 755
1678670 754
1678680 754
1678690 754
1678700 755
1678710 755
1678720 755
1678730 755
1678740 755
1678750 755
1678760 757
1678770 757
1678780 759
1678790 760
1678800 760
1678810 761
1678820 762
1678830 762
1678840 763
1678850 764
1678860 764
1678870 766
1678880 768
1678890 768
1678900 770
1678910 772
1678920 772
1678930 774
1678940 776
1678950 776
1678960 779
1678970 781
1678980 781
1678990 784
1679000 787
1679010 787
1679020 790
1679030 794
1679040 794
1679050 796
1679060 799
1679070 799
1679080 800
1679090 800
1679100 800
1679110 802
1679120 802
1679130 804
1679140 805
1679150 805
1679160 807
1679170 812
1679180 812
1679190 815
1679200 819
1679210 819
1679220 822
1679230 824
1679240 824
1679250 826
1679260 826
1679270 826
1679280 827
1679290 828
1679300 828
1679310 827
1679320 828
1679330 828
1679340 827
1679350 826
1679360 826
1679370 825
1679380 826
1679390 826
1679400 826
1679410 826
1679420 826
1679430 825
1679440 824
1679450 824
1679460 824
1679470 825
1679480 825
1679490 826
1679500 827
1679510 827
1679520 829
1679530 830
1679540 830
1679550 832
1679560 832
1679570 832
1679580 832
1679590 833
1679600 833
1679610 834
1679620 834
1679630 834
1679640 835
1679650 836
1679660 836
1679670 837
1679680 838
1679690 838
1679700 839
1679710 840
1679720 840
1679730 841
1679740 842
1679750 842
1679760 843
1679770 844
1679780 844
1679790 846
1679800 847
1679810 847
1679820 848
1679830 849
1679840 849
1679850 850
1679860 851
1679870 851
1679880 852
1679890 853
1679900 853
1679910 853
1679920 854
1679930 854
1679940 854
1679950 855
1679960 855
1679970 855
1679980 854
1679990 854
