1660000 888
1660010 887
1660020 887
1660030 887
1660040 886
1660050 886
1660060 886
1660070 886
1660080 885
1660090 885
1660100 885
1660110 884
1660120 884
1660130 884
1660140 884
1660150 884
1660160 883
1660170 883
1660180 883
1660190 882
1660200 882
1660210 882
1660220 881
1660230 879
1660240 879
1660250 878
1660260 876
1660270 876
1660280 873
1660290 873
1660300 873
1660310 873
1660320 873
1660330 873
1660340 874
1660350 874
1660360 876
1660370 878
1660380 878
1660390 880
1660400 882
1660410 882
1660420 884
1660430 885
1660440 885
1660450 886
1660460 887
1660470 887
1660480 888
1660490 889
1660500 889
1660510 889
1660520 890
1660530 890
1660540 890
1660550 890
1660560 890
1660570 891
1660580 892
1660590 892
1660600 893
1660610 893
1660620 893
1660630 893
1660640 894
1660650 894
1660660 894
1660670 894
1660680 894
1660690 894
1660700 894
1660710 894
1660720 893
1660730 893
1660740 893
1660750 893
1660760 893
1660770 893
1660780 892
1660790 892
1660800 892
1660810 892
1660820 893
1660830 893
1660840 894
1660850 894
1660860 894
1660870 895
1660880 895
1660890 895
1660900 896
1660910 897
1660920 897
1660930 898
1660940 899
1660950 899
1660960 899
1660970 900
1660980 900
1660990 900
1661000 900
1661010 900
1661020 901
1661030 901
1661040 901
1661050 901
1661060 902
1661070 902
1661080 902
1661090 903
1661100 903
1661110 903
1661120 904
1661130 904
1661140 904
1661150 904
1661160 904
1661170 905
1661180 905
1661190 905
1661200 906
1661210 906
1661220 906
1661230 907
1661240 908
1661250 908
1661260 908
1661270 909
1661280 909
1661290 910
1661300 911
1661310 911
1661320 911
1661330 911
1661340 911
1661350 912
1661360 912
1661370 912
1661380 913
1661390 914
1661400 914
1661410 914
1661420 915
1661430 915
1661440 915
1661450 916
1661460 916
1661470 916
1661480 917
1661490 917
1661500 917
1661510 918
1661520 918
1661530 918
1661540 918
1661550 919
1661560 919
1661570 919
1661580 919
1661590 920
1661600 920
1661610 920
1661620 921
1661630 921
1661640 922
1661650 923
1661660 923
1661670 924
1661680 925
1661690 925
1661700 925
1661710 926
1661720 926
1661730 926
1661740 927
1661750 927
1661760 927
1661770 927
1661780 927
1661790 928
1661800 928
1661810 928
1661820 927
1661830 927
1661840 927
1661850 926
1661860 926
1661870 926
1661880 925
1661890 925
1661900 925
1661910 924
1661920 924
1661930 924
1661940 923
1661950 923
1661960 923
1661970 922
1661980 921
1661990 921
1662000 920
1662010 919
1662020 919
1662030 918
1662040 918
1662050 919
1662060 919
1662070 918
1662080 918
1662090 918
1662100 919
1662110 919
1662120 919
1662130 920
1662140 920
1662150 921
1662160 921
1662170 921
1662180 922
1662190 922
1662200 922
1662210 922
1662220 922
1662230 922
1662240 922
1662250 922
1662260 922
1662270 921
1662280 921
1662290 921
1662300 921
1662310 920
1662320 920
1662330 920
1662340 920
1662350 920
1662360 919
1662370 919
1662380 919
1662390 918
1662400 917
1662410 917
1662420 916
1662430 915
1662440 915
1662450 914
1662460 913
1662470 913
1662480 912
1662490 911
1662500 911
1662510 911
1662520 911
1662530 911
1662540 910
1662550 909
1662560 909
1662570 907
1662580 906
1662590 906
1662600 905
1662610 906
1662620 906
1662630 907
1662640 909
1662650 909
1662660 910
1662670 911
1662680 911
1662690 912
1662700 912
1662710 913
1662720 914
1662730 914
1662740 914
1662750 912
1662760 912
1662770 911
1662780 909
1662790 909
1662800 908
1662810 906
1662820 906
1662830 905
1662840 903
1662850 903
1662860 901
1662870 900
1662880 900
1662890 899
1662900 898
1662910 898
1662920 897
1662930 894
1662940 894
1662950 893
1662960 892
1662970 892
1662980 890
1662990 889
1663000 889
1663010 887
1663020 886
1663030 886
1663040 885
1663050 884
1663060 884
1663070 884
1663080 884
1663090 884
1663100 884
1663110 884
1663120 884
1663130 884
1663140 883
1663150 883
1663160 882
1663170 882
1663180 882
1663190 881
1663200 881
1663210 881
1663220 880
1663230 879
1663240 879
1663250 879
1663260 879
1663270 879
1663280 878
1663290 878
1663300 878
1663310 877
1663320 876
1663330 876
1663340 877
1663350 878
1663360 878
1663370 877
1663380 877
1663390 877
1663400 877
1663410 878
1663420 878
1663430 878
1663440 878
1663450 878
1663460 879
1663470 879
1663480 879
1663490 879
1663500 879
1663510 880
1663520 881
1663530 881
1663540 881
1663550 882
1663560 882
1663570 882
1663580 882
1663590 882
1663600 882
1663610 882
1663620 881
1663630 881
1663640 880
1663650 879
1663660 879
1663670 878
1663680 876
1663690 876
1663700 873
1663710 871
1663720 871
1663730 871
1663740 870
1663750 870
1663760 869
1663770 869
1663780 869
1663790 869
1663800 869
1663810 869
1663820 870
1663830 869
1663840 869
1663850 866
1663860 862
1663870 862
1663880 862
1663890 862
1663900 863
1663910 863
1663920 863
1663930 863
1663940 863
1663950 863
1663960 865
1663970 867
1663980 867
1663990 870
1664000 872
1664010 872
1664020 874
1664030 876
1664040 876
1664050 877
1664060 878
1664070 878
1664080 880
1664090 883
1664100 883
1664110 885
1664120 888
1664130 888
1664140 889
1664150 890
1664160 890
1664170 891
1664180 889
1664190 889
1664200 886
1664210 883
1664220 883
1664230 877
1664240 874
1664250 874
1664260 871
1664270 871
1664280 871
1664290 871
1664300 871
1664310 871
1664320 872
1664330 873
1664340 873
1664350 875
1664360 877
1664370 877
1664380 878
1664390 880
1664400 880
1664410 882
1664420 883
1664430 883
1664440 885
1664450 886
1664460 886
1664470 888
1664480 889
1664490 889
1664500 890
1664510 891
1664520 891
1664530 892
1664540 893
1664550 893
1664560 895
1664570 896
1664580 896
1664590 898
1664600 899
1664610 899
1664620 900
1664630 901
1664640 901
1664650 903
1664660 904
1664670 904
1664680 905
1664690 906
1664700 906
1664710 906
1664720 906
1664730 906
1664740 905
1664750 904
1664760 904
1664770 903
1664780 902
1664790 902
1664800 899
1664810 897
1664820 897
1664830 894
1664840 892
1664850 892
1664860 889
1664870 887
1664880 887
1664890 885
1664900 883
1664910 883
1664920 881
1664930 879
1664940 879
1664950 878
1664960 875
1664970 875
1664980 874
1664990 873
1665000 873
1665010 873
1665020 872
1665030 872
1665040 872
1665050 872
1665060 871
1665070 870
1665080 870
1665090 869
1665100 869
1665110 869
1665120 868
1665130 867
1665140 867
1665150 866
1665160 865
1665170 865
1665180 864
1665190 862
1665200 862
1665210 860
1665220 858
1665230 858
1665240 855
1665250 853
1665260 853
1665270 850
1665280 848
1665290 848
1665300 846
1665310 844
1665320 844
1665330 842
1665340 841
1665350 841
1665360 839
1665370 837
1665380 837
1665390 836
1665400 835
1665410 835
1665420 834
1665430 833
1665440 833
1665450 832
1665460 831
1665470 831
1665480 831
1665490 830
1665500 830
1665510 829
1665520 829
1665530 829
1665540 828
1665550 828
1665560 828
1665570 828
1665580 828
1665590 828
1665600 827
1665610 827
1665620 827
1665630 827
1665640 827
1665650 827
1665660 827
1665670 830
1665680 830
1665690 834
1665700 831
1665710 831
1665720 830
1665730 830
1665740 830
1665750 830
1665760 831
1665770 831
1665780 832
1665790 833
1665800 833
1665810 833
1665820 833
1665830 833
1665840 832
1665850 831
1665860 831
1665870 828
1665880 824
1665890 824
1665900 820
1665910 818
1665920 818
1665930 817
1665940 816
1665950 816
1665960 814
1665970 814
1665980 814
1665990 812
1666000 812
1666010 812
1666020 814
1666030 817
1666040 817
1666050 821
1666060 825
1666070 825
1666080 829
1666090 833
1666100 833
1666110 837
1666120 839
1666130 839
1666140 841
1666150 843
1666160 843
1666170 846
1666180 849
1666190 849
1666200 850
1666210 852
1666220 852
1666230 854
1666240 854
1666250 856
1666260 859
1666270 859
1666280 861
1666290 862
1666300 862
1666310 861
1666320 860
1666330 860
1666340 859
1666350 859
1666360 859
1666370 859
1666380 860
1666390 860
1666400 858
1666410 856
1666420 856
1666430 854
1666440 853
1666450 853
1666460 853
1666470 852
1666480 852
1666490 851
1666500 850
1666510 850
1666520 848
1666530 846
1666540 846
1666550 845
1666560 843
1666570 843
1666580 840
1666590 839
1666600 839
1666610 837
1666620 835
1666630 835
1666640 832
1666650 831
1666660 831
1666670 829
1666680 829
1666690 829
1666700 828
1666710 828
1666720 828
1666730 828
1666740 828
1666750 828
1666760 828
1666770 828
1666780 828
1666790 828
1666800 829
1666810 829
1666820 830
1666830 831
1666840 831
1666850 833
1666860 834
1666870 834
1666880 835
1666890 837
1666900 837
1666910 839
1666920 840
1666930 840
1666940 841
1666950 842
1666960 842
1666970 843
1666980 844
1666990 844
1667000 845
1667010 846
1667020 846
1667030 846
1667040 846
1667050 846
1667060 845
1667070 844
1667080 844
1667090 843
1667100 842
1667110 842
1667120 841
1667130 840
1667140 840
1667150 840
1667160 840
1667170 840
1667180 839
1667190 839
1667200 839
1667210 838
1667220 838
1667230 838
1667240 836
1667250 834
1667260 834
1667270 832
1667280 830
1667290 830
1667300 828
1667310 826
1667320 826
1667330 823
1667340 822
1667350 822
1667360 820
1667370 818
1667380 818
1667390 816
1667400 816
1667410 815
1667420 813
1667430 813
1667440 812
1667450 811
1667460 811
1667470 810
1667480 809
1667490 809
1667500 808
1667510 807
1667520 807
1667530 806
1667540 806
1667550 806
1667560 805
1667570 805
1667580 805
1667590 804
1667600 804
1667610 804
1667620 803
1667630 803
1667640 803
1667650 803
1667660 802
1667670 802
1667680 801
1667690 800
1667700 800
1667710 798
1667720 796
1667730 796
1667740 795
1667750 794
1667760 794
1667770 793
1667780 792
1667790 792
1667800 791
1667810 791
1667820 791
1667830 790
1667840 790
1667850 790
1667860 789
1667870 789
1667880 789
1667890 788
1667900 787
1667910 787
1667920 786
1667930 785
1667940 785
1667950 785
1667960 784
1667970 784
1667980 783
1667990 783
1668000 783
1668010 782
1668020 782
1668030 782
1668040 781
1668050 780
1668060 780
1668070 780
1668080 781
1668090 781
1668100 781
1668110 781
1668120 781
1668130 782
1668140 783
1668150 783
1668160 786
1668170 789
1668180 789
1668190 792
1668200 794
1668210 794
1668220 795
1668230 796
1668240 796
1668250 798
1668260 799
1668270 799
1668280 801
1668290 803
1668300 803
1668310 805
1668320 807
1668330 807
1668340 809
1668350 811
1668360 811
1668370 813
1668380 815
1668390 815
1668400 818
1668410 820
1668420 820
1668430 823
1668440 825
1668450 825
1668460 828
1668470 831
1668480 831
1668490 835
1668500 838
1668510 838
1668520 840
1668530 840
1668540 843
1668550 844
1668560 844
1668570 846
1668580 849
1668590 849
1668600 848
1668610 846
1668620 846
1668630 845
1668640 844
1668650 844
1668660 843
1668670 842
1668680 842
1668690 841
1668700 840
1668710 840
1668720 840
1668730 840
1668740 840
1668750 840
1668760 840
1668770 840
1668780 839
1668790 838
1668800 838
1668810 838
1668820 838
1668830 838
1668840 838
1668850 838
1668860 838
1668870 840
1668880 840
1668890 840
1668900 840
1668910 840
1668920 840
1668930 839
1668940 839
1668950 839
1668960 838
1668970 837
1668980 837
1668990 836
1669000 835
1669010 835
1669020 834
1669030 833
1669040 833
1669050 831
1669060 829
1669070 829
1669080 828
1669090 827
1669100 827
1669110 826
1669120 824
1669130 824
1669140 822
1669150 820
1669160 820
1669170 818
1669180 813
1669190 813
1669200 809
1669210 806
1669220 806
1669230 803
1669240 800
1669250 799
1669260 797
1669270 794
1669280 794
1669290 791
1669300 788
1669310 788
1669320 786
1669330 783
1669340 783
1669350 780
1669360 777
1669370 777
1669380 774
1669390 770
1669400 770
1669410 768
1669420 766
1669430 766
1669440 764
1669450 762
1669460 762
1669470 761
1669480 760
1669490 760
1669500 759
1669510 757
1669520 757
1669530 756
1669540 755
1669550 755
1669560 754
1669570 753
1669580 753
1669590 753
1669600 753
1669610 753
1669620 752
1669630 752
1669640 752
1669650 752
1669660 752
1669670 752
1669680 751
1669690 750
1669700 750
1669710 750
1669720 750
1669730 749
1669740 748
1669750 748
1669760 747
1669770 745
1669780 745
1669790 743
1669800 741
1669810 741
1669820 740
1669830 740
1669840 740
1669850 739
1669860 738
1669870 738
1669880 738
1669890 738
1669900 738
1669910 738
1669920 738
1669930 738
1669940 738
1669950 737
1669960 737
1669970 738
1669980 738
1669990 738
1670000 738
1670010 737
1670020 737
1670030 737
1670040 737
1670050 737
1670060 737
1670070 738
1670080 738
1670090 742
1670100 745
1670110 745
1670120 747
1670130 749
1670140 749
1670150 750
1670160 752
1670170 752
1670180 753
1670190 755
1670200 755
1670210 756
1670220 758
1670230 758
1670240 759
1670250 761
1670260 761
1670270 762
1670280 764
1670290 764
1670300 765
1670310 766
1670320 766
1670330 768
1670340 768
1670350 768
1670360 768
1670370 767
1670380 767
1670390 768
1670400 769
1670410 769
1670420 771
1670430 771
1670440 771
1670450 772
1670460 774
1670470 774
1670480 776
1670490 776
1670500 776
1670510 777
1670520 776
1670530 776
1670540 775
1670550 773
1670560 773
1670570 772
1670580 770
1670590 770
1670600 768
1670610 767
1670620 767
1670630 765
1670640 763
1670650 762
1670660 760
1670670 758
1670680 758
1670690 756
1670700 754
1670710 754
1670720 753
1670730 751
1670740 751
1670750 750
1670760 749
1670770 749
1670780 747
1670790 746
1670800 746
1670810 741
1670820 734
1670830 734
1670840 730
1670850 729
1670860 729
1670870 729
1670880 729
1670890 729
1670900 730
1670910 730
1670920 730
1670930 730
1670940 730
1670950 730
1670960 731
1670970 731
1670980 732
1670990 733
1671000 733
1671010 735
1671020 736
1671030 736
1671040 737
1671050 738
1671060 738
1671070 738
1671080 738
1671090 738
1671100 739
1671110 739
1671120 739
1671130 737
1671140 735
1671150 735
1671160 735
1671170 735
1671180 735
1671190 734
1671200 731
1671210 731
1671220 729
1671230 728
1671240 728
1671250 727
1671260 726
1671270 726
1671280 726
1671290 726
1671300 726
1671310 728
1671320 732
1671330 732
1671340 735
1671350 734
1671360 734
1671370 738
1671380 742
1671390 742
1671400 745
1671410 748
1671420 748
1671430 749
1671440 749
1671450 749
1671460 746
1671470 741
1671480 741
1671490 735
1671500 728
1671510 728
1671520 725
1671530 724
1671540 724
1671550 724
1671560 724
1671570 724
1671580 724
1671590 725
1671600 725
1671610 725
1671620 724
1671630 724
1671640 724
1671650 724
1671660 724
1671670 724
1671680 724
1671690 724
1671700 724
1671710 724
1671720 724
1671730 724
1671740 724
1671750 724
1671760 724
1671770 724
1671780 724
1671790 724
1671800 724
1671810 724
1671820 724
1671830 724
1671840 724
1671850 724
1671860 724
1671870 724
1671880 724
1671890 724
1671900 724
1671910 724
1671920 724
1671930 724
1671940 724
1671950 724
1671960 724
1671970 725
1671980 725
1671990 725
1672000 725
1672010 725
1672020 725
1672030 725
1672040 725
1672050 726
1672060 726
1672070 726
1672080 726
1672090 727
1672100 727
1672110 727
1672120 727
1672130 727
1672140 727
1672150 727
1672160 727
1672170 728
1672180 728
1672190 728
1672200 729
1672210 729
1672220 729
1672230 730
1672240 731
1672250 731
1672260 732
1672270 733
1672280 733
1672290 734
1672300 735
1672310 735
1672320 736
1672330 737
1672340 737
1672350 737
1672360 737
1672370 737
1672380 737
1672390 737
1672400 737
1672410 737
1672420 737
1672430 737
1672440 736
1672450 736
1672460 736
1672470 736
1672480 736
1672490 736
1672500 736
1672510 736
1672520 736
1672530 737
1672540 737
1672550 737
1672560 737
1672570 737
1672580 737
1672590 738
1672600 738
1672610 738
1672620 738
1672630 739
1672640 739
1672650 739
1672660 738
1672670 738
1672680 738
1672690 738
1672700 738
1672710 738
1672720 738
1672730 738
1672740 738
1672750 738
1672760 738
1672770 737
1672780 737
1672790 737
1672800 737
1672810 736
1672820 736
1672830 735
1672840 733
1672850 733
1672860 730
1672870 726
1672880 726
1672890 721
1672900 716
1672910 716
1672920 713
1672930 712
1672940 712
1672950 712
1672960 713
1672970 713
1672980 714
1672990 715
1673000 715
1673010 717
1673020 718
1673030 718
1673040 720
1673050 716
1673060 716
1673070 714
1673080 713
1673090 713
1673100 712
1673110 711
1673120 711
1673130 710
1673140 709
1673150 709
1673160 708
1673170 707
1673180 707
1673190 706
1673200 706
1673210 706
1673220 705
1673230 705
1673240 704
1673250 702
1673260 702
1673270 699
1673280 694
1673290 694
1673300 687
1673310 681
1673320 681
1673330 682
1673340 683
1673350 683
1673360 684
1673370 686
1673380 686
1673390 689
1673400 691
1673410 691
1673420 694
1673430 702
1673440 702
1673450 706
1673460 709
1673470 709
1673480 711
1673490 715
1673500 715
1673510 721
1673520 728
1673530 728
1673540 730
1673550 731
1673560 731
1673570 733
1673580 736
1673590 736
1673600 737
1673610 737
1673620 737
1673630 736
1673640 735
1673650 735
1673660 733
1673670 731
1673680 731
1673690 729
1673700 726
1673710 726
1673720 723
1673730 720
1673740 720
1673750 717
1673760 714
1673770 714
1673780 712
1673790 710
1673800 710
1673810 709
1673820 707
1673830 707
1673840 707
1673850 705
1673860 705
1673870 705
1673880 705
1673890 705
1673900 705
1673910 705
1673920 705
1673930 704
1673940 703
1673950 703
1673960 702
1673970 700
1673980 700
1673990 699
1674000 698
1674010 698
1674020 696
1674030 695
1674040 695
1674050 693
1674060 690
1674070 690
1674080 688
1674090 686
1674100 686
1674110 685
1674120 687
1674130 687
1674140 685
1674150 684
1674160 684
1674170 683
1674180 683
1674190 683
1674200 683
1674210 683
1674220 683
1674230 683
1674240 683
1674250 683
1674260 683
1674270 684
1674280 684
1674290 684
1674300 683
1674310 683
1674320 683
1674330 682
1674340 682
1674350 682
1674360 682
1674370 682
1674380 682
1674390 682
1674400 682
1674410 681
1674420 681
1674430 681
1674440 681
1674450 681
1674460 680
1674470 680
1674480 680
1674490 680
1674500 679
1674510 679
1674520 679
1674530 678
1674540 678
1674550 676
1674560 674
1674570 674
1674580 669
1674590 665
1674600 665
1674610 663
1674620 660
1674630 660
1674640 660
1674650 660
1674660 660
1674670 662
1674680 665
1674690 665
1674700 668
1674710 670
1674720 670
1674730 671
1674740 672
1674750 672
1674760 673
1674770 674
1674780 674
1674790 675
1674800 676
1674810 676
1674820 677
1674830 678
1674840 678
1674850 679
1674860 680
1674870 680
1674880 681
1674890 683
1674900 683
1674910 684
1674920 685
1674930 685
1674940 686
1674950 687
1674960 687
1674970 687
1674980 688
1674990 688
1675000 689
1675010 689
1675020 689
1675030 690
1675040 691
1675050 691
1675060 691
1675070 691
1675080 691
1675090 689
1675100 687
1675110 687
1675120 685
1675130 683
1675140 683
1675150 681
1675160 678
1675170 678
1675180 676
1675190 674
1675200 674
1675210 672
1675220 669
1675230 669
1675240 667
1675250 664
1675260 664
1675270 660
1675280 657
1675290 657
1675300 653
1675310 650
1675320 650
1675330 649
1675340 649
1675350 649
1675360 649
1675370 648
1675380 648
1675390 648
1675400 648
1675410 648
1675420 649
1675430 648
1675440 648
1675450 649
1675460 648
1675470 648
1675480 648
1675490 648
1675500 648
1675510 648
1675520 648
1675530 648
1675540 648
1675550 648
1675560 648
1675570 648
1675580 648
1675590 648
1675600 648
1675610 648
1675620 648
1675630 648
1675640 648
1675650 648
1675660 648
1675670 648
1675680 648
1675690 648
1675700 648
1675710 647
1675720 647
1675730 647
1675740 647
1675750 647
1675760 647
1675770 647
1675780 648
1675790 648
1675800 650
1675810 652
1675820 652
1675830 652
1675840 652
1675850 652
1675860 651
1675870 651
1675880 651
1675890 651
1675900 651
1675910 651
1675920 651
1675930 651
1675940 651
1675950 650
1675960 652
1675970 652
1675980 652
1675990 652
1676000 652
1676010 654
1676020 655
1676030 655
1676040 657
1676050 658
1676060 658
1676070 660
1676080 661
1676090 661
1676100 661
1676110 662
1676120 662
1676130 663
1676140 663
1676150 663
1676160 664
1676170 663
1676180 663
1676190 664
1676200 664
1676210 664
1676220 665
1676230 665
1676240 665
1676250 665
1676260 665
1676270 665
1676280 664
1676290 663
1676300 663
1676310 661
1676320 660
1676330 660
1676340 657
1676350 654
1676360 654
1676370 653
1676380 650
1676390 650
1676400 649
1676410 650
1676420 650
1676430 653
1676440 662
1676450 662
1676460 667
1676470 668
1676480 668
1676490 669
1676500 669
1676510 669
1676520 669
1676530 669
1676540 669
1676550 667
1676560 666
1676570 666
1676580 666
1676590 669
1676600 669
1676610 670
1676620 671
1676630 671
1676640 671
1676650 672
1676660 672
1676670 673
1676680 674
1676690 674
1676700 675
1676710 675
1676720 676
1676730 677
1676740 677
1676750 678
1676760 679
1676770 679
1676780 680
1676790 681
1676800 681
1676810 681
1676820 682
1676830 682
1676840 682
1676850 680
1676860 680
1676870 680
1676880 679
1676890 679
1676900 678
1676910 677
1676920 677
1676930 676
1676940 675
1676950 675
1676960 675
1676970 676
1676980 676
1676990 675
1677000 675
1677010 675
1677020 674
1677030 673
1677040 673
1677050 671
1677060 669
1677070 669
1677080 667
1677090 666
1677100 666
1677110 665
1677120 664
1677130 664
1677140 664
1677150 664
1677160 664
1677170 665
1677180 665
1677190 665
1677200 665
1677210 665
1677220 665
1677230 666
1677240 666
1677250 666
1677260 667
1677270 667
1677280 667
1677290 668
1677300 669
1677310 669
1677320 671
1677330 672
1677340 672
1677350 675
1677360 678
1677370 678
1677380 681
1677390 683
1677400 683
1677410 685
1677420 687
1677430 687
1677440 689
1677450 691
1677460 691
1677470 693
1677480 696
1677490 696
1677500 699
1677510 701
1677520 701
1677530 704
1677540 710
1677550 710
1677560 715
1677570 720
1677580 720
1677590 724
1677600 730
1677610 730
1677620 734
1677630 739
1677640 739
1677650 742
1677660 743
1677670 743
1677680 743
1677690 742
1677700 742
1677710 740
1677720 738
1677730 738
1677740 736
1677750 735
1677760 735
1677770 733
1677780 731
1677790 731
1677800 728
1677810 724
1677820 724
1677830 720
1677840 715
1677850 715
1677860 712
1677870 709
1677880 709
1677890 710
1677900 710
1677910 712
1677920 714
1677930 714
1677940 715
1677950 717
1677960 717
1677970 721
1677980 729
1677990 729
1678000 735
1678010 739
1678020 739
1678030 740
1678040 740
1678050 740
1678060 740
1678070 739
1678080 739
1678090 740
1678100 740
1678110 740
1678120 738
1678130 739
1678140 739
1678150 740
1678160 740
1678170 740
1678180 741
1678190 744
1678200 744
1678210 748
1678220 751
1678230 751
1678240 753
1678250 755
1678260 755
1678270 757
1678280 759
1678290 759
1678300 761
1678310 763
1678320 763
1678330 763
1678340 764
1678350 764
1678360 764
1678370 764
1678380 764
1678390 765
1678400 768
1678410 768
1678420 770
1678430 774
1678440 774
1678450 776
1678460 778
1678470 778
1678480 780
1678490 782
1678500 782
1678510 783
1678520 785
1678530 785
1678540 786
1678550 786
1678560 786
1678570 786
1678580 786
1678590 786
1678600 786
1678610 787
1678620 787
1678630 786
1678640 786
1678650 786
1678660 787
1678670 788
1678680 788
1678690 789
1678700 790
1678710 790
1678720 792
1678730 793
1678740 793
1678750 795
1678760 796
1678770 796
1678780 796
1678790 798
1678800 798
1678810 799
1678820 801
1678830 801
1678840 802
1678850 805
1678860 805
1678870 810
1678880 813
1678890 813
1678900 815
1678910 817
1678920 817
1678930 818
1678940 822
1678950 822
1678960 824
1678970 825
1678980 825
1678990 828
1679000 830
1679010 830
1679020 832
1679030 833
1679040 833
1679050 834
1679060 834
1679070 835
1679080 836
1679090 836
1679100 837
1679110 838
1679120 838
1679130 839
1679140 841
1679150 841
1679160 843
1679170 845
1679180 845
1679190 847
1679200 849
1679210 849
1679220 850
1679230 851
1679240 851
1679250 853
1679260 854
1679270 854
1679280 854
1679290 854
1679300 854
1679310 853
1679320 853
1679330 853
1679340 852
1679350 852
1679360 852
1679370 852
1679380 852
1679390 852
1679400 853
1679410 854
1679420 854
1679430 855
1679440 856
1679450 856
1679460 858
1679470 859
1679480 859
1679490 860
1679500 861
1679510 861
1679520 861
1679530 861
1679540 863
1679550 863
1679560 863
1679570 863
1679580 863
1679590 864
1679600 864
1679610 865
1679620 865
1679630 865
1679640 865
1679650 865
1679660 865
1679670 866
1679680 865
1679690 865
1679700 864
1679710 861
1679720 861
1679730 858
1679740 854
1679750 854
1679760 852
1679770 852
1679780 852
1679790 852
1679800 852
1679810 852
1679820 853
1679830 852
1679840 852
1679850 851
1679860 850
1679870 850
1679880 848
1679890 846
1679900 846
1679910 844
1679920 843
1679930 843
1679940 841
1679950 839
1679960 839
1679970 838
1679980 836
1679990 836
