1660000 899
1660010 898
1660020 896
1660030 896
1660040 895
1660050 893
1660060 893
1660070 892
1660080 891
1660090 891
1660100 889
1660110 887
1660120 887
1660130 886
1660140 886
1660150 886
1660160 885
1660170 884
1660180 884
1660190 884
1660200 883
1660210 883
1660220 882
1660230 882
1660240 882
1660250 881
1660260 880
1660270 880
1660280 880
1660290 880
1660300 880
1660310 879
1660320 879
1660330 879
1660340 879
1660350 878
1660360 878
1660370 878
1660380 878
1660390 878
1660400 877
1660410 876
1660420 876
1660430 876
1660440 876
1660450 876
1660460 876
1660470 876
1660480 875
1660490 875
1660500 875
1660510 874
1660520 874
1660530 874
1660540 874
1660550 873
1660560 873
1660570 873
1660580 873
1660590 873
1660600 872
1660610 872
1660620 872
1660630 871
1660640 870
1660650 870
1660660 870
1660670 869
1660680 869
1660690 868
1660700 867
1660710 867
1660720 866
1660730 866
1660740 866
1660750 864
1660760 863
1660770 863
1660780 860
1660790 858
1660800 858
1660810 856
1660820 855
1660830 855
1660840 853
1660850 852
1660860 852
1660870 851
1660880 849
1660890 849
1660900 849
1660910 849
1660920 849
1660930 851
1660940 855
1660950 855
1660960 858
1660970 861
1660980 861
1660990 863
1661000 865
1661010 865
1661020 866
1661030 866
1661040 866
1661050 866
1661060 866
1661070 866
1661080 866
1661090 866
1661100 866
1661110 866
1661120 866
1661130 866
1661140 867
1661150 867
1661160 867
1661170 867
1661180 868
1661190 868
1661200 868
1661210 868
1661220 868
1661230 868
1661240 868
1661250 868
1661260 868
1661270 868
1661280 868
1661290 868
1661300 868
1661310 868
1661320 867
1661330 866
1661340 866
1661350 865
1661360 863
1661370 863
1661380 861
1661390 858
1661400 858
1661410 856
1661420 856
1661430 856
1661440 856
1661450 859
1661460 859
1661470 864
1661480 869
1661490 869
1661500 871
1661510 875
1661520 875
1661530 878
1661540 881
1661550 881
1661560 884
1661570 884
1661580 886
1661590 888
1661600 888
1661610 890
1661620 892
1661630 892
1661640 893
1661650 894
1661660 894
1661670 894
1661680 894
1661690 894
1661700 894
1661710 894
1661720 894
1661730 894
1661740 894
1661750 894
1661760 893
1661770 890
1661780 890
1661790 889
1661800 886
1661810 886
1661820 884
1661830 882
1661840 879
1661850 877
1661860 874
1661870 874
1661880 872
1661890 870
1661900 870
1661910 868
1661920 866
1661930 866
1661940 864
1661950 863
1661960 863
1661970 862
1661980 861
1661990 861
1662000 860
1662010 859
1662020 859
1662030 858
1662040 858
1662050 858
1662060 857
1662070 856
1662080 856
1662090 854
1662100 851
1662110 851
1662120 850
1662130 848
1662140 848
1662150 849
1662160 853
1662170 853
1662180 856
1662190 857
1662200 857
1662210 858
1662220 859
1662230 859
1662240 858
1662250 858
1662260 858
1662270 857
1662280 855
1662290 855
1662300 854
1662310 853
1662320 853
1662330 852
1662340 852
1662350 852
1662360 853
1662370 854
1662380 854
1662390 855
1662400 856
1662410 856
1662420 857
1662430 858
1662440 858
1662450 858
1662460 859
1662470 859
1662480 860
1662490 861
1662500 861
1662510 862
1662520 863
1662530 863
1662540 865
1662550 866
1662560 866
1662570 866
1662580 865
1662590 865
1662600 865
1662610 865
1662620 865
1662630 866
1662640 866
1662650 866
1662660 866
1662670 866
1662680 866
1662690 866
1662700 866
1662710 865
1662720 866
1662730 866
1662740 866
1662750 867
1662760 867
1662770 867
1662780 868
1662790 868
1662800 868
1662810 869
1662820 869
1662830 869
1662840 870
1662850 870
1662860 870
1662870 871
1662880 871
1662890 872
1662900 873
1662910 873
1662920 874
1662930 874
1662940 874
1662950 875
1662960 876
1662970 876
1662980 877
1662990 877
1663000 877
1663010 877
1663020 878
1663030 878
1663040 879
1663050 880
1663060 880
1663070 882
1663080 884
1663090 884
1663100 885
1663110 885
1663120 885
1663130 886
1663140 887
1663150 887
1663160 887
1663170 888
1663180 888
1663190 888
1663200 889
1663210 889
1663220 891
1663230 893
1663240 893
1663250 894
1663260 894
1663270 894
1663280 894
1663290 894
1663300 894
1663310 893
1663320 892
1663330 892
1663340 892
1663350 891
1663360 891
1663370 891
1663380 890
1663390 890
1663400 890
1663410 889
1663420 889
1663430 889
1663440 888
1663450 888
1663460 888
1663470 888
1663480 888
1663490 888
1663500 888
1663510 888
1663520 888
1663530 888
1663540 888
1663550 888
1663560 888
1663570 888
1663580 888
1663590 889
1663600 889
1663610 889
1663620 890
1663630 890
1663640 891
1663650 891
1663660 891
1663670 893
1663680 894
1663690 894
1663700 894
1663710 894
1663720 894
1663730 894
1663740 894
1663750 894
1663760 894
1663770 895
1663780 895
1663790 894
1663800 894
1663810 894
1663820 895
1663830 895
1663840 895
1663850 895
1663860 895
1663870 895
1663880 895
1663890 895
1663900 895
1663910 894
1663920 894
1663930 894
1663940 893
1663950 893
1663960 892
1663970 891
1663980 891
1663990 889
1664000 888
1664010 888
1664020 886
1664030 885
1664040 885
1664050 884
1664060 883
1664070 883
1664080 881
1664090 879
1664100 879
1664110 877
1664120 875
1664130 875
1664140 875
1664150 874
1664160 874
1664170 872
1664180 872
1664190 872
1664200 872
1664210 871
1664220 871
1664230 869
1664240 868
1664250 868
1664260 866
1664270 865
1664280 865
1664290 862
1664300 859
1664310 859
1664320 858
1664330 859
1664340 859
1664350 858
1664360 857
1664370 857
1664380 855
1664390 855
1664400 855
1664410 854
1664420 853
1664430 853
1664440 853
1664450 852
1664460 852
1664470 852
1664480 851
1664490 851
1664500 851
1664510 851
1664520 851
1664530 850
1664540 849
1664550 849
1664560 849
1664570 849
1664580 849
1664590 848
1664600 846
1664610 846
1664620 845
1664630 844
1664640 844
1664650 843
1664660 843
1664670 843
1664680 842
1664690 842
1664700 842
1664710 842
1664720 841
1664730 841
1664740 841
1664750 840
1664760 839
1664770 839
1664780 839
1664790 839
1664800 838
1664810 837
1664820 837
1664830 834
1664840 832
1664850 832
1664860 832
1664870 832
1664880 832
1664890 832
1664900 832
1664910 832
1664920 832
1664930 830
1664940 830
1664950 829
1664960 829
1664970 829
1664980 829
1664990 829
1665000 828
1665010 828
1665020 828
1665030 828
1665040 827
1665050 827
1665060 826
1665070 826
1665080 826
1665090 825
1665100 825
1665110 825
1665120 824
1665130 823
1665140 823
1665150 822
1665160 822
1665170 822
1665180 822
1665190 822
1665200 822
1665210 822
1665220 824
1665230 824
1665240 824
1665250 822
1665260 822
1665270 822
1665280 822
1665290 822
1665300 822
1665310 822
1665320 822
1665330 822
1665340 822
1665350 822
1665360 822
1665370 823
1665380 823
1665390 823
1665400 824
1665410 824
1665420 825
1665430 825
1665440 825
1665450 826
1665460 826
1665470 826
1665480 829
1665490 830
1665500 830
1665510 831
1665520 833
1665530 833
1665540 834
1665550 834
1665560 834
1665570 834
1665580 833
1665590 833
1665600 833
1665610 833
1665620 833
1665630 833
1665640 832
1665650 832
1665660 833
1665670 834
1665680 834
1665690 835
1665700 836
1665710 836
1665720 837
1665730 839
1665740 839
1665750 841
1665760 844
1665770 844
1665780 845
1665790 847
1665800 847
1665810 849
1665820 849
1665830 849
1665840 849
1665850 848
1665860 848
1665870 847
1665880 846
1665890 846
1665900 845
1665910 845
1665920 845
1665930 845
1665940 846
1665950 846
1665960 846
1665970 847
1665980 847
1665990 849
1666000 850
1666010 850
1666020 852
1666030 854
1666040 854
1666050 856
1666060 856
1666070 856
1666080 855
1666090 855
1666100 855
1666110 855
1666120 855
1666130 855
1666140 855
1666150 855
1666160 856
1666170 856
1666180 856
1666190 855
1666200 855
1666210 855
1666220 854
1666230 853
1666240 853
1666250 852
1666260 851
1666270 851
1666280 850
1666290 849
1666300 849
1666310 848
1666320 848
1666330 848
1666340 847
1666350 846
1666360 846
1666370 846
1666380 846
1666390 846
1666400 845
1666410 843
1666420 843
1666430 842
1666440 842
1666450 842
1666460 843
1666470 844
1666480 844
1666490 845
1666500 846
1666510 846
1666520 847
1666530 849
1666540 849
1666550 850
1666560 851
1666570 851
1666580 852
1666590 853
1666600 853
1666610 853
1666620 854
1666630 854
1666640 854
1666650 855
1666660 855
1666670 855
1666680 856
1666690 856
1666700 856
1666710 856
1666720 856
1666730 855
1666740 854
1666750 854
1666760 852
1666770 850
1666780 850
1666790 847
1666800 844
1666810 844
1666820 840
1666830 837
1666840 837
1666850 833
1666860 830
1666870 830
1666880 827
1666890 824
1666900 824
1666910 822
1666920 821
1666930 821
1666940 821
1666950 820
1666960 820
1666970 819
1666980 819
1666990 819
1667000 819
1667010 819
1667020 819
1667030 819
1667040 820
1667050 820
1667060 821
1667070 823
1667080 823
1667090 824
1667100 825
1667110 825
1667120 826
1667130 826
1667140 826
1667150 826
1667160 825
1667170 825
1667180 823
1667190 822
1667200 822
1667210 822
1667220 822
1667230 822
1667240 823
1667250 823
1667260 824
1667270 826
1667280 826
1667290 828
1667300 828
1667310 828
1667320 830
1667330 832
1667340 832
1667350 834
1667360 836
1667370 836
1667380 837
1667390 838
1667400 838
1667410 839
1667420 839
1667430 839
1667440 839
1667450 840
1667460 840
1667470 841
1667480 842
1667490 842
1667500 842
1667510 842
1667520 842
1667530 842
1667540 840
1667550 840
1667560 838
1667570 837
1667580 837
1667590 838
1667600 838
1667610 838
1667620 839
1667630 842
1667640 842
1667650 843
1667660 845
1667670 845
1667680 846
1667690 848
1667700 848
1667710 849
1667720 850
1667730 850
1667740 851
1667750 852
1667760 852
1667770 852
1667780 851
1667790 851
1667800 850
1667810 849
1667820 849
1667830 848
1667840 847
1667850 847
1667860 846
1667870 845
1667880 845
1667890 845
1667900 845
1667910 845
1667920 846
1667930 847
1667940 847
1667950 848
1667960 848
1667970 848
1667980 849
1667990 851
1668000 851
1668010 850
1668020 849
1668030 849
1668040 848
1668050 846
1668060 846
1668070 843
1668080 841
1668090 841
1668100 840
1668110 839
1668120 839
1668130 838
1668140 838
1668150 838
1668160 839
1668170 839
1668180 839
1668190 840
1668200 840
1668210 840
1668220 840
1668230 841
1668240 841
1668250 841
1668260 842
1668270 842
1668280 842
1668290 842
1668300 842
1668310 842
1668320 842
1668330 842
1668340 841
1668350 841
1668360 842
1668370 843
1668380 843
1668390 844
1668400 845
1668410 845
1668420 845
1668430 846
1668440 846
1668450 846
1668460 846
1668470 846
1668480 846
1668490 845
1668500 845
1668510 844
1668520 844
1668530 844
1668540 844
1668550 843
1668560 843
1668570 842
1668580 840
1668590 840
1668600 838
1668610 837
1668620 837
1668630 835
1668640 834
1668650 834
1668660 834
1668670 833
1668680 833
1668690 833
1668700 833
1668710 833
1668720 832
1668730 832
1668740 832
1668750 831
1668760 830
1668770 830
1668780 830
1668790 829
1668800 829
1668810 829
1668820 828
1668830 828
1668840 828
1668850 827
1668860 827
1668870 827
1668880 827
1668890 827
1668900 827
1668910 827
1668920 827
1668930 828
1668940 828
1668950 828
1668960 829
1668970 830
1668980 830
1668990 831
1669000 832
1669010 832
1669020 833
1669030 834
1669040 834
1669050 832
1669060 834
1669070 834
1669080 832
1669090 829
1669100 829
1669110 829
1669120 829
1669130 829
1669140 828
1669150 828
1669160 828
1669170 827
1669180 826
1669190 826
1669200 826
1669210 825
1669220 825
1669230 825
1669240 824
1669250 824
1669260 823
1669270 823
1669280 823
1669290 823
1669300 822
1669310 822
1669320 822
1669330 822
1669340 822
1669350 822
1669360 822
1669370 822
1669380 822
1669390 822
1669400 822
1669410 823
1669420 824
1669430 824
1669440 827
1669450 827
1669460 830
1669470 832
1669480 832
1669490 833
1669500 834
1669510 834
1669520 836
1669530 839
1669540 839
1669550 840
1669560 842
1669570 842
1669580 841
1669590 840
1669600 840
1669610 840
1669620 838
1669630 838
1669640 836
1669650 835
1669660 835
1669670 834
1669680 833
1669690 833
1669700 832
1669710 832
1669720 832
1669730 832
1669740 832
1669750 836
1669760 836
1669770 835
1669780 835
1669790 834
1669800 833
1669810 833
1669820 833
1669830 832
1669840 832
1669850 831
1669860 831
1669870 831
1669880 830
1669890 831
1669900 831
1669910 832
1669920 833
1669930 833
1669940 833
1669950 833
1669960 833
1669970 831
1669980 829
1669990 829
1670000 828
1670010 828
1670020 828
1670030 828
1670040 828
1670050 828
1670060 827
1670070 827
1670080 827
1670090 826
1670100 826
1670110 826
1670120 827
1670130 827
1670140 827
1670150 826
1670160 825
1670170 825
1670180 824
1670190 823
1670200 823
1670210 822
1670220 820
1670230 820
1670240 817
1670250 812
1670260 812
1670270 808
1670280 806
1670290 806
1670300 803
1670310 801
1670320 801
1670330 798
1670340 795
1670350 795
1670360 791
1670370 788
1670380 788
1670390 786
1670400 785
1670410 785
1670420 784
1670430 784
1670440 784
1670450 781
1670460 781
1670470 781
1670480 781
1670490 782
1670500 782
1670510 783
1670520 785
1670530 785
1670540 787
1670550 789
1670560 789
1670570 791
1670580 791
1670590 791
1670600 789
1670610 789
1670620 788
1670630 786
1670640 786
1670650 782
1670660 779
1670670 779
1670680 777
1670690 776
1670700 776
1670710 775
1670720 774
1670730 774
1670740 773
1670750 771
1670760 771
1670770 769
1670780 767
1670790 767
1670800 765
1670810 763
1670820 763
1670830 760
1670840 758
1670850 758
1670860 757
1670870 757
1670880 757
1670890 758
1670900 760
1670910 760
1670920 759
1670930 760
1670940 760
1670950 760
1670960 761
1670970 761
1670980 761
1670990 761
1671000 761
1671010 761
1671020 760
1671030 760
1671040 760
1671050 760
1671060 760
1671070 760
1671080 759
1671090 759
1671100 758
1671110 758
1671120 758
1671130 759
1671140 759
1671150 758
1671160 758
1671170 759
1671180 759
1671190 760
1671200 760
1671210 760
1671220 760
1671230 760
1671240 760
1671250 760
1671260 760
1671270 760
1671280 759
1671290 759
1671300 759
1671310 758
1671320 757
1671330 757
1671340 756
1671350 755
1671360 755
1671370 755
1671380 754
1671390 754
1671400 756
1671410 754
1671420 754
1671430 753
1671440 753
1671450 753
1671460 753
1671470 753
1671480 753
1671490 753
1671500 754
1671510 754
1671520 755
1671530 756
1671540 756
1671550 758
1671560 761
1671570 761
1671580 762
1671590 765
1671600 765
1671610 766
1671620 767
1671630 767
1671640 768
1671650 770
1671660 770
1671670 773
1671680 775
1671690 775
1671700 776
1671710 776
1671720 776
1671730 777
1671740 777
1671750 777
1671760 777
1671770 777
1671780 778
1671790 778
1671800 778
1671810 778
1671820 778
1671830 778
1671840 777
1671850 776
1671860 776
1671870 776
1671880 775
1671890 775
1671900 775
1671910 775
1671920 775
1671930 775
1671940 776
1671950 776
1671960 778
1671970 781
1671980 781
1671990 782
1672000 782
1672010 782
1672020 782
1672030 782
1672040 782
1672050 783
1672060 783
1672070 783
1672080 784
1672090 785
1672100 785
1672110 784
1672120 784
1672130 784
1672140 785
1672150 785
1672160 785
1672170 785
1672180 784
1672190 784
1672200 783
1672210 782
1672220 782
1672230 782
1672240 782
1672250 782
1672260 781
1672270 782
1672280 782
1672290 782
1672300 783
1672310 783
1672320 786
1672330 787
1672340 787
1672350 786
1672360 785
1672370 785
1672380 784
1672390 783
1672400 783
1672410 783
1672420 781
1672430 781
1672440 780
1672450 778
1672460 778
1672470 777
1672480 776
1672490 776
1672500 776
1672510 776
1672520 776
1672530 774
1672540 776
1672550 776
1672560 775
1672570 776
1672580 776
1672590 777
1672600 780
1672610 780
1672620 781
1672630 781
1672640 781
1672650 780
1672660 780
1672670 780
1672680 779
1672690 779
1672700 779
1672710 778
1672720 778
1672730 778
1672740 777
1672750 776
1672760 776
1672770 776
1672780 775
1672790 775
1672800 774
1672810 774
1672820 774
1672830 773
1672840 773
1672850 773
1672860 772
1672870 772
1672880 771
1672890 771
1672900 771
1672910 770
1672920 769
1672930 769
1672940 769
1672950 768
1672960 768
1672970 767
1672980 766
1672990 766
1673000 765
1673010 764
1673020 764
1673030 764
1673040 763
1673050 763
1673060 762
1673070 761
1673080 761
1673090 760
1673100 759
1673110 759
1673120 758
1673130 756
1673140 756
1673150 754
1673160 753
1673170 753
1673180 752
1673190 752
1673200 752
1673210 751
1673220 750
1673230 750
1673240 752
1673250 751
1673260 751
1673270 751
1673280 751
1673290 751
1673300 750
1673310 750
1673320 750
1673330 750
1673340 749
1673350 749
1673360 748
1673370 748
1673380 748
1673390 746
1673400 745
1673410 745
1673420 744
1673430 743
1673440 743
1673450 742
1673460 741
1673470 741
1673480 741
1673490 739
1673500 739
1673510 738
1673520 737
1673530 737
1673540 736
1673550 736
1673560 736
1673570 735
1673580 734
1673590 734
1673600 733
1673610 732
1673620 732
1673630 731
1673640 730
1673650 730
1673660 729
1673670 728
1673680 728
1673690 727
1673700 726
1673710 726
1673720 724
1673730 723
1673740 723
1673750 723
1673760 722
1673770 722
1673780 721
1673790 720
1673800 720
1673810 719
1673820 718
1673830 718
1673840 717
1673850 716
1673860 716
1673870 716
1673880 715
1673890 715
1673900 714
1673910 713
1673920 714
1673930 714
1673940 714
1673950 713
1673960 712
1673970 712
1673980 711
1673990 710
1674000 710
1674010 709
1674020 709
1674030 709
1674040 708
1674050 707
1674060 707
1674070 706
1674080 705
1674090 705
1674100 704
1674110 703
1674120 703
1674130 703
1674140 704
1674150 704
1674160 704
1674170 704
1674180 704
1674190 701
1674200 700
1674210 700
1674220 699
1674230 698
1674240 698
1674250 698
1674260 697
1674270 697
1674280 696
1674290 696
1674300 696
1674310 696
1674320 696
1674330 696
1674340 696
1674350 695
1674360 695
1674370 694
1674380 694
1674390 694
1674400 693
1674410 692
1674420 692
1674430 692
1674440 691
1674450 691
1674460 690
1674470 689
1674480 689
1674490 688
1674500 688
1674510 688
1674520 687
1674530 686
1674540 686
1674550 686
1674560 685
1674570 685
1674580 685
1674590 684
1674600 684
1674610 683
1674620 683
1674630 683
1674640 682
1674650 682
1674660 682
1674670 681
1674680 681
1674690 681
1674700 680
1674710 680
1674720 680
1674730 680
1674740 679
1674750 679
1674760 679
1674770 678
1674780 678
1674790 678
1674800 678
1674810 678
1674820 677
1674830 677
1674840 677
1674850 676
1674860 676
1674870 676
1674880 675
1674890 675
1674900 675
1674910 674
1674920 674
1674930 674
1674940 673
1674950 673
1674960 673
1674970 672
1674980 672
1674990 672
1675000 672
1675010 671
1675020 671
1675030 670
1675040 670
1675050 670
1675060 670
1675070 670
1675080 669
1675090 669
1675100 669
1675110 668
1675120 668
1675130 668
1675140 668
1675150 667
1675160 667
1675170 666
1675180 666
1675190 666
1675200 665
1675210 665
1675220 665
1675230 664
1675240 663
1675250 663
1675260 663
1675270 662
1675280 662
1675290 662
1675300 662
1675310 662
1675320 662
1675330 661
1675340 661
1675350 661
1675360 661
1675370 661
1675380 660
1675390 660
1675400 660
1675410 660
1675420 660
1675430 660
1675440 659
1675450 659
1675460 659
1675470 659
1675480 658
1675490 658
1675500 658
1675510 658
1675520 658
1675530 658
1675540 657
1675550 657
1675560 657
1675570 656
1675580 656
1675590 656
1675600 656
1675610 656
1675620 655
1675630 655
1675640 655
1675650 654
1675660 654
1675670 654
1675680 654
1675690 653
1675700 653
1675710 652
1675720 651
1675730 651
1675740 651
1675750 651
1675760 651
1675770 650
1675780 651
1675790 651
1675800 652
1675810 654
1675820 654
1675830 655
1675840 657
1675850 657
1675860 659
1675870 660
1675880 660
1675890 661
1675900 663
1675910 663
1675920 663
1675930 664
1675940 664
1675950 665
1675960 665
1675970 665
1675980 665
1675990 666
1676000 666
1676010 667
1676020 667
1676030 667
1676040 668
1676050 668
1676060 668
1676070 668
1676080 668
1676090 668
1676100 668
1676110 668
1676120 668
1676130 668
1676140 668
1676150 668
1676160 667
1676170 667
1676180 667
1676190 667
1676200 667
1676210 667
1676220 666
1676230 666
1676240 666
1676250 666
1676260 666
1676270 665
1676280 665
1676290 665
1676300 664
1676310 664
1676320 664
1676330 663
1676340 663
1676350 663
1676360 662
1676370 661
1676380 661
1676390 661
1676400 660
1676410 660
1676420 659
1676430 659
1676440 659
1676450 658
1676460 657
1676470 657
1676480 657
1676490 656
1676500 656
1676510 654
1676520 654
1676530 654
1676540 653
1676550 652
1676560 652
1676570 651
1676580 650
1676590 650
1676600 650
1676610 649
1676620 649
1676630 649
1676640 650
1676650 650
1676660 649
1676670 651
1676680 651
1676690 652
1676700 652
1676710 652
1676720 653
1676730 654
1676740 654
1676750 655
1676760 656
1676770 656
1676780 657
1676790 657
1676800 657
1676810 658
1676820 658
1676830 658
1676840 657
1676850 657
1676860 657
1676870 654
1676880 650
1676890 650
1676900 647
1676910 643
1676920 643
1676930 643
1676940 643
1676950 643
1676960 643
1676970 643
1676980 643
1676990 643
1677000 643
1677010 643
1677020 643
1677030 643
1677040 643
1677050 643
1677060 643
1677070 643
1677080 646
1677090 653
1677100 653
1677110 658
1677120 660
1677130 660
1677140 661
1677150 660
1677160 660
1677170 658
1677180 657
1677190 657
1677200 657
1677210 657
1677220 657
1677230 658
1677240 658
1677250 658
1677260 658
1677270 657
1677280 657
1677290 656
1677300 656
1677310 656
1677320 656
1677330 655
1677340 654
1677350 654
1677360 654
1677370 653
1677380 653
1677390 653
1677400 654
1677410 656
1677420 656
1677430 657
1677440 661
1677450 661
1677460 668
1677470 669
1677480 669
1677490 669
1677500 671
1677510 671
1677520 673
1677530 675
1677540 675
1677550 676
1677560 678
1677570 678
1677580 681
1677590 684
1677600 684
1677610 687
1677620 689
1677630 689
1677640 694
1677650 699
1677660 699
1677670 701
1677680 704
1677690 704
1677700 706
1677710 709
1677720 709
1677730 711
1677740 712
1677750 712
1677760 713
1677770 715
1677780 715
1677790 718
1677800 722
1677810 722
1677820 727
1677830 730
1677840 730
1677850 731
1677860 733
1677870 733
1677880 733
1677890 733
1677900 733
1677910 732
1677920 731
1677930 731
1677940 730
1677950 731
1677960 731
1677970 732
1677980 732
1677990 732
1678000 732
1678010 734
1678020 734
1678030 734
1678040 735
1678050 735
1678060 736
1678070 737
1678080 737
1678090 739
1678100 741
1678110 741
1678120 744
1678130 745
1678140 745
1678150 747
1678160 750
1678170 750
1678180 752
1678190 754
1678200 754
1678210 756
1678220 758
1678230 758
1678240 758
1678250 758
1678260 758
1678270 758
1678280 758
1678290 758
1678300 758
1678310 760
1678320 760
1678330 761
1678340 762
1678350 762
1678360 764
1678370 765
1678380 765
1678390 767
1678400 769
1678410 769
1678420 770
1678430 770
1678440 772
1678450 773
1678460 773
1678470 775
1678480 776
1678490 776
1678500 779
1678510 783
1678520 783
1678530 786
1678540 791
1678550 791
1678560 795
1678570 799
1678580 799
1678590 802
1678600 805
1678610 805
1678620 808
1678630 811
1678640 811
1678650 814
1678660 816
1678670 816
1678680 819
1678690 822
1678700 822
1678710 824
1678720 827
1678730 827
1678740 827
1678750 828
1678760 828
1678770 831
1678780 833
1678790 833
1678800 834
1678810 834
1678820 834
1678830 835
1678840 838
1678850 838
1678860 843
1678870 850
1678880 850
1678890 853
1678900 855
1678910 855
1678920 860
1678930 863
1678940 863
1678950 866
1678960 868
1678970 868
1678980 873
1678990 871
1679000 871
1679010 871
1679020 871
1679030 871
1679040 868
1679050 867
1679060 867
1679070 867
1679080 867
1679090 867
1679100 866
1679110 865
1679120 865
1679130 864
1679140 864
1679150 864
1679160 863
1679170 861
1679180 861
1679190 860
1679200 858
1679210 858
1679220 857
1679230 855
1679240 855
1679250 853
1679260 852
1679270 852
1679280 849
1679290 846
1679300 846
1679310 844
1679320 841
1679330 841
1679340 838
1679350 836
1679360 836
1679370 830
1679380 825
1679390 825
1679400 821
1679410 815
1679420 815
1679430 810
1679440 805
1679450 805
1679460 803
1679470 802
1679480 802
1679490 801
1679500 799
1679510 799
1679520 798
1679530 798
1679540 797
1679550 795
1679560 795
1679570 794
1679580 794
1679590 794
1679600 793
1679610 792
1679620 792
1679630 791
1679640 791
1679650 791
1679660 790
1679670 789
1679680 789
1679690 789
1679700 788
1679710 788
1679720 787
1679730 787
1679740 787
1679750 787
1679760 786
1679770 786
1679780 786
1679790 785
1679800 785
1679810 785
1679820 785
1679830 785
1679840 784
1679850 783
1679860 783
1679870 782
1679880 781
1679890 781
1679900 780
1679910 779
1679920 779
1679930 778
1679940 778
1679950 778
1679960 778
1679970 777
1679980 777
1679990 776
