1660000 843
1660010 843
1660020 845
1660030 846
1660040 846
1660050 846
1660060 847
1660070 847
1660080 847
1660090 847
1660100 847
1660110 848
1660120 848
1660130 848
1660140 849
1660150 850
1660160 849
1660170 849
1660180 849
1660190 849
1660200 849
1660210 849
1660220 849
1660230 849
1660240 849
1660250 849
1660260 849
1660270 848
1660280 848
1660290 848
1660300 848
1660310 848
1660320 848
1660330 848
1660340 848
1660350 848
1660360 848
1660370 848
1660380 847
1660390 847
1660400 847
1660410 847
1660420 846
1660430 846
1660440 845
1660450 844
1660460 844
1660470 843
1660480 841
1660490 841
1660500 840
1660510 841
1660520 841
1660530 841
1660540 840
1660550 840
1660560 840
1660570 841
1660580 841
1660590 841
1660600 841
1660610 841
1660620 841
1660630 842
1660640 842
1660650 841
1660660 841
1660670 842
1660680 842
1660690 842
1660700 842
1660710 842
1660720 842
1660730 843
1660740 843
1660750 843
1660760 843
1660770 843
1660780 843
1660790 843
1660800 843
1660810 843
1660820 843
1660830 843
1660840 843
1660850 844
1660860 844
1660870 844
1660880 844
1660890 844
1660900 844
1660910 844
1660920 844
1660930 844
1660940 844
1660950 844
1660960 844
1660970 844
1660980 844
1660990 844
1661000 845
1661010 845
1661020 845
1661030 844
1661040 845
1661050 845
1661060 845
1661070 844
1661080 844
1661090 844
1661100 844
1661110 844
1661120 844
1661130 844
1661140 844
1661150 844
1661160 844
1661170 844
1661180 844
1661190 843
1661200 843
1661210 843
1661220 843
1661230 843
1661240 843
1661250 843
1661260 843
1661270 843
1661280 843
1661290 843
1661300 842
1661310 842
1661320 842
1661330 841
1661340 840
1661350 840
1661360 839
1661370 838
1661380 838
1661390 837
1661400 836
1661410 836
1661420 836
1661430 835
1661440 835
1661450 835
1661460 834
1661470 834
1661480 834
1661490 833
1661500 833
1661510 833
1661520 834
1661530 834
1661540 833
1661550 833
1661560 833
1661570 832
1661580 831
1661590 831
1661600 831
1661610 830
1661620 830
1661630 830
1661640 830
1661650 830
1661660 830
1661670 830
1661680 829
1661690 829
1661700 829
1661710 828
1661720 828
1661730 828
1661740 827
1661750 827
1661760 827
1661770 827
1661780 827
1661790 827
1661800 827
1661810 827
1661820 827
1661830 826
1661840 826
1661850 826
1661860 827
1661870 827
1661880 827
1661890 827
1661900 827
1661910 827
1661920 827
1661930 827
1661940 827
1661950 826
1661960 826
1661970 826
1661980 826
1661990 826
1662000 826
1662010 827
1662020 827
1662030 827
1662040 827
1662050 827
1662060 827
1662070 828
1662080 829
1662090 829
1662100 829
1662110 830
1662120 830
1662130 830
1662140 831
1662150 831
1662160 831
1662170 831
1662180 831
1662190 831
1662200 831
1662210 831
1662220 831
1662230 831
1662240 831
1662250 831
1662260 831
1662270 831
1662280 831
1662290 831
1662300 831
1662310 831
1662320 832
1662330 832
1662340 831
1662350 831
1662360 831
1662370 831
1662380 832
1662390 832
1662400 832
1662410 832
1662420 832
1662430 832
1662440 833
1662450 833
1662460 833
1662470 833
1662480 833
1662490 833
1662500 834
1662510 834
1662520 834
1662530 834
1662540 834
1662550 834
1662560 834
1662570 834
1662580 835
1662590 835
1662600 835
1662610 835
1662620 835
1662630 835
1662640 836
1662650 835
1662660 835
1662670 836
1662680 836
1662690 836
1662700 835
1662710 835
1662720 835
1662730 835
1662740 835
1662750 835
1662760 834
1662770 834
1662780 834
1662790 834
1662800 834
1662810 834
1662820 833
1662830 833
1662840 833
1662850 833
1662860 833
1662870 833
1662880 833
1662890 833
1662900 833
1662910 833
1662920 833
1662930 833
1662940 833
1662950 833
1662960 833
1662970 833
1662980 833
1662990 833
1663000 833
1663010 833
1663020 832
1663030 831
1663040 831
1663050 831
1663060 831
1663070 831
1663080 831
1663090 830
1663100 830
1663110 830
1663120 829
1663130 829
1663140 828
1663150 827
1663160 827
1663170 827
1663180 826
1663190 826
1663200 824
1663210 823
1663220 823
1663230 822
1663240 821
1663250 821
1663260 820
1663270 819
1663280 819
1663290 818
1663300 817
1663310 817
1663320 816
1663330 816
1663340 816
1663350 815
1663360 815
1663370 815
1663380 814
1663390 814
1663400 814
1663410 813
1663420 812
1663430 812
1663440 812
1663450 812
1663460 812
1663470 812
1663480 811
1663490 811
1663500 810
1663510 810
1663520 810
1663530 809
1663540 808
1663550 808
1663560 808
1663570 808
1663580 808
1663590 808
1663600 808
1663610 808
1663620 808
1663630 808
1663640 808
1663650 808
1663660 808
1663670 808
1663680 808
1663690 808
1663700 808
1663710 808
1663720 808
1663730 808
1663740 808
1663750 808
1663760 809
1663770 809
1663780 809
1663790 809
1663800 809
1663810 809
1663820 809
1663830 810
1663840 810
1663850 811
1663860 811
1663870 811
1663880 811
1663890 812
1663900 812
1663910 812
1663920 812
1663930 812
1663940 812
1663950 812
1663960 812
1663970 811
1663980 811
1663990 811
1664000 810
1664010 810
1664020 810
1664030 809
1664040 807
1664050 807
1664060 806
1664070 805
1664080 805
1664090 805
1664100 806
1664110 806
1664120 807
1664130 808
1664140 808
1664150 808
1664160 808
1664170 808
1664180 808
1664190 808
1664200 808
1664210 808
1664220 809
1664230 809
1664240 809
1664250 810
1664260 810
1664270 810
1664280 810
1664290 810
1664300 810
1664310 810
1664320 810
1664330 808
1664340 807
1664350 807
1664360 806
1664370 806
1664380 806
1664390 806
1664400 806
1664410 806
1664420 805
1664430 804
1664440 804
1664450 804
1664460 802
1664470 802
1664480 802
1664490 802
1664500 802
1664510 802
1664520 802
1664530 802
1664540 802
1664550 803
1664560 803
1664570 803
1664580 803
1664590 803
1664600 804
1664610 804
1664620 804
1664630 804
1664640 805
1664650 805
1664660 805
1664670 805
1664680 805
1664690 806
1664700 806
1664710 806
1664720 807
1664730 809
1664740 809
1664750 809
1664760 809
1664770 809
1664780 811
1664790 811
1664800 812
1664810 814
1664820 814
1664830 816
1664840 817
1664850 817
1664860 816
1664870 816
1664880 816
1664890 816
1664900 816
1664910 816
1664920 815
1664930 816
1664940 816
1664950 817
1664960 817
1664970 817
1664980 818
1664990 818
1665000 818
1665010 819
1665020 820
1665030 820
1665040 822
1665050 823
1665060 823
1665070 824
1665080 825
1665090 825
1665100 826
1665110 826
1665120 826
1665130 827
1665140 829
1665150 829
1665160 830
1665170 830
1665180 830
1665190 829
1665200 827
1665210 827
1665220 826
1665230 825
1665240 825
1665250 825
1665260 825
1665270 825
1665280 824
1665290 824
1665300 824
1665310 824
1665320 825
1665330 825
1665340 825
1665350 825
1665360 825
1665370 826
1665380 826
1665390 826
1665400 826
1665410 826
1665420 826
1665430 826
1665440 827
1665450 827
1665460 827
1665470 827
1665480 827
1665490 827
1665500 827
1665510 827
1665520 828
1665530 829
1665540 829
1665550 829
1665560 829
1665570 829
1665580 829
1665590 829
1665600 829
1665610 829
1665620 830
1665630 830
1665640 830
1665650 831
1665660 831
1665670 830
1665680 830
1665690 830
1665700 831
1665710 831
1665720 831
1665730 831
1665740 832
1665750 832
1665760 832
1665770 832
1665780 832
1665790 834
1665800 836
1665810 836
1665820 837
1665830 837
1665840 839
1665850 840
1665860 840
1665870 841
1665880 842
1665890 842
1665900 842
1665910 842
1665920 842
1665930 843
1665940 843
1665950 843
1665960 843
1665970 841
1665980 841
1665990 840
1666000 838
1666010 838
1666020 837
1666030 835
1666040 835
1666050 834
1666060 833
1666070 833
1666080 832
1666090 831
1666100 831
1666110 830
1666120 829
1666130 829
1666140 828
1666150 827
1666160 827
1666170 823
1666180 819
1666190 819
1666200 814
1666210 811
1666220 811
1666230 810
1666240 808
1666250 808
1666260 807
1666270 807
1666280 807
1666290 807
1666300 807
1666310 807
1666320 808
1666330 808
1666340 808
1666350 809
1666360 810
1666370 810
1666380 811
1666390 813
1666400 813
1666410 814
1666420 817
1666430 817
1666440 818
1666450 821
1666460 821
1666470 823
1666480 824
1666490 824
1666500 825
1666510 825
1666520 825
1666530 826
1666540 827
1666550 827
1666560 829
1666570 830
1666580 830
1666590 830
1666600 830
1666610 830
1666620 830
1666630 830
1666640 830
1666650 831
1666660 832
1666670 832
1666680 832
1666690 831
1666700 831
1666710 830
1666720 831
1666730 831
1666740 830
1666750 830
1666760 830
1666770 828
1666780 825
1666790 825
1666800 822
1666810 819
1666820 819
1666830 816
1666840 813
1666850 813
1666860 810
1666870 810
1666880 807
1666890 805
1666900 805
1666910 803
1666920 802
1666930 802
1666940 801
1666950 800
1666960 800
1666970 799
1666980 799
1666990 799
1667000 799
1667010 799
1667020 799
1667030 799
1667040 799
1667050 799
1667060 799
1667070 799
1667080 799
1667090 799
1667100 800
1667110 800
1667120 801
1667130 804
1667140 804
1667150 808
1667160 810
1667170 810
1667180 812
1667190 814
1667200 814
1667210 815
1667220 816
1667230 816
1667240 818
1667250 819
1667260 819
1667270 819
1667280 819
1667290 819
1667300 819
1667310 819
1667320 819
1667330 819
1667340 818
1667350 818
1667360 817
1667370 817
1667380 817
1667390 816
1667400 815
1667410 815
1667420 815
1667430 814
1667440 814
1667450 814
1667460 814
1667470 814
1667480 813
1667490 813
1667500 813
1667510 812
1667520 812
1667530 812
1667540 811
1667550 810
1667560 810
1667570 810
1667580 809
1667590 809
1667600 809
1667610 808
1667620 808
1667630 808
1667640 807
1667650 807
1667660 807
1667670 806
1667680 806
1667690 806
1667700 805
1667710 805
1667720 805
1667730 804
1667740 804
1667750 803
1667760 802
1667770 802
1667780 801
1667790 801
1667800 801
1667810 798
1667820 796
1667830 796
1667840 795
1667850 793
1667860 793
1667870 791
1667880 790
1667890 790
1667900 788
1667910 788
1667920 787
1667930 786
1667940 786
1667950 785
1667960 784
1667970 784
1667980 783
1667990 782
1668000 782
1668010 781
1668020 781
1668030 781
1668040 780
1668050 780
1668060 780
1668070 780
1668080 779
1668090 779
1668100 779
1668110 779
1668120 779
1668130 779
1668140 777
1668150 777
1668160 776
1668170 776
1668180 776
1668190 775
1668200 774
1668210 774
1668220 773
1668230 772
1668240 772
1668250 772
1668260 772
1668270 772
1668280 771
1668290 771
1668300 771
1668310 771
1668320 771
1668330 771
1668340 771
1668350 771
1668360 771
1668370 770
1668380 769
1668390 769
1668400 769
1668410 767
1668420 767
1668430 765
1668440 762
1668450 762
1668460 759
1668470 757
1668480 757
1668490 755
1668500 753
1668510 753
1668520 751
1668530 749
1668540 749
1668550 748
1668560 749
1668570 749
1668580 748
1668590 747
1668600 747
1668610 747
1668620 746
1668630 746
1668640 746
1668650 746
1668660 746
1668670 746
1668680 747
1668690 747
1668700 750
1668710 756
1668720 756
1668730 758
1668740 758
1668750 758
1668760 759
1668770 760
1668780 760
1668790 761
1668800 760
1668810 760
1668820 760
1668830 760
1668840 760
1668850 763
1668860 763
1668870 763
1668880 763
1668890 763
1668900 763
1668910 761
1668920 761
1668930 755
1668940 746
1668950 746
1668960 746
1668970 748
1668980 748
1668990 752
1669000 757
1669010 757
1669020 762
1669030 768
1669040 768
1669050 770
1669060 770
1669070 770
1669080 770
1669090 769
1669100 769
1669110 766
1669120 762
1669130 762
1669140 757
1669150 754
1669160 754
1669170 751
1669180 752
1669190 752
1669200 753
1669210 754
1669220 754
1669230 757
1669240 759
1669250 759
1669260 762
1669270 764
1669280 764
1669290 763
1669300 762
1669310 762
1669320 762
1669330 763
1669340 763
1669350 765
1669360 765
1669370 765
1669380 766
1669390 767
1669400 767
1669410 767
1669420 768
1669430 768
1669440 770
1669450 772
1669460 772
1669470 773
1669480 774
1669490 774
1669500 776
1669510 779
1669520 779
1669530 781
1669540 783
1669550 783
1669560 783
1669570 785
1669580 785
1669590 787
1669600 789
1669610 789
1669620 792
1669630 796
1669640 796
1669650 800
1669660 802
1669670 802
1669680 804
1669690 806
1669700 806
1669710 807
1669720 809
1669730 809
1669740 811
1669750 814
1669760 814
1669770 816
1669780 818
1669790 818
1669800 819
1669810 820
1669820 820
1669830 821
1669840 822
1669850 822
1669860 824
1669870 825
1669880 825
1669890 826
1669900 826
1669910 826
1669920 827
1669930 829
1669940 829
1669950 829
1669960 829
1669970 829
1669980 829
1669990 829
1670000 829
1670010 828
1670020 828
1670030 828
1670040 827
1670050 827
1670060 826
1670070 824
1670080 824
1670090 822
1670100 820
1670110 820
1670120 818
1670130 817
1670140 817
1670150 816
1670160 816
1670170 816
1670180 817
1670190 817
1670200 817
1670210 818
1670220 818
1670230 818
1670240 817
1670250 815
1670260 819
1670270 817
1670280 816
1670290 816
1670300 815
1670310 814
1670320 814
1670330 814
1670340 813
1670350 813
1670360 812
1670370 812
1670380 812
1670390 811
1670400 810
1670410 810
1670420 809
1670430 809
1670440 809
1670450 808
1670460 808
1670470 808
1670480 807
1670490 807
1670500 807
1670510 807
1670520 807
1670530 807
1670540 807
1670550 807
1670560 807
1670570 806
1670580 805
1670590 805
1670600 804
1670610 803
1670620 803
1670630 802
1670640 801
1670650 801
1670660 801
1670670 800
1670680 800
1670690 799
1670700 798
1670710 798
1670720 798
1670730 797
1670740 797
1670750 796
1670760 795
1670770 795
1670780 795
1670790 794
1670800 794
1670810 793
1670820 792
1670830 792
1670840 791
1670850 789
1670860 789
1670870 788
1670880 785
1670890 785
1670900 784
1670910 783
1670920 783
1670930 782
1670940 781
1670950 781
1670960 777
1670970 775
1670980 775
1670990 773
1671000 773
1671010 771
1671020 768
1671030 768
1671040 767
1671050 765
1671060 765
1671070 762
1671080 760
1671090 760
1671100 760
1671110 758
1671120 758
1671130 756
1671140 753
1671150 753
1671160 751
1671170 750
1671180 750
1671190 748
1671200 747
1671210 747
1671220 747
1671230 746
1671240 746
1671250 745
1671260 745
1671270 745
1671280 744
1671290 744
1671300 744
1671310 744
1671320 744
1671330 744
1671340 744
1671350 744
1671360 744
1671370 744
1671380 744
1671390 744
1671400 745
1671410 744
1671420 744
1671430 744
1671440 744
1671450 744
1671460 743
1671470 743
1671480 743
1671490 743
1671500 744
1671510 744
1671520 742
1671530 743
1671540 743
1671550 743
1671560 744
1671570 744
1671580 744
1671590 745
1671600 745
1671610 745
1671620 745
1671630 745
1671640 745
1671650 745
1671660 748
1671670 746
1671680 749
1671690 749
1671700 751
1671710 750
1671720 750
1671730 749
1671740 748
1671750 748
1671760 747
1671770 746
1671780 746
1671790 746
1671800 745
1671810 745
1671820 743
1671830 741
1671840 741
1671850 739
1671860 738
1671870 738
1671880 737
1671890 735
1671900 735
1671910 735
1671920 734
1671930 734
1671940 733
1671950 733
1671960 733
1671970 733
1671980 733
1671990 733
1672000 733
1672010 733
1672020 734
1672030 734
1672040 734
1672050 734
1672060 734
1672070 734
1672080 734
1672090 734
1672100 734
1672110 735
1672120 736
1672130 736
1672140 737
1672150 738
1672160 738
1672170 739
1672180 739
1672190 739
1672200 740
1672210 740
1672220 740
1672230 740
1672240 741
1672250 741
1672260 741
1672270 741
1672280 741
1672290 741
1672300 741
1672310 741
1672320 741
1672330 741
1672340 741
1672350 742
1672360 743
1672370 743
1672380 743
1672390 742
1672400 742
1672410 742
1672420 742
1672430 742
1672440 740
1672450 739
1672460 739
1672470 737
1672480 734
1672490 734
1672500 730
1672510 726
1672520 726
1672530 723
1672540 720
1672550 720
1672560 719
1672570 719
1672580 719
1672590 718
1672600 716
1672610 716
1672620 713
1672630 710
1672640 710
1672650 707
1672660 707
1672670 707
1672680 706
1672690 706
1672700 706
1672710 706
1672720 707
1672730 707
1672740 708
1672750 710
1672760 710
1672770 714
1672780 718
1672790 718
1672800 721
1672810 724
1672820 724
1672830 727
1672840 729
1672850 729
1672860 732
1672870 734
1672880 734
1672890 737
1672900 738
1672910 738
1672920 739
1672930 740
1672940 740
1672950 740
1672960 739
1672970 739
1672980 739
1672990 738
1673000 738
1673010 738
1673020 737
1673030 737
1673040 737
1673050 739
1673060 738
1673070 738
1673080 738
1673090 738
1673100 738
1673110 738
1673120 737
1673130 736
1673140 736
1673150 734
1673160 733
1673170 733
1673180 732
1673190 730
1673200 730
1673210 729
1673220 728
1673230 728
1673240 727
1673250 729
1673260 729
1673270 731
1673280 731
1673290 731
1673300 733
1673310 735
1673320 735
1673330 736
1673340 738
1673350 738
1673360 739
1673370 741
1673380 741
1673390 743
1673400 744
1673410 744
1673420 746
1673430 748
1673440 748
1673450 749
1673460 750
1673470 750
1673480 751
1673490 752
1673500 752
1673510 753
1673520 754
1673530 754
1673540 754
1673550 755
1673560 755
1673570 755
1673580 755
1673590 755
1673600 754
1673610 754
1673620 754
1673630 754
1673640 753
1673650 753
1673660 752
1673670 751
1673680 751
1673690 751
1673700 750
1673710 750
1673720 749
1673730 748
1673740 748
1673750 747
1673760 746
1673770 746
1673780 745
1673790 745
1673800 745
1673810 745
1673820 743
1673830 743
1673840 741
1673850 739
1673860 739
1673870 735
1673880 732
1673890 732
1673900 729
1673910 727
1673920 727
1673930 722
1673940 721
1673950 721
1673960 721
1673970 722
1673980 722
1673990 723
1674000 724
1674010 724
1674020 724
1674030 724
1674040 724
1674050 723
1674060 724
1674070 724
1674080 723
1674090 723
1674100 723
1674110 722
1674120 722
1674130 721
1674140 719
1674150 719
1674160 718
1674170 716
1674180 716
1674190 715
1674200 713
1674210 713
1674220 711
1674230 710
1674240 710
1674250 709
1674260 708
1674270 708
1674280 706
1674290 705
1674300 705
1674310 703
1674320 703
1674330 703
1674340 702
1674350 702
1674360 702
1674370 703
1674380 703
1674390 703
1674400 704
1674410 705
1674420 705
1674430 709
1674440 709
1674450 709
1674460 709
1674470 709
1674480 709
1674490 708
1674500 707
1674510 707
1674520 706
1674530 700
1674540 700
1674550 694
1674560 689
1674570 689
1674580 688
1674590 686
1674600 686
1674610 684
1674620 683
1674630 683
1674640 682
1674650 684
1674660 684
1674670 686
1674680 689
1674690 689
1674700 693
1674710 696
1674720 696
1674730 698
1674740 701
1674750 701
1674760 704
1674770 707
1674780 707
1674790 709
1674800 711
1674810 711
1674820 712
1674830 713
1674840 713
1674850 714
1674860 715
1674870 715
1674880 715
1674890 714
1674900 714
1674910 712
1674920 709
1674930 709
1674940 707
1674950 707
1674960 707
1674970 707
1674980 708
1674990 708
1675000 710
1675010 713
1675020 713
1675030 716
1675040 718
1675050 718
1675060 720
1675070 722
1675080 722
1675090 725
1675100 728
1675110 726
1675120 729
1675130 729
1675140 733
1675150 737
1675160 737
1675170 741
1675180 744
1675190 744
1675200 747
1675210 750
1675220 750
1675230 752
1675240 754
1675250 754
1675260 755
1675270 756
1675280 756
1675290 757
1675300 757
1675310 757
1675320 756
1675330 755
1675340 755
1675350 753
1675360 750
1675370 750
1675380 750
1675390 750
1675400 750
1675410 750
1675420 749
1675430 749
1675440 747
1675450 746
1675460 746
1675470 746
1675480 745
1675490 745
1675500 744
1675510 743
1675520 743
1675530 742
1675540 742
1675550 742
1675560 741
1675570 740
1675580 740
1675590 739
1675600 739
1675610 739
1675620 738
1675630 736
1675640 736
1675650 735
1675660 733
1675670 733
1675680 731
1675690 728
1675700 728
1675710 726
1675720 724
1675730 724
1675740 724
1675750 723
1675760 723
1675770 722
1675780 720
1675790 721
1675800 720
1675810 719
1675820 719
1675830 717
1675840 716
1675850 716
1675860 715
1675870 714
1675880 714
1675890 713
1675900 712
1675910 712
1675920 711
1675930 710
1675940 710
1675950 709
1675960 708
1675970 708
1675980 707
1675990 705
1676000 705
1676010 702
1676020 700
1676030 700
1676040 698
1676050 698
1676060 698
1676070 698
1676080 699
1676090 699
1676100 699
1676110 701
1676120 701
1676130 702
1676140 702
1676150 703
1676160 704
1676170 704
1676180 705
1676190 707
1676200 707
1676210 709
1676220 711
1676230 711
1676240 712
1676250 712
1676260 712
1676270 713
1676280 713
1676290 713
1676300 714
1676310 715
1676320 715
1676330 716
1676340 717
1676350 717
1676360 718
1676370 719
1676380 719
1676390 720
1676400 722
1676410 722
1676420 724
1676430 726
1676440 726
1676450 728
1676460 730
1676470 732
1676480 733
1676490 734
1676500 734
1676510 735
1676520 735
1676530 735
1676540 733
1676550 730
1676560 730
1676570 728
1676580 726
1676590 726
1676600 726
1676610 724
1676620 724
1676630 722
1676640 720
1676650 720
1676660 718
1676670 716
1676680 716
1676690 715
1676700 714
1676710 714
1676720 712
1676730 711
1676740 711
1676750 710
1676760 709
1676770 709
1676780 708
1676790 707
1676800 707
1676810 707
1676820 707
1676830 707
1676840 705
1676850 704
1676860 704
1676870 703
1676880 702
1676890 702
1676900 700
1676910 699
1676920 699
1676930 698
1676940 697
1676950 697
1676960 696
1676970 696
1676980 696
1676990 695
1677000 694
1677010 694
1677020 693
1677030 691
1677040 691
1677050 690
1677060 688
1677070 688
1677080 687
1677090 685
1677100 685
1677110 683
1677120 682
1677130 682
1677140 681
1677150 679
1677160 679
1677170 678
1677180 678
1677190 677
1677200 676
1677210 676
1677220 675
1677230 674
1677240 674
1677250 673
1677260 672
1677270 672
1677280 671
1677290 670
1677300 670
1677310 669
1677320 668
1677330 668
1677340 667
1677350 666
1677360 666
1677370 665
1677380 664
1677390 664
1677400 663
1677410 662
1677420 662
1677430 662
1677440 661
1677450 661
1677460 660
1677470 660
1677480 660
1677490 659
1677500 659
1677510 659
1677520 658
1677530 658
1677540 658
1677550 657
1677560 656
1677570 656
1677580 654
1677590 653
1677600 653
1677610 652
1677620 651
1677630 651
1677640 650
1677650 649
1677660 649
1677670 648
1677680 647
1677690 647
1677700 646
1677710 645
1677720 645
1677730 644
1677740 643
1677750 643
1677760 642
1677770 641
1677780 641
1677790 639
1677800 636
1677810 636
1677820 633
1677830 630
1677840 630
1677850 628
1677860 628
1677870 628
1677880 627
1677890 627
1677900 627
1677910 626
1677920 626
1677930 626
1677940 625
1677950 625
1677960 625
1677970 625
1677980 624
1677990 624
1678000 624
1678010 624
1678020 624
1678030 624
1678040 624
1678050 624
1678060 623
1678070 622
1678080 622
1678090 622
1678100 621
1678110 621
1678120 621
1678130 620
1678140 620
1678150 619
1678160 618
1678170 618
1678180 617
1678190 617
1678200 616
1678210 616
1678220 616
1678230 616
1678240 617
1678250 617
1678260 617
1678270 619
1678280 619
1678290 620
1678300 621
1678310 621
1678320 621
1678330 621
1678340 621
1678350 620
1678360 619
1678370 619
1678380 618
1678390 620
1678400 620
1678410 621
1678420 622
1678430 622
1678440 623
1678450 625
1678460 625
1678470 627
1678480 628
1678490 628
1678500 627
1678510 626
1678520 626
1678530 623
1678540 619
1678550 619
1678560 615
1678570 611
1678580 611
1678590 608
1678600 605
1678610 605
1678620 602
1678630 601
1678640 601
1678650 600
1678660 602
1678670 602
1678680 605
1678690 606
1678700 606
1678710 610
1678720 614
1678730 614
1678740 617
1678750 618
1678760 618
1678770 618
1678780 619
1678790 619
1678800 619
1678810 619
1678820 619
1678830 620
1678840 620
1678850 620
1678860 619
1678870 616
1678880 616
1678890 611
1678900 605
1678910 605
1678920 602
1678930 600
1678940 600
1678950 598
1678960 597
1678970 597
1678980 597
1678990 597
1679000 597
1679010 598
1679020 599
1679030 599
1679040 600
1679050 600
1679060 600
1679070 604
1679080 608
1679090 608
1679100 609
1679110 609
1679120 609
1679130 608
1679140 605
1679150 605
1679160 604
1679170 602
1679180 602
1679190 602
1679200 605
1679210 605
1679220 607
1679230 607
1679240 611
1679250 617
1679260 617
1679270 623
1679280 627
1679290 627
1679300 630
1679310 634
1679320 634
1679330 637
1679340 640
1679350 640
1679360 642
1679370 643
1679380 643
1679390 645
1679400 647
1679410 647
1679420 649
1679430 651
1679440 651
1679450 653
1679460 655
1679470 655
1679480 657
1679490 660
1679500 660
1679510 663
1679520 667
1679530 667
1679540 670
1679550 672
1679560 672
1679570 674
1679580 676
1679590 676
1679600 678
1679610 679
1679620 679
1679630 679
1679640 680
1679650 680
1679660 680
1679670 680
1679680 680
1679690 680
1679700 679
1679710 679
1679720 677
1679730 675
1679740 675
1679750 672
1679760 669
1679770 669
1679780 666
1679790 664
1679800 664
1679810 663
1679820 660
1679830 660
1679840 654
1679850 652
1679860 652
1679870 648
1679880 645
1679890 645
1679900 642
1679910 638
1679920 638
1679930 635
1679940 633
1679950 633
1679960 631
1679970 629
1679980 629
1679990 626
