1660000 845
1660010 845
1660020 845
1660030 845
1660040 845
1660050 845
1660060 844
1660070 844
1660080 843
1660090 842
1660100 842
1660110 842
1660120 841
1660130 841
1660140 842
1660150 843
1660160 843
1660170 844
1660180 844
1660190 844
1660200 845
1660210 847
1660220 847
1660230 848
1660240 849
1660250 849
1660260 850
1660270 851
1660280 851
1660290 852
1660300 856
1660310 856
1660320 860
1660330 863
1660340 863
1660350 864
1660360 864
1660370 864
1660380 864
1660390 865
1660400 865
1660410 866
1660420 866
1660430 866
1660440 867
1660450 867
1660460 867
1660470 867
1660480 866
1660490 866
1660500 866
1660510 866
1660520 866
1660530 866
1660540 866
1660550 866
1660560 866
1660570 865
1660580 865
1660590 865
1660600 865
1660610 865
1660620 864
1660630 864
1660640 864
1660650 864
1660660 865
1660670 865
1660680 865
1660690 866
1660700 866
1660710 867
1660720 869
1660730 869
1660740 870
1660750 871
1660760 871
1660770 872
1660780 873
1660790 873
1660800 873
1660810 873
1660820 873
1660830 873
1660840 873
1660850 873
1660860 873
1660870 873
1660880 872
1660890 871
1660900 871
1660910 870
1660920 869
1660930 869
1660940 868
1660950 867
1660960 867
1660970 866
1660980 865
1660990 865
1661000 864
1661010 863
1661020 863
1661030 862
1661040 862
1661050 862
1661060 862
1661070 862
1661080 862
1661090 862
1661100 861
1661110 861
1661120 861
1661130 861
1661140 861
1661150 860
1661160 861
1661170 861
1661180 860
1661190 860
1661200 860
1661210 859
1661220 859
1661230 859
1661240 858
1661250 858
1661260 858
1661270 857
1661280 857
1661290 857
1661300 857
1661310 856
1661320 856
1661330 856
1661340 857
1661350 857
1661360 856
1661370 855
1661380 855
1661390 855
1661400 854
1661410 854
1661420 853
1661430 851
1661440 851
1661450 848
1661460 845
1661470 845
1661480 841
1661490 837
1661500 837
1661510 834
1661520 832
1661530 832
1661540 830
1661550 829
1661560 829
1661570 828
1661580 827
1661590 827
1661600 826
1661610 825
1661620 825
1661630 824
1661640 824
1661650 824
1661660 824
1661670 825
1661680 825
1661690 826
1661700 826
1661710 826
1661720 827
1661730 827
1661740 827
1661750 828
1661760 828
1661770 828
1661780 828
1661790 828
1661800 828
1661810 828
1661820 828
1661830 828
1661840 828
1661850 828
1661860 828
1661870 827
1661880 827
1661890 827
1661900 826
1661910 826
1661920 826
1661930 826
1661940 826
1661950 826
1661960 826
1661970 826
1661980 825
1661990 825
1662000 825
1662010 825
1662020 825
1662030 825
1662040 825
1662050 825
1662060 825
1662070 825
1662080 825
1662090 825
1662100 825
1662110 825
1662120 825
1662130 825
1662140 825
1662150 825
1662160 825
1662170 825
1662180 825
1662190 825
1662200 825
1662210 825
1662220 825
1662230 826
1662240 826
1662250 826
1662260 825
1662270 825
1662280 825
1662290 825
1662300 825
1662310 825
1662320 825
1662330 825
1662340 825
1662350 825
1662360 825
1662370 825
1662380 824
1662390 824
1662400 824
1662410 825
1662420 825
1662430 825
1662440 825
1662450 825
1662460 825
1662470 825
1662480 825
1662490 825
1662500 826
1662510 826
1662520 826
1662530 826
1662540 826
1662550 826
1662560 826
1662570 826
1662580 827
1662590 827
1662600 827
1662610 827
1662620 827
1662630 826
1662640 826
1662650 826
1662660 826
1662670 826
1662680 826
1662690 826
1662700 827
1662710 827
1662720 827
1662730 827
1662740 827
1662750 827
1662760 828
1662770 828
1662780 828
1662790 829
1662800 829
1662810 829
1662820 829
1662830 830
1662840 830
1662850 830
1662860 830
1662870 830
1662880 831
1662890 831
1662900 831
1662910 831
1662920 831
1662930 830
1662940 831
1662950 831
1662960 831
1662970 831
1662980 831
1662990 832
1663000 832
1663010 832
1663020 832
1663030 832
1663040 832
1663050 832
1663060 832
1663070 832
1663080 832
1663090 832
1663100 832
1663110 832
1663120 832
1663130 832
1663140 832
1663150 831
1663160 831
1663170 831
1663180 831
1663190 831
1663200 830
1663210 830
1663220 830
1663230 830
1663240 830
1663250 830
1663260 830
1663270 830
1663280 830
1663290 830
1663300 830
1663310 830
1663320 830
1663330 830
1663340 830
1663350 830
1663360 829
1663370 829
1663380 829
1663390 828
1663400 828
1663410 828
1663420 827
1663430 827
1663440 827
1663450 827
1663460 827
1663470 826
1663480 826
1663490 826
1663500 826
1663510 825
1663520 825
1663530 825
1663540 824
1663550 824
1663560 824
1663570 823
1663580 823
1663590 823
1663600 823
1663610 823
1663620 822
1663630 822
1663640 822
1663650 821
1663660 820
1663670 820
1663680 819
1663690 818
1663700 818
1663710 817
1663720 817
1663730 817
1663740 816
1663750 816
1663760 816
1663770 815
1663780 815
1663790 815
1663800 814
1663810 814
1663820 814
1663830 815
1663840 815
1663850 815
1663860 816
1663870 816
1663880 816
1663890 816
1663900 816
1663910 816
1663920 816
1663930 816
1663940 816
1663950 815
1663960 815
1663970 815
1663980 815
1663990 815
1664000 815
1664010 815
1664020 815
1664030 815
1664040 815
1664050 815
1664060 815
1664070 815
1664080 815
1664090 814
1664100 815
1664110 815
1664120 815
1664130 815
1664140 815
1664150 815
1664160 815
1664170 815
1664180 816
1664190 816
1664200 816
1664210 816
1664220 817
1664230 817
1664240 817
1664250 817
1664260 817
1664270 817
1664280 818
1664290 818
1664300 818
1664310 818
1664320 818
1664330 819
1664340 819
1664350 819
1664360 819
1664370 820
1664380 820
1664390 820
1664400 820
1664410 820
1664420 821
1664430 821
1664440 821
1664450 823
1664460 825
1664470 825
1664480 823
1664490 823
1664500 823
1664510 824
1664520 824
1664530 824
1664540 825
1664550 825
1664560 825
1664570 825
1664580 826
1664590 826
1664600 826
1664610 826
1664620 826
1664630 827
1664640 827
1664650 827
1664660 827
1664670 828
1664680 828
1664690 828
1664700 828
1664710 828
1664720 829
1664730 829
1664740 829
1664750 829
1664760 830
1664770 830
1664780 830
1664790 831
1664800 831
1664810 832
1664820 832
1664830 832
1664840 833
1664850 834
1664860 834
1664870 835
1664880 835
1664890 835
1664900 836
1664910 836
1664920 836
1664930 837
1664940 837
1664950 836
1664960 835
1664970 835
1664980 835
1664990 834
1665000 834
1665010 834
1665020 834
1665030 834
1665040 835
1665050 835
1665060 835
1665070 834
1665080 834
1665090 834
1665100 833
1665110 832
1665120 832
1665130 832
1665140 832
1665150 832
1665160 832
1665170 831
1665180 831
1665190 831
1665200 831
1665210 831
1665220 831
1665230 830
1665240 830
1665250 830
1665260 830
1665270 830
1665280 830
1665290 830
1665300 830
1665310 830
1665320 830
1665330 830
1665340 830
1665350 831
1665360 831
1665370 831
1665380 831
1665390 831
1665400 831
1665410 831
1665420 831
1665430 831
1665440 831
1665450 831
1665460 830
1665470 830
1665480 830
1665490 829
1665500 829
1665510 829
1665520 829
1665530 829
1665540 827
1665550 826
1665560 825
1665570 825
1665580 824
1665590 823
1665600 823
1665610 821
1665620 819
1665630 819
1665640 817
1665650 817
1665660 817
1665670 817
1665680 818
1665690 818
1665700 819
1665710 819
1665720 819
1665730 819
1665740 819
1665750 819
1665760 818
1665770 818
1665780 818
1665790 817
1665800 817
1665810 817
1665820 816
1665830 816
1665840 816
1665850 816
1665860 817
1665870 817
1665880 817
1665890 817
1665900 817
1665910 817
1665920 817
1665930 817
1665940 817
1665950 817
1665960 817
1665970 818
1665980 818
1665990 818
1666000 818
1666010 818
1666020 819
1666030 819
1666040 819
1666050 820
1666060 820
1666070 820
1666080 821
1666090 821
1666100 821
1666110 822
1666120 822
1666130 822
1666140 823
1666150 823
1666160 823
1666170 824
1666180 825
1666190 825
1666200 826
1666210 828
1666220 828
1666230 829
1666240 831
1666250 831
1666260 832
1666270 831
1666280 831
1666290 831
1666300 830
1666310 830
1666320 830
1666330 829
1666340 829
1666350 829
1666360 828
1666370 828
1666380 828
1666390 828
1666400 828
1666410 828
1666420 828
1666430 828
1666440 828
1666450 828
1666460 828
1666470 829
1666480 829
1666490 829
1666500 829
1666510 830
1666520 830
1666530 830
1666540 831
1666550 831
1666560 832
1666570 833
1666580 833
1666590 834
1666600 834
1666610 834
1666620 834
1666630 834
1666640 834
1666650 834
1666660 834
1666670 834
1666680 834
1666690 834
1666700 834
1666710 834
1666720 834
1666730 834
1666740 834
1666750 834
1666760 834
1666770 833
1666780 833
1666790 833
1666800 834
1666810 834
1666820 834
1666830 834
1666840 835
1666850 835
1666860 835
1666870 836
1666880 836
1666890 836
1666900 837
1666910 837
1666920 837
1666930 838
1666940 838
1666950 838
1666960 839
1666970 840
1666980 840
1666990 840
1667000 839
1667010 838
1667020 838
1667030 838
1667040 838
1667050 838
1667060 837
1667070 837
1667080 837
1667090 838
1667100 838
1667110 838
1667120 838
1667130 837
1667140 837
1667150 837
1667160 836
1667170 836
1667180 835
1667190 835
1667200 835
1667210 834
1667220 834
1667230 834
1667240 833
1667250 832
1667260 832
1667270 832
1667280 831
1667290 831
1667300 831
1667310 830
1667320 830
1667330 830
1667340 829
1667350 829
1667360 829
1667370 829
1667380 829
1667390 829
1667400 828
1667410 828
1667420 828
1667430 828
1667440 828
1667450 828
1667460 828
1667470 828
1667480 828
1667490 827
1667500 827
1667510 826
1667520 826
1667530 826
1667540 825
1667550 824
1667560 824
1667570 824
1667580 823
1667590 823
1667600 822
1667610 821
1667620 821
1667630 821
1667640 820
1667650 820
1667660 820
1667670 819
1667680 819
1667690 818
1667700 817
1667710 817
1667720 817
1667730 816
1667740 816
1667750 815
1667760 814
1667770 814
1667780 813
1667790 813
1667800 813
1667810 813
1667820 812
1667830 812
1667840 812
1667850 812
1667860 812
1667870 810
1667880 810
1667890 810
1667900 809
1667910 809
1667920 809
1667930 808
1667940 807
1667950 807
1667960 807
1667970 806
1667980 806
1667990 805
1668000 805
1668010 805
1668020 804
1668030 804
1668040 803
1668050 802
1668060 802
1668070 802
1668080 801
1668090 801
1668100 800
1668110 798
1668120 798
1668130 798
1668140 798
1668150 798
1668160 798
1668170 797
1668180 797
1668190 797
1668200 796
1668210 796
1668220 796
1668230 796
1668240 796
1668250 795
1668260 794
1668270 794
1668280 794
1668290 794
1668300 794
1668310 793
1668320 793
1668330 793
1668340 792
1668350 791
1668360 791
1668370 790
1668380 789
1668390 789
1668400 786
1668410 781
1668420 781
1668430 777
1668440 775
1668450 775
1668460 775
1668470 777
1668480 777
1668490 780
1668500 783
1668510 783
1668520 787
1668530 790
1668540 790
1668550 792
1668560 793
1668570 793
1668580 794
1668590 794
1668600 794
1668610 794
1668620 794
1668630 794
1668640 794
1668650 793
1668660 793
1668670 793
1668680 793
1668690 793
1668700 793
1668710 792
1668720 792
1668730 792
1668740 791
1668750 791
1668760 791
1668770 791
1668780 791
1668790 790
1668800 789
1668810 789
1668820 789
1668830 788
1668840 788
1668850 787
1668860 786
1668870 786
1668880 784
1668890 783
1668900 783
1668910 782
1668920 780
1668930 780
1668940 778
1668950 779
1668960 779
1668970 780
1668980 782
1668990 782
1669000 785
1669010 785
1669020 789
1669030 791
1669040 791
1669050 793
1669060 794
1669070 794
1669080 796
1669090 797
1669100 797
1669110 800
1669120 801
1669130 801
1669140 802
1669150 804
1669160 804
1669170 806
1669180 807
1669190 807
1669200 809
1669210 812
1669220 812
1669230 813
1669240 814
1669250 814
1669260 816
1669270 817
1669280 817
1669290 817
1669300 817
1669310 817
1669320 816
1669330 816
1669340 816
1669350 815
1669360 813
1669370 813
1669380 812
1669390 811
1669400 811
1669410 811
1669420 810
1669430 810
1669440 810
1669450 810
1669460 810
1669470 810
1669480 810
1669490 810
1669500 810
1669510 810
1669520 810
1669530 811
1669540 811
1669550 811
1669560 811
1669570 811
1669580 811
1669590 811
1669600 811
1669610 811
1669620 812
1669630 812
1669640 812
1669650 812
1669660 812
1669670 812
1669680 812
1669690 813
1669700 813
1669710 813
1669720 814
1669730 814
1669740 814
1669750 815
1669760 815
1669770 815
1669780 815
1669790 815
1669800 816
1669810 818
1669820 818
1669830 818
1669840 819
1669850 819
1669860 819
1669870 820
1669880 820
1669890 820
1669900 820
1669910 820
1669920 820
1669930 820
1669940 820
1669950 820
1669960 820
1669970 820
1669980 820
1669990 820
1670000 820
1670010 819
1670020 819
1670030 819
1670040 819
1670050 819
1670060 819
1670070 819
1670080 819
1670090 819
1670100 819
1670110 819
1670120 819
1670130 819
1670140 819
1670150 820
1670160 820
1670170 820
1670180 820
1670190 821
1670200 821
1670210 821
1670220 821
1670230 821
1670240 821
1670250 821
1670260 821
1670270 822
1670280 822
1670290 822
1670300 823
1670310 824
1670320 824
1670330 825
1670340 825
1670350 825
1670360 826
1670370 827
1670380 827
1670390 828
1670400 829
1670410 829
1670420 830
1670430 831
1670440 831
1670450 831
1670460 831
1670470 831
1670480 831
1670490 831
1670500 831
1670510 831
1670520 831
1670530 831
1670540 830
1670550 830
1670560 830
1670570 829
1670580 829
1670590 829
1670600 829
1670610 829
1670620 829
1670630 828
1670640 828
1670650 828
1670660 828
1670670 829
1670680 829
1670690 829
1670700 830
1670710 830
1670720 832
1670730 833
1670740 833
1670750 835
1670760 836
1670770 836
1670780 836
1670790 836
1670800 836
1670810 835
1670820 835
1670830 835
1670840 835
1670850 835
1670860 835
1670870 835
1670880 836
1670890 836
1670900 836
1670910 836
1670920 836
1670930 836
1670940 836
1670950 836
1670960 836
1670970 835
1670980 835
1670990 835
1671000 834
1671010 834
1671020 832
1671030 832
1671040 831
1671050 830
1671060 830
1671070 829
1671080 827
1671090 827
1671100 825
1671110 823
1671120 823
1671130 822
1671140 820
1671150 820
1671160 818
1671170 817
1671180 817
1671190 815
1671200 813
1671210 812
1671220 810
1671230 808
1671240 808
1671250 805
1671260 802
1671270 802
1671280 799
1671290 795
1671300 795
1671310 792
1671320 790
1671330 790
1671340 788
1671350 785
1671360 785
1671370 783
1671380 779
1671390 779
1671400 776
1671410 774
1671420 774
1671430 773
1671440 772
1671450 772
1671460 771
1671470 772
1671480 772
1671490 773
1671500 776
1671510 776
1671520 777
1671530 778
1671540 778
1671550 778
1671560 778
1671570 778
1671580 777
1671590 776
1671600 776
1671610 775
1671620 774
1671630 774
1671640 773
1671650 771
1671660 771
1671670 770
1671680 768
1671690 768
1671700 766
1671710 764
1671720 764
1671730 761
1671740 759
1671750 759
1671760 756
1671770 753
1671780 753
1671790 751
1671800 750
1671810 750
1671820 749
1671830 747
1671840 747
1671850 745
1671860 742
1671870 742
1671880 738
1671890 735
1671900 735
1671910 732
1671920 731
1671930 731
1671940 732
1671950 732
1671960 732
1671970 733
1671980 735
1671990 735
1672000 739
1672010 743
1672020 743
1672030 746
1672040 749
1672050 749
1672060 752
1672070 752
1672080 754
1672090 755
1672100 755
1672110 757
1672120 757
1672130 757
1672140 758
1672150 759
1672160 759
1672170 759
1672180 758
1672190 758
1672200 757
1672210 753
1672220 753
1672230 748
1672240 743
1672250 743
1672260 738
1672270 734
1672280 734
1672290 730
1672300 726
1672310 726
1672320 725
1672330 725
1672340 725
1672350 727
1672360 731
1672370 731
1672380 735
1672390 741
1672400 741
1672410 745
1672420 749
1672430 749
1672440 753
1672450 755
1672460 755
1672470 757
1672480 759
1672490 759
1672500 760
1672510 762
1672520 762
1672530 763
1672540 765
1672550 765
1672560 766
1672570 769
1672580 769
1672590 772
1672600 774
1672610 774
1672620 777
1672630 779
1672640 779
1672650 782
1672660 785
1672670 785
1672680 787
1672690 790
1672700 790
1672710 793
1672720 797
1672730 797
1672740 800
1672750 805
1672760 805
1672770 807
1672780 808
1672790 808
1672800 808
1672810 807
1672820 807
1672830 806
1672840 806
1672850 806
1672860 805
1672870 803
1672880 803
1672890 802
1672900 800
1672910 800
1672920 798
1672930 797
1672940 797
1672950 795
1672960 793
1672970 793
1672980 789
1672990 786
1673000 786
1673010 782
1673020 778
1673030 778
1673040 777
1673050 776
1673060 776
1673070 774
1673080 774
1673090 773
1673100 772
1673110 772
1673120 771
1673130 768
1673140 768
1673150 765
1673160 761
1673170 761
1673180 759
1673190 759
1673200 759
1673210 760
1673220 758
1673230 758
1673240 757
1673250 755
1673260 755
1673270 753
1673280 751
1673290 751
1673300 746
1673310 744
1673320 744
1673330 742
1673340 739
1673350 739
1673360 735
1673370 730
1673380 730
1673390 727
1673400 724
1673410 724
1673420 722
1673430 720
1673440 720
1673450 720
1673460 720
1673470 720
1673480 723
1673490 730
1673500 730
1673510 734
1673520 738
1673530 738
1673540 741
1673550 743
1673560 743
1673570 743
1673580 743
1673590 743
1673600 742
1673610 741
1673620 741
1673630 740
1673640 739
1673650 739
1673660 738
1673670 737
1673680 737
1673690 735
1673700 734
1673710 734
1673720 733
1673730 732
1673740 732
1673750 731
1673760 730
1673770 730
1673780 728
1673790 727
1673800 727
1673810 726
1673820 726
1673830 726
1673840 724
1673850 723
1673860 723
1673870 722
1673880 721
1673890 721
1673900 720
1673910 720
1673920 720
1673930 720
1673940 720
1673950 720
1673960 720
1673970 719
1673980 719
1673990 722
1674000 722
1674010 722
1674020 722
1674030 722
1674040 722
1674050 721
1674060 721
1674070 721
1674080 720
1674090 720
1674100 719
1674110 718
1674120 718
1674130 717
1674140 716
1674150 716
1674160 716
1674170 715
1674180 715
1674190 714
1674200 712
1674210 712
1674220 711
1674230 710
1674240 710
1674250 710
1674260 710
1674270 710
1674280 708
1674290 705
1674300 705
1674310 704
1674320 704
1674330 704
1674340 704
1674350 704
1674360 704
1674370 706
1674380 708
1674390 708
1674400 709
1674410 710
1674420 710
1674430 711
1674440 711
1674450 711
1674460 710
1674470 709
1674480 709
1674490 708
1674500 707
1674510 707
1674520 707
1674530 708
1674540 708
1674550 708
1674560 707
1674570 707
1674580 707
1674590 706
1674600 706
1674610 706
1674620 705
1674630 705
1674640 705
1674650 704
1674660 704
1674670 706
1674680 705
1674690 705
1674700 705
1674710 704
1674720 704
1674730 704
1674740 703
1674750 703
1674760 702
1674770 701
1674780 701
1674790 700
1674800 698
1674810 698
1674820 694
1674830 689
1674840 689
1674850 688
1674860 684
1674870 684
1674880 683
1674890 682
1674900 682
1674910 682
1674920 682
1674930 682
1674940 685
1674950 690
1674960 690
1674970 694
1674980 697
1674990 697
1675000 699
1675010 700
1675020 700
1675030 700
1675040 699
1675050 699
1675060 699
1675070 699
1675080 699
1675090 698
1675100 698
1675110 697
1675120 695
1675130 695
1675140 693
1675150 692
1675160 692
1675170 691
1675180 689
1675190 689
1675200 688
1675210 687
1675220 687
1675230 685
1675240 682
1675250 682
1675260 678
1675270 674
1675280 674
1675290 669
1675300 665
1675310 665
1675320 663
1675330 662
1675340 662
1675350 663
1675360 666
1675370 666
1675380 667
1675390 670
1675400 670
1675410 674
1675420 677
1675430 677
1675440 679
1675450 682
1675460 682
1675470 683
1675480 684
1675490 684
1675500 686
1675510 687
1675520 687
1675530 688
1675540 689
1675550 689
1675560 690
1675570 691
1675580 691
1675590 691
1675600 691
1675610 691
1675620 690
1675630 689
1675640 689
1675650 688
1675660 688
1675670 688
1675680 690
1675690 690
1675700 690
1675710 690
1675720 689
1675730 689
1675740 686
1675750 682
1675760 682
1675770 677
1675780 670
1675790 670
1675800 672
1675810 677
1675820 677
1675830 682
1675840 687
1675850 687
1675860 691
1675870 693
1675880 693
1675890 693
1675900 694
1675910 694
1675920 694
1675930 694
1675940 694
1675950 694
1675960 695
1675970 695
1675980 695
1675990 695
1676000 695
1676010 695
1676020 695
1676030 695
1676040 696
1676050 696
1676060 696
1676070 697
1676080 697
1676090 697
1676100 698
1676110 698
1676120 699
1676130 701
1676140 701
1676150 703
1676160 704
1676170 704
1676180 705
1676190 707
1676200 707
1676210 710
1676220 711
1676230 711
1676240 714
1676250 715
1676260 715
1676270 716
1676280 716
1676290 716
1676300 716
1676310 715
1676320 715
1676330 715
1676340 715
1676350 715
1676360 714
1676370 714
1676380 714
1676390 715
1676400 715
1676410 715
1676420 715
1676430 715
1676440 715
1676450 716
1676460 716
1676470 716
1676480 716
1676490 716
1676500 716
1676510 715
1676520 716
1676530 716
1676540 715
1676550 714
1676560 714
1676570 713
1676580 713
1676590 713
1676600 712
1676610 711
1676620 711
1676630 710
1676640 709
1676650 709
1676660 707
1676670 706
1676680 706
1676690 704
1676700 702
1676710 702
1676720 702
1676730 700
1676740 700
1676750 699
1676760 697
1676770 697
1676780 696
1676790 695
1676800 695
1676810 695
1676820 696
1676830 696
1676840 696
1676850 696
1676860 696
1676870 696
1676880 696
1676890 696
1676900 695
1676910 695
1676920 695
1676930 694
1676940 693
1676950 693
1676960 692
1676970 691
1676980 691
1676990 690
1677000 690
1677010 690
1677020 689
1677030 689
1677040 689
1677050 689
1677060 688
1677070 688
1677080 688
1677090 688
1677100 688
1677110 688
1677120 688
1677130 688
1677140 688
1677150 688
1677160 688
1677170 688
1677180 688
1677190 687
1677200 687
1677210 687
1677220 687
1677230 687
1677240 687
1677250 687
1677260 687
1677270 687
1677280 688
1677290 688
1677300 688
1677310 688
1677320 689
1677330 689
1677340 690
1677350 691
1677360 691
1677370 691
1677380 692
1677390 692
1677400 691
1677410 692
1677420 692
1677430 692
1677440 692
1677450 692
1677460 692
1677470 691
1677480 691
1677490 692
1677500 692
1677510 692
1677520 692
1677530 692
1677540 692
1677550 692
1677560 692
1677570 692
1677580 691
1677590 692
1677600 692
1677610 691
1677620 691
1677630 691
1677640 691
1677650 691
1677660 691
1677670 691
1677680 691
1677690 691
1677700 691
1677710 691
1677720 691
1677730 691
1677740 691
1677750 691
1677760 690
1677770 691
1677780 691
1677790 691
1677800 691
1677810 691
1677820 692
1677830 692
1677840 692
1677850 692
1677860 692
1677870 692
1677880 692
1677890 691
1677900 691
1677910 690
1677920 689
1677930 689
1677940 688
1677950 687
1677960 687
1677970 685
1677980 684
1677990 684
1678000 682
1678010 681
1678020 681
1678030 679
1678040 678
1678050 678
1678060 676
1678070 675
1678080 675
1678090 674
1678100 672
1678110 672
1678120 671
1678130 671
1678140 669
1678150 668
1678160 668
1678170 667
1678180 665
1678190 665
1678200 664
1678210 662
1678220 662
1678230 660
1678240 658
1678250 658
1678260 655
1678270 656
1678280 656
1678290 657
1678300 658
1678310 658
1678320 660
1678330 661
1678340 661
1678350 662
1678360 663
1678370 663
1678380 664
1678390 667
1678400 667
1678410 667
1678420 667
1678430 667
1678440 667
1678450 666
1678460 666
1678470 666
1678480 665
1678490 665
1678500 665
1678510 664
1678520 664
1678530 665
1678540 665
1678550 665
1678560 665
1678570 666
1678580 666
1678590 666
1678600 665
1678610 665
1678620 663
1678630 662
1678640 662
1678650 662
1678660 661
1678670 661
1678680 660
1678690 660
1678700 660
1678710 659
1678720 659
1678730 659
1678740 658
1678750 658
1678760 658
1678770 657
1678780 656
1678790 656
1678800 655
1678810 653
1678820 653
1678830 652
1678840 650
1678850 650
1678860 649
1678870 648
1678880 648
1678890 646
1678900 642
1678910 642
1678920 640
1678930 638
1678940 638
1678950 636
1678960 633
1678970 633
1678980 631
1678990 628
1679000 628
1679010 623
1679020 617
1679030 617
1679040 612
1679050 608
1679060 608
1679070 608
1679080 609
1679090 609
1679100 611
1679110 614
1679120 614
1679130 616
1679140 616
1679150 620
1679160 624
1679170 624
1679180 627
1679190 630
1679200 630
1679210 632
1679220 635
1679230 635
1679240 639
1679250 641
1679260 641
1679270 642
1679280 645
1679290 645
1679300 652
1679310 657
1679320 657
1679330 660
1679340 664
1679350 664
1679360 669
1679370 671
1679380 671
1679390 667
1679400 664
1679410 664
1679420 666
1679430 660
1679440 660
1679450 655
1679460 652
1679470 652
1679480 651
1679490 651
1679500 651
1679510 645
1679520 632
1679530 632
1679540 621
1679550 614
1679560 614
1679570 609
1679580 605
1679590 605
1679600 599
1679610 592
1679620 592
1679630 589
1679640 589
1679650 589
1679660 588
1679670 590
1679680 590
1679690 591
1679700 591
1679710 591
1679720 592
1679730 593
1679740 593
1679750 593
1679760 599
1679770 599
1679780 605
1679790 611
1679800 611
1679810 616
1679820 620
1679830 620
1679840 625
1679850 631
1679860 631
1679870 636
1679880 642
1679890 642
1679900 646
1679910 650
1679920 650
1679930 655
1679940 659
1679950 659
1679960 665
1679970 670
1679980 670
1679990 674
