1660000 874
1660010 874
1660020 874
1660030 874
1660040 874
1660050 874
1660060 875
1660070 875
1660080 875
1660090 875
1660100 875
1660110 876
1660120 876
1660130 876
1660140 877
1660150 877
1660160 877
1660170 878
1660180 878
1660190 878
1660200 879
1660210 879
1660220 879
1660230 880
1660240 880
1660250 880
1660260 881
1660270 882
1660280 882
1660290 882
1660300 883
1660310 883
1660320 883
1660330 884
1660340 884
1660350 884
1660360 885
1660370 885
1660380 886
1660390 887
1660400 887
1660410 888
1660420 889
1660430 889
1660440 889
1660450 890
1660460 890
1660470 891
1660480 893
1660490 893
1660500 894
1660510 895
1660520 895
1660530 895
1660540 896
1660550 896
1660560 897
1660570 898
1660580 898
1660590 899
1660600 899
1660610 899
1660620 900
1660630 901
1660640 901
1660650 903
1660660 904
1660670 904
1660680 905
1660690 906
1660700 906
1660710 907
1660720 907
1660730 907
1660740 906
1660750 904
1660760 904
1660770 903
1660780 901
1660790 901
1660800 900
1660810 898
1660820 898
1660830 896
1660840 896
1660850 895
1660860 894
1660870 894
1660880 894
1660890 893
1660900 893
1660910 892
1660920 892
1660930 892
1660940 891
1660950 889
1660960 889
1660970 887
1660980 885
1660990 885
1661000 883
1661010 881
1661020 881
1661030 880
1661040 879
1661050 879
1661060 879
1661070 878
1661080 878
1661090 877
1661100 876
1661110 876
1661120 876
1661130 875
1661140 875
1661150 874
1661160 872
1661170 872
1661180 871
1661190 869
1661200 869
1661210 868
1661220 866
1661230 866
1661240 865
1661250 863
1661260 863
1661270 861
1661280 858
1661290 858
1661300 855
1661310 851
1661320 851
1661330 847
1661340 845
1661350 845
1661360 843
1661370 841
1661380 841
1661390 840
1661400 838
1661410 838
1661420 837
1661430 834
1661440 834
1661450 832
1661460 831
1661470 831
1661480 829
1661490 828
1661500 828
1661510 827
1661520 826
1661530 826
1661540 824
1661550 823
1661560 823
1661570 821
1661580 820
1661590 820
1661600 819
1661610 818
1661620 818
1661630 817
1661640 817
1661650 817
1661660 816
1661670 815
1661680 815
1661690 814
1661700 813
1661710 813
1661720 812
1661730 812
1661740 812
1661750 812
1661760 812
1661770 812
1661780 811
1661790 811
1661800 811
1661810 811
1661820 811
1661830 811
1661840 811
1661850 811
1661860 811
1661870 811
1661880 811
1661890 810
1661900 810
1661910 810
1661920 810
1661930 810
1661940 810
1661950 809
1661960 808
1661970 808
1661980 808
1661990 807
1662000 807
1662010 807
1662020 806
1662030 806
1662040 806
1662050 805
1662060 805
1662070 805
1662080 804
1662090 804
1662100 804
1662110 804
1662120 804
1662130 803
1662140 803
1662150 803
1662160 803
1662170 803
1662180 803
1662190 802
1662200 801
1662210 801
1662220 800
1662230 799
1662240 799
1662250 799
1662260 799
1662270 799
1662280 799
1662290 799
1662300 799
1662310 800
1662320 800
1662330 800
1662340 800
1662350 801
1662360 801
1662370 801
1662380 801
1662390 801
1662400 802
1662410 802
1662420 802
1662430 802
1662440 803
1662450 803
1662460 804
1662470 804
1662480 804
1662490 805
1662500 805
1662510 805
1662520 806
1662530 806
1662540 806
1662550 806
1662560 807
1662570 807
1662580 807
1662590 807
1662600 807
1662610 808
1662620 808
1662630 808
1662640 808
1662650 808
1662660 808
1662670 809
1662680 809
1662690 809
1662700 809
1662710 810
1662720 810
1662730 810
1662740 810
1662750 810
1662760 809
1662770 809
1662780 809
1662790 809
1662800 810
1662810 810
1662820 810
1662830 810
1662840 810
1662850 810
1662860 810
1662870 810
1662880 810
1662890 810
1662900 810
1662910 810
1662920 811
1662930 811
1662940 811
1662950 811
1662960 811
1662970 811
1662980 811
1662990 811
1663000 811
1663010 811
1663020 812
1663030 812
1663040 812
1663050 812
1663060 812
1663070 812
1663080 812
1663090 812
1663100 812
1663110 812
1663120 812
1663130 812
1663140 812
1663150 812
1663160 812
1663170 812
1663180 812
1663190 812
1663200 812
1663210 812
1663220 812
1663230 812
1663240 812
1663250 812
1663260 811
1663270 811
1663280 811
1663290 811
1663300 811
1663310 811
1663320 810
1663330 810
1663340 810
1663350 809
1663360 809
1663370 809
1663380 808
1663390 808
1663400 808
1663410 807
1663420 807
1663430 807
1663440 806
1663450 805
1663460 805
1663470 805
1663480 804
1663490 804
1663500 803
1663510 802
1663520 802
1663530 802
1663540 802
1663550 802
1663560 800
1663570 798
1663580 798
1663590 796
1663600 793
1663610 793
1663620 792
1663630 792
1663640 792
1663650 791
1663660 791
1663670 791
1663680 790
1663690 791
1663700 791
1663710 791
1663720 790
1663730 790
1663740 790
1663750 789
1663760 789
1663770 789
1663780 789
1663790 789
1663800 789
1663810 791
1663820 791
1663830 794
1663840 794
1663850 796
1663860 797
1663870 797
1663880 798
1663890 799
1663900 799
1663910 799
1663920 799
1663930 799
1663940 799
1663950 798
1663960 798
1663970 798
1663980 798
1663990 798
1664000 798
1664010 798
1664020 798
1664030 798
1664040 798
1664050 798
1664060 798
1664070 798
1664080 798
1664090 798
1664100 798
1664110 798
1664120 797
1664130 798
1664140 798
1664150 798
1664160 798
1664170 798
1664180 799
1664190 799
1664200 799
1664210 800
1664220 802
1664230 802
1664240 802
1664250 803
1664260 803
1664270 803
1664280 803
1664290 803
1664300 803
1664310 802
1664320 802
1664330 802
1664340 802
1664350 802
1664360 801
1664370 801
1664380 800
1664390 800
1664400 800
1664410 800
1664420 799
1664430 799
1664440 799
1664450 799
1664460 799
1664470 799
1664480 798
1664490 798
1664500 798
1664510 798
1664520 797
1664530 797
1664540 797
1664550 796
1664560 796
1664570 796
1664580 796
1664590 796
1664600 796
1664610 796
1664620 796
1664630 796
1664640 795
1664650 795
1664660 795
1664670 796
1664680 796
1664690 796
1664700 797
1664710 797
1664720 796
1664730 797
1664740 797
1664750 797
1664760 797
1664770 797
1664780 797
1664790 797
1664800 797
1664810 797
1664820 798
1664830 798
1664840 798
1664850 798
1664860 798
1664870 798
1664880 798
1664890 798
1664900 798
1664910 798
1664920 799
1664930 799
1664940 799
1664950 799
1664960 799
1664970 799
1664980 799
1664990 800
1665000 800
1665010 800
1665020 799
1665030 799
1665040 800
1665050 800
1665060 800
1665070 800
1665080 800
1665090 800
1665100 800
1665110 799
1665120 799
1665130 798
1665140 797
1665150 797
1665160 796
1665170 795
1665180 795
1665190 794
1665200 794
1665210 794
1665220 794
1665230 795
1665240 795
1665250 798
1665260 801
1665270 801
1665280 802
1665290 802
1665300 802
1665310 803
1665320 803
1665330 803
1665340 804
1665350 805
1665360 805
1665370 805
1665380 805
1665390 805
1665400 806
1665410 807
1665420 807
1665430 807
1665440 808
1665450 808
1665460 809
1665470 809
1665480 809
1665490 810
1665500 810
1665510 810
1665520 811
1665530 812
1665540 812
1665550 813
1665560 814
1665570 814
1665580 814
1665590 816
1665600 816
1665610 817
1665620 818
1665630 818
1665640 818
1665650 819
1665660 819
1665670 820
1665680 821
1665690 821
1665700 822
1665710 823
1665720 823
1665730 824
1665740 825
1665750 825
1665760 826
1665770 827
1665780 827
1665790 827
1665800 827
1665810 827
1665820 827
1665830 827
1665840 827
1665850 827
1665860 827
1665870 827
1665880 827
1665890 827
1665900 828
1665910 828
1665920 828
1665930 828
1665940 828
1665950 828
1665960 829
1665970 830
1665980 830
1665990 831
1666000 831
1666010 831
1666020 832
1666030 833
1666040 833
1666050 835
1666060 836
1666070 836
1666080 836
1666090 837
1666100 837
1666110 837
1666120 838
1666130 838
1666140 838
1666150 838
1666160 838
1666170 838
1666180 838
1666190 838
1666200 838
1666210 837
1666220 837
1666230 837
1666240 837
1666250 837
1666260 837
1666270 837
1666280 837
1666290 837
1666300 838
1666310 838
1666320 837
1666330 837
1666340 837
1666350 836
1666360 835
1666370 835
1666380 834
1666390 833
1666400 833
1666410 832
1666420 832
1666430 832
1666440 832
1666450 831
1666460 831
1666470 831
1666480 830
1666490 830
1666500 830
1666510 829
1666520 829
1666530 829
1666540 829
1666550 829
1666560 828
1666570 827
1666580 827
1666590 826
1666600 825
1666610 825
1666620 824
1666630 824
1666640 824
1666650 825
1666660 825
1666670 825
1666680 826
1666690 827
1666700 827
1666710 829
1666720 830
1666730 830
1666740 831
1666750 833
1666760 833
1666770 833
1666780 832
1666790 832
1666800 830
1666810 829
1666820 829
1666830 827
1666840 827
1666850 826
1666860 825
1666870 825
1666880 825
1666890 824
1666900 824
1666910 823
1666920 823
1666930 823
1666940 822
1666950 821
1666960 821
1666970 820
1666980 820
1666990 820
1667000 819
1667010 820
1667020 820
1667030 820
1667040 820
1667050 820
1667060 820
1667070 819
1667080 819
1667090 819
1667100 818
1667110 818
1667120 819
1667130 819
1667140 819
1667150 819
1667160 819
1667170 819
1667180 819
1667190 818
1667200 818
1667210 818
1667220 818
1667230 818
1667240 818
1667250 817
1667260 816
1667270 816
1667280 815
1667290 815
1667300 814
1667310 814
1667320 814
1667330 814
1667340 814
1667350 814
1667360 814
1667370 814
1667380 814
1667390 814
1667400 814
1667410 814
1667420 814
1667430 814
1667440 814
1667450 814
1667460 813
1667470 813
1667480 813
1667490 812
1667500 812
1667510 812
1667520 811
1667530 811
1667540 811
1667550 810
1667560 810
1667570 810
1667580 809
1667590 809
1667600 809
1667610 809
1667620 809
1667630 809
1667640 808
1667650 808
1667660 808
1667670 808
1667680 808
1667690 808
1667700 808
1667710 808
1667720 808
1667730 808
1667740 808
1667750 808
1667760 808
1667770 808
1667780 808
1667790 808
1667800 808
1667810 808
1667820 809
1667830 809
1667840 809
1667850 809
1667860 809
1667870 808
1667880 808
1667890 808
1667900 808
1667910 808
1667920 808
1667930 808
1667940 808
1667950 809
1667960 808
1667970 809
1667980 809
1667990 809
1668000 809
1668010 809
1668020 809
1668030 809
1668040 808
1668050 808
1668060 808
1668070 808
1668080 809
1668090 809
1668100 809
1668110 809
1668120 809
1668130 809
1668140 810
1668150 810
1668160 810
1668170 810
1668180 810
1668190 811
1668200 811
1668210 811
1668220 811
1668230 812
1668240 812
1668250 813
1668260 813
1668270 813
1668280 813
1668290 813
1668300 813
1668310 811
1668320 811
1668330 811
1668340 811
1668350 811
1668360 811
1668370 810
1668380 810
1668390 810
1668400 810
1668410 810
1668420 810
1668430 809
1668440 809
1668450 809
1668460 809
1668470 808
1668480 808
1668490 808
1668500 808
1668510 808
1668520 808
1668530 807
1668540 807
1668550 807
1668560 806
1668570 806
1668580 805
1668590 804
1668600 804
1668610 804
1668620 804
1668630 804
1668640 804
1668650 806
1668660 806
1668670 806
1668680 807
1668690 807
1668700 808
1668710 808
1668720 808
1668730 809
1668740 809
1668750 809
1668760 810
1668770 810
1668780 810
1668790 811
1668800 812
1668810 812
1668820 811
1668830 811
1668840 810
1668850 810
1668860 810
1668870 809
1668880 808
1668890 808
1668900 807
1668910 806
1668920 806
1668930 806
1668940 806
1668950 806
1668960 807
1668970 808
1668980 808
1668990 808
1669000 809
1669010 809
1669020 808
1669030 807
1669040 807
1669050 806
1669060 805
1669070 805
1669080 804
1669090 803
1669100 803
1669110 803
1669120 804
1669130 804
1669140 804
1669150 805
1669160 805
1669170 806
1669180 807
1669190 807
1669200 808
1669210 809
1669220 809
1669230 810
1669240 811
1669250 811
1669260 812
1669270 812
1669280 812
1669290 813
1669300 813
1669310 813
1669320 813
1669330 814
1669340 814
1669350 815
1669360 816
1669370 816
1669380 818
1669390 820
1669400 820
1669410 820
1669420 820
1669430 820
1669440 820
1669450 820
1669460 820
1669470 820
1669480 820
1669490 820
1669500 820
1669510 821
1669520 821
1669530 822
1669540 823
1669550 823
1669560 823
1669570 823
1669580 823
1669590 824
1669600 825
1669610 825
1669620 826
1669630 828
1669640 828
1669650 830
1669660 831
1669670 831
1669680 832
1669690 834
1669700 834
1669710 836
1669720 838
1669730 838
1669740 840
1669750 842
1669760 842
1669770 844
1669780 846
1669790 846
1669800 847
1669810 849
1669820 849
1669830 851
1669840 851
1669850 853
1669860 855
1669870 855
1669880 856
1669890 856
1669900 856
1669910 856
1669920 856
1669930 856
1669940 855
1669950 853
1669960 853
1669970 851
1669980 850
1669990 850
1670000 849
1670010 848
1670020 848
1670030 847
1670040 846
1670050 846
1670060 845
1670070 843
1670080 843
1670090 840
1670100 839
1670110 839
1670120 838
1670130 838
1670140 838
1670150 837
1670160 836
1670170 836
1670180 836
1670190 836
1670200 836
1670210 835
1670220 834
1670230 834
1670240 833
1670250 833
1670260 833
1670270 832
1670280 831
1670290 831
1670300 830
1670310 828
1670320 828
1670330 825
1670340 821
1670350 821
1670360 818
1670370 817
1670380 817
1670390 816
1670400 815
1670410 815
1670420 815
1670430 816
1670440 816
1670450 819
1670460 819
1670470 819
1670480 819
1670490 819
1670500 819
1670510 817
1670520 815
1670530 815
1670540 814
1670550 811
1670560 811
1670570 809
1670580 807
1670590 807
1670600 806
1670610 804
1670620 804
1670630 802
1670640 801
1670650 801
1670660 801
1670670 800
1670680 800
1670690 800
1670700 800
1670710 800
1670720 800
1670730 800
1670740 800
1670750 799
1670760 799
1670770 799
1670780 798
1670790 798
1670800 798
1670810 797
1670820 797
1670830 796
1670840 795
1670850 795
1670860 795
1670870 795
1670880 795
1670890 794
1670900 794
1670910 794
1670920 793
1670930 793
1670940 793
1670950 793
1670960 792
1670970 792
1670980 792
1670990 792
1671000 792
1671010 791
1671020 791
1671030 791
1671040 791
1671050 790
1671060 790
1671070 790
1671080 790
1671090 790
1671100 790
1671110 789
1671120 789
1671130 790
1671140 789
1671150 789
1671160 790
1671170 790
1671180 790
1671190 790
1671200 791
1671210 791
1671220 792
1671230 793
1671240 793
1671250 795
1671260 796
1671270 796
1671280 798
1671290 799
1671300 799
1671310 801
1671320 802
1671330 802
1671340 803
1671350 804
1671360 804
1671370 805
1671380 805
1671390 805
1671400 806
1671410 807
1671420 807
1671430 807
1671440 807
1671450 807
1671460 807
1671470 807
1671480 807
1671490 806
1671500 806
1671510 806
1671520 806
1671530 807
1671540 807
1671550 807
1671560 808
1671570 808
1671580 808
1671590 809
1671600 809
1671610 809
1671620 810
1671630 810
1671640 810
1671650 811
1671660 811
1671670 810
1671680 809
1671690 809
1671700 807
1671710 805
1671720 805
1671730 802
1671740 798
1671750 798
1671760 793
1671770 789
1671780 789
1671790 786
1671800 783
1671810 783
1671820 781
1671830 781
1671840 778
1671850 776
1671860 776
1671870 774
1671880 774
1671890 774
1671900 777
1671910 782
1671920 782
1671930 785
1671940 788
1671950 788
1671960 789
1671970 791
1671980 791
1671990 793
1672000 795
1672010 795
1672020 796
1672030 797
1672040 797
1672050 798
1672060 799
1672070 799
1672080 799
1672090 799
1672100 799
1672110 799
1672120 798
1672130 798
1672140 796
1672150 794
1672160 794
1672170 791
1672180 793
1672190 793
1672200 793
1672210 794
1672220 794
1672230 795
1672240 795
1672250 795
1672260 794
1672270 795
1672280 795
1672290 796
1672300 798
1672310 798
1672320 802
1672330 806
1672340 806
1672350 810
1672360 812
1672370 812
1672380 813
1672390 815
1672400 815
1672410 816
1672420 816
1672430 816
1672440 817
1672450 819
1672460 819
1672470 820
1672480 822
1672490 822
1672500 824
1672510 825
1672520 825
1672530 825
1672540 825
1672550 825
1672560 825
1672570 824
1672580 824
1672590 823
1672600 823
1672610 823
1672620 823
1672630 823
1672640 823
1672650 824
1672660 825
1672670 825
1672680 826
1672690 827
1672700 827
1672710 829
1672720 830
1672730 830
1672740 831
1672750 831
1672760 831
1672770 832
1672780 833
1672790 833
1672800 832
1672810 831
1672820 831
1672830 830
1672840 830
1672850 828
1672860 826
1672870 826
1672880 820
1672890 819
1672900 819
1672910 817
1672920 815
1672930 815
1672940 813
1672950 810
1672960 810
1672970 808
1672980 807
1672990 807
1673000 806
1673010 803
1673020 803
1673030 801
1673040 799
1673050 799
1673060 798
1673070 796
1673080 796
1673090 795
1673100 793
1673110 793
1673120 792
1673130 790
1673140 790
1673150 789
1673160 787
1673170 787
1673180 786
1673190 783
1673200 783
1673210 782
1673220 781
1673230 781
1673240 780
1673250 778
1673260 778
1673270 777
1673280 776
1673290 776
1673300 775
1673310 774
1673320 774
1673330 772
1673340 771
1673350 771
1673360 770
1673370 769
1673380 769
1673390 768
1673400 768
1673410 768
1673420 768
1673430 767
1673440 767
1673450 766
1673460 765
1673470 765
1673480 765
1673490 765
1673500 765
1673510 764
1673520 764
1673530 764
1673540 765
1673550 765
1673560 765
1673570 765
1673580 765
1673590 765
1673600 765
1673610 766
1673620 766
1673630 766
1673640 767
1673650 767
1673660 768
1673670 769
1673680 769
1673690 770
1673700 771
1673710 771
1673720 772
1673730 774
1673740 774
1673750 776
1673760 778
1673770 778
1673780 780
1673790 781
1673800 781
1673810 782
1673820 782
1673830 784
1673840 785
1673850 785
1673860 787
1673870 788
1673880 788
1673890 789
1673900 789
1673910 789
1673920 787
1673930 786
1673940 786
1673950 784
1673960 783
1673970 783
1673980 782
1673990 781
1674000 781
1674010 780
1674020 778
1674030 778
1674040 777
1674050 775
1674060 775
1674070 774
1674080 773
1674090 773
1674100 772
1674110 770
1674120 770
1674130 768
1674140 766
1674150 766
1674160 764
1674170 761
1674180 761
1674190 759
1674200 757
1674210 757
1674220 756
1674230 755
1674240 755
1674250 753
1674260 751
1674270 751
1674280 749
1674290 748
1674300 748
1674310 747
1674320 745
1674330 745
1674340 743
1674350 742
1674360 742
1674370 740
1674380 739
1674390 739
1674400 738
1674410 737
1674420 737
1674430 736
1674440 735
1674450 735
1674460 734
1674470 733
1674480 733
1674490 731
1674500 729
1674510 729
1674520 727
1674530 726
1674540 726
1674550 725
1674560 725
1674570 725
1674580 725
1674590 725
1674600 725
1674610 726
1674620 727
1674630 727
1674640 727
1674650 728
1674660 728
1674670 730
1674680 731
1674690 731
1674700 732
1674710 734
1674720 734
1674730 735
1674740 736
1674750 736
1674760 737
1674770 738
1674780 738
1674790 740
1674800 741
1674810 741
1674820 742
1674830 742
1674840 743
1674850 744
1674860 744
1674870 744
1674880 744
1674890 744
1674900 745
1674910 746
1674920 746
1674930 746
1674940 747
1674950 747
1674960 747
1674970 747
1674980 747
1674990 747
1675000 747
1675010 747
1675020 747
1675030 748
1675040 748
1675050 747
1675060 747
1675070 747
1675080 746
1675090 746
1675100 746
1675110 745
1675120 744
1675130 744
1675140 744
1675150 743
1675160 743
1675170 743
1675180 744
1675190 744
1675200 745
1675210 746
1675220 746
1675230 748
1675240 748
1675250 748
1675260 748
1675270 748
1675280 748
1675290 747
1675300 745
1675310 745
1675320 744
1675330 743
1675340 743
1675350 742
1675360 741
1675370 741
1675380 741
1675390 739
1675400 739
1675410 738
1675420 737
1675430 737
1675440 734
1675450 732
1675460 732
1675470 730
1675480 727
1675490 727
1675500 724
1675510 721
1675520 721
1675530 718
1675540 715
1675550 715
1675560 712
1675570 709
1675580 709
1675590 707
1675600 706
1675610 706
1675620 704
1675630 700
1675640 700
1675650 698
1675660 696
1675670 696
1675680 695
1675690 693
1675700 693
1675710 692
1675720 691
1675730 691
1675740 689
1675750 687
1675760 687
1675770 685
1675780 682
1675790 682
1675800 680
1675810 680
1675820 679
1675830 678
1675840 678
1675850 677
1675860 676
1675870 676
1675880 676
1675890 675
1675900 675
1675910 673
1675920 672
1675930 672
1675940 669
1675950 666
1675960 666
1675970 664
1675980 663
1675990 663
1676000 661
1676010 659
1676020 659
1676030 657
1676040 656
1676050 656
1676060 656
1676070 657
1676080 657
1676090 657
1676100 655
1676110 655
1676120 649
1676130 645
1676140 645
1676150 644
1676160 643
1676170 643
1676180 641
1676190 644
1676200 644
1676210 646
1676220 653
1676230 653
1676240 661
1676250 668
1676260 668
1676270 673
1676280 676
1676290 676
1676300 678
1676310 682
1676320 682
1676330 683
1676340 685
1676350 685
1676360 686
1676370 686
1676380 686
1676390 686
1676400 686
1676410 686
1676420 686
1676430 686
1676440 686
1676450 686
1676460 686
1676470 686
1676480 686
1676490 685
1676500 685
1676510 684
1676520 683
1676530 683
1676540 682
1676550 682
1676560 682
1676570 681
1676580 681
1676590 681
1676600 680
1676610 679
1676620 679
1676630 678
1676640 675
1676650 675
1676660 671
1676670 669
1676680 669
1676690 664
1676700 665
1676710 665
1676720 667
1676730 668
1676740 668
1676750 669
1676760 670
1676770 670
1676780 672
1676790 676
1676800 676
1676810 680
1676820 680
1676830 683
1676840 685
1676850 685
1676860 686
1676870 687
1676880 687
1676890 689
1676900 690
1676910 690
1676920 690
1676930 692
1676940 692
1676950 693
1676960 693
1676970 693
1676980 693
1676990 694
1677000 694
1677010 694
1677020 693
1677030 693
1677040 692
1677050 691
1677060 691
1677070 691
1677080 690
1677090 690
1677100 690
1677110 689
1677120 689
1677130 689
1677140 690
1677150 690
1677160 690
1677170 690
1677180 690
1677190 691
1677200 691
1677210 691
1677220 690
1677230 690
1677240 690
1677250 689
1677260 689
1677270 689
1677280 688
1677290 688
1677300 688
1677310 687
1677320 686
1677330 686
1677340 685
1677350 685
1677360 685
1677370 684
1677380 684
1677390 684
1677400 682
1677410 681
1677420 681
1677430 680
1677440 679
1677450 679
1677460 678
1677470 678
1677480 678
1677490 677
1677500 675
1677510 675
1677520 673
1677530 671
1677540 671
1677550 670
1677560 668
1677570 668
1677580 667
1677590 667
1677600 667
1677610 668
1677620 670
1677630 670
1677640 671
1677650 673
1677660 673
1677670 674
1677680 675
1677690 675
1677700 676
1677710 677
1677720 677
1677730 678
1677740 679
1677750 679
1677760 680
1677770 682
1677780 682
1677790 683
1677800 683
1677810 685
1677820 687
1677830 687
1677840 689
1677850 692
1677860 692
1677870 693
1677880 695
1677890 695
1677900 696
1677910 696
1677920 696
1677930 697
1677940 698
1677950 698
1677960 698
1677970 695
1677980 695
1677990 694
1678000 693
1678010 693
1678020 692
1678030 692
1678040 692
1678050 692
1678060 692
1678070 692
1678080 691
1678090 692
1678100 692
1678110 692
1678120 692
1678130 692
1678140 693
1678150 694
1678160 694
1678170 696
1678180 698
1678190 698
1678200 698
1678210 699
1678220 699
1678230 699
1678240 700
1678250 700
1678260 700
1678270 700
1678280 700
1678290 699
1678300 698
1678310 698
1678320 698
1678330 698
1678340 695
1678350 695
1678360 695
1678370 695
1678380 695
1678390 695
1678400 695
1678410 694
1678420 693
1678430 693
1678440 692
1678450 690
1678460 690
1678470 688
1678480 688
1678490 688
1678500 688
1678510 688
1678520 688
1678530 686
1678540 685
1678550 685
1678560 684
1678570 683
1678580 683
1678590 683
1678600 683
1678610 683
1678620 683
1678630 684
1678640 684
1678650 683
1678660 683
1678670 683
1678680 682
1678690 682
1678700 682
1678710 682
1678720 681
1678730 681
1678740 680
1678750 679
1678760 679
1678770 679
1678780 678
1678790 678
1678800 677
1678810 677
1678820 674
1678830 672
1678840 672
1678850 668
1678860 665
1678870 665
1678880 663
1678890 659
1678900 659
1678910 655
1678920 652
1678930 652
1678940 648
1678950 645
1678960 645
1678970 642
1678980 638
1678990 638
1679000 636
1679010 635
1679020 635
1679030 633
1679040 632
1679050 632
1679060 631
1679070 630
1679080 630
1679090 628
1679100 626
1679110 626
1679120 624
1679130 624
1679140 624
1679150 623
1679160 621
1679170 621
1679180 620
1679190 619
1679200 619
1679210 619
1679220 619
1679230 619
1679240 619
1679250 619
1679260 619
1679270 619
1679280 620
1679290 620
1679300 620
1679310 619
1679320 619
1679330 619
1679340 620
1679350 620
1679360 622
1679370 624
1679380 624
1679390 625
1679400 626
1679410 626
1679420 627
1679430 628
1679440 628
1679450 629
1679460 631
1679470 631
1679480 631
1679490 631
1679500 631
1679510 631
1679520 631
1679530 631
1679540 631
1679550 632
1679560 632
1679570 636
1679580 637
1679590 637
1679600 638
1679610 639
1679620 639
1679630 642
1679640 645
1679650 645
1679660 647
1679670 650
1679680 651
1679690 652
1679700 653
1679710 653
1679720 649
1679730 643
1679740 643
1679750 638
1679760 633
1679770 633
1679780 630
1679790 630
1679800 627
1679810 624
1679820 624
1679830 623
1679840 623
1679850 623
1679860 624
1679870 626
1679880 626
1679890 626
1679900 625
1679910 625
1679920 624
1679930 622
1679940 622
1679950 620
1679960 618
1679970 618
1679980 615
1679990 612
