1660000 874
1660010 874
1660020 874
1660030 874
1660040 874
1660050 875
1660060 875
1660070 875
1660080 875
1660090 876
1660100 876
1660110 876
1660120 877
1660130 877
1660140 877
1660150 878
1660160 878
1660170 879
1660180 879
1660190 879
1660200 879
1660210 880
1660220 880
1660230 880
1660240 881
1660250 881
1660260 882
1660270 882
1660280 882
1660290 882
1660300 883
1660310 883
1660320 884
1660330 885
1660340 885
1660350 886
1660360 887
1660370 887
1660380 887
1660390 888
1660400 888
1660410 889
1660420 890
1660430 890
1660440 891
1660450 892
1660460 892
1660470 893
1660480 895
1660490 895
1660500 896
1660510 897
1660520 897
1660530 898
1660540 899
1660550 899
1660560 900
1660570 901
1660580 901
1660590 902
1660600 902
1660610 902
1660620 903
1660630 904
1660640 904
1660650 905
1660660 906
1660670 906
1660680 907
1660690 907
1660700 907
1660710 907
1660720 907
1660730 906
1660740 906
1660750 906
1660760 905
1660770 904
1660780 904
1660790 902
1660800 901
1660810 901
1660820 900
1660830 899
1660840 899
1660850 899
1660860 898
1660870 898
1660880 898
1660890 897
1660900 897
1660910 895
1660920 894
1660930 894
1660940 892
1660950 890
1660960 890
1660970 888
1660980 886
1660990 886
1661000 885
1661010 884
1661020 884
1661030 883
1661040 882
1661050 882
1661060 881
1661070 881
1661080 881
1661090 880
1661100 880
1661110 880
1661120 879
1661130 878
1661140 878
1661150 877
1661160 875
1661170 875
1661180 873
1661190 872
1661200 872
1661210 870
1661220 869
1661230 869
1661240 867
1661250 865
1661260 865
1661270 863
1661280 860
1661290 860
1661300 857
1661310 853
1661320 853
1661330 849
1661340 847
1661350 847
1661360 845
1661370 843
1661380 843
1661390 840
1661400 839
1661410 839
1661420 836
1661430 833
1661440 833
1661450 832
1661460 831
1661470 831
1661480 830
1661490 830
1661500 830
1661510 829
1661520 828
1661530 828
1661540 826
1661550 824
1661560 824
1661570 823
1661580 822
1661590 822
1661600 821
1661610 820
1661620 820
1661630 819
1661640 819
1661650 819
1661660 818
1661670 817
1661680 817
1661690 816
1661700 816
1661710 815
1661720 814
1661730 814
1661740 814
1661750 814
1661760 814
1661770 813
1661780 813
1661790 813
1661800 813
1661810 812
1661820 812
1661830 812
1661840 812
1661850 812
1661860 811
1661870 811
1661880 811
1661890 811
1661900 811
1661910 811
1661920 811
1661930 810
1661940 810
1661950 810
1661960 809
1661970 809
1661980 808
1661990 808
1662000 808
1662010 808
1662020 807
1662030 807
1662040 807
1662050 806
1662060 806
1662070 805
1662080 805
1662090 805
1662100 804
1662110 804
1662120 804
1662130 804
1662140 803
1662150 803
1662160 803
1662170 802
1662180 802
1662190 802
1662200 800
1662210 800
1662220 800
1662230 799
1662240 799
1662250 799
1662260 799
1662270 799
1662280 799
1662290 799
1662300 799
1662310 799
1662320 800
1662330 800
1662340 800
1662350 801
1662360 801
1662370 801
1662380 802
1662390 802
1662400 802
1662410 803
1662420 803
1662430 803
1662440 804
1662450 804
1662460 804
1662470 805
1662480 805
1662490 805
1662500 806
1662510 806
1662520 806
1662530 807
1662540 807
1662550 808
1662560 808
1662570 808
1662580 809
1662590 809
1662600 809
1662610 809
1662620 809
1662630 809
1662640 810
1662650 810
1662660 810
1662670 810
1662680 810
1662690 810
1662700 810
1662710 810
1662720 810
1662730 810
1662740 810
1662750 810
1662760 811
1662770 811
1662780 810
1662790 810
1662800 810
1662810 810
1662820 810
1662830 810
1662840 811
1662850 811
1662860 811
1662870 811
1662880 811
1662890 811
1662900 811
1662910 811
1662920 811
1662930 812
1662940 812
1662950 812
1662960 812
1662970 812
1662980 812
1662990 812
1663000 812
1663010 812
1663020 813
1663030 813
1663040 813
1663050 813
1663060 813
1663070 813
1663080 813
1663090 813
1663100 813
1663110 813
1663120 813
1663130 813
1663140 813
1663150 813
1663160 813
1663170 813
1663180 813
1663190 813
1663200 813
1663210 813
1663220 813
1663230 812
1663240 812
1663250 812
1663260 812
1663270 812
1663280 812
1663290 811
1663300 811
1663310 811
1663320 811
1663330 810
1663340 810
1663350 810
1663360 809
1663370 809
1663380 809
1663390 808
1663400 808
1663410 808
1663420 807
1663430 807
1663440 807
1663450 806
1663460 806
1663470 805
1663480 805
1663490 805
1663500 804
1663510 803
1663520 803
1663530 803
1663540 802
1663550 802
1663560 802
1663570 799
1663580 799
1663590 797
1663600 794
1663610 794
1663620 792
1663630 791
1663640 791
1663650 790
1663660 790
1663670 790
1663680 789
1663690 789
1663700 789
1663710 789
1663720 789
1663730 789
1663740 789
1663750 789
1663760 788
1663770 787
1663780 787
1663790 787
1663800 788
1663810 788
1663820 788
1663830 790
1663840 790
1663850 793
1663860 794
1663870 794
1663880 795
1663890 796
1663900 796
1663910 797
1663920 797
1663930 797
1663940 797
1663950 797
1663960 797
1663970 797
1663980 797
1663990 797
1664000 797
1664010 796
1664020 796
1664030 796
1664040 796
1664050 796
1664060 796
1664070 796
1664080 796
1664090 796
1664100 796
1664110 796
1664120 796
1664130 796
1664140 796
1664150 796
1664160 797
1664170 797
1664180 797
1664190 798
1664200 798
1664210 798
1664220 799
1664230 799
1664240 800
1664250 801
1664260 801
1664270 802
1664280 802
1664290 802
1664300 801
1664310 801
1664320 801
1664330 801
1664340 800
1664350 800
1664360 800
1664370 800
1664380 800
1664390 798
1664400 799
1664410 799
1664420 798
1664430 798
1664440 798
1664450 797
1664460 797
1664470 797
1664480 797
1664490 797
1664500 797
1664510 797
1664520 796
1664530 796
1664540 796
1664550 796
1664560 796
1664570 795
1664580 795
1664590 795
1664600 794
1664610 795
1664620 795
1664630 795
1664640 795
1664650 795
1664660 795
1664670 795
1664680 795
1664690 796
1664700 796
1664710 796
1664720 796
1664730 796
1664740 796
1664750 797
1664760 797
1664770 797
1664780 797
1664790 797
1664800 797
1664810 797
1664820 797
1664830 797
1664840 798
1664850 798
1664860 798
1664870 798
1664880 798
1664890 798
1664900 799
1664910 799
1664920 799
1664930 799
1664940 799
1664950 800
1664960 800
1664970 800
1664980 800
1664990 800
1665000 800
1665010 799
1665020 799
1665030 799
1665040 799
1665050 799
1665060 799
1665070 799
1665080 799
1665090 799
1665100 799
1665110 798
1665120 798
1665130 797
1665140 796
1665150 796
1665160 794
1665170 793
1665180 793
1665190 794
1665200 794
1665210 794
1665220 794
1665230 795
1665240 795
1665250 800
1665260 805
1665270 805
1665280 807
1665290 808
1665300 808
1665310 809
1665320 809
1665330 809
1665340 809
1665350 808
1665360 808
1665370 808
1665380 808
1665390 808
1665400 808
1665410 808
1665420 808
1665430 808
1665440 809
1665450 809
1665460 809
1665470 810
1665480 810
1665490 810
1665500 811
1665510 811
1665520 812
1665530 812
1665540 812
1665550 813
1665560 814
1665570 814
1665580 815
1665590 817
1665600 817
1665610 818
1665620 819
1665630 819
1665640 820
1665650 821
1665660 821
1665670 821
1665680 822
1665690 822
1665700 823
1665710 823
1665720 824
1665730 824
1665740 824
1665750 825
1665760 825
1665770 825
1665780 826
1665790 825
1665800 825
1665810 826
1665820 826
1665830 826
1665840 826
1665850 826
1665860 826
1665870 826
1665880 826
1665890 826
1665900 826
1665910 827
1665920 827
1665930 827
1665940 827
1665950 827
1665960 828
1665970 829
1665980 829
1665990 830
1666000 830
1666010 830
1666020 831
1666030 833
1666040 833
1666050 833
1666060 834
1666070 834
1666080 835
1666090 836
1666100 836
1666110 836
1666120 837
1666130 837
1666140 837
1666150 837
1666160 837
1666170 838
1666180 838
1666190 838
1666200 838
1666210 837
1666220 837
1666230 837
1666240 837
1666250 837
1666260 837
1666270 836
1666280 836
1666290 837
1666300 837
1666310 837
1666320 837
1666330 837
1666340 837
1666350 837
1666360 836
1666370 836
1666380 835
1666390 835
1666400 835
1666410 834
1666420 834
1666430 834
1666440 833
1666450 833
1666460 833
1666470 832
1666480 831
1666490 831
1666500 830
1666510 830
1666520 830
1666530 829
1666540 829
1666550 829
1666560 828
1666570 827
1666580 827
1666590 826
1666600 824
1666610 824
1666620 823
1666630 822
1666640 822
1666650 823
1666660 824
1666670 824
1666680 825
1666690 826
1666700 826
1666710 826
1666720 826
1666730 827
1666740 828
1666750 828
1666760 829
1666770 828
1666780 828
1666790 827
1666800 826
1666810 826
1666820 825
1666830 825
1666840 825
1666850 825
1666860 823
1666870 823
1666880 820
1666890 819
1666900 819
1666910 818
1666920 818
1666930 818
1666940 818
1666950 818
1666960 818
1666970 817
1666980 818
1666990 818
1667000 818
1667010 818
1667020 818
1667030 818
1667040 818
1667050 818
1667060 818
1667070 818
1667080 818
1667090 818
1667100 817
1667110 817
1667120 816
1667130 816
1667140 816
1667150 815
1667160 816
1667170 816
1667180 816
1667190 816
1667200 816
1667210 815
1667220 816
1667230 816
1667240 816
1667250 815
1667260 815
1667270 812
1667280 812
1667290 812
1667300 812
1667310 812
1667320 812
1667330 812
1667340 812
1667350 812
1667360 812
1667370 813
1667380 813
1667390 813
1667400 813
1667410 813
1667420 814
1667430 813
1667440 813
1667450 813
1667460 813
1667470 813
1667480 812
1667490 812
1667500 812
1667510 811
1667520 810
1667530 810
1667540 810
1667550 810
1667560 810
1667570 809
1667580 808
1667590 808
1667600 808
1667610 808
1667620 808
1667630 808
1667640 808
1667650 808
1667660 808
1667670 807
1667680 807
1667690 807
1667700 808
1667710 808
1667720 808
1667730 808
1667740 808
1667750 808
1667760 808
1667770 808
1667780 808
1667790 808
1667800 808
1667810 808
1667820 808
1667830 808
1667840 808
1667850 808
1667860 809
1667870 808
1667880 808
1667890 808
1667900 809
1667910 809
1667920 809
1667930 809
1667940 809
1667950 809
1667960 809
1667970 809
1667980 810
1667990 810
1668000 810
1668010 810
1668020 810
1668030 810
1668040 810
1668050 809
1668060 809
1668070 809
1668080 809
1668090 809
1668100 809
1668110 809
1668120 809
1668130 809
1668140 810
1668150 810
1668160 810
1668170 811
1668180 811
1668190 811
1668200 811
1668210 811
1668220 812
1668230 812
1668240 812
1668250 812
1668260 812
1668270 812
1668280 813
1668290 813
1668300 813
1668310 812
1668320 812
1668330 812
1668340 812
1668350 812
1668360 812
1668370 812
1668380 813
1668390 813
1668400 813
1668410 813
1668420 813
1668430 814
1668440 813
1668450 813
1668460 812
1668470 811
1668480 811
1668490 811
1668500 810
1668510 810
1668520 810
1668530 809
1668540 809
1668550 808
1668560 808
1668570 808
1668580 807
1668590 806
1668600 806
1668610 805
1668620 805
1668630 805
1668640 805
1668650 806
1668660 806
1668670 807
1668680 807
1668690 808
1668700 808
1668710 808
1668720 808
1668730 809
1668740 809
1668750 809
1668760 810
1668770 810
1668780 810
1668790 810
1668800 810
1668810 811
1668820 810
1668830 810
1668840 810
1668850 810
1668860 810
1668870 809
1668880 808
1668890 808
1668900 807
1668910 808
1668920 808
1668930 809
1668940 809
1668950 809
1668960 809
1668970 810
1668980 810
1668990 810
1669000 809
1669010 809
1669020 809
1669030 808
1669040 808
1669050 808
1669060 807
1669070 807
1669080 806
1669090 806
1669100 806
1669110 806
1669120 806
1669130 806
1669140 807
1669150 808
1669160 808
1669170 809
1669180 810
1669190 810
1669200 811
1669210 812
1669220 812
1669230 813
1669240 814
1669250 814
1669260 814
1669270 815
1669280 815
1669290 816
1669300 817
1669310 817
1669320 818
1669330 819
1669340 819
1669350 821
1669360 822
1669370 822
1669380 822
1669390 822
1669400 823
1669410 823
1669420 823
1669430 823
1669440 823
1669450 823
1669460 823
1669470 823
1669480 823
1669490 823
1669500 823
1669510 824
1669520 824
1669530 824
1669540 824
1669550 824
1669560 824
1669570 825
1669580 825
1669590 826
1669600 828
1669610 828
1669620 829
1669630 831
1669640 831
1669650 833
1669660 833
1669670 833
1669680 834
1669690 835
1669700 835
1669710 837
1669720 837
1669730 839
1669740 840
1669750 840
1669760 842
1669770 844
1669780 844
1669790 846
1669800 847
1669810 847
1669820 848
1669830 850
1669840 850
1669850 851
1669860 852
1669870 852
1669880 853
1669890 853
1669900 853
1669910 853
1669920 853
1669930 853
1669940 853
1669950 851
1669960 851
1669970 849
1669980 848
1669990 848
1670000 846
1670010 845
1670020 845
1670030 844
1670040 842
1670050 842
1670060 841
1670070 840
1670080 840
1670090 839
1670100 838
1670110 838
1670120 838
1670130 837
1670140 837
1670150 837
1670160 837
1670170 837
1670180 836
1670190 836
1670200 836
1670210 836
1670220 836
1670230 836
1670240 835
1670250 834
1670260 834
1670270 833
1670280 832
1670290 832
1670300 831
1670310 829
1670320 829
1670330 826
1670340 823
1670350 823
1670360 819
1670370 817
1670380 817
1670390 815
1670400 814
1670410 814
1670420 813
1670430 812
1670440 812
1670450 813
1670460 812
1670470 812
1670480 811
1670490 810
1670500 810
1670510 810
1670520 809
1670530 809
1670540 807
1670550 806
1670560 806
1670570 806
1670580 805
1670590 805
1670600 804
1670610 803
1670620 803
1670630 802
1670640 802
1670650 802
1670660 802
1670670 802
1670680 802
1670690 803
1670700 803
1670710 803
1670720 803
1670730 803
1670740 803
1670750 802
1670760 802
1670770 802
1670780 800
1670790 800
1670800 800
1670810 799
1670820 799
1670830 798
1670840 797
1670850 797
1670860 797
1670870 796
1670880 796
1670890 796
1670900 795
1670910 795
1670920 794
1670930 794
1670940 794
1670950 794
1670960 793
1670970 793
1670980 792
1670990 792
1671000 792
1671010 791
1671020 791
1671030 791
1671040 791
1671050 790
1671060 790
1671070 790
1671080 791
1671090 791
1671100 791
1671110 791
1671120 791
1671130 791
1671140 790
1671150 790
1671160 790
1671170 791
1671180 791
1671190 791
1671200 792
1671210 792
1671220 792
1671230 793
1671240 793
1671250 794
1671260 795
1671270 795
1671280 795
1671290 796
1671300 796
1671310 797
1671320 799
1671330 799
1671340 800
1671350 801
1671360 801
1671370 801
1671380 802
1671390 802
1671400 803
1671410 804
1671420 804
1671430 804
1671440 804
1671450 804
1671460 804
1671470 805
1671480 805
1671490 805
1671500 806
1671510 806
1671520 807
1671530 808
1671540 808
1671550 809
1671560 810
1671570 810
1671580 810
1671590 811
1671600 811
1671610 812
1671620 814
1671630 814
1671640 814
1671650 813
1671660 813
1671670 812
1671680 812
1671690 812
1671700 810
1671710 810
1671720 809
1671730 805
1671740 805
1671750 801
1671760 797
1671770 797
1671780 793
1671790 787
1671800 787
1671810 784
1671820 782
1671830 782
1671840 780
1671850 778
1671860 778
1671870 777
1671880 775
1671890 775
1671900 777
1671910 780
1671920 780
1671930 783
1671940 787
1671950 787
1671960 791
1671970 795
1671980 795
1671990 798
1672000 800
1672010 800
1672020 802
1672030 804
1672040 804
1672050 805
1672060 806
1672070 806
1672080 806
1672090 806
1672100 806
1672110 804
1672120 802
1672130 802
1672140 800
1672150 797
1672160 797
1672170 796
1672180 795
1672190 795
1672200 800
1672210 801
1672220 801
1672230 800
1672240 800
1672250 800
1672260 800
1672270 800
1672280 800
1672290 801
1672300 802
1672310 802
1672320 804
1672330 807
1672340 807
1672350 811
1672360 814
1672370 814
1672380 816
1672390 818
1672400 818
1672410 819
1672420 820
1672430 820
1672440 821
1672450 823
1672460 823
1672470 824
1672480 825
1672490 825
1672500 826
1672510 828
1672520 828
1672530 829
1672540 828
1672550 828
1672560 827
1672570 826
1672580 826
1672590 824
1672600 824
1672610 824
1672620 824
1672630 823
1672640 823
1672650 823
1672660 824
1672670 824
1672680 825
1672690 825
1672700 826
1672710 826
1672720 826
1672730 826
1672740 827
1672750 827
1672760 827
1672770 827
1672780 827
1672790 827
1672800 827
1672810 827
1672820 826
1672830 824
1672840 824
1672850 823
1672860 821
1672870 821
1672880 819
1672890 816
1672900 816
1672910 814
1672920 812
1672930 812
1672940 810
1672950 808
1672960 808
1672970 806
1672980 805
1672990 805
1673000 802
1673010 801
1673020 801
1673030 799
1673040 798
1673050 798
1673060 797
1673070 796
1673080 796
1673090 793
1673100 792
1673110 792
1673120 791
1673130 789
1673140 789
1673150 788
1673160 787
1673170 787
1673180 785
1673190 784
1673200 784
1673210 783
1673220 781
1673230 781
1673240 781
1673250 780
1673260 780
1673270 778
1673280 777
1673290 777
1673300 776
1673310 775
1673320 775
1673330 774
1673340 772
1673350 772
1673360 771
1673370 770
1673380 770
1673390 769
1673400 769
1673410 769
1673420 768
1673430 768
1673440 768
1673450 766
1673460 766
1673470 766
1673480 765
1673490 764
1673500 764
1673510 764
1673520 763
1673530 763
1673540 763
1673550 763
1673560 763
1673570 763
1673580 763
1673590 763
1673600 763
1673610 764
1673620 764
1673630 765
1673640 766
1673650 766
1673660 767
1673670 768
1673680 768
1673690 770
1673700 770
1673710 772
1673720 774
1673730 774
1673740 776
1673750 779
1673760 779
1673770 781
1673780 782
1673790 782
1673800 784
1673810 784
1673820 784
1673830 784
1673840 785
1673850 785
1673860 786
1673870 787
1673880 787
1673890 787
1673900 787
1673910 787
1673920 786
1673930 785
1673940 785
1673950 784
1673960 783
1673970 783
1673980 781
1673990 781
1674000 781
1674010 780
1674020 779
1674030 779
1674040 778
1674050 776
1674060 776
1674070 775
1674080 773
1674090 773
1674100 771
1674110 769
1674120 769
1674130 767
1674140 765
1674150 765
1674160 763
1674170 761
1674180 761
1674190 759
1674200 758
1674210 758
1674220 756
1674230 754
1674240 754
1674250 752
1674260 750
1674270 750
1674280 748
1674290 746
1674300 746
1674310 745
1674320 744
1674330 744
1674340 743
1674350 741
1674360 741
1674370 740
1674380 738
1674390 738
1674400 736
1674410 735
1674420 735
1674430 734
1674440 733
1674450 733
1674460 732
1674470 731
1674480 731
1674490 729
1674500 728
1674510 728
1674520 727
1674530 726
1674540 726
1674550 726
1674560 726
1674570 726
1674580 727
1674590 727
1674600 727
1674610 728
1674620 729
1674630 729
1674640 730
1674650 732
1674660 732
1674670 734
1674680 734
1674690 736
1674700 738
1674710 738
1674720 739
1674730 741
1674740 741
1674750 742
1674760 743
1674770 743
1674780 743
1674790 744
1674800 744
1674810 744
1674820 745
1674830 745
1674840 745
1674850 746
1674860 746
1674870 747
1674880 747
1674890 747
1674900 747
1674910 748
1674920 748
1674930 748
1674940 748
1674950 750
1674960 750
1674970 750
1674980 750
1674990 750
1675000 750
1675010 750
1675020 749
1675030 749
1675040 749
1675050 749
1675060 749
1675070 749
1675080 749
1675090 749
1675100 749
1675110 748
1675120 747
1675130 747
1675140 746
1675150 746
1675160 746
1675170 745
1675180 745
1675190 745
1675200 744
1675210 745
1675220 745
1675230 745
1675240 745
1675250 745
1675260 745
1675270 744
1675280 744
1675290 744
1675300 743
1675310 743
1675320 742
1675330 740
1675340 740
1675350 740
1675360 739
1675370 739
1675380 737
1675390 736
1675400 736
1675410 735
1675420 733
1675430 733
1675440 732
1675450 729
1675460 729
1675470 727
1675480 724
1675490 724
1675500 720
1675510 717
1675520 717
1675530 714
1675540 710
1675550 710
1675560 707
1675570 705
1675580 705
1675590 703
1675600 701
1675610 701
1675620 700
1675630 697
1675640 695
1675650 693
1675660 691
1675670 691
1675680 689
1675690 689
1675700 688
1675710 687
1675720 687
1675730 685
1675740 683
1675750 683
1675760 681
1675770 679
1675780 679
1675790 677
1675800 676
1675810 676
1675820 675
1675830 674
1675840 674
1675850 672
1675860 671
1675870 671
1675880 671
1675890 671
1675900 671
1675910 671
1675920 670
1675930 670
1675940 669
1675950 668
1675960 668
1675970 666
1675980 666
1675990 666
1676000 666
1676010 665
1676020 665
1676030 663
1676040 663
1676050 663
1676060 663
1676070 663
1676080 663
1676090 662
1676100 657
1676110 657
1676120 651
1676130 645
1676140 645
1676150 644
1676160 642
1676170 642
1676180 641
1676190 643
1676200 643
1676210 646
1676220 654
1676230 654
1676240 661
1676250 667
1676260 667
1676270 672
1676280 677
1676290 677
1676300 681
1676310 684
1676320 685
1676330 688
1676340 689
1676350 689
1676360 690
1676370 691
1676380 691
1676390 691
1676400 691
1676410 691
1676420 690
1676430 689
1676440 689
1676450 689
1676460 688
1676470 688
1676480 688
1676490 687
1676500 687
1676510 686
1676520 685
1676530 685
1676540 685
1676550 684
1676560 684
1676570 684
1676580 684
1676590 684
1676600 684
1676610 684
1676620 684
1676630 680
1676640 675
1676650 675
1676660 670
1676670 666
1676680 666
1676690 661
1676700 661
1676710 664
1676720 666
1676730 666
1676740 667
1676750 669
1676760 669
1676770 672
1676780 675
1676790 675
1676800 678
1676810 682
1676820 682
1676830 685
1676840 687
1676850 687
1676860 689
1676870 691
1676880 691
1676890 692
1676900 693
1676910 693
1676920 693
1676930 695
1676940 695
1676950 695
1676960 695
1676970 695
1676980 695
1676990 695
1677000 695
1677010 694
1677020 694
1677030 694
1677040 693
1677050 693
1677060 693
1677070 692
1677080 691
1677090 691
1677100 691
1677110 691
1677120 691
1677130 690
1677140 691
1677150 691
1677160 691
1677170 692
1677180 692
1677190 694
1677200 695
1677210 695
1677220 693
1677230 692
1677240 692
1677250 691
1677260 691
1677270 691
1677280 690
1677290 690
1677300 690
1677310 690
1677320 689
1677330 689
1677340 688
1677350 688
1677360 688
1677370 687
1677380 687
1677390 687
1677400 685
1677410 684
1677420 684
1677430 683
1677440 681
1677450 681
1677460 679
1677470 677
1677480 677
1677490 675
1677500 673
1677510 673
1677520 671
1677530 669
1677540 669
1677550 668
1677560 666
1677570 666
1677580 666
1677590 666
1677600 666
1677610 667
1677620 667
1677630 667
1677640 669
1677650 672
1677660 672
1677670 672
1677680 672
1677690 673
1677700 674
1677710 674
1677720 675
1677730 676
1677740 676
1677750 677
1677760 679
1677770 679
1677780 680
1677790 682
1677800 682
1677810 683
1677820 684
1677830 684
1677840 685
1677850 686
1677860 686
1677870 688
1677880 691
1677890 691
1677900 691
1677910 692
1677920 692
1677930 693
1677940 694
1677950 694
1677960 694
1677970 692
1677980 692
1677990 691
1678000 690
1678010 690
1678020 689
1678030 689
1678040 689
1678050 688
1678060 688
1678070 688
1678080 688
1678090 688
1678100 688
1678110 688
1678120 688
1678130 688
1678140 689
1678150 691
1678160 691
1678170 692
1678180 693
1678190 693
1678200 693
1678210 694
1678220 694
1678230 694
1678240 695
1678250 695
1678260 695
1678270 695
1678280 695
1678290 695
1678300 694
1678310 694
1678320 693
1678330 693
1678340 693
1678350 691
1678360 690
1678370 690
1678380 690
1678390 690
1678400 690
1678410 690
1678420 689
1678430 689
1678440 688
1678450 688
1678460 688
1678470 688
1678480 688
1678490 688
1678500 686
1678510 684
1678520 684
1678530 683
1678540 682
1678550 682
1678560 681
1678570 681
1678580 681
1678590 680
1678600 679
1678610 679
1678620 680
1678630 680
1678640 680
1678650 680
1678660 680
1678670 679
1678680 679
1678690 679
1678700 678
1678710 678
1678720 678
1678730 677
1678740 676
1678750 676
1678760 676
1678770 675
1678780 675
1678790 675
1678800 674
1678810 674
1678820 672
1678830 671
1678840 671
1678850 668
1678860 666
1678870 666
1678880 664
1678890 661
1678900 661
1678910 656
1678920 653
1678930 653
1678940 649
1678950 644
1678960 644
1678970 642
1678980 639
1678990 639
1679000 637
1679010 635
1679020 636
1679030 633
1679040 632
1679050 632
1679060 630
1679070 629
1679080 629
1679090 626
1679100 625
1679110 625
1679120 625
1679130 624
1679140 624
1679150 623
1679160 622
1679170 622
1679180 621
1679190 621
1679200 621
1679210 620
1679220 620
1679230 620
1679240 621
1679250 622
1679260 622
1679270 622
1679280 622
1679290 622
1679300 621
1679310 621
1679320 621
1679330 621
1679340 622
1679350 622
1679360 624
1679370 625
1679380 625
1679390 626
1679400 627
1679410 627
1679420 628
1679430 628
1679440 628
1679450 629
1679460 631
1679470 631
1679480 631
1679490 631
1679500 631
1679510 631
1679520 631
1679530 631
1679540 631
1679550 631
1679560 631
1679570 633
1679580 635
1679590 635
1679600 637
1679610 638
1679620 638
1679630 640
1679640 644
1679650 644
1679660 647
1679670 647
1679680 649
1679690 648
1679700 648
1679710 648
1679720 647
1679730 647
1679740 644
1679750 640
1679760 640
1679770 636
1679780 633
1679790 633
1679800 631
1679810 629
1679820 629
1679830 629
1679840 629
1679850 629
1679860 630
1679870 631
1679880 631
1679890 633
1679900 633
1679910 633
1679920 630
1679930 627
1679940 627
1679950 623
1679960 620
1679970 620
1679980 617
1679990 613
