1660000 802
1660010 802
1660020 802
1660030 802
1660040 802
1660050 802
1660060 802
1660070 804
1660080 805
1660090 805
1660100 806
1660110 805
1660120 805
1660130 803
1660140 802
1660150 802
1660160 801
1660170 800
1660180 800
1660190 801
1660200 801
1660210 801
1660220 802
1660230 805
1660240 805
1660250 809
1660260 812
1660270 812
1660280 815
1660290 817
1660300 817
1660310 818
1660320 820
1660330 820
1660340 821
1660350 823
1660360 823
1660370 823
1660380 824
1660390 824
1660400 824
1660410 825
1660420 825
1660430 825
1660440 825
1660450 825
1660460 825
1660470 825
1660480 825
1660490 825
1660500 825
1660510 825
1660520 825
1660530 826
1660540 826
1660550 826
1660560 826
1660570 826
1660580 826
1660590 825
1660600 822
1660610 821
1660620 821
1660630 821
1660640 821
1660650 821
1660660 821
1660670 821
1660680 821
1660690 821
1660700 820
1660710 820
1660720 820
1660730 820
1660740 820
1660750 821
1660760 822
1660770 822
1660780 823
1660790 824
1660800 824
1660810 825
1660820 826
1660830 826
1660840 827
1660850 827
1660860 827
1660870 828
1660880 830
1660890 830
1660900 831
1660910 833
1660920 833
1660930 835
1660940 836
1660950 836
1660960 836
1660970 835
1660980 835
1660990 835
1661000 835
1661010 835
1661020 834
1661030 834
1661040 834
1661050 833
1661060 833
1661070 833
1661080 830
1661090 828
1661100 828
1661110 827
1661120 826
1661130 826
1661140 824
1661150 823
1661160 823
1661170 824
1661180 825
1661190 825
1661200 827
1661210 828
1661220 828
1661230 829
1661240 830
1661250 830
1661260 831
1661270 833
1661280 833
1661290 833
1661300 833
1661310 833
1661320 834
1661330 835
1661340 832
1661350 832
1661360 832
1661370 832
1661380 832
1661390 828
1661400 828
1661410 826
1661420 825
1661430 825
1661440 825
1661450 825
1661460 825
1661470 825
1661480 824
1661490 824
1661500 823
1661510 822
1661520 822
1661530 822
1661540 821
1661550 821
1661560 821
1661570 821
1661580 820
1661590 820
1661600 820
1661610 819
1661620 819
1661630 819
1661640 818
1661650 817
1661660 817
1661670 817
1661680 817
1661690 817
1661700 816
1661710 816
1661720 816
1661730 816
1661740 816
1661750 816
1661760 816
1661770 816
1661780 816
1661790 816
1661800 816
1661810 816
1661820 816
1661830 815
1661840 815
1661850 815
1661860 815
1661870 815
1661880 815
1661890 815
1661900 815
1661910 815
1661920 815
1661930 815
1661940 815
1661950 815
1661960 815
1661970 815
1661980 814
1661990 814
1662000 814
1662010 813
1662020 813
1662030 812
1662040 812
1662050 812
1662060 811
1662070 809
1662080 809
1662090 807
1662100 806
1662110 806
1662120 806
1662130 807
1662140 807
1662150 809
1662160 812
1662170 812
1662180 815
1662190 817
1662200 817
1662210 819
1662220 821
1662230 821
1662240 824
1662250 825
1662260 825
1662270 824
1662280 824
1662290 824
1662300 824
1662310 824
1662320 824
1662330 825
1662340 825
1662350 825
1662360 825
1662370 825
1662380 825
1662390 823
1662400 822
1662410 822
1662420 821
1662430 820
1662440 820
1662450 819
1662460 818
1662470 818
1662480 817
1662490 817
1662500 817
1662510 816
1662520 816
1662530 816
1662540 815
1662550 815
1662560 815
1662570 814
1662580 814
1662590 814
1662600 813
1662610 813
1662620 813
1662630 813
1662640 813
1662650 813
1662660 812
1662670 812
1662680 812
1662690 812
1662700 812
1662710 812
1662720 812
1662730 812
1662740 811
1662750 810
1662760 810
1662770 810
1662780 809
1662790 809
1662800 809
1662810 808
1662820 808
1662830 807
1662840 806
1662850 806
1662860 808
1662870 810
1662880 810
1662890 812
1662900 813
1662910 813
1662920 814
1662930 814
1662940 814
1662950 813
1662960 812
1662970 812
1662980 811
1662990 810
1663000 810
1663010 810
1663020 809
1663030 809
1663040 808
1663050 808
1663060 808
1663070 807
1663080 807
1663090 807
1663100 807
1663110 806
1663120 806
1663130 805
1663140 805
1663150 805
1663160 804
1663170 802
1663180 802
1663190 801
1663200 801
1663210 801
1663220 801
1663230 800
1663240 800
1663250 799
1663260 799
1663270 799
1663280 798
1663290 798
1663300 798
1663310 798
1663320 798
1663330 798
1663340 797
1663350 797
1663360 797
1663370 797
1663380 797
1663390 797
1663400 797
1663410 797
1663420 797
1663430 797
1663440 797
1663450 797
1663460 797
1663470 797
1663480 798
1663490 798
1663500 798
1663510 798
1663520 798
1663530 798
1663540 797
1663550 797
1663560 797
1663570 798
1663580 798
1663590 798
1663600 798
1663610 799
1663620 799
1663630 799
1663640 800
1663650 800
1663660 800
1663670 801
1663680 801
1663690 800
1663700 799
1663710 799
1663720 799
1663730 799
1663740 799
1663750 799
1663760 799
1663770 799
1663780 799
1663790 799
1663800 799
1663810 798
1663820 798
1663830 798
1663840 798
1663850 797
1663860 797
1663870 797
1663880 797
1663890 797
1663900 797
1663910 797
1663920 797
1663930 797
1663940 797
1663950 797
1663960 798
1663970 797
1663980 797
1663990 796
1664000 796
1664010 796
1664020 796
1664030 796
1664040 796
1664050 795
1664060 795
1664070 795
1664080 796
1664090 795
1664100 795
1664110 795
1664120 795
1664130 795
1664140 795
1664150 794
1664160 794
1664170 794
1664180 794
1664190 794
1664200 794
1664210 795
1664220 795
1664230 795
1664240 796
1664250 796
1664260 795
1664270 795
1664280 795
1664290 795
1664300 795
1664310 795
1664320 795
1664330 795
1664340 794
1664350 791
1664360 791
1664370 792
1664380 794
1664390 794
1664400 795
1664410 795
1664420 795
1664430 795
1664440 796
1664450 796
1664460 796
1664470 795
1664480 795
1664490 795
1664500 795
1664510 795
1664520 795
1664530 795
1664540 795
1664550 794
1664560 794
1664570 794
1664580 794
1664590 793
1664600 793
1664610 793
1664620 792
1664630 792
1664640 792
1664650 791
1664660 791
1664670 790
1664680 789
1664690 789
1664700 788
1664710 788
1664720 788
1664730 787
1664740 786
1664750 786
1664760 786
1664770 785
1664780 785
1664790 785
1664800 784
1664810 784
1664820 783
1664830 783
1664840 783
1664850 782
1664860 781
1664870 781
1664880 780
1664890 780
1664900 780
1664910 779
1664920 778
1664930 778
1664940 777
1664950 776
1664960 776
1664970 773
1664980 772
1664990 770
1665000 770
1665010 770
1665020 770
1665030 770
1665040 770
1665050 770
1665060 770
1665070 770
1665080 770
1665090 770
1665100 770
1665110 770
1665120 771
1665130 771
1665140 771
1665150 771
1665160 771
1665170 771
1665180 770
1665190 770
1665200 770
1665210 770
1665220 770
1665230 770
1665240 770
1665250 770
1665260 770
1665270 771
1665280 771
1665290 771
1665300 771
1665310 771
1665320 771
1665330 772
1665340 772
1665350 772
1665360 772
1665370 772
1665380 771
1665390 771
1665400 771
1665410 770
1665420 770
1665430 770
1665440 770
1665450 770
1665460 770
1665470 769
1665480 770
1665490 770
1665500 770
1665510 769
1665520 769
1665530 769
1665540 769
1665550 769
1665560 769
1665570 769
1665580 769
1665590 769
1665600 769
1665610 769
1665620 769
1665630 770
1665640 770
1665650 770
1665660 770
1665670 770
1665680 770
1665690 770
1665700 770
1665710 770
1665720 769
1665730 769
1665740 770
1665750 770
1665760 770
1665770 770
1665780 770
1665790 770
1665800 771
1665810 770
1665820 770
1665830 770
1665840 769
1665850 769
1665860 769
1665870 769
1665880 769
1665890 769
1665900 768
1665910 768
1665920 767
1665930 766
1665940 766
1665950 766
1665960 764
1665970 764
1665980 762
1665990 760
1666000 760
1666010 756
1666020 753
1666030 753
1666040 751
1666050 750
1666060 750
1666070 750
1666080 750
1666090 750
1666100 750
1666110 749
1666120 749
1666130 748
1666140 748
1666150 747
1666160 745
1666170 745
1666180 745
1666190 743
1666200 743
1666210 742
1666220 741
1666230 741
1666240 739
1666250 737
1666260 737
1666270 734
1666280 729
1666290 729
1666300 724
1666310 720
1666320 720
1666330 717
1666340 715
1666350 715
1666360 714
1666370 711
1666380 711
1666390 706
1666400 703
1666410 703
1666420 698
1666430 695
1666440 695
1666450 695
1666460 695
1666470 695
1666480 697
1666490 698
1666500 698
1666510 699
1666520 701
1666530 701
1666540 705
1666550 709
1666560 709
1666570 713
1666580 717
1666590 717
1666600 720
1666610 724
1666620 724
1666630 726
1666640 728
1666650 728
1666660 730
1666670 733
1666680 733
1666690 734
1666700 736
1666710 736
1666720 737
1666730 738
1666740 738
1666750 739
1666760 739
1666770 739
1666780 740
1666790 739
1666800 739
1666810 739
1666820 739
1666830 739
1666840 739
1666850 740
1666860 740
1666870 741
1666880 742
1666890 742
1666900 744
1666910 745
1666920 745
1666930 747
1666940 748
1666950 748
1666960 750
1666970 752
1666980 752
1666990 754
1667000 755
1667010 755
1667020 756
1667030 758
1667040 758
1667050 759
1667060 759
1667070 760
1667080 762
1667090 762
1667100 763
1667110 765
1667120 765
1667130 766
1667140 767
1667150 768
1667160 769
1667170 770
1667180 770
1667190 772
1667200 773
1667210 773
1667220 774
1667230 775
1667240 775
1667250 775
1667260 776
1667270 776
1667280 777
1667290 777
1667300 777
1667310 778
1667320 778
1667330 778
1667340 778
1667350 778
1667360 778
1667370 778
1667380 779
1667390 779
1667400 779
1667410 778
1667420 778
1667430 778
1667440 778
1667450 778
1667460 778
1667470 778
1667480 778
1667490 778
1667500 778
1667510 778
1667520 779
1667530 780
1667540 780
1667550 782
1667560 783
1667570 783
1667580 783
1667590 784
1667600 784
1667610 784
1667620 784
1667630 784
1667640 784
1667650 784
1667660 784
1667670 784
1667680 784
1667690 784
1667700 785
1667710 785
1667720 785
1667730 785
1667740 786
1667750 786
1667760 786
1667770 785
1667780 785
1667790 785
1667800 785
1667810 785
1667820 783
1667830 782
1667840 782
1667850 781
1667860 778
1667870 778
1667880 775
1667890 775
1667900 775
1667910 776
1667920 778
1667930 778
1667940 779
1667950 781
1667960 781
1667970 781
1667980 781
1667990 781
1668000 781
1668010 781
1668020 781
1668030 782
1668040 782
1668050 782
1668060 782
1668070 782
1668080 782
1668090 782
1668100 782
1668110 782
1668120 782
1668130 782
1668140 782
1668150 781
1668160 781
1668170 781
1668180 780
1668190 780
1668200 780
1668210 779
1668220 779
1668230 779
1668240 779
1668250 779
1668260 779
1668270 779
1668280 779
1668290 779
1668300 779
1668310 779
1668320 779
1668330 779
1668340 779
1668350 779
1668360 779
1668370 779
1668380 779
1668390 779
1668400 779
1668410 779
1668420 778
1668430 778
1668440 778
1668450 777
1668460 777
1668470 777
1668480 777
1668490 777
1668500 777
1668510 776
1668520 776
1668530 776
1668540 776
1668550 776
1668560 776
1668570 775
1668580 775
1668590 775
1668600 775
1668610 775
1668620 774
1668630 774
1668640 774
1668650 774
1668660 774
1668670 774
1668680 774
1668690 774
1668700 774
1668710 774
1668720 773
1668730 773
1668740 773
1668750 773
1668760 773
1668770 773
1668780 773
1668790 773
1668800 773
1668810 773
1668820 773
1668830 772
1668840 771
1668850 771
1668860 771
1668870 770
1668880 770
1668890 769
1668900 769
1668910 768
1668920 767
1668930 767
1668940 767
1668950 767
1668960 767
1668970 770
1668980 771
1668990 771
1669000 773
1669010 774
1669020 774
1669030 775
1669040 775
1669050 775
1669060 773
1669070 773
1669080 773
1669090 773
1669100 774
1669110 774
1669120 773
1669130 773
1669140 773
1669150 772
1669160 772
1669170 772
1669180 772
1669190 772
1669200 772
1669210 772
1669220 772
1669230 772
1669240 772
1669250 772
1669260 772
1669270 772
1669280 771
1669290 771
1669300 771
1669310 771
1669320 771
1669330 771
1669340 770
1669350 770
1669360 769
1669370 768
1669380 768
1669390 767
1669400 766
1669410 766
1669420 765
1669430 764
1669440 764
1669450 764
1669460 763
1669470 763
1669480 762
1669490 762
1669500 762
1669510 762
1669520 761
1669530 761
1669540 761
1669550 760
1669560 760
1669570 759
1669580 759
1669590 759
1669600 759
1669610 758
1669620 758
1669630 757
1669640 757
1669650 757
1669660 756
1669670 756
1669680 756
1669690 756
1669700 756
1669710 756
1669720 756
1669730 755
1669740 755
1669750 755
1669760 755
1669770 755
1669780 755
1669790 755
1669800 755
1669810 755
1669820 755
1669830 756
1669840 756
1669850 756
1669860 756
1669870 756
1669880 756
1669890 756
1669900 756
1669910 756
1669920 756
1669930 756
1669940 756
1669950 756
1669960 755
1669970 755
1669980 754
1669990 753
1670000 753
1670010 752
1670020 751
1670030 751
1670040 751
1670050 751
1670060 751
1670070 750
1670080 750
1670090 750
1670100 750
1670110 749
1670120 749
1670130 750
1670140 750
1670150 750
1670160 750
1670170 750
1670180 750
1670190 749
1670200 749
1670210 749
1670220 749
1670230 748
1670240 748
1670250 748
1670260 748
1670270 748
1670280 749
1670290 749
1670300 749
1670310 749
1670320 747
1670330 747
1670340 747
1670350 745
1670360 745
1670370 744
1670380 743
1670390 743
1670400 743
1670410 742
1670420 742
1670430 741
1670440 740
1670450 740
1670460 739
1670470 738
1670480 738
1670490 737
1670500 736
1670510 736
1670520 735
1670530 733
1670540 733
1670550 732
1670560 731
1670570 731
1670580 729
1670590 728
1670600 728
1670610 727
1670620 726
1670630 726
1670640 725
1670650 724
1670660 724
1670670 723
1670680 723
1670690 723
1670700 722
1670710 722
1670720 720
1670730 719
1670740 719
1670750 719
1670760 719
1670770 719
1670780 720
1670790 722
1670800 722
1670810 723
1670820 723
1670830 723
1670840 723
1670850 723
1670860 723
1670870 723
1670880 722
1670890 722
1670900 722
1670910 722
1670920 722
1670930 721
1670940 721
1670950 721
1670960 721
1670970 720
1670980 720
1670990 720
1671000 720
1671010 720
1671020 719
1671030 719
1671040 719
1671050 718
1671060 718
1671070 718
1671080 717
1671090 717
1671100 717
1671110 716
1671120 716
1671130 716
1671140 716
1671150 715
1671160 715
1671170 714
1671180 714
1671190 714
1671200 714
1671210 713
1671220 713
1671230 713
1671240 712
1671250 712
1671260 712
1671270 711
1671280 711
1671290 711
1671300 710
1671310 710
1671320 709
1671330 709
1671340 709
1671350 709
1671360 708
1671370 708
1671380 707
1671390 706
1671400 706
1671410 705
1671420 705
1671430 705
1671440 705
1671450 705
1671460 705
1671470 704
1671480 704
1671490 704
1671500 703
1671510 703
1671520 703
1671530 703
1671540 702
1671550 702
1671560 702
1671570 702
1671580 702
1671590 701
1671600 701
1671610 701
1671620 701
1671630 701
1671640 701
1671650 701
1671660 701
1671670 701
1671680 701
1671690 701
1671700 700
1671710 700
1671720 700
1671730 700
1671740 700
1671750 700
1671760 700
1671770 700
1671780 700
1671790 700
1671800 700
1671810 700
1671820 700
1671830 700
1671840 700
1671850 700
1671860 700
1671870 700
1671880 700
1671890 701
1671900 701
1671910 701
1671920 702
1671930 702
1671940 704
1671950 705
1671960 705
1671970 706
1671980 706
1671990 706
1672000 707
1672010 706
1672020 706
1672030 707
1672040 707
1672050 707
1672060 707
1672070 707
1672080 708
1672090 708
1672100 709
1672110 709
1672120 709
1672130 710
1672140 710
1672150 711
1672160 712
1672170 712
1672180 714
1672190 715
1672200 715
1672210 717
1672220 718
1672230 718
1672240 719
1672250 720
1672260 720
1672270 720
1672280 721
1672290 721
1672300 721
1672310 721
1672320 721
1672330 722
1672340 722
1672350 722
1672360 722
1672370 722
1672380 722
1672390 721
1672400 721
1672410 721
1672420 720
1672430 720
1672440 720
1672450 720
1672460 720
1672470 720
1672480 720
1672490 720
1672500 720
1672510 720
1672520 720
1672530 720
1672540 719
1672550 719
1672560 719
1672570 719
1672580 719
1672590 719
1672600 719
1672610 719
1672620 719
1672630 719
1672640 719
1672650 718
1672660 719
1672670 719
1672680 719
1672690 720
1672700 720
1672710 721
1672720 722
1672730 722
1672740 723
1672750 724
1672760 724
1672770 726
1672780 727
1672790 727
1672800 727
1672810 729
1672820 729
1672830 730
1672840 731
1672850 731
1672860 733
1672870 734
1672880 734
1672890 736
1672900 737
1672910 737
1672920 739
1672930 739
1672940 739
1672950 739
1672960 740
1672970 740
1672980 740
1672990 740
1673000 740
1673010 739
1673020 738
1673030 738
1673040 737
1673050 735
1673060 735
1673070 734
1673080 732
1673090 732
1673100 731
1673110 729
1673120 729
1673130 727
1673140 725
1673150 725
1673160 721
1673170 716
1673180 716
1673190 711
1673200 707
1673210 707
1673220 704
1673230 701
1673240 701
1673250 698
1673260 695
1673270 695
1673280 693
1673290 691
1673300 691
1673310 689
1673320 688
1673330 688
1673340 686
1673350 685
1673360 685
1673370 683
1673380 681
1673390 681
1673400 679
1673410 677
1673420 677
1673430 676
1673440 675
1673450 675
1673460 674
1673470 675
1673480 674
1673490 673
1673500 673
1673510 673
1673520 673
1673530 673
1673540 674
1673550 674
1673560 674
1673570 675
1673580 677
1673590 677
1673600 680
1673610 682
1673620 682
1673630 685
1673640 687
1673650 687
1673660 689
1673670 692
1673680 692
1673690 695
1673700 697
1673710 697
1673720 700
1673730 702
1673740 702
1673750 704
1673760 706
1673770 706
1673780 706
1673790 706
1673800 706
1673810 706
1673820 706
1673830 706
1673840 706
1673850 706
1673860 706
1673870 705
1673880 704
1673890 704
1673900 703
1673910 702
1673920 702
1673930 701
1673940 700
1673950 700
1673960 699
1673970 698
1673980 698
1673990 697
1674000 696
1674010 696
1674020 695
1674030 694
1674040 694
1674050 693
1674060 692
1674070 692
1674080 691
1674090 690
1674100 690
1674110 690
1674120 689
1674130 689
1674140 688
1674150 688
1674160 689
1674170 689
1674180 688
1674190 688
1674200 688
1674210 688
1674220 688
1674230 689
1674240 689
1674250 689
1674260 688
1674270 688
1674280 688
1674290 687
1674300 687
1674310 687
1674320 687
1674330 686
1674340 686
1674350 686
1674360 685
1674370 685
1674380 685
1674390 685
1674400 684
1674410 683
1674420 683
1674430 683
1674440 682
1674450 682
1674460 681
1674470 680
1674480 680
1674490 680
1674500 679
1674510 679
1674520 678
1674530 677
1674540 677
1674550 677
1674560 676
1674570 676
1674580 676
1674590 676
1674600 676
1674610 675
1674620 674
1674630 674
1674640 674
1674650 674
1674660 674
1674670 674
1674680 674
1674690 674
1674700 674
1674710 673
1674720 673
1674730 673
1674740 673
1674750 673
1674760 673
1674770 673
1674780 673
1674790 673
1674800 673
1674810 673
1674820 672
1674830 672
1674840 673
1674850 672
1674860 672
1674870 672
1674880 672
1674890 671
1674900 671
1674910 671
1674920 671
1674930 671
1674940 671
1674950 670
1674960 670
1674970 670
1674980 669
1674990 669
1675000 669
1675010 668
1675020 668
1675030 667
1675040 667
1675050 667
1675060 666
1675070 664
1675080 664
1675090 662
1675100 660
1675110 660
1675120 658
1675130 656
1675140 656
1675150 655
1675160 654
1675170 654
1675180 652
1675190 651
1675200 651
1675210 650
1675220 649
1675230 649
1675240 647
1675250 646
1675260 646
1675270 646
1675280 646
1675290 646
1675300 647
1675310 647
1675320 648
1675330 649
1675340 649
1675350 650
1675360 651
1675370 651
1675380 652
1675390 654
1675400 654
1675410 655
1675420 657
1675430 657
1675440 659
1675450 662
1675460 662
1675470 665
1675480 667
1675490 667
1675500 671
1675510 675
1675520 675
1675530 682
1675540 687
1675550 687
1675560 691
1675570 694
1675580 694
1675590 697
1675600 698
1675610 698
1675620 699
1675630 701
1675640 701
1675650 703
1675660 705
1675670 705
1675680 708
1675690 710
1675700 710
1675710 710
1675720 709
1675730 709
1675740 708
1675750 706
1675760 706
1675770 704
1675780 703
1675790 703
1675800 702
1675810 702
1675820 702
1675830 702
1675840 704
1675850 704
1675860 707
1675870 709
1675880 709
1675890 712
1675900 715
1675910 715
1675920 717
1675930 719
1675940 719
1675950 721
1675960 721
1675970 721
1675980 722
1675990 721
1676000 721
1676010 721
1676020 720
1676030 720
1676040 721
1676050 721
1676060 721
1676070 722
1676080 723
1676090 723
1676100 724
1676110 725
1676120 725
1676130 726
1676140 728
1676150 728
1676160 729
1676170 729
1676180 729
1676190 730
1676200 730
1676210 733
1676220 734
1676230 734
1676240 735
1676250 735
1676260 735
1676270 735
1676280 735
1676290 735
1676300 735
1676310 733
1676320 733
1676330 732
1676340 731
1676350 731
1676360 730
1676370 729
1676380 729
1676390 727
1676400 726
1676410 726
1676420 726
1676430 726
1676440 726
1676450 726
1676460 725
1676470 725
1676480 724
1676490 723
1676500 723
1676510 722
1676520 721
1676530 721
1676540 720
1676550 719
1676560 719
1676570 718
1676580 717
1676590 717
1676600 716
1676610 715
1676620 715
1676630 714
1676640 713
1676650 713
1676660 712
1676670 710
1676680 710
1676690 709
1676700 707
1676710 707
1676720 705
1676730 704
1676740 704
1676750 704
1676760 704
1676770 704
1676780 706
1676790 707
1676800 707
1676810 708
1676820 709
1676830 709
1676840 709
1676850 709
1676860 709
1676870 709
1676880 709
1676890 710
1676900 710
1676910 710
1676920 710
1676930 710
1676940 710
1676950 710
1676960 710
1676970 710
1676980 710
1676990 709
1677000 708
1677010 708
1677020 707
1677030 707
1677040 707
1677050 706
1677060 706
1677070 706
1677080 705
1677090 705
1677100 705
1677110 704
1677120 704
1677130 704
1677140 704
1677150 704
1677160 704
1677170 704
1677180 704
1677190 704
1677200 704
1677210 704
1677220 704
1677230 704
1677240 704
1677250 703
1677260 703
1677270 703
1677280 703
1677290 702
1677300 702
1677310 701
1677320 701
1677330 701
1677340 700
1677350 700
1677360 700
1677370 700
1677380 700
1677390 700
1677400 700
1677410 701
1677420 701
1677430 701
1677440 702
1677450 702
1677460 702
1677470 702
1677480 702
1677490 703
1677500 703
1677510 703
1677520 704
1677530 705
1677540 705
1677550 705
1677560 709
1677570 709
1677580 710
1677590 710
1677600 710
1677610 710
1677620 709
1677630 709
1677640 709
1677650 708
1677660 708
1677670 708
1677680 708
1677690 708
1677700 707
1677710 707
1677720 707
1677730 707
1677740 706
1677750 706
1677760 706
1677770 706
1677780 706
1677790 707
1677800 708
1677810 708
1677820 709
1677830 710
1677840 710
1677850 710
1677860 711
1677870 711
1677880 711
1677890 712
1677900 712
1677910 713
1677920 714
1677930 714
1677940 714
1677950 715
1677960 715
1677970 716
1677980 717
1677990 717
1678000 718
1678010 718
1678020 719
1678030 720
1678040 720
1678050 720
1678060 721
1678070 721
1678080 722
1678090 723
1678100 723
1678110 724
1678120 725
1678130 725
1678140 725
1678150 726
1678160 726
1678170 727
1678180 728
1678190 728
1678200 729
1678210 730
1678220 730
1678230 731
1678240 731
1678250 731
1678260 732
1678270 733
1678280 733
1678290 734
1678300 735
1678310 735
1678320 737
1678330 738
1678340 738
1678350 739
1678360 740
1678370 740
1678380 741
1678390 741
1678400 741
1678410 741
1678420 742
1678430 742
1678440 742
1678450 743
1678460 743
1678470 744
1678480 746
1678490 746
1678500 747
1678510 747
1678520 747
1678530 747
1678540 746
1678550 746
1678560 746
1678570 745
1678580 745
1678590 745
1678600 744
1678610 744
1678620 743
1678630 743
1678640 743
1678650 743
1678660 742
1678670 742
1678680 742
1678690 741
1678700 741
1678710 741
1678720 740
1678730 740
1678740 740
1678750 739
1678760 739
1678770 739
1678780 739
1678790 739
1678800 738
1678810 738
1678820 738
1678830 738
1678840 738
1678850 738
1678860 738
1678870 738
1678880 738
1678890 738
1678900 738
1678910 737
1678920 737
1678930 737
1678940 736
1678950 736
1678960 736
1678970 735
1678980 735
1678990 735
1679000 735
1679010 734
1679020 734
1679030 734
1679040 733
1679050 733
1679060 733
1679070 733
1679080 733
1679090 732
1679100 731
1679110 731
1679120 731
1679130 731
1679140 731
1679150 730
1679160 730
1679170 730
1679180 729
1679190 729
1679200 729
1679210 728
1679220 728
1679230 728
1679240 728
1679250 727
1679260 727
1679270 727
1679280 727
1679290 727
1679300 726
1679310 726
1679320 726
1679330 726
1679340 726
1679350 726
1679360 726
1679370 726
1679380 726
1679390 726
1679400 727
1679410 727
1679420 727
1679430 727
1679440 727
1679450 728
1679460 728
1679470 728
1679480 729
1679490 729
1679500 729
1679510 730
1679520 730
1679530 730
1679540 731
1679550 731
1679560 731
1679570 731
1679580 732
1679590 732
1679600 733
1679610 733
1679620 733
1679630 733
1679640 734
1679650 734
1679660 734
1679670 734
1679680 734
1679690 735
1679700 735
1679710 735
1679720 736
1679730 736
1679740 736
1679750 735
1679760 735
1679770 735
1679780 735
1679790 734
1679800 734
1679810 734
1679820 733
1679830 733
1679840 733
1679850 733
1679860 733
1679870 733
1679880 733
1679890 733
1679900 732
1679910 732
1679920 732
1679930 731
1679940 731
1679950 731
1679960 730
1679970 730
1679980 729
1679990 728
