1660000 778
1660010 778
1660020 778
1660030 776
1660040 776
1660050 774
1660060 770
1660070 770
1660080 767
1660090 765
1660100 765
1660110 764
1660120 763
1660130 763
1660140 762
1660150 761
1660160 761
1660170 761
1660180 761
1660190 761
1660200 761
1660210 762
1660220 762
1660230 763
1660240 763
1660250 763
1660260 765
1660270 765
1660280 765
1660290 765
1660300 765
1660310 765
1660320 766
1660330 767
1660340 767
1660350 767
1660360 767
1660370 767
1660380 767
1660390 767
1660400 767
1660410 768
1660420 768
1660430 768
1660440 768
1660450 768
1660460 768
1660470 767
1660480 767
1660490 767
1660500 766
1660510 766
1660520 764
1660530 763
1660540 760
1660550 759
1660560 758
1660570 758
1660580 758
1660590 756
1660600 756
1660610 755
1660620 753
1660630 753
1660640 751
1660650 747
1660660 747
1660670 741
1660680 737
1660690 737
1660700 734
1660710 730
1660720 730
1660730 725
1660740 720
1660750 720
1660760 716
1660770 715
1660780 715
1660790 717
1660800 718
1660810 718
1660820 719
1660830 723
1660840 723
1660850 729
1660860 734
1660870 734
1660880 738
1660890 742
1660900 742
1660910 744
1660920 746
1660930 746
1660940 747
1660950 749
1660960 749
1660970 750
1660980 751
1660990 751
1661000 752
1661010 753
1661020 753
1661030 753
1661040 752
1661050 752
1661060 752
1661070 751
1661080 751
1661090 750
1661100 750
1661110 750
1661120 749
1661130 748
1661140 748
1661150 747
1661160 746
1661170 746
1661180 745
1661190 744
1661200 744
1661210 743
1661220 742
1661230 742
1661240 741
1661250 741
1661260 741
1661270 740
1661280 740
1661290 739
1661300 739
1661310 739
1661320 738
1661330 738
1661340 738
1661350 737
1661360 737
1661370 737
1661380 737
1661390 737
1661400 737
1661410 737
1661420 738
1661430 738
1661440 738
1661450 738
1661460 738
1661470 738
1661480 737
1661490 737
1661500 736
1661510 735
1661520 735
1661530 734
1661540 732
1661550 732
1661560 732
1661570 731
1661580 731
1661590 730
1661600 729
1661610 729
1661620 728
1661630 727
1661640 727
1661650 726
1661660 725
1661670 725
1661680 724
1661690 723
1661700 723
1661710 722
1661720 721
1661730 721
1661740 720
1661750 719
1661760 719
1661770 718
1661780 717
1661790 717
1661800 716
1661810 715
1661820 715
1661830 714
1661840 712
1661850 712
1661860 709
1661870 706
1661880 706
1661890 705
1661900 705
1661910 705
1661920 704
1661930 704
1661940 704
1661950 704
1661960 704
1661970 704
1661980 704
1661990 705
1662000 705
1662010 707
1662020 712
1662030 712
1662040 714
1662050 716
1662060 716
1662070 717
1662080 717
1662090 717
1662100 717
1662110 717
1662120 717
1662130 717
1662140 717
1662150 717
1662160 716
1662170 716
1662180 716
1662190 716
1662200 716
1662210 716
1662220 716
1662230 716
1662240 715
1662250 715
1662260 715
1662270 714
1662280 713
1662290 713
1662300 712
1662310 714
1662320 714
1662330 715
1662340 715
1662350 715
1662360 716
1662370 716
1662380 716
1662390 716
1662400 717
1662410 717
1662420 717
1662430 717
1662440 717
1662450 717
1662460 716
1662470 716
1662480 716
1662490 716
1662500 716
1662510 715
1662520 715
1662530 715
1662540 715
1662550 715
1662560 715
1662570 715
1662580 715
1662590 715
1662600 715
1662610 715
1662620 715
1662630 716
1662640 716
1662650 716
1662660 716
1662670 716
1662680 716
1662690 716
1662700 713
1662710 713
1662720 711
1662730 708
1662740 708
1662750 708
1662760 707
1662770 707
1662780 708
1662790 709
1662800 709
1662810 710
1662820 713
1662830 713
1662840 716
1662850 717
1662860 717
1662870 718
1662880 719
1662890 719
1662900 719
1662910 720
1662920 720
1662930 720
1662940 720
1662950 720
1662960 721
1662970 721
1662980 722
1662990 723
1663000 723
1663010 724
1663020 725
1663030 725
1663040 726
1663050 726
1663060 726
1663070 728
1663080 729
1663090 729
1663100 731
1663110 733
1663120 733
1663130 736
1663140 739
1663150 739
1663160 742
1663170 745
1663180 745
1663190 748
1663200 751
1663210 751
1663220 754
1663230 756
1663240 756
1663250 759
1663260 761
1663270 761
1663280 763
1663290 764
1663300 764
1663310 763
1663320 763
1663330 763
1663340 763
1663350 763
1663360 763
1663370 764
1663380 764
1663390 764
1663400 765
1663410 765
1663420 765
1663430 765
1663440 766
1663450 766
1663460 766
1663470 766
1663480 766
1663490 766
1663500 766
1663510 766
1663520 767
1663530 767
1663540 767
1663550 767
1663560 766
1663570 766
1663580 765
1663590 764
1663600 764
1663610 764
1663620 763
1663630 763
1663640 762
1663650 762
1663660 762
1663670 761
1663680 760
1663690 760
1663700 760
1663710 759
1663720 759
1663730 758
1663740 758
1663750 758
1663760 757
1663770 756
1663780 756
1663790 755
1663800 754
1663810 754
1663820 753
1663830 753
1663840 753
1663850 752
1663860 752
1663870 751
1663880 751
1663890 751
1663900 750
1663910 749
1663920 749
1663930 749
1663940 749
1663950 749
1663960 748
1663970 748
1663980 748
1663990 747
1664000 747
1664010 747
1664020 747
1664030 747
1664040 747
1664050 746
1664060 747
1664070 747
1664080 747
1664090 747
1664100 747
1664110 747
1664120 747
1664130 747
1664140 746
1664150 745
1664160 745
1664170 745
1664180 744
1664190 744
1664200 743
1664210 743
1664220 743
1664230 742
1664240 741
1664250 741
1664260 740
1664270 739
1664280 739
1664290 738
1664300 737
1664310 737
1664320 736
1664330 736
1664340 736
1664350 735
1664360 735
1664370 735
1664380 735
1664390 734
1664400 734
1664410 734
1664420 733
1664430 733
1664440 734
1664450 735
1664460 735
1664470 735
1664480 734
1664490 734
1664500 733
1664510 733
1664520 733
1664530 732
1664540 731
1664550 731
1664560 731
1664570 729
1664580 729
1664590 728
1664600 727
1664610 727
1664620 727
1664630 727
1664640 727
1664650 725
1664660 723
1664670 723
1664680 721
1664690 719
1664700 719
1664710 716
1664720 716
1664730 713
1664740 710
1664750 710
1664760 710
1664770 710
1664780 710
1664790 708
1664800 706
1664810 706
1664820 702
1664830 703
1664840 703
1664850 703
1664860 700
1664870 700
1664880 700
1664890 703
1664900 703
1664910 703
1664920 704
1664930 704
1664940 705
1664950 704
1664960 704
1664970 703
1664980 702
1664990 702
1665000 697
1665010 690
1665020 690
1665030 685
1665040 683
1665050 683
1665060 681
1665070 680
1665080 680
1665090 679
1665100 680
1665110 680
1665120 683
1665130 687
1665140 687
1665150 691
1665160 695
1665170 695
1665180 698
1665190 701
1665200 701
1665210 703
1665220 703
1665230 703
1665240 702
1665250 702
1665260 702
1665270 703
1665280 703
1665290 703
1665300 703
1665310 703
1665320 703
1665330 702
1665340 703
1665350 703
1665360 703
1665370 704
1665380 704
1665390 705
1665400 705
1665410 705
1665420 706
1665430 706
1665440 706
1665450 706
1665460 707
1665470 707
1665480 707
1665490 708
1665500 708
1665510 708
1665520 708
1665530 708
1665540 708
1665550 709
1665560 709
1665570 709
1665580 709
1665590 709
1665600 711
1665610 711
1665620 711
1665630 710
1665640 710
1665650 708
1665660 703
1665670 703
1665680 699
1665690 695
1665700 695
1665710 693
1665720 693
1665730 693
1665740 693
1665750 692
1665760 692
1665770 691
1665780 690
1665790 690
1665800 688
1665810 685
1665820 685
1665830 682
1665840 679
1665850 679
1665860 677
1665870 676
1665880 676
1665890 674
1665900 674
1665910 674
1665920 674
1665930 674
1665940 674
1665950 674
1665960 674
1665970 674
1665980 674
1665990 674
1666000 674
1666010 674
1666020 674
1666030 674
1666040 674
1666050 673
1666060 673
1666070 673
1666080 673
1666090 673
1666100 674
1666110 674
1666120 674
1666130 673
1666140 673
1666150 673
1666160 673
1666170 672
1666180 672
1666190 673
1666200 673
1666210 673
1666220 674
1666230 678
1666240 678
1666250 682
1666260 685
1666270 685
1666280 687
1666290 688
1666300 688
1666310 689
1666320 689
1666330 689
1666340 690
1666350 691
1666360 691
1666370 691
1666380 692
1666390 692
1666400 691
1666410 691
1666420 691
1666430 690
1666440 690
1666450 690
1666460 690
1666470 690
1666480 690
1666490 690
1666500 690
1666510 690
1666520 691
1666530 691
1666540 691
1666550 691
1666560 691
1666570 691
1666580 691
1666590 691
1666600 691
1666610 691
1666620 691
1666630 691
1666640 692
1666650 692
1666660 692
1666670 692
1666680 692
1666690 692
1666700 691
1666710 691
1666720 691
1666730 690
1666740 690
1666750 690
1666760 690
1666770 690
1666780 689
1666790 688
1666800 688
1666810 687
1666820 687
1666830 687
1666840 686
1666850 686
1666860 686
1666870 685
1666880 685
1666890 685
1666900 685
1666910 684
1666920 684
1666930 683
1666940 682
1666950 682
1666960 682
1666970 681
1666980 681
1666990 680
1667000 678
1667010 678
1667020 677
1667030 675
1667040 675
1667050 673
1667060 669
1667070 669
1667080 666
1667090 665
1667100 665
1667110 664
1667120 664
1667130 664
1667140 664
1667150 665
1667160 665
1667170 667
1667180 670
1667190 670
1667200 677
1667210 677
1667220 677
1667230 677
1667240 676
1667250 676
1667260 676
1667270 676
1667280 676
1667290 676
1667300 676
1667310 676
1667320 676
1667330 676
1667340 676
1667350 676
1667360 676
1667370 676
1667380 676
1667390 676
1667400 676
1667410 675
1667420 675
1667430 675
1667440 675
1667450 675
1667460 674
1667470 674
1667480 674
1667490 673
1667500 672
1667510 672
1667520 672
1667530 672
1667540 672
1667550 672
1667560 672
1667570 672
1667580 672
1667590 672
1667600 672
1667610 671
1667620 670
1667630 670
1667640 669
1667650 669
1667660 669
1667670 668
1667680 669
1667690 669
1667700 669
1667710 670
1667720 670
1667730 672
1667740 674
1667750 674
1667760 677
1667770 680
1667780 680
1667790 682
1667800 685
1667810 684
1667820 687
1667830 690
1667840 690
1667850 693
1667860 696
1667870 696
1667880 699
1667890 700
1667900 700
1667910 700
1667920 700
1667930 700
1667940 699
1667950 699
1667960 699
1667970 699
1667980 699
1667990 699
1668000 699
1668010 700
1668020 700
1668030 700
1668040 700
1668050 700
1668060 700
1668070 701
1668080 701
1668090 702
1668100 703
1668110 703
1668120 704
1668130 704
1668140 704
1668150 705
1668160 705
1668170 705
1668180 706
1668190 706
1668200 706
1668210 707
1668220 707
1668230 707
1668240 708
1668250 708
1668260 709
1668270 709
1668280 709
1668290 711
1668300 712
1668310 712
1668320 712
1668330 712
1668340 712
1668350 713
1668360 714
1668370 714
1668380 715
1668390 716
1668400 716
1668410 717
1668420 718
1668430 718
1668440 718
1668450 720
1668460 720
1668470 722
1668480 725
1668490 725
1668500 727
1668510 728
1668520 730
1668530 731
1668540 732
1668550 732
1668560 732
1668570 733
1668580 733
1668590 733
1668600 733
1668610 733
1668620 733
1668630 733
1668640 733
1668650 734
1668660 737
1668670 737
1668680 739
1668690 741
1668700 741
1668710 743
1668720 746
1668730 746
1668740 748
1668750 751
1668760 751
1668770 753
1668780 754
1668790 754
1668800 754
1668810 754
1668820 754
1668830 755
1668840 756
1668850 756
1668860 759
1668870 759
1668880 759
1668890 760
1668900 760
1668910 760
1668920 760
1668930 761
1668940 761
1668950 761
1668960 761
1668970 761
1668980 761
1668990 761
1669000 761
1669010 762
1669020 762
1669030 762
1669040 762
1669050 762
1669060 761
1669070 761
1669080 761
1669090 759
1669100 758
1669110 758
1669120 758
1669130 759
1669140 759
1669150 761
1669160 763
1669170 763
1669180 764
1669190 766
1669200 766
1669210 767
1669220 768
1669230 768
1669240 769
1669250 770
1669260 770
1669270 771
1669280 772
1669290 772
1669300 772
1669310 772
1669320 772
1669330 772
1669340 772
1669350 772
1669360 772
1669370 772
1669380 772
1669390 772
1669400 772
1669410 772
1669420 772
1669430 773
1669440 773
1669450 773
1669460 773
1669470 773
1669480 773
1669490 774
1669500 774
1669510 775
1669520 775
1669530 775
1669540 775
1669550 775
1669560 775
1669570 775
1669580 775
1669590 775
1669600 776
1669610 776
1669620 776
1669630 776
1669640 776
1669650 776
1669660 775
1669670 775
1669680 775
1669690 774
1669700 774
1669710 774
1669720 774
1669730 773
1669740 773
1669750 773
1669760 773
1669770 773
1669780 772
1669790 772
1669800 772
1669810 772
1669820 772
1669830 772
1669840 772
1669850 771
1669860 771
1669870 771
1669880 770
1669890 770
1669900 769
1669910 769
1669920 769
1669930 767
1669940 767
1669950 766
1669960 765
1669970 765
1669980 765
1669990 765
1670000 765
1670010 765
1670020 764
1670030 764
1670040 764
1670050 764
1670060 764
1670070 764
1670080 764
1670090 764
1670100 763
1670110 763
1670120 763
1670130 763
1670140 762
1670150 762
1670160 760
1670170 759
1670180 759
1670190 757
1670200 756
1670210 756
1670220 756
1670230 755
1670240 755
1670250 754
1670260 754
1670270 754
1670280 753
1670290 752
1670300 752
1670310 751
1670320 751
1670330 751
1670340 750
1670350 750
1670360 750
1670370 749
1670380 749
1670390 749
1670400 748
1670410 748
1670420 748
1670430 747
1670440 747
1670450 747
1670460 746
1670470 746
1670480 746
1670490 746
1670500 745
1670510 745
1670520 745
1670530 745
1670540 745
1670550 744
1670560 744
1670570 744
1670580 744
1670590 743
1670600 743
1670610 743
1670620 743
1670630 743
1670640 743
1670650 743
1670660 743
1670670 743
1670680 743
1670690 743
1670700 743
1670710 743
1670720 743
1670730 742
1670740 742
1670750 742
1670760 742
1670770 742
1670780 742
1670790 741
1670800 741
1670810 740
1670820 740
1670830 740
1670840 740
1670850 740
1670860 740
1670870 740
1670880 739
1670890 739
1670900 739
1670910 739
1670920 739
1670930 739
1670940 740
1670950 740
1670960 739
1670970 739
1670980 739
1670990 739
1671000 739
1671010 739
1671020 738
1671030 738
1671040 738
1671050 738
1671060 737
1671070 737
1671080 737
1671090 736
1671100 736
1671110 735
1671120 735
1671130 735
1671140 734
1671150 734
1671160 734
1671170 734
1671180 734
1671190 734
1671200 733
1671210 733
1671220 733
1671230 733
1671240 732
1671250 732
1671260 732
1671270 731
1671280 731
1671290 731
1671300 730
1671310 730
1671320 730
1671330 730
1671340 730
1671350 729
1671360 729
1671370 729
1671380 728
1671390 728
1671400 728
1671410 727
1671420 726
1671430 726
1671440 726
1671450 725
1671460 725
1671470 725
1671480 725
1671490 725
1671500 725
1671510 725
1671520 725
1671530 723
1671540 721
1671550 721
1671560 720
1671570 720
1671580 720
1671590 719
1671600 719
1671610 719
1671620 719
1671630 719
1671640 720
1671650 722
1671660 722
1671670 723
1671680 725
1671690 725
1671700 726
1671710 728
1671720 728
1671730 730
1671740 732
1671750 732
1671760 733
1671770 735
1671780 735
1671790 740
1671800 742
1671810 742
1671820 743
1671830 744
1671840 744
1671850 745
1671860 745
1671870 745
1671880 746
1671890 746
1671900 746
1671910 746
1671920 747
1671930 747
1671940 747
1671950 747
1671960 747
1671970 748
1671980 748
1671990 748
1672000 749
1672010 749
1672020 749
1672030 750
1672040 751
1672050 751
1672060 751
1672070 751
1672080 751
1672090 751
1672100 751
1672110 751
1672120 752
1672130 752
1672140 752
1672150 752
1672160 752
1672170 752
1672180 752
1672190 752
1672200 752
1672210 752
1672220 752
1672230 752
1672240 752
1672250 752
1672260 752
1672270 752
1672280 751
1672290 751
1672300 751
1672310 751
1672320 751
1672330 750
1672340 750
1672350 750
1672360 750
1672370 750
1672380 750
1672390 750
1672400 750
1672410 750
1672420 750
1672430 749
1672440 749
1672450 749
1672460 749
1672470 749
1672480 750
1672490 750
1672500 750
1672510 750
1672520 750
1672530 750
1672540 750
1672550 750
1672560 750
1672570 751
1672580 751
1672590 751
1672600 751
1672610 751
1672620 752
1672630 753
1672640 753
1672650 753
1672660 754
1672670 754
1672680 755
1672690 756
1672700 756
1672710 757
1672720 757
1672730 758
1672740 758
1672750 759
1672760 759
1672770 760
1672780 761
1672790 761
1672800 762
1672810 763
1672820 763
1672830 764
1672840 766
1672850 766
1672860 767
1672870 767
1672880 767
1672890 768
1672900 769
1672910 769
1672920 770
1672930 771
1672940 771
1672950 771
1672960 772
1672970 772
1672980 773
1672990 773
1673000 773
1673010 773
1673020 773
1673030 773
1673040 773
1673050 773
1673060 773
1673070 773
1673080 774
1673090 774
1673100 774
1673110 773
1673120 773
1673130 772
1673140 770
1673150 770
1673160 768
1673170 766
1673180 766
1673190 764
1673200 763
1673210 763
1673220 762
1673230 760
1673240 760
1673250 759
1673260 757
1673270 757
1673280 755
1673290 753
1673300 753
1673310 751
1673320 749
1673330 749
1673340 747
1673350 747
1673360 746
1673370 746
1673380 746
1673390 744
1673400 742
1673410 742
1673420 741
1673430 740
1673440 740
1673450 739
1673460 739
1673470 739
1673480 737
1673490 736
1673500 736
1673510 735
1673520 734
1673530 734
1673540 732
1673550 732
1673560 732
1673570 732
1673580 732
1673590 732
1673600 733
1673610 734
1673620 734
1673630 735
1673640 736
1673650 736
1673660 737
1673670 738
1673680 738
1673690 739
1673700 741
1673710 741
1673720 743
1673730 746
1673740 746
1673750 749
1673760 751
1673770 751
1673780 754
1673790 756
1673800 756
1673810 759
1673820 760
1673830 760
1673840 761
1673850 763
1673860 763
1673870 764
1673880 765
1673890 765
1673900 765
1673910 765
1673920 765
1673930 766
1673940 767
1673950 767
1673960 767
1673970 767
1673980 767
1673990 767
1674000 768
1674010 768
1674020 768
1674030 768
1674040 768
1674050 767
1674060 767
1674070 767
1674080 766
1674090 765
1674100 765
1674110 765
1674120 763
1674130 763
1674140 761
1674150 758
1674160 758
1674170 755
1674180 754
1674190 754
1674200 750
1674210 750
1674220 748
1674230 748
1674240 748
1674250 747
1674260 746
1674270 746
1674280 746
1674290 746
1674300 746
1674310 746
1674320 747
1674330 747
1674340 752
1674350 756
1674360 756
1674370 758
1674380 759
1674390 759
1674400 759
1674410 758
1674420 758
1674430 757
1674440 757
1674450 757
1674460 757
1674470 757
1674480 757
1674490 757
1674500 757
1674510 757
1674520 757
1674530 757
1674540 757
1674550 756
1674560 756
1674570 756
1674580 755
1674590 755
1674600 755
1674610 754
1674620 754
1674630 754
1674640 754
1674650 754
1674660 754
1674670 753
1674680 753
1674690 753
1674700 753
1674710 753
1674720 753
1674730 754
1674740 753
1674750 753
1674760 752
1674770 750
1674780 750
1674790 746
1674800 745
1674810 745
1674820 743
1674830 741
1674840 741
1674850 740
1674860 738
1674870 738
1674880 736
1674890 735
1674900 735
1674910 733
1674920 732
1674930 732
1674940 731
1674950 730
1674960 730
1674970 728
1674980 727
1674990 727
1675000 726
1675010 725
1675020 725
1675030 724
1675040 724
1675050 724
1675060 723
1675070 723
1675080 722
1675090 721
1675100 721
1675110 721
1675120 721
1675130 721
1675140 721
1675150 721
1675160 721
1675170 722
1675180 723
1675190 723
1675200 724
1675210 727
1675220 727
1675230 729
1675240 731
1675250 731
1675260 733
1675270 735
1675280 735
1675290 736
1675300 737
1675310 737
1675320 738
1675330 738
1675340 738
1675350 738
1675360 738
1675370 738
1675380 738
1675390 738
1675400 738
1675410 738
1675420 737
1675430 737
1675440 737
1675450 736
1675460 736
1675470 736
1675480 733
1675490 733
1675500 733
1675510 733
1675520 733
1675530 733
1675540 734
1675550 734
1675560 733
1675570 733
1675580 733
1675590 731
1675600 731
1675610 731
1675620 730
1675630 729
1675640 729
1675650 728
1675660 728
1675670 728
1675680 728
1675690 728
1675700 728
1675710 728
1675720 727
1675730 727
1675740 727
1675750 727
1675760 727
1675770 726
1675780 726
1675790 726
1675800 726
1675810 725
1675820 725
1675830 724
1675840 723
1675850 723
1675860 722
1675870 721
1675880 721
1675890 720
1675900 719
1675910 719
1675920 718
1675930 718
1675940 717
1675950 716
1675960 716
1675970 715
1675980 713
1675990 713
1676000 712
1676010 711
1676020 711
1676030 709
1676040 708
1676050 708
1676060 706
1676070 705
1676080 705
1676090 703
1676100 702
1676110 702
1676120 701
1676130 700
1676140 700
1676150 699
1676160 698
1676170 698
1676180 697
1676190 695
1676200 695
1676210 694
1676220 692
1676230 692
1676240 693
1676250 696
1676260 696
1676270 699
1676280 702
1676290 702
1676300 704
1676310 705
1676320 705
1676330 707
1676340 709
1676350 709
1676360 710
1676370 711
1676380 711
1676390 712
1676400 712
1676410 712
1676420 711
1676430 711
1676440 711
1676450 711
1676460 710
1676470 710
1676480 708
1676490 707
1676500 707
1676510 706
1676520 705
1676530 705
1676540 705
1676550 704
1676560 704
1676570 703
1676580 703
1676590 703
1676600 702
1676610 702
1676620 702
1676630 701
1676640 700
1676650 700
1676660 699
1676670 698
1676680 698
1676690 698
1676700 697
1676710 697
1676720 697
1676730 696
1676740 696
1676750 696
1676760 696
1676770 696
1676780 695
1676790 695
1676800 695
1676810 695
1676820 695
1676830 695
1676840 694
1676850 694
1676860 695
1676870 694
1676880 694
1676890 694
1676900 693
1676910 693
1676920 693
1676930 693
1676940 693
1676950 693
1676960 693
1676970 693
1676980 694
1676990 693
1677000 693
1677010 693
1677020 692
1677030 692
1677040 691
1677050 692
1677060 692
1677070 691
1677080 691
1677090 691
1677100 691
1677110 690
1677120 690
1677130 690
1677140 690
1677150 690
1677160 690
1677170 689
1677180 689
1677190 689
1677200 688
1677210 688
1677220 688
1677230 687
1677240 687
1677250 687
1677260 686
1677270 686
1677280 686
1677290 686
1677300 686
1677310 686
1677320 686
1677330 686
1677340 685
1677350 685
1677360 685
1677370 684
1677380 684
1677390 684
1677400 684
1677410 684
1677420 684
1677430 684
1677440 683
1677450 683
1677460 683
1677470 683
1677480 683
1677490 683
1677500 683
1677510 683
1677520 682
1677530 682
1677540 682
1677550 682
1677560 681
1677570 681
1677580 681
1677590 681
1677600 681
1677610 680
1677620 680
1677630 680
1677640 680
1677650 680
1677660 680
1677670 679
1677680 679
1677690 679
1677700 679
1677710 679
1677720 679
1677730 679
1677740 679
1677750 679
1677760 679
1677770 679
1677780 678
1677790 678
1677800 678
1677810 678
1677820 678
1677830 678
1677840 678
1677850 678
1677860 678
1677870 678
1677880 678
1677890 678
1677900 678
1677910 678
1677920 678
1677930 679
1677940 679
1677950 679
1677960 680
1677970 680
1677980 680
1677990 681
1678000 681
1678010 681
1678020 682
1678030 682
1678040 682
1678050 684
1678060 685
1678070 685
1678080 686
1678090 688
1678100 688
1678110 690
1678120 692
1678130 692
1678140 694
1678150 695
1678160 695
1678170 695
1678180 696
1678190 693
1678200 693
1678210 693
1678220 693
1678230 693
1678240 693
1678250 693
1678260 693
1678270 693
1678280 693
1678290 693
1678300 694
1678310 694
1678320 694
1678330 695
1678340 695
1678350 695
1678360 695
1678370 695
1678380 695
1678390 695
1678400 695
1678410 695
1678420 696
1678430 696
1678440 696
1678450 697
1678460 697
1678470 697
1678480 698
1678490 698
1678500 699
1678510 699
1678520 700
1678530 701
1678540 701
1678550 702
1678560 703
1678570 703
1678580 704
1678590 704
1678600 704
1678610 705
1678620 706
1678630 706
1678640 706
1678650 705
1678660 705
1678670 704
1678680 705
1678690 705
1678700 704
1678710 703
1678720 703
1678730 703
1678740 703
1678750 703
1678760 703
1678770 703
1678780 703
1678790 703
1678800 703
1678810 703
1678820 703
1678830 703
1678840 703
1678850 703
1678860 703
1678870 702
1678880 701
1678890 701
1678900 701
1678910 701
1678920 700
1678930 700
1678940 699
1678950 698
1678960 698
1678970 696
1678980 695
1678990 695
1679000 694
1679010 693
1679020 693
1679030 692
1679040 691
1679050 691
1679060 690
1679070 690
1679080 690
1679090 689
1679100 688
1679110 688
1679120 688
1679130 687
1679140 687
1679150 686
1679160 686
1679170 686
1679180 685
1679190 685
1679200 685
1679210 684
1679220 684
1679230 684
1679240 684
1679250 684
1679260 684
1679270 683
1679280 683
1679290 683
1679300 683
1679310 682
1679320 682
1679330 682
1679340 682
1679350 682
1679360 682
1679370 682
1679380 682
1679390 682
1679400 682
1679410 681
1679420 681
1679430 681
1679440 681
1679450 681
1679460 681
1679470 681
1679480 681
1679490 681
1679500 680
1679510 680
1679520 680
1679530 680
1679540 680
1679550 680
1679560 680
1679570 680
1679580 680
1679590 680
1679600 680
1679610 680
1679620 680
1679630 680
1679640 680
1679650 680
1679660 680
1679670 680
1679680 680
1679690 680
1679700 680
1679710 680
1679720 680
1679730 680
1679740 680
1679750 680
1679760 680
1679770 680
1679780 680
1679790 680
1679800 680
1679810 680
1679820 680
1679830 680
1679840 680
1679850 680
1679860 680
1679870 680
1679880 680
1679890 680
1679900 680
1679910 680
1679920 680
1679930 680
1679940 680
1679950 680
1679960 680
1679970 680
1679980 681
1679990 682
