1660000 753
1660010 754
1660020 754
1660030 755
1660040 756
1660050 756
1660060 757
1660070 758
1660080 758
1660090 759
1660100 760
1660110 760
1660120 760
1660130 761
1660140 761
1660150 762
1660160 763
1660170 763
1660180 763
1660190 764
1660200 764
1660210 765
1660220 765
1660230 765
1660240 766
1660250 766
1660260 766
1660270 767
1660280 767
1660290 768
1660300 768
1660310 768
1660320 769
1660330 769
1660340 769
1660350 771
1660360 772
1660370 772
1660380 773
1660390 775
1660400 775
1660410 776
1660420 778
1660430 778
1660440 780
1660450 782
1660460 782
1660470 783
1660480 784
1660490 784
1660500 784
1660510 784
1660520 784
1660530 784
1660540 784
1660550 784
1660560 784
1660570 785
1660580 785
1660590 785
1660600 784
1660610 784
1660620 783
1660630 782
1660640 782
1660650 782
1660660 781
1660670 781
1660680 780
1660690 779
1660700 779
1660710 778
1660720 778
1660730 778
1660740 778
1660750 778
1660760 778
1660770 779
1660780 778
1660790 778
1660800 778
1660810 777
1660820 777
1660830 777
1660840 776
1660850 776
1660860 776
1660870 775
1660880 775
1660890 774
1660900 773
1660910 773
1660920 772
1660930 771
1660940 771
1660950 771
1660960 771
1660970 771
1660980 771
1660990 771
1661000 771
1661010 771
1661020 771
1661030 772
1661040 772
1661050 772
1661060 773
1661070 774
1661080 774
1661090 774
1661100 774
1661110 774
1661120 773
1661130 773
1661140 773
1661150 773
1661160 772
1661170 772
1661180 772
1661190 772
1661200 772
1661210 771
1661220 771
1661230 771
1661240 770
1661250 769
1661260 769
1661270 768
1661280 768
1661290 768
1661300 767
1661310 767
1661320 767
1661330 767
1661340 766
1661350 766
1661360 766
1661370 765
1661380 765
1661390 765
1661400 764
1661410 764
1661420 763
1661430 761
1661440 761
1661450 757
1661460 755
1661470 755
1661480 754
1661490 753
1661500 753
1661510 754
1661520 754
1661530 754
1661540 756
1661550 758
1661560 758
1661570 760
1661580 763
1661590 763
1661600 766
1661610 768
1661620 768
1661630 769
1661640 770
1661650 770
1661660 771
1661670 772
1661680 772
1661690 774
1661700 776
1661710 776
1661720 779
1661730 781
1661740 781
1661750 782
1661760 782
1661770 782
1661780 781
1661790 780
1661800 780
1661810 779
1661820 779
1661830 779
1661840 778
1661850 778
1661860 778
1661870 777
1661880 777
1661890 777
1661900 777
1661910 777
1661920 776
1661930 776
1661940 776
1661950 776
1661960 776
1661970 776
1661980 776
1661990 776
1662000 776
1662010 776
1662020 776
1662030 776
1662040 777
1662050 778
1662060 778
1662070 778
1662080 778
1662090 778
1662100 777
1662110 776
1662120 776
1662130 776
1662140 776
1662150 776
1662160 775
1662170 773
1662180 773
1662190 770
1662200 768
1662210 768
1662220 768
1662230 770
1662240 771
1662250 774
1662260 777
1662270 777
1662280 781
1662290 783
1662300 783
1662310 786
1662320 788
1662330 788
1662340 790
1662350 792
1662360 792
1662370 792
1662380 792
1662390 792
1662400 792
1662410 792
1662420 792
1662430 792
1662440 793
1662450 793
1662460 794
1662470 793
1662480 793
1662490 793
1662500 794
1662510 794
1662520 793
1662530 793
1662540 793
1662550 793
1662560 792
1662570 792
1662580 792
1662590 791
1662600 791
1662610 791
1662620 790
1662630 790
1662640 790
1662650 789
1662660 789
1662670 789
1662680 789
1662690 788
1662700 788
1662710 788
1662720 788
1662730 787
1662740 787
1662750 787
1662760 787
1662770 787
1662780 788
1662790 788
1662800 788
1662810 788
1662820 788
1662830 788
1662840 788
1662850 788
1662860 788
1662870 787
1662880 786
1662890 786
1662900 786
1662910 785
1662920 785
1662930 784
1662940 783
1662950 783
1662960 782
1662970 781
1662980 783
1662990 783
1663000 783
1663010 783
1663020 783
1663030 782
1663040 782
1663050 781
1663060 780
1663070 780
1663080 779
1663090 778
1663100 778
1663110 777
1663120 776
1663130 776
1663140 774
1663150 773
1663160 773
1663170 772
1663180 770
1663190 770
1663200 768
1663210 767
1663220 767
1663230 766
1663240 765
1663250 765
1663260 763
1663270 762
1663280 762
1663290 761
1663300 760
1663310 760
1663320 760
1663330 760
1663340 760
1663350 759
1663360 757
1663370 757
1663380 756
1663390 755
1663400 755
1663410 754
1663420 753
1663430 753
1663440 750
1663450 747
1663460 747
1663470 745
1663480 742
1663490 742
1663500 740
1663510 740
1663520 739
1663530 739
1663540 739
1663550 738
1663560 737
1663570 737
1663580 736
1663590 735
1663600 735
1663610 734
1663620 733
1663630 733
1663640 732
1663650 731
1663660 731
1663670 730
1663680 730
1663690 730
1663700 729
1663710 728
1663720 728
1663730 727
1663740 726
1663750 726
1663760 725
1663770 725
1663780 725
1663790 724
1663800 724
1663810 724
1663820 723
1663830 722
1663840 722
1663850 721
1663860 721
1663870 721
1663880 721
1663890 720
1663900 720
1663910 719
1663920 719
1663930 719
1663940 719
1663950 718
1663960 718
1663970 718
1663980 718
1663990 718
1664000 718
1664010 718
1664020 718
1664030 718
1664040 718
1664050 718
1664060 719
1664070 719
1664080 719
1664090 719
1664100 718
1664110 718
1664120 717
1664130 717
1664140 717
1664150 716
1664160 715
1664170 715
1664180 714
1664190 713
1664200 713
1664210 712
1664220 712
1664230 712
1664240 710
1664250 710
1664260 710
1664270 709
1664280 708
1664290 708
1664300 706
1664310 706
1664320 705
1664330 703
1664340 703
1664350 702
1664360 700
1664370 700
1664380 699
1664390 697
1664400 697
1664410 695
1664420 692
1664430 692
1664440 690
1664450 688
1664460 688
1664470 686
1664480 684
1664490 684
1664500 683
1664510 683
1664520 683
1664530 682
1664540 681
1664550 681
1664560 680
1664570 679
1664580 679
1664590 678
1664600 677
1664610 677
1664620 676
1664630 674
1664640 674
1664650 673
1664660 676
1664670 676
1664680 677
1664690 677
1664700 677
1664710 677
1664720 677
1664730 677
1664740 676
1664750 675
1664760 675
1664770 675
1664780 675
1664790 675
1664800 675
1664810 675
1664820 675
1664830 675
1664840 675
1664850 675
1664860 673
1664870 673
1664880 673
1664890 672
1664900 668
1664910 668
1664920 666
1664930 666
1664940 666
1664950 666
1664960 667
1664970 667
1664980 667
1664990 668
1665000 668
1665010 670
1665020 670
1665030 670
1665040 671
1665050 670
1665060 670
1665070 671
1665080 672
1665090 672
1665100 673
1665110 675
1665120 675
1665130 674
1665140 674
1665150 674
1665160 674
1665170 674
1665180 674
1665190 674
1665200 674
1665210 674
1665220 674
1665230 674
1665240 675
1665250 675
1665260 675
1665270 675
1665280 675
1665290 675
1665300 676
1665310 675
1665320 675
1665330 676
1665340 675
1665350 675
1665360 675
1665370 675
1665380 675
1665390 675
1665400 675
1665410 675
1665420 676
1665430 676
1665440 676
1665450 676
1665460 676
1665470 676
1665480 676
1665490 676
1665500 676
1665510 676
1665520 677
1665530 677
1665540 677
1665550 678
1665560 678
1665570 678
1665580 679
1665590 679
1665600 679
1665610 679
1665620 679
1665630 679
1665640 681
1665650 681
1665660 682
1665670 682
1665680 682
1665690 683
1665700 684
1665710 684
1665720 685
1665730 685
1665740 685
1665750 685
1665760 685
1665770 685
1665780 684
1665790 684
1665800 684
1665810 684
1665820 683
1665830 683
1665840 683
1665850 682
1665860 682
1665870 681
1665880 678
1665890 678
1665900 676
1665910 673
1665920 673
1665930 669
1665940 665
1665950 665
1665960 663
1665970 663
1665980 661
1665990 660
1666000 660
1666010 658
1666020 658
1666030 658
1666040 658
1666050 657
1666060 657
1666070 655
1666080 653
1666090 653
1666100 651
1666110 649
1666120 649
1666130 649
1666140 650
1666150 650
1666160 649
1666170 649
1666180 649
1666190 650
1666200 650
1666210 650
1666220 653
1666230 657
1666240 657
1666250 661
1666260 663
1666270 663
1666280 666
1666290 669
1666300 669
1666310 671
1666320 671
1666330 671
1666340 670
1666350 671
1666360 671
1666370 671
1666380 672
1666390 672
1666400 671
1666410 669
1666420 669
1666430 666
1666440 665
1666450 665
1666460 664
1666470 663
1666480 663
1666490 662
1666500 661
1666510 661
1666520 661
1666530 661
1666540 661
1666550 663
1666560 667
1666570 667
1666580 669
1666590 670
1666600 668
1666610 669
1666620 670
1666630 670
1666640 670
1666650 671
1666660 671
1666670 672
1666680 673
1666690 673
1666700 674
1666710 676
1666720 676
1666730 677
1666740 678
1666750 678
1666760 679
1666770 679
1666780 680
1666790 681
1666800 681
1666810 681
1666820 682
1666830 682
1666840 683
1666850 683
1666860 683
1666870 684
1666880 685
1666890 685
1666900 687
1666910 688
1666920 688
1666930 689
1666940 690
1666950 690
1666960 690
1666970 690
1666980 690
1666990 690
1667000 689
1667010 689
1667020 689
1667030 689
1667040 689
1667050 688
1667060 687
1667070 687
1667080 686
1667090 686
1667100 686
1667110 685
1667120 685
1667130 685
1667140 684
1667150 683
1667160 683
1667170 682
1667180 681
1667190 681
1667200 679
1667210 678
1667220 678
1667230 678
1667240 679
1667250 679
1667260 681
1667270 684
1667280 684
1667290 686
1667300 688
1667310 688
1667320 688
1667330 690
1667340 690
1667350 691
1667360 693
1667370 693
1667380 694
1667390 696
1667400 696
1667410 698
1667420 700
1667430 700
1667440 702
1667450 704
1667460 704
1667470 705
1667480 706
1667490 706
1667500 707
1667510 707
1667520 707
1667530 707
1667540 706
1667550 706
1667560 706
1667570 706
1667580 706
1667590 705
1667600 705
1667610 705
1667620 704
1667630 704
1667640 703
1667650 703
1667660 703
1667670 703
1667680 703
1667690 703
1667700 703
1667710 703
1667720 703
1667730 703
1667740 703
1667750 703
1667760 704
1667770 704
1667780 704
1667790 705
1667800 706
1667810 706
1667820 707
1667830 708
1667840 708
1667850 709
1667860 709
1667870 709
1667880 708
1667890 708
1667900 708
1667910 707
1667920 707
1667930 707
1667940 707
1667950 708
1667960 708
1667970 709
1667980 709
1667990 709
1668000 709
1668010 709
1668020 709
1668030 711
1668040 712
1668050 712
1668060 712
1668070 713
1668080 713
1668090 713
1668100 714
1668110 714
1668120 714
1668130 714
1668140 714
1668150 714
1668160 714
1668170 714
1668180 715
1668190 715
1668200 715
1668210 714
1668220 714
1668230 714
1668240 713
1668250 713
1668260 713
1668270 713
1668280 713
1668290 713
1668300 714
1668310 714
1668320 714
1668330 715
1668340 715
1668350 715
1668360 714
1668370 714
1668380 714
1668390 714
1668400 714
1668410 714
1668420 714
1668430 714
1668440 714
1668450 715
1668460 715
1668470 715
1668480 716
1668490 716
1668500 716
1668510 717
1668520 717
1668530 717
1668540 717
1668550 717
1668560 717
1668570 718
1668580 718
1668590 718
1668600 719
1668610 719
1668620 719
1668630 719
1668640 719
1668650 720
1668660 721
1668670 721
1668680 722
1668690 722
1668700 722
1668710 723
1668720 725
1668730 725
1668740 726
1668750 726
1668760 726
1668770 727
1668780 728
1668790 728
1668800 729
1668810 730
1668820 730
1668830 730
1668840 730
1668850 730
1668860 731
1668870 731
1668880 731
1668890 731
1668900 731
1668910 731
1668920 731
1668930 731
1668940 731
1668950 731
1668960 731
1668970 731
1668980 732
1668990 732
1669000 732
1669010 732
1669020 732
1669030 732
1669040 733
1669050 733
1669060 733
1669070 734
1669080 734
1669090 734
1669100 733
1669110 733
1669120 733
1669130 733
1669140 732
1669150 732
1669160 733
1669170 733
1669180 733
1669190 733
1669200 733
1669210 733
1669220 732
1669230 732
1669240 732
1669250 732
1669260 732
1669270 731
1669280 730
1669290 730
1669300 729
1669310 728
1669320 728
1669330 726
1669340 724
1669350 724
1669360 723
1669370 722
1669380 722
1669390 722
1669400 721
1669410 721
1669420 719
1669430 716
1669440 714
1669450 711
1669460 709
1669470 709
1669480 707
1669490 706
1669500 706
1669510 705
1669520 704
1669530 704
1669540 703
1669550 703
1669560 703
1669570 702
1669580 702
1669590 702
1669600 702
1669610 702
1669620 702
1669630 701
1669640 701
1669650 701
1669660 701
1669670 700
1669680 700
1669690 699
1669700 698
1669710 698
1669720 697
1669730 695
1669740 695
1669750 694
1669760 693
1669770 693
1669780 692
1669790 692
1669800 692
1669810 692
1669820 692
1669830 692
1669840 693
1669850 693
1669860 693
1669870 694
1669880 694
1669890 694
1669900 695
1669910 696
1669920 696
1669930 697
1669940 697
1669950 697
1669960 698
1669970 698
1669980 698
1669990 699
1670000 699
1670010 699
1670020 700
1670030 700
1670040 700
1670050 701
1670060 701
1670070 701
1670080 701
1670090 701
1670100 701
1670110 702
1670120 702
1670130 702
1670140 702
1670150 703
1670160 703
1670170 703
1670180 703
1670190 704
1670200 704
1670210 704
1670220 704
1670230 705
1670240 705
1670250 705
1670260 705
1670270 705
1670280 706
1670290 706
1670300 706
1670310 706
1670320 707
1670330 707
1670340 707
1670350 707
1670360 707
1670370 708
1670380 708
1670390 708
1670400 709
1670410 709
1670420 709
1670430 709
1670440 710
1670450 710
1670460 710
1670470 710
1670480 710
1670490 710
1670500 710
1670510 710
1670520 710
1670530 710
1670540 710
1670550 710
1670560 710
1670570 710
1670580 709
1670590 709
1670600 709
1670610 708
1670620 708
1670630 708
1670640 708
1670650 708
1670660 708
1670670 707
1670680 707
1670690 707
1670700 706
1670710 706
1670720 706
1670730 706
1670740 705
1670750 705
1670760 705
1670770 704
1670780 704
1670790 704
1670800 703
1670810 703
1670820 703
1670830 702
1670840 702
1670850 702
1670860 702
1670870 701
1670880 701
1670890 701
1670900 700
1670910 699
1670920 699
1670930 699
1670940 698
1670950 698
1670960 698
1670970 698
1670980 698
1670990 697
1671000 697
1671010 697
1671020 697
1671030 697
1671040 697
1671050 697
1671060 696
1671070 696
1671080 696
1671090 695
1671100 695
1671110 694
1671120 693
1671130 693
1671140 692
1671150 691
1671160 691
1671170 691
1671180 689
1671190 689
1671200 685
1671210 681
1671220 681
1671230 678
1671240 676
1671250 676
1671260 675
1671270 675
1671280 675
1671290 678
1671300 683
1671310 683
1671320 688
1671330 692
1671340 692
1671350 695
1671360 695
1671370 695
1671380 696
1671390 696
1671400 696
1671410 696
1671420 696
1671430 696
1671440 695
1671450 695
1671460 695
1671470 695
1671480 695
1671490 695
1671500 695
1671510 694
1671520 694
1671530 694
1671540 694
1671550 695
1671560 694
1671570 694
1671580 694
1671590 695
1671600 696
1671610 696
1671620 696
1671630 696
1671640 696
1671650 696
1671660 697
1671670 697
1671680 697
1671690 697
1671700 697
1671710 698
1671720 698
1671730 698
1671740 698
1671750 698
1671760 698
1671770 698
1671780 698
1671790 698
1671800 698
1671810 698
1671820 698
1671830 698
1671840 698
1671850 698
1671860 698
1671870 698
1671880 697
1671890 697
1671900 697
1671910 696
1671920 696
1671930 696
1671940 696
1671950 695
1671960 695
1671970 694
1671980 693
1671990 693
1672000 692
1672010 690
1672020 690
1672030 688
1672040 686
1672050 686
1672060 685
1672070 685
1672080 685
1672090 685
1672100 685
1672110 685
1672120 687
1672130 688
1672140 688
1672150 689
1672160 690
1672170 690
1672180 692
1672190 693
1672200 693
1672210 695
1672220 697
1672230 697
1672240 698
1672250 701
1672260 701
1672270 703
1672280 705
1672290 705
1672300 707
1672310 709
1672320 709
1672330 710
1672340 710
1672350 710
1672360 711
1672370 711
1672380 711
1672390 711
1672400 711
1672410 711
1672420 711
1672430 712
1672440 712
1672450 713
1672460 713
1672470 713
1672480 715
1672490 716
1672500 716
1672510 718
1672520 718
1672530 720
1672540 721
1672550 721
1672560 724
1672570 727
1672580 727
1672590 732
1672600 734
1672610 734
1672620 736
1672630 738
1672640 738
1672650 738
1672660 737
1672670 737
1672680 737
1672690 737
1672700 737
1672710 737
1672720 738
1672730 738
1672740 739
1672750 739
1672760 739
1672770 740
1672780 740
1672790 740
1672800 740
1672810 741
1672820 741
1672830 741
1672840 742
1672850 742
1672860 743
1672870 744
1672880 744
1672890 745
1672900 747
1672910 747
1672920 748
1672930 749
1672940 749
1672950 750
1672960 751
1672970 751
1672980 751
1672990 752
1673000 752
1673010 752
1673020 753
1673030 753
1673040 753
1673050 753
1673060 753
1673070 754
1673080 755
1673090 755
1673100 756
1673110 756
1673120 756
1673130 756
1673140 756
1673150 756
1673160 755
1673170 752
1673180 752
1673190 750
1673200 748
1673210 748
1673220 744
1673230 740
1673240 740
1673250 737
1673260 733
1673270 733
1673280 730
1673290 727
1673300 727
1673310 725
1673320 725
1673330 723
1673340 722
1673350 722
1673360 720
1673370 721
1673380 721
1673390 723
1673400 723
1673410 723
1673420 724
1673430 725
1673440 725
1673450 725
1673460 726
1673470 726
1673480 726
1673490 726
1673500 726
1673510 726
1673520 725
1673530 725
1673540 724
1673550 720
1673560 720
1673570 717
1673580 714
1673590 714
1673600 711
1673610 713
1673620 713
1673630 713
1673640 715
1673650 715
1673660 718
1673670 721
1673680 721
1673690 724
1673700 726
1673710 726
1673720 728
1673730 729
1673740 729
1673750 729
1673760 730
1673770 730
1673780 731
1673790 732
1673800 732
1673810 732
1673820 732
1673830 732
1673840 732
1673850 733
1673860 733
1673870 734
1673880 733
1673890 733
1673900 731
1673910 730
1673920 730
1673930 728
1673940 724
1673950 724
1673960 723
1673970 723
1673980 723
1673990 723
1674000 723
1674010 723
1674020 722
1674030 721
1674040 721
1674050 720
1674060 719
1674070 719
1674080 718
1674090 716
1674100 716
1674110 715
1674120 714
1674130 714
1674140 713
1674150 713
1674160 712
1674170 711
1674180 711
1674190 710
1674200 709
1674210 709
1674220 707
1674230 705
1674240 705
1674250 703
1674260 700
1674270 700
1674280 698
1674290 697
1674300 697
1674310 696
1674320 695
1674330 695
1674340 694
1674350 693
1674360 693
1674370 693
1674380 694
1674390 694
1674400 694
1674410 695
1674420 695
1674430 696
1674440 696
1674450 696
1674460 696
1674470 696
1674480 696
1674490 695
1674500 695
1674510 695
1674520 694
1674530 694
1674540 694
1674550 693
1674560 693
1674570 693
1674580 692
1674590 692
1674600 692
1674610 691
1674620 691
1674630 691
1674640 690
1674650 689
1674660 689
1674670 687
1674680 686
1674690 686
1674700 684
1674710 682
1674720 682
1674730 679
1674740 676
1674750 676
1674760 677
1674770 679
1674780 679
1674790 680
1674800 684
1674810 684
1674820 689
1674830 692
1674840 692
1674850 696
1674860 699
1674870 699
1674880 701
1674890 703
1674900 703
1674910 703
1674920 703
1674930 703
1674940 703
1674950 703
1674960 703
1674970 704
1674980 704
1674990 704
1675000 704
1675010 703
1675020 703
1675030 704
1675040 704
1675050 704
1675060 705
1675070 705
1675080 704
1675090 704
1675100 704
1675110 703
1675120 702
1675130 702
1675140 702
1675150 701
1675160 701
1675170 700
1675180 700
1675190 700
1675200 699
1675210 698
1675220 698
1675230 698
1675240 697
1675250 697
1675260 696
1675270 695
1675280 695
1675290 693
1675300 692
1675310 692
1675320 690
1675330 689
1675340 689
1675350 689
1675360 690
1675370 690
1675380 691
1675390 693
1675400 693
1675410 696
1675420 698
1675430 698
1675440 701
1675450 703
1675460 703
1675470 706
1675480 709
1675490 709
1675500 711
1675510 713
1675520 713
1675530 715
1675540 716
1675550 716
1675560 717
1675570 718
1675580 718
1675590 719
1675600 720
1675610 720
1675620 721
1675630 722
1675640 722
1675650 723
1675660 725
1675670 725
1675680 726
1675690 727
1675700 727
1675710 726
1675720 726
1675730 726
1675740 725
1675750 725
1675760 725
1675770 724
1675780 724
1675790 723
1675800 722
1675810 722
1675820 721
1675830 719
1675840 719
1675850 718
1675860 717
1675870 717
1675880 716
1675890 715
1675900 715
1675910 713
1675920 712
1675930 712
1675940 711
1675950 710
1675960 710
1675970 709
1675980 708
1675990 708
1676000 708
1676010 707
1676020 707
1676030 707
1676040 707
1676050 707
1676060 707
1676070 706
1676080 706
1676090 705
1676100 705
1676110 705
1676120 704
1676130 705
1676140 705
1676150 704
1676160 704
1676170 704
1676180 704
1676190 704
1676200 704
1676210 703
1676220 703
1676230 703
1676240 703
1676250 703
1676260 703
1676270 704
1676280 704
1676290 704
1676300 704
1676310 705
1676320 705
1676330 706
1676340 707
1676350 707
1676360 707
1676370 708
1676380 708
1676390 708
1676400 708
1676410 708
1676420 708
1676430 710
1676440 710
1676450 712
1676460 713
1676470 713
1676480 714
1676490 712
1676500 712
1676510 711
1676520 710
1676530 710
1676540 708
1676550 707
1676560 707
1676570 705
1676580 704
1676590 704
1676600 703
1676610 703
1676620 704
1676630 705
1676640 705
1676650 705
1676660 704
1676670 704
1676680 703
1676690 702
1676700 702
1676710 701
1676720 700
1676730 700
1676740 699
1676750 699
1676760 699
1676770 698
1676780 697
1676790 697
1676800 696
1676810 695
1676820 695
1676830 695
1676840 694
1676850 694
1676860 694
1676870 694
1676880 694
1676890 693
1676900 693
1676910 693
1676920 693
1676930 693
1676940 693
1676950 694
1676960 695
1676970 695
1676980 696
1676990 697
1677000 697
1677010 699
1677020 699
1677030 699
1677040 700
1677050 698
1677060 698
1677070 698
1677080 698
1677090 698
1677100 698
1677110 698
1677120 698
1677130 697
1677140 697
1677150 697
1677160 696
1677170 696
1677180 696
1677190 696
1677200 695
1677210 695
1677220 695
1677230 695
1677240 695
1677250 695
1677260 696
1677270 696
1677280 696
1677290 695
1677300 695
1677310 695
1677320 695
1677330 695
1677340 694
1677350 694
1677360 694
1677370 694
1677380 694
1677390 694
1677400 694
1677410 694
1677420 695
1677430 695
1677440 695
1677450 695
1677460 695
1677470 695
1677480 694
1677490 693
1677500 693
1677510 693
1677520 691
1677530 691
1677540 690
1677550 689
1677560 689
1677570 688
1677580 686
1677590 686
1677600 685
1677610 683
1677620 683
1677630 681
1677640 680
1677650 680
1677660 679
1677670 678
1677680 678
1677690 677
1677700 676
1677710 676
1677720 676
1677730 676
1677740 676
1677750 676
1677760 676
1677770 676
1677780 675
1677790 675
1677800 675
1677810 674
1677820 674
1677830 674
1677840 674
1677850 674
1677860 674
1677870 673
1677880 672
1677890 672
1677900 670
1677910 668
1677920 668
1677930 667
1677940 667
1677950 667
1677960 669
1677970 669
1677980 669
1677990 669
1678000 669
1678010 669
1678020 669
1678030 669
1678040 669
1678050 668
1678060 668
1678070 668
1678080 670
1678090 672
1678100 672
1678110 673
1678120 674
1678130 674
1678140 675
1678150 677
1678160 677
1678170 677
1678180 678
1678190 678
1678200 679
1678210 680
1678220 680
1678230 682
1678240 682
1678250 683
1678260 683
1678270 683
1678280 683
1678290 683
1678300 683
1678310 683
1678320 683
1678330 683
1678340 683
1678350 683
1678360 683
1678370 684
1678380 684
1678390 684
1678400 684
1678410 684
1678420 684
1678430 684
1678440 685
1678450 685
1678460 685
1678470 685
1678480 685
1678490 684
1678500 684
1678510 684
1678520 684
1678530 683
1678540 683
1678550 683
1678560 683
1678570 683
1678580 682
1678590 682
1678600 682
1678610 683
1678620 682
1678630 682
1678640 682
1678650 681
1678660 681
1678670 680
1678680 679
1678690 679
1678700 678
1678710 677
1678720 677
1678730 677
1678740 676
1678750 676
1678760 674
1678770 674
1678780 674
1678790 672
1678800 671
1678810 671
1678820 670
1678830 668
1678840 668
1678850 667
1678860 665
1678870 665
1678880 664
1678890 662
1678900 662
1678910 660
1678920 659
1678930 659
1678940 657
1678950 657
1678960 657
1678970 656
1678980 655
1678990 655
1679000 654
1679010 653
1679020 653
1679030 652
1679040 652
1679050 651
1679060 650
1679070 650
1679080 648
1679090 646
1679100 646
1679110 644
1679120 642
1679130 642
1679140 640
1679150 637
1679160 637
1679170 635
1679180 631
1679190 631
1679200 629
1679210 628
1679220 628
1679230 629
1679240 630
1679250 630
1679260 632
1679270 637
1679280 637
1679290 641
1679300 643
1679310 643
1679320 644
1679330 644
1679340 644
1679350 645
1679360 646
1679370 646
1679380 646
1679390 646
1679400 646
1679410 646
1679420 647
1679430 647
1679440 649
1679450 651
1679460 651
1679470 652
1679480 654
1679490 654
1679500 655
1679510 656
1679520 656
1679530 657
1679540 659
1679550 659
1679560 660
1679570 662
1679580 662
1679590 663
1679600 665
1679610 665
1679620 667
1679630 668
1679640 668
1679650 669
1679660 669
1679670 669
1679680 670
1679690 670
1679700 670
1679710 671
1679720 672
1679730 672
1679740 672
1679750 671
1679760 671
1679770 672
1679780 671
1679790 671
1679800 671
1679810 670
1679820 670
1679830 669
1679840 668
1679850 668
1679860 667
1679870 667
1679880 667
1679890 665
1679900 665
1679910 665
1679920 663
1679930 663
1679940 662
1679950 660
1679960 660
1679970 659
1679980 657
1679990 657
