1660000 788
1660010 789
1660020 789
1660030 790
1660040 790
1660050 790
1660060 790
1660070 789
1660080 789
1660090 788
1660100 788
1660110 788
1660120 788
1660130 788
1660140 788
1660150 788
1660160 788
1660170 788
1660180 788
1660190 788
1660200 788
1660210 789
1660220 789
1660230 789
1660240 789
1660250 790
1660260 790
1660270 791
1660280 792
1660290 792
1660300 792
1660310 793
1660320 793
1660330 794
1660340 794
1660350 794
1660360 795
1660370 795
1660380 795
1660390 794
1660400 794
1660410 794
1660420 794
1660430 794
1660440 794
1660450 794
1660460 794
1660470 794
1660480 794
1660490 794
1660500 794
1660510 793
1660520 794
1660530 794
1660540 794
1660550 794
1660560 794
1660570 794
1660580 794
1660590 794
1660600 794
1660610 794
1660620 794
1660630 794
1660640 794
1660650 794
1660660 794
1660670 793
1660680 793
1660690 792
1660700 791
1660710 791
1660720 789
1660730 787
1660740 787
1660750 787
1660760 787
1660770 787
1660780 788
1660790 789
1660800 789
1660810 789
1660820 789
1660830 789
1660840 789
1660850 789
1660860 790
1660870 790
1660880 790
1660890 790
1660900 789
1660910 789
1660920 788
1660930 788
1660940 788
1660950 788
1660960 788
1660970 788
1660980 788
1660990 787
1661000 787
1661010 785
1661020 782
1661030 782
1661040 782
1661050 783
1661060 783
1661070 783
1661080 786
1661090 786
1661100 788
1661110 790
1661120 790
1661130 791
1661140 792
1661150 792
1661160 793
1661170 794
1661180 794
1661190 794
1661200 795
1661210 795
1661220 795
1661230 794
1661240 794
1661250 794
1661260 795
1661270 795
1661280 795
1661290 794
1661300 794
1661310 794
1661320 795
1661330 795
1661340 794
1661350 793
1661360 793
1661370 791
1661380 792
1661390 792
1661400 794
1661410 796
1661420 796
1661430 797
1661440 798
1661450 798
1661460 798
1661470 798
1661480 798
1661490 798
1661500 798
1661510 798
1661520 799
1661530 800
1661540 800
1661550 801
1661560 802
1661570 802
1661580 803
1661590 803
1661600 803
1661610 804
1661620 804
1661630 804
1661640 804
1661650 804
1661660 804
1661670 805
1661680 805
1661690 805
1661700 805
1661710 805
1661720 805
1661730 805
1661740 805
1661750 805
1661760 804
1661770 804
1661780 804
1661790 803
1661800 803
1661810 803
1661820 802
1661830 802
1661840 802
1661850 801
1661860 801
1661870 801
1661880 801
1661890 801
1661900 800
1661910 800
1661920 800
1661930 800
1661940 800
1661950 800
1661960 800
1661970 800
1661980 800
1661990 800
1662000 800
1662010 800
1662020 799
1662030 800
1662040 800
1662050 800
1662060 801
1662070 801
1662080 801
1662090 801
1662100 801
1662110 802
1662120 803
1662130 803
1662140 804
1662150 805
1662160 805
1662170 805
1662180 804
1662190 804
1662200 802
1662210 801
1662220 801
1662230 801
1662240 800
1662250 800
1662260 800
1662270 800
1662280 800
1662290 800
1662300 800
1662310 800
1662320 799
1662330 798
1662340 798
1662350 795
1662360 794
1662370 794
1662380 792
1662390 790
1662400 790
1662410 789
1662420 786
1662430 786
1662440 785
1662450 784
1662460 784
1662470 783
1662480 783
1662490 782
1662500 782
1662510 782
1662520 782
1662530 781
1662540 781
1662550 781
1662560 781
1662570 781
1662580 780
1662590 779
1662600 779
1662610 778
1662620 777
1662630 777
1662640 777
1662650 776
1662660 776
1662670 776
1662680 775
1662690 775
1662700 774
1662710 774
1662720 774
1662730 772
1662740 771
1662750 771
1662760 770
1662770 768
1662780 768
1662790 767
1662800 766
1662810 766
1662820 765
1662830 764
1662840 764
1662850 763
1662860 762
1662870 762
1662880 761
1662890 760
1662900 760
1662910 760
1662920 759
1662930 759
1662940 757
1662950 756
1662960 756
1662970 755
1662980 753
1662990 753
1663000 752
1663010 751
1663020 751
1663030 750
1663040 749
1663050 749
1663060 748
1663070 747
1663080 747
1663090 746
1663100 745
1663110 745
1663120 744
1663130 744
1663140 744
1663150 743
1663160 742
1663170 742
1663180 741
1663190 741
1663200 741
1663210 740
1663220 739
1663230 739
1663240 738
1663250 738
1663260 738
1663270 737
1663280 737
1663290 736
1663300 735
1663310 735
1663320 735
1663330 734
1663340 734
1663350 733
1663360 732
1663370 732
1663380 732
1663390 731
1663400 731
1663410 731
1663420 730
1663430 730
1663440 730
1663450 729
1663460 730
1663470 729
1663480 728
1663490 728
1663500 728
1663510 728
1663520 728
1663530 727
1663540 726
1663550 726
1663560 726
1663570 726
1663580 726
1663590 725
1663600 724
1663610 724
1663620 723
1663630 720
1663640 720
1663650 719
1663660 719
1663670 719
1663680 718
1663690 718
1663700 718
1663710 717
1663720 716
1663730 716
1663740 714
1663750 712
1663760 712
1663770 712
1663780 711
1663790 711
1663800 711
1663810 711
1663820 711
1663830 711
1663840 710
1663850 710
1663860 710
1663870 710
1663880 710
1663890 710
1663900 710
1663910 710
1663920 709
1663930 709
1663940 709
1663950 709
1663960 708
1663970 708
1663980 708
1663990 707
1664000 707
1664010 707
1664020 706
1664030 706
1664040 706
1664050 705
1664060 705
1664070 705
1664080 704
1664090 704
1664100 703
1664110 703
1664120 703
1664130 703
1664140 703
1664150 702
1664160 702
1664170 702
1664180 702
1664190 703
1664200 703
1664210 704
1664220 704
1664230 704
1664240 704
1664250 705
1664260 705
1664270 705
1664280 706
1664290 706
1664300 706
1664310 707
1664320 707
1664330 708
1664340 708
1664350 708
1664360 709
1664370 710
1664380 710
1664390 710
1664400 710
1664410 710
1664420 710
1664430 710
1664440 710
1664450 710
1664460 711
1664470 711
1664480 711
1664490 711
1664500 711
1664510 712
1664520 711
1664530 711
1664540 711
1664550 711
1664560 711
1664570 712
1664580 712
1664590 712
1664600 711
1664610 711
1664620 711
1664630 710
1664640 709
1664650 709
1664660 707
1664670 705
1664680 705
1664690 703
1664700 702
1664710 702
1664720 701
1664730 699
1664740 699
1664750 698
1664760 696
1664770 696
1664780 695
1664790 694
1664800 694
1664810 693
1664820 693
1664830 693
1664840 692
1664850 691
1664860 691
1664870 690
1664880 689
1664890 689
1664900 687
1664910 687
1664920 686
1664930 684
1664940 684
1664950 680
1664960 678
1664970 678
1664980 677
1664990 674
1665000 674
1665010 671
1665020 669
1665030 669
1665040 667
1665050 666
1665060 666
1665070 667
1665080 667
1665090 667
1665100 668
1665110 668
1665120 668
1665130 667
1665140 666
1665150 666
1665160 665
1665170 663
1665180 663
1665190 661
1665200 660
1665210 660
1665220 656
1665230 651
1665240 651
1665250 648
1665260 647
1665270 647
1665280 646
1665290 646
1665300 646
1665310 646
1665320 646
1665330 646
1665340 646
1665350 647
1665360 647
1665370 646
1665380 646
1665390 646
1665400 646
1665410 646
1665420 646
1665430 646
1665440 646
1665450 646
1665460 646
1665470 646
1665480 646
1665490 646
1665500 646
1665510 646
1665520 646
1665530 646
1665540 646
1665550 646
1665560 647
1665570 647
1665580 647
1665590 646
1665600 646
1665610 646
1665620 647
1665630 647
1665640 647
1665650 647
1665660 647
1665670 647
1665680 647
1665690 647
1665700 648
1665710 649
1665720 649
1665730 651
1665740 651
1665750 652
1665760 654
1665770 654
1665780 656
1665790 658
1665800 658
1665810 659
1665820 659
1665830 659
1665840 659
1665850 659
1665860 659
1665870 658
1665880 658
1665890 658
1665900 660
1665910 663
1665920 663
1665930 666
1665940 668
1665950 668
1665960 671
1665970 673
1665980 673
1665990 675
1666000 676
1666010 676
1666020 676
1666030 675
1666040 675
1666050 673
1666060 668
1666070 668
1666080 664
1666090 660
1666100 660
1666110 657
1666120 658
1666130 658
1666140 661
1666150 664
1666160 664
1666170 668
1666180 672
1666190 672
1666200 677
1666210 680
1666220 680
1666230 683
1666240 685
1666250 685
1666260 686
1666270 688
1666280 688
1666290 691
1666300 693
1666310 693
1666320 695
1666330 698
1666340 698
1666350 700
1666360 701
1666370 701
1666380 703
1666390 704
1666400 704
1666410 705
1666420 706
1666430 706
1666440 706
1666450 706
1666460 706
1666470 706
1666480 706
1666490 706
1666500 706
1666510 705
1666520 705
1666530 705
1666540 705
1666550 705
1666560 704
1666570 704
1666580 704
1666590 704
1666600 704
1666610 704
1666620 704
1666630 704
1666640 704
1666650 704
1666660 704
1666670 704
1666680 705
1666690 705
1666700 704
1666710 704
1666720 704
1666730 704
1666740 704
1666750 704
1666760 704
1666770 704
1666780 704
1666790 705
1666800 704
1666810 704
1666820 704
1666830 704
1666840 704
1666850 704
1666860 704
1666870 704
1666880 704
1666890 704
1666900 704
1666910 704
1666920 704
1666930 704
1666940 704
1666950 704
1666960 704
1666970 704
1666980 703
1666990 703
1667000 703
1667010 703
1667020 703
1667030 702
1667040 702
1667050 702
1667060 702
1667070 702
1667080 701
1667090 701
1667100 702
1667110 702
1667120 702
1667130 702
1667140 702
1667150 702
1667160 702
1667170 702
1667180 703
1667190 704
1667200 704
1667210 705
1667220 705
1667230 705
1667240 706
1667250 706
1667260 706
1667270 706
1667280 705
1667290 705
1667300 706
1667310 706
1667320 706
1667330 706
1667340 706
1667350 707
1667360 706
1667370 706
1667380 706
1667390 706
1667400 706
1667410 706
1667420 706
1667430 706
1667440 707
1667450 706
1667460 706
1667470 705
1667480 705
1667490 705
1667500 705
1667510 705
1667520 705
1667530 706
1667540 706
1667550 706
1667560 707
1667570 707
1667580 707
1667590 707
1667600 708
1667610 708
1667620 707
1667630 706
1667640 706
1667650 706
1667660 705
1667670 705
1667680 705
1667690 704
1667700 704
1667710 704
1667720 704
1667730 704
1667740 703
1667750 703
1667760 703
1667770 703
1667780 703
1667790 703
1667800 703
1667810 703
1667820 703
1667830 703
1667840 704
1667850 704
1667860 704
1667870 705
1667880 705
1667890 705
1667900 706
1667910 706
1667920 706
1667930 707
1667940 707
1667950 707
1667960 708
1667970 708
1667980 709
1667990 709
1668000 709
1668010 710
1668020 711
1668030 711
1668040 712
1668050 713
1668060 713
1668070 713
1668080 713
1668090 713
1668100 713
1668110 713
1668120 713
1668130 713
1668140 713
1668150 713
1668160 713
1668170 713
1668180 714
1668190 715
1668200 715
1668210 715
1668220 716
1668230 716
1668240 717
1668250 717
1668260 717
1668270 716
1668280 716
1668290 716
1668300 717
1668310 717
1668320 717
1668330 717
1668340 717
1668350 717
1668360 717
1668370 717
1668380 717
1668390 717
1668400 717
1668410 717
1668420 717
1668430 717
1668440 717
1668450 717
1668460 717
1668470 717
1668480 718
1668490 718
1668500 717
1668510 718
1668520 718
1668530 718
1668540 718
1668550 718
1668560 718
1668570 718
1668580 719
1668590 719
1668600 720
1668610 719
1668620 719
1668630 719
1668640 719
1668650 719
1668660 719
1668670 720
1668680 720
1668690 720
1668700 721
1668710 721
1668720 722
1668730 721
1668740 721
1668750 721
1668760 721
1668770 721
1668780 721
1668790 720
1668800 720
1668810 720
1668820 720
1668830 720
1668840 719
1668850 719
1668860 719
1668870 718
1668880 718
1668890 718
1668900 718
1668910 717
1668920 717
1668930 717
1668940 717
1668950 717
1668960 717
1668970 717
1668980 718
1668990 718
1669000 718
1669010 718
1669020 719
1669030 719
1669040 719
1669050 720
1669060 720
1669070 720
1669080 720
1669090 720
1669100 720
1669110 719
1669120 719
1669130 719
1669140 718
1669150 718
1669160 717
1669170 716
1669180 716
1669190 715
1669200 715
1669210 714
1669220 714
1669230 713
1669240 713
1669250 712
1669260 712
1669270 712
1669280 711
1669290 710
1669300 710
1669310 708
1669320 707
1669330 707
1669340 706
1669350 705
1669360 705
1669370 705
1669380 704
1669390 704
1669400 703
1669410 702
1669420 702
1669430 702
1669440 701
1669450 701
1669460 700
1669470 699
1669480 699
1669490 699
1669500 698
1669510 698
1669520 698
1669530 697
1669540 697
1669550 697
1669560 696
1669570 696
1669580 696
1669590 696
1669600 696
1669610 695
1669620 695
1669630 695
1669640 694
1669650 693
1669660 693
1669670 692
1669680 690
1669690 690
1669700 685
1669710 684
1669720 684
1669730 685
1669740 686
1669750 686
1669760 686
1669770 686
1669780 687
1669790 690
1669800 690
1669810 695
1669820 699
1669830 699
1669840 701
1669850 702
1669860 702
1669870 703
1669880 704
1669890 704
1669900 705
1669910 705
1669920 705
1669930 706
1669940 708
1669950 708
1669960 710
1669970 712
1669980 712
1669990 713
1670000 715
1670010 715
1670020 716
1670030 717
1670040 717
1670050 717
1670060 717
1670070 717
1670080 717
1670090 717
1670100 717
1670110 717
1670120 717
1670130 717
1670140 717
1670150 717
1670160 717
1670170 716
1670180 716
1670190 716
1670200 716
1670210 715
1670220 715
1670230 715
1670240 715
1670250 715
1670260 714
1670270 714
1670280 714
1670290 713
1670300 713
1670310 713
1670320 712
1670330 712
1670340 712
1670350 711
1670360 711
1670370 711
1670380 710
1670390 710
1670400 710
1670410 709
1670420 708
1670430 708
1670440 708
1670450 707
1670460 707
1670470 707
1670480 707
1670490 707
1670500 706
1670510 705
1670520 705
1670530 705
1670540 704
1670550 704
1670560 704
1670570 704
1670580 704
1670590 704
1670600 704
1670610 704
1670620 703
1670630 703
1670640 704
1670650 704
1670660 704
1670670 705
1670680 706
1670690 706
1670700 707
1670710 708
1670720 708
1670730 710
1670740 711
1670750 711
1670760 713
1670770 715
1670780 715
1670790 716
1670800 716
1670810 716
1670820 715
1670830 714
1670840 714
1670850 714
1670860 714
1670870 714
1670880 714
1670890 714
1670900 714
1670910 713
1670920 713
1670930 713
1670940 713
1670950 712
1670960 712
1670970 711
1670980 710
1670990 710
1671000 709
1671010 708
1671020 708
1671030 707
1671040 705
1671050 705
1671060 703
1671070 701
1671080 701
1671090 699
1671100 698
1671110 698
1671120 696
1671130 695
1671140 695
1671150 694
1671160 692
1671170 692
1671180 692
1671190 691
1671200 691
1671210 691
1671220 689
1671230 689
1671240 688
1671250 687
1671260 687
1671270 686
1671280 685
1671290 685
1671300 684
1671310 683
1671320 681
1671330 678
1671340 676
1671350 676
1671360 674
1671370 672
1671380 672
1671390 669
1671400 669
1671410 668
1671420 667
1671430 667
1671440 666
1671450 665
1671460 665
1671470 663
1671480 662
1671490 662
1671500 663
1671510 665
1671520 665
1671530 669
1671540 673
1671550 673
1671560 677
1671570 682
1671580 682
1671590 687
1671600 690
1671610 690
1671620 692
1671630 692
1671640 692
1671650 692
1671660 691
1671670 691
1671680 691
1671690 691
1671700 691
1671710 690
1671720 689
1671730 689
1671740 688
1671750 688
1671760 688
1671770 688
1671780 688
1671790 688
1671800 687
1671810 687
1671820 687
1671830 686
1671840 685
1671850 685
1671860 685
1671870 684
1671880 684
1671890 684
1671900 682
1671910 682
1671920 681
1671930 680
1671940 680
1671950 680
1671960 679
1671970 679
1671980 678
1671990 677
1672000 677
1672010 674
1672020 673
1672030 673
1672040 673
1672050 673
1672060 673
1672070 675
1672080 677
1672090 677
1672100 679
1672110 681
1672120 681
1672130 683
1672140 685
1672150 685
1672160 687
1672170 688
1672180 688
1672190 690
1672200 690
1672210 691
1672220 691
1672230 691
1672240 692
1672250 693
1672260 693
1672270 695
1672280 697
1672290 697
1672300 697
1672310 698
1672320 698
1672330 698
1672340 699
1672350 699
1672360 699
1672370 700
1672380 700
1672390 700
1672400 700
1672410 700
1672420 701
1672430 701
1672440 701
1672450 701
1672460 702
1672470 702
1672480 702
1672490 703
1672500 703
1672510 703
1672520 702
1672530 702
1672540 702
1672550 701
1672560 701
1672570 701
1672580 701
1672590 701
1672600 700
1672610 700
1672620 700
1672630 702
1672640 703
1672650 703
1672660 704
1672670 705
1672680 705
1672690 707
1672700 708
1672710 708
1672720 709
1672730 709
1672740 709
1672750 710
1672760 711
1672770 711
1672780 711
1672790 712
1672800 712
1672810 713
1672820 714
1672830 714
1672840 715
1672850 716
1672860 716
1672870 717
1672880 718
1672890 718
1672900 719
1672910 720
1672920 720
1672930 721
1672940 723
1672950 723
1672960 724
1672970 725
1672980 725
1672990 726
1673000 726
1673010 726
1673020 726
1673030 726
1673040 726
1673050 726
1673060 726
1673070 725
1673080 725
1673090 725
1673100 725
1673110 726
1673120 726
1673130 726
1673140 726
1673150 726
1673160 726
1673170 727
1673180 727
1673190 727
1673200 728
1673210 728
1673220 728
1673230 729
1673240 729
1673250 730
1673260 730
1673270 730
1673280 729
1673290 729
1673300 729
1673310 728
1673320 728
1673330 728
1673340 727
1673350 726
1673360 726
1673370 725
1673380 724
1673390 724
1673400 723
1673410 722
1673420 722
1673430 722
1673440 721
1673450 721
1673460 720
1673470 720
1673480 720
1673490 720
1673500 720
1673510 720
1673520 720
1673530 718
1673540 718
1673550 715
1673560 710
1673570 710
1673580 705
1673590 704
1673600 704
1673610 703
1673620 702
1673630 702
1673640 702
1673650 703
1673660 703
1673670 704
1673680 706
1673690 706
1673700 707
1673710 709
1673720 709
1673730 711
1673740 712
1673750 712
1673760 714
1673770 715
1673780 715
1673790 716
1673800 716
1673810 716
1673820 715
1673830 715
1673840 715
1673850 714
1673860 714
1673870 713
1673880 713
1673890 713
1673900 712
1673910 711
1673920 711
1673930 710
1673940 708
1673950 708
1673960 706
1673970 705
1673980 705
1673990 703
1674000 702
1674010 702
1674020 701
1674030 699
1674040 699
1674050 698
1674060 697
1674070 697
1674080 695
1674090 696
1674100 696
1674110 695
1674120 694
1674130 694
1674140 693
1674150 692
1674160 692
1674170 691
1674180 690
1674190 690
1674200 689
1674210 688
1674220 688
1674230 687
1674240 686
1674250 686
1674260 685
1674270 684
1674280 684
1674290 682
1674300 680
1674310 680
1674320 679
1674330 678
1674340 678
1674350 675
1674360 672
1674370 672
1674380 671
1674390 673
1674400 673
1674410 676
1674420 680
1674430 680
1674440 685
1674450 688
1674460 688
1674470 691
1674480 691
1674490 691
1674500 691
1674510 691
1674520 691
1674530 690
1674540 690
1674550 690
1674560 690
1674570 690
1674580 690
1674590 690
1674600 689
1674610 689
1674620 689
1674630 689
1674640 688
1674650 688
1674660 688
1674670 687
1674680 687
1674690 687
1674700 686
1674710 685
1674720 685
1674730 684
1674740 683
1674750 683
1674760 681
1674770 680
1674780 680
1674790 679
1674800 678
1674810 678
1674820 677
1674830 676
1674840 676
1674850 675
1674860 673
1674870 673
1674880 670
1674890 667
1674900 667
1674910 664
1674920 663
1674930 663
1674940 662
1674950 664
1674960 664
1674970 665
1674980 665
1674990 665
1675000 666
1675010 672
1675020 672
1675030 676
1675040 680
1675050 680
1675060 683
1675070 685
1675080 685
1675090 685
1675100 687
1675110 687
1675120 687
1675130 687
1675140 687
1675150 687
1675160 687
1675170 687
1675180 687
1675190 687
1675200 687
1675210 687
1675220 687
1675230 687
1675240 687
1675250 687
1675260 687
1675270 687
1675280 688
1675290 688
1675300 688
1675310 688
1675320 688
1675330 689
1675340 689
1675350 689
1675360 689
1675370 689
1675380 689
1675390 690
1675400 691
1675410 691
1675420 691
1675430 692
1675440 692
1675450 693
1675460 692
1675470 693
1675480 693
1675490 693
1675500 694
1675510 695
1675520 695
1675530 696
1675540 697
1675550 697
1675560 698
1675570 699
1675580 699
1675590 700
1675600 701
1675610 701
1675620 701
1675630 702
1675640 702
1675650 702
1675660 702
1675670 702
1675680 702
1675690 704
1675700 704
1675710 704
1675720 704
1675730 704
1675740 704
1675750 704
1675760 704
1675770 705
1675780 706
1675790 706
1675800 707
1675810 707
1675820 707
1675830 705
1675840 704
1675850 704
1675860 703
1675870 703
1675880 703
1675890 702
1675900 702
1675910 702
1675920 701
1675930 700
1675940 700
1675950 699
1675960 699
1675970 699
1675980 698
1675990 698
1676000 698
1676010 697
1676020 696
1676030 696
1676040 695
1676050 695
1676060 695
1676070 694
1676080 693
1676090 693
1676100 692
1676110 692
1676120 692
1676130 691
1676140 690
1676150 690
1676160 689
1676170 689
1676180 689
1676190 688
1676200 688
1676210 688
1676220 687
1676230 687
1676240 687
1676250 686
1676260 686
1676270 686
1676280 686
1676290 686
1676300 686
1676310 685
1676320 685
1676330 685
1676340 685
1676350 685
1676360 684
1676370 683
1676380 683
1676390 683
1676400 682
1676410 682
1676420 682
1676430 681
1676440 681
1676450 681
1676460 681
1676470 681
1676480 681
1676490 680
1676500 680
1676510 680
1676520 679
1676530 679
1676540 679
1676550 678
1676560 678
1676570 678
1676580 678
1676590 678
1676600 678
1676610 677
1676620 677
1676630 677
1676640 676
1676650 676
1676660 674
1676670 674
1676680 674
1676690 676
1676700 677
1676710 677
1676720 678
1676730 679
1676740 679
1676750 680
1676760 680
1676770 680
1676780 681
1676790 681
1676800 681
1676810 681
1676820 680
1676830 680
1676840 680
1676850 681
1676860 681
1676870 681
1676880 681
1676890 681
1676900 681
1676910 680
1676920 680
1676930 679
1676940 678
1676950 678
1676960 677
1676970 676
1676980 676
1676990 676
1677000 676
1677010 676
1677020 675
1677030 675
1677040 675
1677050 674
1677060 674
1677070 672
1677080 671
1677090 671
1677100 670
1677110 670
1677120 670
1677130 669
1677140 669
1677150 669
1677160 670
1677170 670
1677180 670
1677190 670
1677200 671
1677210 671
1677220 670
1677230 670
1677240 670
1677250 671
1677260 671
1677270 671
1677280 672
1677290 672
1677300 672
1677310 672
1677320 672
1677330 672
1677340 672
1677350 672
1677360 672
1677370 672
1677380 672
1677390 672
1677400 671
1677410 671
1677420 671
1677430 671
1677440 671
1677450 671
1677460 671
1677470 671
1677480 671
1677490 671
1677500 668
1677510 668
1677520 668
1677530 667
1677540 667
1677550 667
1677560 666
1677570 666
1677580 666
1677590 665
1677600 665
1677610 665
1677620 665
1677630 665
1677640 664
1677650 664
1677660 664
1677670 664
1677680 664
1677690 664
1677700 663
1677710 663
1677720 663
1677730 663
1677740 662
1677750 662
1677760 662
1677770 661
1677780 661
1677790 661
1677800 660
1677810 660
1677820 659
1677830 659
1677840 659
1677850 658
1677860 658
1677870 657
1677880 656
1677890 656
1677900 655
1677910 655
1677920 655
1677930 654
1677940 654
1677950 654
1677960 654
1677970 654
1677980 654
1677990 653
1678000 652
1678010 652
1678020 651
1678030 649
1678040 649
1678050 648
1678060 647
1678070 647
1678080 647
1678090 647
1678100 647
1678110 648
1678120 649
1678130 649
1678140 651
1678150 652
1678160 652
1678170 653
1678180 650
1678190 650
1678200 650
1678210 651
1678220 651
1678230 651
1678240 651
1678250 651
1678260 651
1678270 652
1678280 652
1678290 652
1678300 653
1678310 653
1678320 654
1678330 655
1678340 655
1678350 656
1678360 658
1678370 658
1678380 660
1678390 662
1678400 662
1678410 665
1678420 667
1678430 667
1678440 668
1678450 670
1678460 670
1678470 671
1678480 672
1678490 672
1678500 673
1678510 673
1678520 673
1678530 672
1678540 672
1678550 672
1678560 671
1678570 670
1678580 670
1678590 669
1678600 668
1678610 668
1678620 667
1678630 666
1678640 666
1678650 666
1678660 665
1678670 665
1678680 665
1678690 665
1678700 664
1678710 663
1678720 663
1678730 662
1678740 662
1678750 662
1678760 661
1678770 661
1678780 661
1678790 661
1678800 660
1678810 660
1678820 660
1678830 659
1678840 659
1678850 658
1678860 657
1678870 657
1678880 656
1678890 655
1678900 655
1678910 654
1678920 653
1678930 653
1678940 652
1678950 651
1678960 651
1678970 649
1678980 648
1678990 648
1679000 646
1679010 645
1679020 645
1679030 643
1679040 642
1679050 642
1679060 641
1679070 639
1679080 639
1679090 638
1679100 637
1679110 637
1679120 636
1679130 635
1679140 635
1679150 633
1679160 632
1679170 632
1679180 630
1679190 629
1679200 629
1679210 626
1679220 624
1679230 624
1679240 625
1679250 625
1679260 625
1679270 626
1679280 626
1679290 626
1679300 629
1679310 630
1679320 630
1679330 631
1679340 632
1679350 632
1679360 632
1679370 633
1679380 633
1679390 633
1679400 634
1679410 634
1679420 634
1679430 635
1679440 635
1679450 635
1679460 635
1679470 635
1679480 636
1679490 636
1679500 637
1679510 637
1679520 636
1679530 637
1679540 637
1679550 637
1679560 637
1679570 638
1679580 638
1679590 638
1679600 639
1679610 639
1679620 639
1679630 639
1679640 639
1679650 640
1679660 640
1679670 640
1679680 641
1679690 642
1679700 642
1679710 642
1679720 642
1679730 642
1679740 643
1679750 643
1679760 643
1679770 643
1679780 644
1679790 644
1679800 644
1679810 644
1679820 644
1679830 645
1679840 645
1679850 645
1679860 645
1679870 646
1679880 646
1679890 647
1679900 649
1679910 649
1679920 650
1679930 651
1679940 651
1679950 650
1679960 648
1679970 648
1679980 647
1679990 646
