1660000 718
1660010 718
1660020 721
1660030 723
1660040 723
1660050 726
1660060 728
1660070 728
1660080 729
1660090 731
1660100 731
1660110 733
1660120 733
1660130 733
1660140 733
1660150 733
1660160 733
1660170 732
1660180 731
1660190 731
1660200 730
1660210 729
1660220 729
1660230 729
1660240 727
1660250 727
1660260 726
1660270 726
1660280 726
1660290 725
1660300 724
1660310 724
1660320 722
1660330 722
1660340 720
1660350 717
1660360 717
1660370 715
1660380 713
1660390 713
1660400 713
1660410 715
1660420 715
1660430 718
1660440 720
1660450 720
1660460 722
1660470 722
1660480 722
1660490 722
1660500 721
1660510 721
1660520 721
1660530 720
1660540 720
1660550 720
1660560 719
1660570 719
1660580 719
1660590 719
1660600 719
1660610 719
1660620 719
1660630 719
1660640 719
1660650 719
1660660 719
1660670 719
1660680 719
1660690 719
1660700 718
1660710 718
1660720 718
1660730 717
1660740 716
1660750 716
1660760 716
1660770 715
1660780 715
1660790 714
1660800 714
1660810 714
1660820 713
1660830 712
1660840 712
1660850 711
1660860 709
1660870 709
1660880 708
1660890 707
1660900 707
1660910 706
1660920 704
1660930 704
1660940 703
1660950 702
1660960 702
1660970 701
1660980 699
1660990 699
1661000 698
1661010 698
1661020 698
1661030 697
1661040 697
1661050 697
1661060 696
1661070 694
1661080 694
1661090 693
1661100 693
1661110 693
1661120 694
1661130 694
1661140 694
1661150 694
1661160 694
1661170 694
1661180 695
1661190 695
1661200 695
1661210 697
1661220 697
1661230 697
1661240 698
1661250 698
1661260 698
1661270 697
1661280 697
1661290 696
1661300 696
1661310 696
1661320 695
1661330 694
1661340 694
1661350 693
1661360 692
1661370 692
1661380 691
1661390 691
1661400 691
1661410 690
1661420 690
1661430 690
1661440 689
1661450 688
1661460 688
1661470 687
1661480 687
1661490 687
1661500 686
1661510 686
1661520 686
1661530 685
1661540 684
1661550 684
1661560 682
1661570 680
1661580 680
1661590 678
1661600 674
1661610 674
1661620 671
1661630 672
1661640 672
1661650 674
1661660 676
1661670 676
1661680 678
1661690 678
1661700 678
1661710 678
1661720 674
1661730 674
1661740 672
1661750 669
1661760 669
1661770 665
1661780 661
1661790 661
1661800 658
1661810 655
1661820 655
1661830 653
1661840 652
1661850 652
1661860 650
1661870 650
1661880 649
1661890 648
1661900 648
1661910 648
1661920 647
1661930 647
1661940 648
1661950 647
1661960 647
1661970 647
1661980 649
1661990 649
1662000 651
1662010 653
1662020 653
1662030 655
1662040 659
1662050 659
1662060 662
1662070 666
1662080 666
1662090 668
1662100 671
1662110 671
1662120 674
1662130 676
1662140 676
1662150 677
1662160 678
1662170 678
1662180 679
1662190 680
1662200 680
1662210 681
1662220 682
1662230 682
1662240 681
1662250 680
1662260 680
1662270 679
1662280 679
1662290 679
1662300 679
1662310 679
1662320 679
1662330 678
1662340 678
1662350 678
1662360 679
1662370 679
1662380 679
1662390 678
1662400 677
1662410 677
1662420 677
1662430 677
1662440 677
1662450 678
1662460 678
1662470 678
1662480 678
1662490 677
1662500 677
1662510 677
1662520 677
1662530 677
1662540 677
1662550 677
1662560 677
1662570 677
1662580 677
1662590 677
1662600 678
1662610 677
1662620 677
1662630 676
1662640 676
1662650 676
1662660 675
1662670 675
1662680 675
1662690 674
1662700 674
1662710 672
1662720 670
1662730 670
1662740 668
1662750 666
1662760 666
1662770 664
1662780 662
1662790 662
1662800 660
1662810 658
1662820 658
1662830 652
1662840 649
1662850 649
1662860 650
1662870 651
1662880 651
1662890 654
1662900 660
1662910 660
1662920 666
1662930 671
1662940 671
1662950 672
1662960 669
1662970 669
1662980 667
1662990 668
1663000 668
1663010 673
1663020 674
1663030 674
1663040 675
1663050 675
1663060 675
1663070 677
1663080 679
1663090 679
1663100 683
1663110 687
1663120 687
1663130 691
1663140 693
1663150 693
1663160 695
1663170 696
1663180 696
1663190 696
1663200 697
1663210 697
1663220 698
1663230 698
1663240 698
1663250 699
1663260 700
1663270 700
1663280 700
1663290 701
1663300 701
1663310 701
1663320 701
1663330 701
1663340 701
1663350 702
1663360 702
1663370 703
1663380 703
1663390 703
1663400 703
1663410 702
1663420 702
1663430 701
1663440 701
1663450 701
1663460 700
1663470 700
1663480 699
1663490 698
1663500 698
1663510 697
1663520 696
1663530 696
1663540 695
1663550 694
1663560 694
1663570 693
1663580 692
1663590 692
1663600 690
1663610 689
1663620 689
1663630 687
1663640 687
1663650 687
1663660 685
1663670 682
1663680 682
1663690 680
1663700 678
1663710 678
1663720 677
1663730 674
1663740 674
1663750 673
1663760 671
1663770 671
1663780 671
1663790 670
1663800 670
1663810 669
1663820 669
1663830 669
1663840 669
1663850 669
1663860 669
1663870 668
1663880 668
1663890 668
1663900 667
1663910 667
1663920 667
1663930 667
1663940 667
1663950 667
1663960 666
1663970 666
1663980 666
1663990 665
1664000 665
1664010 665
1664020 664
1664030 664
1664040 664
1664050 663
1664060 662
1664070 662
1664080 661
1664090 660
1664100 660
1664110 659
1664120 658
1664130 658
1664140 657
1664150 657
1664160 657
1664170 656
1664180 655
1664190 655
1664200 655
1664210 655
1664220 654
1664230 653
1664240 653
1664250 651
1664260 649
1664270 649
1664280 646
1664290 643
1664300 643
1664310 643
1664320 644
1664330 644
1664340 645
1664350 649
1664360 649
1664370 652
1664380 654
1664390 654
1664400 656
1664410 657
1664420 657
1664430 656
1664440 656
1664450 656
1664460 656
1664470 655
1664480 655
1664490 654
1664500 653
1664510 653
1664520 651
1664530 650
1664540 650
1664550 648
1664560 647
1664570 647
1664580 646
1664590 645
1664600 645
1664610 645
1664620 644
1664630 644
1664640 643
1664650 641
1664660 641
1664670 640
1664680 637
1664690 637
1664700 636
1664710 635
1664720 635
1664730 634
1664740 633
1664750 633
1664760 632
1664770 631
1664780 631
1664790 631
1664800 631
1664810 631
1664820 631
1664830 631
1664840 631
1664850 631
1664860 631
1664870 631
1664880 631
1664890 631
1664900 631
1664910 631
1664920 631
1664930 631
1664940 631
1664950 631
1664960 631
1664970 631
1664980 631
1664990 631
1665000 631
1665010 631
1665020 631
1665030 631
1665040 631
1665050 631
1665060 630
1665070 630
1665080 630
1665090 630
1665100 630
1665110 630
1665120 630
1665130 630
1665140 631
1665150 633
1665160 633
1665170 636
1665180 639
1665190 639
1665200 640
1665210 639
1665220 639
1665230 638
1665240 637
1665250 637
1665260 637
1665270 637
1665280 637
1665290 637
1665300 637
1665310 637
1665320 638
1665330 639
1665340 639
1665350 640
1665360 641
1665370 642
1665380 642
1665390 643
1665400 643
1665410 645
1665420 646
1665430 646
1665440 647
1665450 649
1665460 649
1665470 650
1665480 651
1665490 651
1665500 652
1665510 653
1665520 653
1665530 653
1665540 654
1665550 654
1665560 655
1665570 657
1665580 657
1665590 658
1665600 659
1665610 659
1665620 661
1665630 661
1665640 661
1665650 662
1665660 664
1665670 664
1665680 666
1665690 669
1665700 669
1665710 671
1665720 672
1665730 672
1665740 673
1665750 673
1665760 675
1665770 676
1665780 676
1665790 677
1665800 678
1665810 678
1665820 678
1665830 679
1665840 679
1665850 679
1665860 679
1665870 679
1665880 680
1665890 680
1665900 680
1665910 679
1665920 678
1665930 678
1665940 676
1665950 675
1665960 675
1665970 676
1665980 677
1665990 677
1666000 679
1666010 680
1666020 680
1666030 681
1666040 682
1666050 682
1666060 684
1666070 685
1666080 685
1666090 687
1666100 689
1666110 689
1666120 691
1666130 693
1666140 693
1666150 695
1666160 697
1666170 697
1666180 699
1666190 701
1666200 701
1666210 703
1666220 704
1666230 704
1666240 706
1666250 707
1666260 707
1666270 707
1666280 707
1666290 707
1666300 707
1666310 707
1666320 707
1666330 706
1666340 706
1666350 706
1666360 705
1666370 705
1666380 705
1666390 705
1666400 704
1666410 704
1666420 704
1666430 703
1666440 703
1666450 703
1666460 703
1666470 703
1666480 703
1666490 703
1666500 703
1666510 703
1666520 703
1666530 703
1666540 703
1666550 703
1666560 703
1666570 703
1666580 703
1666590 703
1666600 703
1666610 703
1666620 702
1666630 701
1666640 701
1666650 700
1666660 700
1666670 700
1666680 699
1666690 698
1666700 698
1666710 698
1666720 697
1666730 697
1666740 697
1666750 697
1666760 697
1666770 696
1666780 696
1666790 696
1666800 696
1666810 698
1666820 698
1666830 698
1666840 697
1666850 697
1666860 697
1666870 696
1666880 696
1666890 696
1666900 694
1666910 694
1666920 692
1666930 692
1666940 692
1666950 691
1666960 689
1666970 689
1666980 689
1666990 687
1667000 687
1667010 686
1667020 685
1667030 685
1667040 684
1667050 682
1667060 682
1667070 681
1667080 680
1667090 680
1667100 680
1667110 679
1667120 679
1667130 677
1667140 676
1667150 676
1667160 675
1667170 675
1667180 675
1667190 674
1667200 672
1667210 672
1667220 671
1667230 669
1667240 669
1667250 669
1667260 668
1667270 668
1667280 667
1667290 666
1667300 666
1667310 665
1667320 665
1667330 664
1667340 663
1667350 663
1667360 662
1667370 662
1667380 662
1667390 661
1667400 660
1667410 660
1667420 660
1667430 660
1667440 660
1667450 661
1667460 661
1667470 661
1667480 661
1667490 662
1667500 662
1667510 662
1667520 661
1667530 661
1667540 662
1667550 662
1667560 662
1667570 662
1667580 662
1667590 662
1667600 662
1667610 662
1667620 662
1667630 662
1667640 662
1667650 662
1667660 662
1667670 663
1667680 663
1667690 663
1667700 663
1667710 663
1667720 663
1667730 663
1667740 663
1667750 663
1667760 663
1667770 663
1667780 663
1667790 664
1667800 664
1667810 664
1667820 664
1667830 664
1667840 663
1667850 662
1667860 662
1667870 659
1667880 656
1667890 656
1667900 654
1667910 653
1667920 653
1667930 653
1667940 655
1667950 655
1667960 658
1667970 661
1667980 661
1667990 664
1668000 666
1668010 666
1668020 667
1668030 668
1668040 668
1668050 670
1668060 671
1668070 671
1668080 671
1668090 671
1668100 672
1668110 672
1668120 672
1668130 672
1668140 673
1668150 673
1668160 673
1668170 673
1668180 673
1668190 674
1668200 674
1668210 674
1668220 675
1668230 674
1668240 674
1668250 675
1668260 676
1668270 676
1668280 677
1668290 678
1668300 678
1668310 678
1668320 678
1668330 678
1668340 678
1668350 678
1668360 678
1668370 678
1668380 678
1668390 678
1668400 677
1668410 677
1668420 677
1668430 677
1668440 678
1668450 678
1668460 679
1668470 681
1668480 681
1668490 683
1668500 685
1668510 685
1668520 686
1668530 687
1668540 687
1668550 688
1668560 688
1668570 688
1668580 687
1668590 686
1668600 686
1668610 685
1668620 684
1668630 684
1668640 683
1668650 682
1668660 682
1668670 681
1668680 680
1668690 680
1668700 678
1668710 677
1668720 677
1668730 676
1668740 675
1668750 675
1668760 674
1668770 671
1668780 671
1668790 670
1668800 668
1668810 668
1668820 666
1668830 664
1668840 664
1668850 662
1668860 662
1668870 661
1668880 660
1668890 660
1668900 659
1668910 658
1668920 658
1668930 656
1668940 654
1668950 654
1668960 652
1668970 651
1668980 651
1668990 649
1669000 648
1669010 648
1669020 647
1669030 646
1669040 646
1669050 645
1669060 643
1669070 643
1669080 642
1669090 642
1669100 642
1669110 641
1669120 641
1669130 641
1669140 640
1669150 639
1669160 639
1669170 638
1669180 637
1669190 637
1669200 636
1669210 636
1669220 636
1669230 635
1669240 634
1669250 634
1669260 634
1669270 634
1669280 634
1669290 634
1669300 633
1669310 633
1669320 633
1669330 633
1669340 633
1669350 633
1669360 632
1669370 632
1669380 632
1669390 632
1669400 632
1669410 632
1669420 632
1669430 632
1669440 632
1669450 632
1669460 632
1669470 632
1669480 631
1669490 631
1669500 631
1669510 631
1669520 631
1669530 630
1669540 630
1669550 630
1669560 629
1669570 630
1669580 630
1669590 629
1669600 629
1669610 629
1669620 630
1669630 630
1669640 632
1669650 631
1669660 631
1669670 633
1669680 634
1669690 634
1669700 635
1669710 637
1669720 637
1669730 638
1669740 640
1669750 640
1669760 642
1669770 643
1669780 643
1669790 645
1669800 646
1669810 646
1669820 648
1669830 649
1669840 649
1669850 651
1669860 652
1669870 652
1669880 653
1669890 655
1669900 655
1669910 656
1669920 657
1669930 657
1669940 657
1669950 657
1669960 657
1669970 656
1669980 655
1669990 655
1670000 653
1670010 652
1670020 652
1670030 650
1670040 648
1670050 648
1670060 645
1670070 644
1670080 644
1670090 643
1670100 643
1670110 643
1670120 641
1670130 640
1670140 640
1670150 638
1670160 638
1670170 638
1670180 638
1670190 638
1670200 638
1670210 638
1670220 639
1670230 639
1670240 640
1670250 640
1670260 640
1670270 640
1670280 639
1670290 639
1670300 637
1670310 635
1670320 635
1670330 636
1670340 638
1670350 638
1670360 639
1670370 641
1670380 641
1670390 641
1670400 641
1670410 641
1670420 643
1670430 643
1670440 645
1670450 646
1670460 646
1670470 649
1670480 652
1670490 652
1670500 655
1670510 658
1670520 658
1670530 661
1670540 664
1670550 664
1670560 665
1670570 666
1670580 666
1670590 667
1670600 668
1670610 668
1670620 669
1670630 670
1670640 670
1670650 672
1670660 674
1670670 674
1670680 675
1670690 675
1670700 675
1670710 676
1670720 676
1670730 676
1670740 677
1670750 678
1670760 678
1670770 679
1670780 680
1670790 680
1670800 681
1670810 682
1670820 682
1670830 683
1670840 683
1670850 683
1670860 683
1670870 684
1670880 684
1670890 684
1670900 684
1670910 684
1670920 685
1670930 686
1670940 686
1670950 687
1670960 689
1670970 689
1670980 690
1670990 691
1671000 691
1671010 693
1671020 694
1671030 694
1671040 696
1671050 702
1671060 702
1671070 705
1671080 708
1671090 708
1671100 710
1671110 712
1671120 712
1671130 714
1671140 715
1671150 715
1671160 715
1671170 715
1671180 716
1671190 716
1671200 716
1671210 715
1671220 714
1671230 714
1671240 713
1671250 712
1671260 712
1671270 710
1671280 709
1671290 709
1671300 706
1671310 703
1671320 703
1671330 699
1671340 695
1671350 695
1671360 692
1671370 692
1671380 692
1671390 694
1671400 697
1671410 697
1671420 701
1671430 704
1671440 704
1671450 706
1671460 708
1671470 708
1671480 710
1671490 712
1671500 712
1671510 714
1671520 716
1671530 716
1671540 717
1671550 718
1671560 718
1671570 718
1671580 718
1671590 718
1671600 717
1671610 717
1671620 717
1671630 717
1671640 716
1671650 716
1671660 716
1671670 715
1671680 715
1671690 715
1671700 715
1671710 715
1671720 715
1671730 715
1671740 715
1671750 717
1671760 716
1671770 716
1671780 715
1671790 715
1671800 715
1671810 714
1671820 713
1671830 713
1671840 711
1671850 711
1671860 711
1671870 710
1671880 710
1671890 710
1671900 709
1671910 708
1671920 708
1671930 707
1671940 707
1671950 704
1671960 703
1671970 703
1671980 704
1671990 704
1672000 704
1672010 705
1672020 705
1672030 705
1672040 706
1672050 706
1672060 706
1672070 707
1672080 708
1672090 708
1672100 709
1672110 711
1672120 711
1672130 712
1672140 713
1672150 713
1672160 714
1672170 715
1672180 715
1672190 716
1672200 718
1672210 718
1672220 718
1672230 718
1672240 718
1672250 718
1672260 718
1672270 718
1672280 717
1672290 717
1672300 717
1672310 717
1672320 717
1672330 717
1672340 716
1672350 716
1672360 716
1672370 715
1672380 714
1672390 714
1672400 712
1672410 712
1672420 712
1672430 711
1672440 711
1672450 711
1672460 711
1672470 710
1672480 710
1672490 710
1672500 710
1672510 710
1672520 710
1672530 710
1672540 710
1672550 710
1672560 710
1672570 710
1672580 709
1672590 709
1672600 709
1672610 708
1672620 708
1672630 708
1672640 708
1672650 708
1672660 708
1672670 708
1672680 708
1672690 708
1672700 709
1672710 709
1672720 709
1672730 710
1672740 710
1672750 710
1672760 710
1672770 710
1672780 710
1672790 710
1672800 710
1672810 710
1672820 710
1672830 710
1672840 710
1672850 710
1672860 710
1672870 711
1672880 712
1672890 712
1672900 713
1672910 713
1672920 713
1672930 713
1672940 712
1672950 712
1672960 712
1672970 712
1672980 712
1672990 712
1673000 712
1673010 712
1673020 711
1673030 711
1673040 711
1673050 710
1673060 709
1673070 709
1673080 707
1673090 706
1673100 706
1673110 705
1673120 703
1673130 703
1673140 702
1673150 701
1673160 701
1673170 700
1673180 699
1673190 699
1673200 698
1673210 697
1673220 697
1673230 696
1673240 695
1673250 695
1673260 694
1673270 693
1673280 693
1673290 692
1673300 692
1673310 692
1673320 691
1673330 690
1673340 690
1673350 690
1673360 689
1673370 689
1673380 688
1673390 688
1673400 688
1673410 687
1673420 686
1673430 686
1673440 685
1673450 684
1673460 684
1673470 683
1673480 683
1673490 681
1673500 679
1673510 679
1673520 675
1673530 676
1673540 676
1673550 676
1673560 676
1673570 676
1673580 676
1673590 676
1673600 676
1673610 676
1673620 680
1673630 680
1673640 683
1673650 686
1673660 686
1673670 690
1673680 693
1673690 693
1673700 695
1673710 698
1673720 698
1673730 701
1673740 702
1673750 702
1673760 702
1673770 702
1673780 702
1673790 702
1673800 701
1673810 701
1673820 701
1673830 703
1673840 703
1673850 703
1673860 703
1673870 703
1673880 703
1673890 703
1673900 703
1673910 704
1673920 705
1673930 705
1673940 706
1673950 707
1673960 707
1673970 709
1673980 709
1673990 709
1674000 710
1674010 711
1674020 711
1674030 711
1674040 711
1674050 711
1674060 711
1674070 711
1674080 711
1674090 711
1674100 711
1674110 711
1674120 711
1674130 710
1674140 710
1674150 710
1674160 711
1674170 711
1674180 711
1674190 711
1674200 711
1674210 711
1674220 712
1674230 712
1674240 712
1674250 712
1674260 712
1674270 711
1674280 711
1674290 711
1674300 709
1674310 709
1674320 708
1674330 707
1674340 707
1674350 707
1674360 707
1674370 707
1674380 706
1674390 705
1674400 705
1674410 705
1674420 704
1674430 704
1674440 703
1674450 702
1674460 702
1674470 701
1674480 700
1674490 700
1674500 699
1674510 698
1674520 700
1674530 699
1674540 698
1674550 698
1674560 697
1674570 696
1674580 696
1674590 695
1674600 693
1674610 693
1674620 692
1674630 691
1674640 691
1674650 690
1674660 689
1674670 689
1674680 688
1674690 687
1674700 687
1674710 686
1674720 685
1674730 685
1674740 684
1674750 683
1674760 683
1674770 682
1674780 680
1674790 680
1674800 679
1674810 678
1674820 678
1674830 676
1674840 675
1674850 675
1674860 674
1674870 673
1674880 673
1674890 672
1674900 671
1674910 671
1674920 670
1674930 670
1674940 670
1674950 669
1674960 668
1674970 668
1674980 667
1674990 666
1675000 666
1675010 665
1675020 665
1675030 664
1675040 663
1675050 663
1675060 663
1675070 662
1675080 662
1675090 662
1675100 661
1675110 661
1675120 660
1675130 660
1675140 660
1675150 659
1675160 660
1675170 660
1675180 660
1675190 660
1675200 660
1675210 659
1675220 660
1675230 660
1675240 661
1675250 661
1675260 661
1675270 661
1675280 660
1675290 660
1675300 660
1675310 659
1675320 659
1675330 658
1675340 657
1675350 657
1675360 656
1675370 656
1675380 656
1675390 656
1675400 655
1675410 655
1675420 655
1675430 654
1675440 654
1675450 654
1675460 654
1675470 654
1675480 654
1675490 654
1675500 654
1675510 654
1675520 654
1675530 654
1675540 653
1675550 653
1675560 653
1675570 653
1675580 652
1675590 652
1675600 652
1675610 652
1675620 652
1675630 652
1675640 651
1675650 651
1675660 651
1675670 651
1675680 651
1675690 650
1675700 650
1675710 650
1675720 650
1675730 650
1675740 650
1675750 649
1675760 649
1675770 649
1675780 648
1675790 648
1675800 648
1675810 648
1675820 648
1675830 648
1675840 648
1675850 648
1675860 648
1675870 647
1675880 647
1675890 647
1675900 647
1675910 647
1675920 646
1675930 646
1675940 646
1675950 646
1675960 646
1675970 646
1675980 647
1675990 647
1676000 647
1676010 647
1676020 648
1676030 648
1676040 648
1676050 648
1676060 648
1676070 648
1676080 648
1676090 648
1676100 648
1676110 648
1676120 648
1676130 648
1676140 649
1676150 649
1676160 650
1676170 651
1676180 651
1676190 652
1676200 652
1676210 652
1676220 651
1676230 650
1676240 650
1676250 649
1676260 648
1676270 648
1676280 647
1676290 647
1676300 647
1676310 646
1676320 646
1676330 646
1676340 646
1676350 645
1676360 645
1676370 645
1676380 644
1676390 644
1676400 643
1676410 642
1676420 642
1676430 641
1676440 641
1676450 641
1676460 640
1676470 640
1676480 640
1676490 640
1676500 639
1676510 639
1676520 639
1676530 638
1676540 638
1676550 638
1676560 638
1676570 639
1676580 638
1676590 638
1676600 638
1676610 638
1676620 638
1676630 638
1676640 639
1676650 639
1676660 639
1676670 638
1676680 638
1676690 638
1676700 638
1676710 638
1676720 637
1676730 637
1676740 637
1676750 636
1676760 635
1676770 635
1676780 635
1676790 634
1676800 634
1676810 633
1676820 633
1676830 633
1676840 633
1676850 632
1676860 632
1676870 632
1676880 631
1676890 631
1676900 630
1676910 628
1676920 628
1676930 627
1676940 626
1676950 626
1676960 625
1676970 624
1676980 624
1676990 623
1677000 621
1677010 621
1677020 620
1677030 618
1677040 618
1677050 617
1677060 617
1677070 617
1677080 616
1677090 616
1677100 616
1677110 615
1677120 614
1677130 614
1677140 611
1677150 609
1677160 609
1677170 608
1677180 606
1677190 606
1677200 605
1677210 606
1677220 606
1677230 606
1677240 605
1677250 608
1677260 607
1677270 607
1677280 607
1677290 606
1677300 603
1677310 603
1677320 598
1677330 598
1677340 594
1677350 593
1677360 593
1677370 589
1677380 588
1677390 588
1677400 590
1677410 590
1677420 590
1677430 591
1677440 597
1677450 597
1677460 603
1677470 608
1677480 608
1677490 611
1677500 614
1677510 614
1677520 617
1677530 618
1677540 618
1677550 618
1677560 619
1677570 619
1677580 620
1677590 621
1677600 621
1677610 622
1677620 623
1677630 623
1677640 624
1677650 625
1677660 625
1677670 627
1677680 628
1677690 628
1677700 630
1677710 631
1677720 631
1677730 631
1677740 632
1677750 632
1677760 632
1677770 633
1677780 633
1677790 634
1677800 634
1677810 634
1677820 634
1677830 634
1677840 634
1677850 633
1677860 634
1677870 634
1677880 634
1677890 634
1677900 634
1677910 635
1677920 635
1677930 633
1677940 634
1677950 635
1677960 635
1677970 636
1677980 637
1677990 637
1678000 637
1678010 638
1678020 638
1678030 639
1678040 640
1678050 640
1678060 641
1678070 642
1678080 642
1678090 642
1678100 642
1678110 642
1678120 643
1678130 643
1678140 643
1678150 643
1678160 643
1678170 643
1678180 644
1678190 644
1678200 644
1678210 645
1678220 645
1678230 644
1678240 644
1678250 644
1678260 643
1678270 643
1678280 643
1678290 642
1678300 642
1678310 642
1678320 642
1678330 642
1678340 642
1678350 642
1678360 641
1678370 641
1678380 641
1678390 640
1678400 640
1678410 639
1678420 639
1678430 639
1678440 639
1678450 639
1678460 639
1678470 639
1678480 637
1678490 637
1678500 637
1678510 636
1678520 636
1678530 635
1678540 634
1678550 634
1678560 634
1678570 633
1678580 633
1678590 633
1678600 634
1678610 634
1678620 632
1678630 632
1678640 632
1678650 631
1678660 631
1678670 631
1678680 630
1678690 629
1678700 629
1678710 629
1678720 629
1678730 629
1678740 628
1678750 628
1678760 628
1678770 628
1678780 627
1678790 627
1678800 626
1678810 626
1678820 626
1678830 625
1678840 624
1678850 624
1678860 623
1678870 623
1678880 623
1678890 623
1678900 623
1678910 623
1678920 623
1678930 623
1678940 622
1678950 621
1678960 621
1678970 620
1678980 619
1678990 619
1679000 619
1679010 618
1679020 618
1679030 617
1679040 615
1679050 615
1679060 615
1679070 614
1679080 614
1679090 613
1679100 612
1679110 612
1679120 611
1679130 610
1679140 610
1679150 609
1679160 608
1679170 608
1679180 607
1679190 606
1679200 606
1679210 604
1679220 603
1679230 603
1679240 602
1679250 601
1679260 601
1679270 601
1679280 600
1679290 600
1679300 600
1679310 599
1679320 599
1679330 598
1679340 596
1679350 596
1679360 594
1679370 591
1679380 591
1679390 588
1679400 589
1679410 589
1679420 589
1679430 588
1679440 588
1679450 586
1679460 583
1679470 583
1679480 580
1679490 577
1679500 577
1679510 575
1679520 572
1679530 572
1679540 571
1679550 570
1679560 570
1679570 570
1679580 568
1679590 568
1679600 567
1679610 568
1679620 568
1679630 568
1679640 568
1679650 568
1679660 567
1679670 567
1679680 566
1679690 567
1679700 567
1679710 572
1679720 576
1679730 576
1679740 581
1679750 584
1679760 584
1679770 587
1679780 592
1679790 592
1679800 596
1679810 598
1679820 598
1679830 599
1679840 598
1679850 598
1679860 598
1679870 598
1679880 598
1679890 597
1679900 595
1679910 595
1679920 594
1679930 592
1679940 590
1679950 588
1679960 587
1679970 587
1679980 586
1679990 585
