1660000 729
1660010 729
1660020 729
1660030 730
1660040 730
1660050 730
1660060 730
1660070 730
1660080 730
1660090 731
1660100 731
1660110 731
1660120 731
1660130 731
1660140 731
1660150 731
1660160 731
1660170 731
1660180 730
1660190 730
1660200 730
1660210 729
1660220 729
1660230 729
1660240 729
1660250 729
1660260 729
1660270 730
1660280 730
1660290 730
1660300 730
1660310 730
1660320 731
1660330 731
1660340 731
1660350 731
1660360 732
1660370 732
1660380 732
1660390 733
1660400 733
1660410 734
1660420 735
1660430 735
1660440 735
1660450 736
1660460 736
1660470 737
1660480 737
1660490 737
1660500 738
1660510 739
1660520 739
1660530 739
1660540 740
1660550 740
1660560 741
1660570 742
1660580 742
1660590 743
1660600 744
1660610 744
1660620 745
1660630 746
1660640 746
1660650 746
1660660 747
1660670 747
1660680 747
1660690 748
1660700 748
1660710 749
1660720 749
1660730 749
1660740 750
1660750 750
1660760 751
1660770 751
1660780 751
1660790 752
1660800 752
1660810 752
1660820 752
1660830 753
1660840 753
1660850 753
1660860 754
1660870 754
1660880 755
1660890 756
1660900 756
1660910 756
1660920 755
1660930 755
1660940 755
1660950 755
1660960 755
1660970 755
1660980 754
1660990 754
1661000 754
1661010 754
1661020 754
1661030 753
1661040 753
1661050 753
1661060 753
1661070 752
1661080 752
1661090 752
1661100 752
1661110 752
1661120 752
1661130 751
1661140 751
1661150 751
1661160 751
1661170 751
1661180 751
1661190 750
1661200 750
1661210 750
1661220 749
1661230 749
1661240 748
1661250 748
1661260 748
1661270 747
1661280 746
1661290 746
1661300 745
1661310 743
1661320 743
1661330 740
1661340 738
1661350 738
1661360 736
1661370 735
1661380 735
1661390 735
1661400 736
1661410 736
1661420 737
1661430 738
1661440 738
1661450 739
1661460 739
1661470 741
1661480 743
1661490 743
1661500 744
1661510 745
1661520 745
1661530 747
1661540 748
1661550 748
1661560 749
1661570 750
1661580 750
1661590 752
1661600 753
1661610 753
1661620 754
1661630 756
1661640 756
1661650 757
1661660 758
1661670 758
1661680 759
1661690 760
1661700 760
1661710 761
1661720 762
1661730 762
1661740 763
1661750 763
1661760 763
1661770 764
1661780 764
1661790 764
1661800 764
1661810 765
1661820 765
1661830 764
1661840 764
1661850 764
1661860 764
1661870 764
1661880 764
1661890 764
1661900 762
1661910 762
1661920 761
1661930 761
1661940 761
1661950 759
1661960 758
1661970 758
1661980 757
1661990 756
1662000 756
1662010 754
1662020 753
1662030 753
1662040 752
1662050 751
1662060 751
1662070 750
1662080 749
1662090 749
1662100 749
1662110 749
1662120 749
1662130 748
1662140 747
1662150 747
1662160 746
1662170 745
1662180 745
1662190 744
1662200 744
1662210 745
1662220 743
1662230 743
1662240 743
1662250 743
1662260 743
1662270 742
1662280 741
1662290 741
1662300 741
1662310 740
1662320 740
1662330 740
1662340 739
1662350 739
1662360 739
1662370 739
1662380 739
1662390 738
1662400 738
1662410 738
1662420 737
1662430 736
1662440 736
1662450 736
1662460 735
1662470 735
1662480 735
1662490 735
1662500 735
1662510 734
1662520 733
1662530 733
1662540 731
1662550 730
1662560 730
1662570 727
1662580 723
1662590 723
1662600 720
1662610 718
1662620 718
1662630 718
1662640 717
1662650 717
1662660 716
1662670 716
1662680 716
1662690 718
1662700 720
1662710 720
1662720 723
1662730 725
1662740 725
1662750 727
1662760 730
1662770 730
1662780 733
1662790 734
1662800 734
1662810 735
1662820 736
1662830 736
1662840 737
1662850 738
1662860 738
1662870 737
1662880 737
1662890 737
1662900 737
1662910 736
1662920 736
1662930 736
1662940 739
1662950 738
1662960 737
1662970 737
1662980 736
1662990 735
1663000 735
1663010 734
1663020 732
1663030 732
1663040 730
1663050 729
1663060 729
1663070 728
1663080 727
1663090 727
1663100 726
1663110 726
1663120 726
1663130 726
1663140 726
1663150 726
1663160 726
1663170 725
1663180 725
1663190 724
1663200 724
1663210 724
1663220 723
1663230 723
1663240 723
1663250 722
1663260 722
1663270 722
1663280 722
1663290 721
1663300 721
1663310 721
1663320 721
1663330 721
1663340 722
1663350 722
1663360 722
1663370 722
1663380 723
1663390 723
1663400 725
1663410 726
1663420 726
1663430 727
1663440 728
1663450 728
1663460 730
1663470 731
1663480 731
1663490 732
1663500 733
1663510 733
1663520 734
1663530 735
1663540 735
1663550 736
1663560 737
1663570 737
1663580 738
1663590 738
1663600 738
1663610 739
1663620 740
1663630 740
1663640 741
1663650 742
1663660 742
1663670 744
1663680 743
1663690 743
1663700 743
1663710 743
1663720 743
1663730 742
1663740 742
1663750 742
1663760 743
1663770 743
1663780 742
1663790 742
1663800 742
1663810 742
1663820 741
1663830 741
1663840 741
1663850 740
1663860 740
1663870 740
1663880 740
1663890 740
1663900 739
1663910 738
1663920 738
1663930 738
1663940 737
1663950 737
1663960 736
1663970 736
1663980 736
1663990 735
1664000 735
1664010 735
1664020 734
1664030 734
1664040 734
1664050 733
1664060 733
1664070 733
1664080 732
1664090 732
1664100 732
1664110 732
1664120 732
1664130 732
1664140 731
1664150 731
1664160 731
1664170 731
1664180 731
1664190 731
1664200 731
1664210 731
1664220 731
1664230 731
1664240 730
1664250 730
1664260 730
1664270 730
1664280 730
1664290 729
1664300 729
1664310 729
1664320 729
1664330 728
1664340 728
1664350 728
1664360 728
1664370 728
1664380 727
1664390 727
1664400 727
1664410 727
1664420 727
1664430 727
1664440 727
1664450 727
1664460 727
1664470 727
1664480 727
1664490 727
1664500 727
1664510 727
1664520 727
1664530 727
1664540 727
1664550 727
1664560 727
1664570 727
1664580 727
1664590 727
1664600 727
1664610 726
1664620 726
1664630 726
1664640 725
1664650 725
1664660 725
1664670 725
1664680 725
1664690 725
1664700 724
1664710 724
1664720 724
1664730 724
1664740 724
1664750 724
1664760 724
1664770 724
1664780 724
1664790 724
1664800 724
1664810 724
1664820 725
1664830 725
1664840 725
1664850 725
1664860 726
1664870 726
1664880 726
1664890 726
1664900 726
1664910 726
1664920 727
1664930 727
1664940 728
1664950 729
1664960 729
1664970 731
1664980 732
1664990 732
1665000 734
1665010 734
1665020 734
1665030 735
1665040 735
1665050 735
1665060 735
1665070 734
1665080 734
1665090 733
1665100 731
1665110 731
1665120 730
1665130 728
1665140 728
1665150 727
1665160 726
1665170 726
1665180 725
1665190 725
1665200 724
1665210 724
1665220 724
1665230 723
1665240 722
1665250 722
1665260 721
1665270 720
1665280 720
1665290 720
1665300 719
1665310 719
1665320 718
1665330 718
1665340 718
1665350 718
1665360 717
1665370 717
1665380 715
1665390 714
1665400 714
1665410 714
1665420 713
1665430 713
1665440 712
1665450 711
1665460 711
1665470 710
1665480 710
1665490 710
1665500 709
1665510 708
1665520 708
1665530 708
1665540 707
1665550 707
1665560 706
1665570 706
1665580 706
1665590 705
1665600 705
1665610 705
1665620 704
1665630 704
1665640 704
1665650 704
1665660 704
1665670 704
1665680 704
1665690 703
1665700 703
1665710 702
1665720 702
1665730 702
1665740 701
1665750 701
1665760 701
1665770 701
1665780 700
1665790 700
1665800 699
1665810 698
1665820 698
1665830 697
1665840 697
1665850 697
1665860 696
1665870 694
1665880 694
1665890 692
1665900 690
1665910 690
1665920 688
1665930 688
1665940 686
1665950 684
1665960 684
1665970 683
1665980 682
1665990 682
1666000 682
1666010 682
1666020 682
1666030 681
1666040 681
1666050 681
1666060 680
1666070 681
1666080 681
1666090 682
1666100 682
1666110 682
1666120 683
1666130 683
1666140 683
1666150 684
1666160 685
1666170 685
1666180 685
1666190 685
1666200 685
1666210 686
1666220 687
1666230 687
1666240 687
1666250 689
1666260 689
1666270 690
1666280 690
1666290 690
1666300 688
1666310 687
1666320 687
1666330 686
1666340 684
1666350 684
1666360 682
1666370 681
1666380 681
1666390 680
1666400 679
1666410 679
1666420 678
1666430 677
1666440 677
1666450 677
1666460 674
1666470 674
1666480 672
1666490 671
1666500 671
1666510 668
1666520 666
1666530 666
1666540 665
1666550 665
1666560 665
1666570 667
1666580 668
1666590 668
1666600 668
1666610 668
1666620 668
1666630 668
1666640 667
1666650 667
1666660 667
1666670 667
1666680 666
1666690 665
1666700 665
1666710 664
1666720 664
1666730 664
1666740 664
1666750 663
1666760 663
1666770 663
1666780 663
1666790 663
1666800 663
1666810 663
1666820 663
1666830 663
1666840 663
1666850 663
1666860 663
1666870 663
1666880 663
1666890 663
1666900 663
1666910 663
1666920 663
1666930 663
1666940 663
1666950 663
1666960 663
1666970 663
1666980 664
1666990 663
1667000 663
1667010 662
1667020 662
1667030 662
1667040 661
1667050 661
1667060 661
1667070 661
1667080 661
1667090 661
1667100 660
1667110 660
1667120 660
1667130 660
1667140 660
1667150 660
1667160 660
1667170 660
1667180 660
1667190 660
1667200 659
1667210 659
1667220 659
1667230 658
1667240 658
1667250 657
1667260 657
1667270 657
1667280 656
1667290 656
1667300 656
1667310 656
1667320 656
1667330 656
1667340 656
1667350 656
1667360 656
1667370 656
1667380 656
1667390 656
1667400 656
1667410 656
1667420 656
1667430 657
1667440 657
1667450 657
1667460 657
1667470 657
1667480 657
1667490 657
1667500 657
1667510 658
1667520 659
1667530 659
1667540 660
1667550 661
1667560 661
1667570 662
1667580 663
1667590 663
1667600 665
1667610 666
1667620 666
1667630 667
1667640 667
1667650 667
1667660 668
1667670 667
1667680 667
1667690 666
1667700 665
1667710 665
1667720 665
1667730 664
1667740 664
1667750 665
1667760 665
1667770 665
1667780 666
1667790 667
1667800 667
1667810 668
1667820 669
1667830 669
1667840 669
1667850 669
1667860 669
1667870 669
1667880 669
1667890 669
1667900 668
1667910 667
1667920 667
1667930 666
1667940 665
1667950 665
1667960 664
1667970 663
1667980 663
1667990 662
1668000 660
1668010 660
1668020 659
1668030 659
1668040 659
1668050 658
1668060 658
1668070 658
1668080 657
1668090 657
1668100 657
1668110 656
1668120 656
1668130 656
1668140 656
1668150 656
1668160 656
1668170 655
1668180 655
1668190 656
1668200 656
1668210 656
1668220 657
1668230 659
1668240 659
1668250 659
1668260 657
1668270 657
1668280 656
1668290 654
1668300 654
1668310 653
1668320 653
1668330 653
1668340 652
1668350 652
1668360 652
1668370 653
1668380 655
1668390 655
1668400 655
1668410 653
1668420 653
1668430 651
1668440 648
1668450 648
1668460 645
1668470 640
1668480 640
1668490 635
1668500 632
1668510 632
1668520 631
1668530 628
1668540 628
1668550 626
1668560 625
1668570 625
1668580 624
1668590 622
1668600 622
1668610 622
1668620 620
1668630 620
1668640 620
1668650 621
1668660 621
1668670 622
1668680 623
1668690 623
1668700 624
1668710 628
1668720 628
1668730 628
1668740 628
1668750 628
1668760 629
1668770 629
1668780 629
1668790 629
1668800 629
1668810 629
1668820 627
1668830 628
1668840 628
1668850 626
1668860 623
1668870 623
1668880 618
1668890 614
1668900 614
1668910 612
1668920 612
1668930 612
1668940 610
1668950 610
1668960 611
1668970 613
1668980 613
1668990 614
1669000 615
1669010 615
1669020 615
1669030 616
1669040 616
1669050 617
1669060 618
1669070 618
1669080 619
1669090 621
1669100 621
1669110 622
1669120 624
1669130 624
1669140 627
1669150 630
1669160 630
1669170 633
1669180 636
1669190 636
1669200 639
1669210 641
1669220 641
1669230 643
1669240 645
1669250 645
1669260 647
1669270 649
1669280 649
1669290 650
1669300 650
1669310 650
1669320 651
1669330 651
1669340 651
1669350 650
1669360 648
1669370 648
1669380 646
1669390 646
1669400 646
1669410 649
1669420 650
1669430 650
1669440 652
1669450 653
1669460 653
1669470 653
1669480 653
1669490 653
1669500 653
1669510 652
1669520 652
1669530 651
1669540 649
1669550 649
1669560 648
1669570 647
1669580 647
1669590 645
1669600 644
1669610 644
1669620 643
1669630 643
1669640 643
1669650 644
1669660 644
1669670 645
1669680 647
1669690 647
1669700 650
1669710 653
1669720 653
1669730 655
1669740 657
1669750 657
1669760 658
1669770 659
1669780 659
1669790 660
1669800 661
1669810 661
1669820 661
1669830 660
1669840 660
1669850 660
1669860 660
1669870 660
1669880 661
1669890 661
1669900 661
1669910 662
1669920 663
1669930 663
1669940 664
1669950 666
1669960 666
1669970 668
1669980 669
1669990 669
1670000 669
1670010 670
1670020 670
1670030 669
1670040 670
1670050 670
1670060 670
1670070 671
1670080 671
1670090 671
1670100 672
1670110 672
1670120 670
1670130 671
1670140 671
1670150 671
1670160 672
1670170 672
1670180 673
1670190 674
1670200 674
1670210 674
1670220 675
1670230 675
1670240 675
1670250 676
1670260 676
1670270 677
1670280 679
1670290 679
1670300 680
1670310 681
1670320 681
1670330 682
1670340 684
1670350 684
1670360 685
1670370 686
1670380 686
1670390 688
1670400 688
1670410 690
1670420 692
1670430 692
1670440 694
1670450 696
1670460 696
1670470 697
1670480 699
1670490 699
1670500 700
1670510 702
1670520 702
1670530 704
1670540 705
1670550 705
1670560 706
1670570 708
1670580 708
1670590 708
1670600 708
1670610 708
1670620 709
1670630 709
1670640 709
1670650 709
1670660 709
1670670 709
1670680 709
1670690 709
1670700 709
1670710 709
1670720 708
1670730 708
1670740 707
1670750 707
1670760 707
1670770 707
1670780 706
1670790 706
1670800 706
1670810 705
1670820 705
1670830 705
1670840 704
1670850 704
1670860 704
1670870 704
1670880 704
1670890 704
1670900 703
1670910 703
1670920 703
1670930 704
1670940 704
1670950 703
1670960 701
1670970 701
1670980 700
1670990 698
1671000 698
1671010 696
1671020 694
1671030 694
1671040 691
1671050 686
1671060 686
1671070 682
1671080 678
1671090 678
1671100 676
1671110 675
1671120 675
1671130 674
1671140 674
1671150 673
1671160 674
1671170 674
1671180 674
1671190 674
1671200 674
1671210 674
1671220 674
1671230 674
1671240 673
1671250 673
1671260 673
1671270 672
1671280 672
1671290 672
1671300 672
1671310 671
1671320 671
1671330 671
1671340 671
1671350 671
1671360 670
1671370 670
1671380 670
1671390 670
1671400 669
1671410 669
1671420 669
1671430 668
1671440 668
1671450 667
1671460 666
1671470 666
1671480 665
1671490 663
1671500 663
1671510 661
1671520 660
1671530 660
1671540 660
1671550 660
1671560 660
1671570 660
1671580 662
1671590 662
1671600 665
1671610 669
1671620 669
1671630 673
1671640 675
1671650 675
1671660 676
1671670 677
1671680 677
1671690 677
1671700 678
1671710 678
1671720 678
1671730 677
1671740 677
1671750 678
1671760 679
1671770 679
1671780 679
1671790 680
1671800 680
1671810 680
1671820 680
1671830 680
1671840 680
1671850 680
1671860 680
1671870 680
1671880 680
1671890 680
1671900 680
1671910 680
1671920 681
1671930 680
1671940 680
1671950 680
1671960 681
1671970 681
1671980 682
1671990 684
1672000 684
1672010 685
1672020 687
1672030 687
1672040 688
1672050 690
1672060 690
1672070 691
1672080 693
1672090 693
1672100 694
1672110 696
1672120 696
1672130 696
1672140 697
1672150 697
1672160 698
1672170 698
1672180 698
1672190 698
1672200 698
1672210 698
1672220 694
1672230 694
1672240 694
1672250 694
1672260 693
1672270 693
1672280 692
1672290 691
1672300 691
1672310 691
1672320 690
1672330 690
1672340 690
1672350 690
1672360 690
1672370 690
1672380 690
1672390 690
1672400 690
1672410 689
1672420 689
1672430 689
1672440 690
1672450 690
1672460 691
1672470 692
1672480 692
1672490 693
1672500 695
1672510 695
1672520 697
1672530 698
1672540 698
1672550 700
1672560 701
1672570 701
1672580 703
1672590 703
1672600 703
1672610 704
1672620 705
1672630 705
1672640 707
1672650 707
1672660 708
1672670 710
1672680 710
1672690 710
1672700 710
1672710 710
1672720 710
1672730 710
1672740 710
1672750 709
1672760 707
1672770 707
1672780 706
1672790 705
1672800 705
1672810 704
1672820 703
1672830 703
1672840 702
1672850 700
1672860 700
1672870 698
1672880 697
1672890 697
1672900 695
1672910 693
1672920 693
1672930 692
1672940 691
1672950 691
1672960 691
1672970 692
1672980 692
1672990 694
1673000 695
1673010 695
1673020 697
1673030 697
1673040 697
1673050 697
1673060 696
1673070 696
1673080 696
1673090 696
1673100 696
1673110 696
1673120 695
1673130 695
1673140 695
1673150 696
1673160 696
1673170 697
1673180 697
1673190 697
1673200 696
1673210 695
1673220 695
1673230 694
1673240 693
1673250 693
1673260 692
1673270 690
1673280 690
1673290 689
1673300 689
1673310 689
1673320 688
1673330 687
1673340 687
1673350 687
1673360 686
1673370 686
1673380 685
1673390 685
1673400 685
1673410 684
1673420 684
1673430 684
1673440 684
1673450 684
1673460 684
1673470 684
1673480 684
1673490 683
1673500 683
1673510 683
1673520 682
1673530 682
1673540 682
1673550 681
1673560 680
1673570 680
1673580 679
1673590 679
1673600 679
1673610 678
1673620 677
1673630 677
1673640 677
1673650 676
1673660 676
1673670 675
1673680 674
1673690 674
1673700 673
1673710 673
1673720 673
1673730 672
1673740 672
1673750 672
1673760 671
1673770 670
1673780 670
1673790 670
1673800 669
1673810 669
1673820 669
1673830 668
1673840 668
1673850 667
1673860 666
1673870 666
1673880 664
1673890 662
1673900 662
1673910 660
1673920 659
1673930 659
1673940 659
1673950 659
1673960 659
1673970 660
1673980 660
1673990 660
1674000 661
1674010 663
1674020 663
1674030 664
1674040 666
1674050 666
1674060 668
1674070 670
1674080 670
1674090 672
1674100 673
1674110 673
1674120 674
1674130 674
1674140 675
1674150 677
1674160 677
1674170 680
1674180 682
1674190 682
1674200 683
1674210 684
1674220 684
1674230 685
1674240 685
1674250 685
1674260 685
1674270 685
1674280 685
1674290 684
1674300 683
1674310 683
1674320 682
1674330 682
1674340 682
1674350 681
1674360 681
1674370 681
1674380 679
1674390 679
1674400 679
1674410 680
1674420 681
1674430 681
1674440 681
1674450 680
1674460 680
1674470 679
1674480 679
1674490 679
1674500 679
1674510 680
1674520 680
1674530 680
1674540 679
1674550 679
1674560 678
1674570 676
1674580 676
1674590 674
1674600 673
1674610 673
1674620 672
1674630 672
1674640 672
1674650 672
1674660 671
1674670 671
1674680 672
1674690 672
1674700 672
1674710 673
1674720 674
1674730 674
1674740 675
1674750 676
1674760 676
1674770 677
1674780 677
1674790 677
1674800 678
1674810 679
1674820 679
1674830 679
1674840 679
1674850 679
1674860 680
1674870 680
1674880 680
1674890 681
1674900 681
1674910 681
1674920 681
1674930 681
1674940 682
1674950 682
1674960 682
1674970 681
1674980 682
1674990 682
1675000 680
1675010 679
1675020 679
1675030 678
1675040 676
1675050 676
1675060 675
1675070 674
1675080 674
1675090 673
1675100 673
1675110 673
1675120 673
1675130 673
1675140 673
1675150 672
1675160 672
1675170 672
1675180 672
1675190 672
1675200 672
1675210 672
1675220 671
1675230 671
1675240 671
1675250 671
1675260 671
1675270 671
1675280 671
1675290 671
1675300 671
1675310 671
1675320 671
1675330 670
1675340 670
1675350 670
1675360 669
1675370 669
1675380 669
1675390 668
1675400 667
1675410 667
1675420 666
1675430 666
1675440 666
1675450 665
1675460 665
1675470 665
1675480 664
1675490 664
1675500 664
1675510 664
1675520 664
1675530 664
1675540 663
1675550 662
1675560 662
1675570 662
1675580 661
1675590 661
1675600 660
1675610 660
1675620 660
1675630 658
1675640 658
1675650 656
1675660 655
1675670 655
1675680 653
1675690 651
1675700 651
1675710 649
1675720 646
1675730 646
1675740 644
1675750 643
1675760 643
1675770 641
1675780 640
1675790 640
1675800 639
1675810 638
1675820 638
1675830 637
1675840 636
1675850 636
1675860 636
1675870 638
1675880 638
1675890 640
1675900 642
1675910 642
1675920 644
1675930 645
1675940 645
1675950 646
1675960 647
1675970 647
1675980 647
1675990 647
1676000 647
1676010 647
1676020 646
1676030 646
1676040 645
1676050 644
1676060 644
1676070 644
1676080 643
1676090 643
1676100 643
1676110 642
1676120 642
1676130 642
1676140 641
1676150 641
1676160 641
1676170 640
1676180 640
1676190 640
1676200 639
1676210 639
1676220 639
1676230 638
1676240 638
1676250 637
1676260 637
1676270 637
1676280 635
1676290 634
1676300 634
1676310 631
1676320 629
1676330 629
1676340 627
1676350 628
1676360 626
1676370 624
1676380 624
1676390 621
1676400 617
1676410 617
1676420 614
1676430 612
1676440 612
1676450 610
1676460 610
1676470 610
1676480 609
1676490 610
1676500 610
1676510 613
1676520 615
1676530 615
1676540 617
1676550 620
1676560 620
1676570 623
1676580 626
1676590 626
1676600 628
1676610 630
1676620 630
1676630 633
1676640 635
1676650 635
1676660 637
1676670 639
1676680 639
1676690 641
1676700 644
1676710 644
1676720 646
1676730 647
1676740 647
1676750 649
1676760 651
1676770 651
1676780 652
1676790 653
1676800 653
1676810 653
1676820 652
1676830 652
1676840 652
1676850 651
1676860 651
1676870 650
1676880 648
1676890 648
1676900 646
1676910 644
1676920 644
1676930 642
1676940 640
1676950 640
1676960 638
1676970 637
1676980 637
1676990 635
1677000 633
1677010 633
1677020 631
1677030 627
1677040 627
1677050 625
1677060 622
1677070 622
1677080 620
1677090 618
1677100 618
1677110 616
1677120 616
1677130 615
1677140 613
1677150 613
1677160 611
1677170 610
1677180 610
1677190 608
1677200 606
1677210 606
1677220 605
1677230 603
1677240 603
1677250 602
1677260 602
1677270 602
1677280 601
1677290 600
1677300 600
1677310 599
1677320 597
1677330 597
1677340 596
1677350 595
1677360 595
1677370 594
1677380 594
1677390 594
1677400 593
1677410 592
1677420 592
1677430 592
1677440 591
1677450 591
1677460 591
1677470 590
1677480 590
1677490 589
1677500 589
1677510 589
1677520 588
1677530 587
1677540 587
1677550 586
1677560 586
1677570 586
1677580 587
1677590 587
1677600 587
1677610 586
1677620 586
1677630 586
1677640 586
1677650 586
1677660 586
1677670 586
1677680 586
1677690 586
1677700 587
1677710 588
1677720 588
1677730 588
1677740 588
1677750 588
1677760 588
1677770 587
1677780 587
1677790 587
1677800 587
1677810 587
1677820 587
1677830 587
1677840 587
1677850 587
1677860 587
1677870 587
1677880 587
1677890 587
1677900 587
1677910 587
1677920 587
1677930 588
1677940 588
1677950 588
1677960 588
1677970 588
1677980 588
1677990 588
1678000 589
1678010 589
1678020 589
1678030 589
1678040 589
1678050 590
1678060 590
1678070 590
1678080 591
1678090 591
1678100 591
1678110 591
1678120 591
1678130 591
1678140 590
1678150 590
1678160 590
1678170 590
1678180 590
1678190 590
1678200 590
1678210 591
1678220 591
1678230 591
1678240 592
1678250 592
1678260 592
1678270 592
1678280 592
1678290 591
1678300 591
1678310 591
1678320 590
1678330 590
1678340 590
1678350 589
1678360 588
1678370 588
1678380 588
1678390 587
1678400 587
1678410 587
1678420 587
1678430 587
1678440 586
1678450 585
1678460 585
1678470 584
1678480 583
1678490 583
1678500 582
1678510 581
1678520 581
1678530 579
1678540 576
1678550 576
1678560 572
1678570 568
1678580 568
1678590 564
1678600 564
1678610 560
1678620 556
1678630 556
1678640 554
1678650 553
1678660 553
1678670 553
1678680 552
1678690 552
1678700 551
1678710 551
1678720 551
1678730 553
1678740 555
1678750 555
1678760 560
1678770 564
1678780 564
1678790 565
1678800 567
1678810 567
1678820 569
1678830 571
1678840 571
1678850 574
1678860 576
1678870 576
1678880 577
1678890 577
1678900 577
1678910 577
1678920 576
1678930 576
1678940 576
1678950 576
1678960 576
1678970 576
1678980 576
1678990 576
1679000 575
1679010 575
1679020 575
1679030 576
1679040 576
1679050 576
1679060 577
1679070 577
1679080 577
1679090 577
1679100 577
1679110 577
1679120 576
1679130 576
1679140 576
1679150 577
1679160 577
1679170 577
1679180 577
1679190 577
1679200 577
1679210 578
1679220 578
1679230 578
1679240 578
1679250 578
1679260 578
1679270 578
1679280 578
1679290 578
1679300 578
1679310 578
1679320 578
1679330 578
1679340 578
1679350 578
1679360 578
1679370 578
1679380 578
1679390 578
1679400 578
1679410 578
1679420 578
1679430 578
1679440 578
1679450 578
1679460 578
1679470 578
1679480 579
1679490 579
1679500 579
1679510 579
1679520 579
1679530 579
1679540 579
1679550 579
1679560 579
1679570 580
1679580 580
1679590 580
1679600 580
1679610 580
1679620 580
1679630 581
1679640 581
1679650 581
1679660 581
1679670 581
1679680 581
1679690 581
1679700 581
1679710 581
1679720 581
1679730 581
1679740 581
1679750 581
1679760 581
1679770 581
1679780 582
1679790 582
1679800 582
1679810 582
1679820 582
1679830 582
1679840 582
1679850 582
1679860 582
1679870 582
1679880 582
1679890 583
1679900 582
1679910 582
1679920 582
1679930 582
1679940 582
1679950 582
1679960 581
1679970 581
1679980 581
1679990 581
