1660000 708
1660010 708
1660020 708
1660030 708
1660040 708
1660050 708
1660060 708
1660070 708
1660080 708
1660090 708
1660100 707
1660110 707
1660120 707
1660130 707
1660140 707
1660150 707
1660160 707
1660170 707
1660180 707
1660190 706
1660200 708
1660210 708
1660220 708
1660230 708
1660240 708
1660250 708
1660260 708
1660270 708
1660280 708
1660290 708
1660300 707
1660310 707
1660320 707
1660330 706
1660340 706
1660350 706
1660360 706
1660370 707
1660380 707
1660390 707
1660400 708
1660410 708
1660420 708
1660430 707
1660440 707
1660450 706
1660460 706
1660470 706
1660480 705
1660490 704
1660500 704
1660510 704
1660520 701
1660530 701
1660540 699
1660550 698
1660560 698
1660570 697
1660580 696
1660590 696
1660600 696
1660610 696
1660620 696
1660630 695
1660640 695
1660650 695
1660660 695
1660670 695
1660680 695
1660690 695
1660700 695
1660710 696
1660720 696
1660730 696
1660740 696
1660750 697
1660760 697
1660770 698
1660780 697
1660790 697
1660800 697
1660810 697
1660820 697
1660830 696
1660840 696
1660850 696
1660860 696
1660870 696
1660880 696
1660890 695
1660900 695
1660910 695
1660920 694
1660930 693
1660940 693
1660950 693
1660960 693
1660970 693
1660980 692
1660990 691
1661000 691
1661010 690
1661020 689
1661030 689
1661040 688
1661050 688
1661060 688
1661070 687
1661080 686
1661090 686
1661100 685
1661110 683
1661120 683
1661130 681
1661140 677
1661150 677
1661160 674
1661170 672
1661180 672
1661190 670
1661200 670
1661210 670
1661220 669
1661230 669
1661240 669
1661250 669
1661260 669
1661270 669
1661280 669
1661290 670
1661300 670
1661310 671
1661320 674
1661330 674
1661340 677
1661350 679
1661360 679
1661370 682
1661380 682
1661390 685
1661400 687
1661410 687
1661420 690
1661430 692
1661440 692
1661450 694
1661460 695
1661470 695
1661480 695
1661490 695
1661500 695
1661510 697
1661520 699
1661530 699
1661540 700
1661550 701
1661560 701
1661570 701
1661580 701
1661590 701
1661600 701
1661610 702
1661620 702
1661630 702
1661640 703
1661650 703
1661660 704
1661670 704
1661680 705
1661690 705
1661700 706
1661710 706
1661720 706
1661730 706
1661740 706
1661750 705
1661760 705
1661770 705
1661780 705
1661790 704
1661800 704
1661810 704
1661820 703
1661830 703
1661840 703
1661850 703
1661860 703
1661870 703
1661880 702
1661890 702
1661900 701
1661910 700
1661920 700
1661930 700
1661940 702
1661950 702
1661960 704
1661970 705
1661980 705
1661990 705
1662000 705
1662010 705
1662020 705
1662030 705
1662040 705
1662050 706
1662060 706
1662070 706
1662080 706
1662090 706
1662100 706
1662110 706
1662120 706
1662130 706
1662140 707
1662150 707
1662160 707
1662170 707
1662180 707
1662190 707
1662200 707
1662210 707
1662220 707
1662230 707
1662240 707
1662250 708
1662260 708
1662270 708
1662280 709
1662290 709
1662300 709
1662310 709
1662320 710
1662330 710
1662340 710
1662350 710
1662360 710
1662370 709
1662380 709
1662390 709
1662400 708
1662410 708
1662420 708
1662430 708
1662440 707
1662450 707
1662460 706
1662470 706
1662480 706
1662490 706
1662500 706
1662510 706
1662520 706
1662530 706
1662540 706
1662550 707
1662560 707
1662570 707
1662580 706
1662590 706
1662600 706
1662610 707
1662620 707
1662630 707
1662640 707
1662650 707
1662660 707
1662670 708
1662680 710
1662690 710
1662700 710
1662710 711
1662720 711
1662730 712
1662740 712
1662750 712
1662760 711
1662770 711
1662780 711
1662790 711
1662800 711
1662810 710
1662820 710
1662830 710
1662840 710
1662850 710
1662860 710
1662870 710
1662880 710
1662890 710
1662900 709
1662910 709
1662920 709
1662930 709
1662940 709
1662950 709
1662960 709
1662970 708
1662980 708
1662990 708
1663000 707
1663010 707
1663020 706
1663030 706
1663040 706
1663050 705
1663060 704
1663070 704
1663080 704
1663090 703
1663100 703
1663110 702
1663120 701
1663130 701
1663140 700
1663150 699
1663160 699
1663170 697
1663180 697
1663190 697
1663200 695
1663210 695
1663220 695
1663230 694
1663240 693
1663250 693
1663260 692
1663270 691
1663280 691
1663290 690
1663300 689
1663310 689
1663320 688
1663330 687
1663340 687
1663350 687
1663360 686
1663370 686
1663380 685
1663390 685
1663400 684
1663410 684
1663420 684
1663430 682
1663440 681
1663450 681
1663460 680
1663470 680
1663480 680
1663490 678
1663500 677
1663510 677
1663520 676
1663530 675
1663540 675
1663550 673
1663560 672
1663570 672
1663580 670
1663590 667
1663600 667
1663610 666
1663620 664
1663630 664
1663640 664
1663650 665
1663660 665
1663670 662
1663680 661
1663690 661
1663700 660
1663710 659
1663720 659
1663730 658
1663740 657
1663750 657
1663760 656
1663770 655
1663780 655
1663790 654
1663800 653
1663810 653
1663820 652
1663830 652
1663840 652
1663850 651
1663860 651
1663870 651
1663880 651
1663890 653
1663900 653
1663910 653
1663920 653
1663930 653
1663940 653
1663950 653
1663960 653
1663970 654
1663980 656
1663990 656
1664000 656
1664010 657
1664020 657
1664030 657
1664040 659
1664050 659
1664060 660
1664070 660
1664080 661
1664090 662
1664100 662
1664110 663
1664120 664
1664130 664
1664140 666
1664150 667
1664160 667
1664170 668
1664180 668
1664190 668
1664200 668
1664210 668
1664220 668
1664230 668
1664240 668
1664250 668
1664260 668
1664270 668
1664280 668
1664290 669
1664300 669
1664310 669
1664320 668
1664330 667
1664340 667
1664350 667
1664360 667
1664370 667
1664380 666
1664390 666
1664400 666
1664410 665
1664420 665
1664430 665
1664440 664
1664450 664
1664460 664
1664470 664
1664480 664
1664490 664
1664500 663
1664510 663
1664520 663
1664530 663
1664540 662
1664550 662
1664560 661
1664570 661
1664580 661
1664590 660
1664600 659
1664610 660
1664620 659
1664630 657
1664640 657
1664650 657
1664660 656
1664670 656
1664680 654
1664690 652
1664700 652
1664710 651
1664720 650
1664730 650
1664740 648
1664750 648
1664760 647
1664770 645
1664780 645
1664790 645
1664800 643
1664810 643
1664820 642
1664830 641
1664840 641
1664850 640
1664860 639
1664870 639
1664880 638
1664890 636
1664900 636
1664910 634
1664920 634
1664930 634
1664940 633
1664950 632
1664960 632
1664970 631
1664980 633
1664990 633
1665000 634
1665010 635
1665020 635
1665030 635
1665040 636
1665050 636
1665060 637
1665070 638
1665080 638
1665090 638
1665100 638
1665110 638
1665120 639
1665130 639
1665140 639
1665150 640
1665160 640
1665170 640
1665180 640
1665190 641
1665200 641
1665210 641
1665220 642
1665230 642
1665240 642
1665250 643
1665260 643
1665270 644
1665280 645
1665290 645
1665300 645
1665310 645
1665320 645
1665330 645
1665340 645
1665350 645
1665360 644
1665370 644
1665380 644
1665390 644
1665400 644
1665410 644
1665420 644
1665430 644
1665440 644
1665450 643
1665460 643
1665470 643
1665480 643
1665490 643
1665500 642
1665510 642
1665520 642
1665530 642
1665540 642
1665550 642
1665560 642
1665570 641
1665580 641
1665590 641
1665600 641
1665610 641
1665620 641
1665630 641
1665640 641
1665650 641
1665660 641
1665670 641
1665680 641
1665690 641
1665700 641
1665710 641
1665720 641
1665730 641
1665740 641
1665750 641
1665760 641
1665770 641
1665780 641
1665790 641
1665800 642
1665810 642
1665820 642
1665830 642
1665840 642
1665850 642
1665860 642
1665870 642
1665880 642
1665890 643
1665900 643
1665910 643
1665920 643
1665930 643
1665940 643
1665950 644
1665960 644
1665970 644
1665980 644
1665990 645
1666000 645
1666010 645
1666020 645
1666030 645
1666040 645
1666050 645
1666060 645
1666070 645
1666080 645
1666090 645
1666100 645
1666110 645
1666120 646
1666130 646
1666140 646
1666150 646
1666160 646
1666170 646
1666180 646
1666190 646
1666200 646
1666210 646
1666220 646
1666230 646
1666240 646
1666250 646
1666260 646
1666270 646
1666280 646
1666290 646
1666300 645
1666310 645
1666320 645
1666330 645
1666340 645
1666350 645
1666360 645
1666370 645
1666380 645
1666390 645
1666400 645
1666410 645
1666420 644
1666430 644
1666440 644
1666450 644
1666460 644
1666470 644
1666480 645
1666490 645
1666500 645
1666510 646
1666520 646
1666530 646
1666540 647
1666550 647
1666560 647
1666570 646
1666580 645
1666590 645
1666600 645
1666610 644
1666620 644
1666630 643
1666640 642
1666650 642
1666660 642
1666670 641
1666680 641
1666690 640
1666700 640
1666710 640
1666720 639
1666730 638
1666740 638
1666750 638
1666760 638
1666770 637
1666780 636
1666790 636
1666800 635
1666810 634
1666820 634
1666830 634
1666840 633
1666850 633
1666860 632
1666870 632
1666880 632
1666890 631
1666900 630
1666910 630
1666920 630
1666930 629
1666940 629
1666950 628
1666960 628
1666970 628
1666980 627
1666990 626
1667000 626
1667010 626
1667020 625
1667030 625
1667040 625
1667050 624
1667060 624
1667070 624
1667080 623
1667090 623
1667100 623
1667110 623
1667120 623
1667130 622
1667140 622
1667150 622
1667160 622
1667170 622
1667180 622
1667190 622
1667200 621
1667210 621
1667220 620
1667230 620
1667240 620
1667250 620
1667260 620
1667270 620
1667280 619
1667290 619
1667300 619
1667310 619
1667320 618
1667330 618
1667340 618
1667350 618
1667360 618
1667370 618
1667380 617
1667390 617
1667400 617
1667410 616
1667420 616
1667430 616
1667440 616
1667450 616
1667460 615
1667470 615
1667480 615
1667490 614
1667500 614
1667510 614
1667520 613
1667530 613
1667540 613
1667550 613
1667560 613
1667570 612
1667580 612
1667590 612
1667600 611
1667610 611
1667620 611
1667630 611
1667640 610
1667650 610
1667660 610
1667670 608
1667680 608
1667690 604
1667700 600
1667710 600
1667720 600
1667730 600
1667740 600
1667750 599
1667760 600
1667770 600
1667780 600
1667790 602
1667800 602
1667810 605
1667820 609
1667830 609
1667840 612
1667850 617
1667860 617
1667870 618
1667880 618
1667890 618
1667900 618
1667910 619
1667920 619
1667930 621
1667940 622
1667950 622
1667960 623
1667970 624
1667980 624
1667990 625
1668000 626
1668010 626
1668020 627
1668030 628
1668040 628
1668050 630
1668060 630
1668070 630
1668080 631
1668090 632
1668100 632
1668110 632
1668120 632
1668130 632
1668140 631
1668150 631
1668160 630
1668170 629
1668180 629
1668190 628
1668200 627
1668210 623
1668220 621
1668230 619
1668240 619
1668250 617
1668260 615
1668270 615
1668280 614
1668290 613
1668300 613
1668310 613
1668320 613
1668330 613
1668340 613
1668350 614
1668360 614
1668370 614
1668380 614
1668390 614
1668400 614
1668410 615
1668420 615
1668430 615
1668440 615
1668450 615
1668460 615
1668470 616
1668480 616
1668490 616
1668500 617
1668510 617
1668520 616
1668530 616
1668540 616
1668550 615
1668560 614
1668570 614
1668580 613
1668590 612
1668600 612
1668610 612
1668620 611
1668630 611
1668640 610
1668650 609
1668660 609
1668670 609
1668680 608
1668690 608
1668700 607
1668710 607
1668720 607
1668730 607
1668740 606
1668750 606
1668760 606
1668770 606
1668780 607
1668790 608
1668800 608
1668810 608
1668820 608
1668830 608
1668840 608
1668850 608
1668860 608
1668870 608
1668880 607
1668890 607
1668900 607
1668910 607
1668920 607
1668930 607
1668940 606
1668950 606
1668960 606
1668970 606
1668980 606
1668990 605
1669000 604
1669010 604
1669020 603
1669030 602
1669040 602
1669050 601
1669060 600
1669070 600
1669080 599
1669090 598
1669100 598
1669110 597
1669120 596
1669130 596
1669140 595
1669150 593
1669160 593
1669170 590
1669180 587
1669190 587
1669200 585
1669210 584
1669220 584
1669230 584
1669240 584
1669250 584
1669260 585
1669270 585
1669280 585
1669290 586
1669300 586
1669310 586
1669320 588
1669330 590
1669340 590
1669350 590
1669360 590
1669370 590
1669380 593
1669390 594
1669400 594
1669410 594
1669420 595
1669430 595
1669440 597
1669450 597
1669460 597
1669470 597
1669480 597
1669490 598
1669500 598
1669510 598
1669520 599
1669530 599
1669540 599
1669550 600
1669560 601
1669570 601
1669580 601
1669590 603
1669600 603
1669610 603
1669620 604
1669630 604
1669640 603
1669650 602
1669660 602
1669670 603
1669680 606
1669690 606
1669700 606
1669710 605
1669720 605
1669730 604
1669740 605
1669750 605
1669760 605
1669770 605
1669780 605
1669790 605
1669800 604
1669810 604
1669820 604
1669830 604
1669840 604
1669850 604
1669860 604
1669870 604
1669880 604
1669890 604
1669900 604
1669910 604
1669920 604
1669930 604
1669940 604
1669950 604
1669960 604
1669970 604
1669980 603
1669990 603
1670000 603
1670010 603
1670020 603
1670030 603
1670040 603
1670050 603
1670060 603
1670070 603
1670080 603
1670090 602
1670100 602
1670110 602
1670120 602
1670130 602
1670140 602
1670150 601
1670160 601
1670170 601
1670180 600
1670190 600
1670200 600
1670210 600
1670220 600
1670230 599
1670240 599
1670250 599
1670260 599
1670270 599
1670280 599
1670290 599
1670300 599
1670310 599
1670320 599
1670330 599
1670340 599
1670350 599
1670360 598
1670370 598
1670380 598
1670390 597
1670400 597
1670410 597
1670420 597
1670430 597
1670440 596
1670450 596
1670460 596
1670470 595
1670480 595
1670490 595
1670500 594
1670510 594
1670520 594
1670530 593
1670540 593
1670550 593
1670560 592
1670570 592
1670580 592
1670590 592
1670600 591
1670610 591
1670620 591
1670630 590
1670640 590
1670650 590
1670660 589
1670670 589
1670680 589
1670690 588
1670700 588
1670710 588
1670720 588
1670730 588
1670740 588
1670750 588
1670760 588
1670770 589
1670780 589
1670790 590
1670800 590
1670810 590
1670820 591
1670830 592
1670840 592
1670850 592
1670860 592
1670870 592
1670880 592
1670890 593
1670900 593
1670910 593
1670920 593
1670930 593
1670940 593
1670950 593
1670960 593
1670970 593
1670980 593
1670990 593
1671000 593
1671010 592
1671020 592
1671030 593
1671040 592
1671050 592
1671060 592
1671070 592
1671080 592
1671090 592
1671100 592
1671110 592
1671120 592
1671130 591
1671140 591
1671150 591
1671160 591
1671170 591
1671180 591
1671190 591
1671200 591
1671210 591
1671220 591
1671230 591
1671240 590
1671250 590
1671260 590
1671270 590
1671280 590
1671290 590
1671300 590
1671310 589
1671320 589
1671330 589
1671340 589
1671350 589
1671360 589
1671370 589
1671380 589
1671390 588
1671400 588
1671410 588
1671420 588
1671430 588
1671440 588
1671450 588
1671460 588
1671470 588
1671480 588
1671490 588
1671500 588
1671510 588
1671520 588
1671530 588
1671540 587
1671550 587
1671560 587
1671570 587
1671580 587
1671590 587
1671600 588
1671610 588
1671620 587
1671630 586
1671640 586
1671650 586
1671660 585
1671670 585
1671680 585
1671690 585
1671700 585
1671710 585
1671720 584
1671730 585
1671740 584
1671750 582
1671760 582
1671770 580
1671780 579
1671790 579
1671800 579
1671810 579
1671820 579
1671830 579
1671840 578
1671850 578
1671860 580
1671870 583
1671880 583
1671890 586
1671900 587
1671910 587
1671920 586
1671930 584
1671940 584
1671950 584
1671960 586
1671970 586
1671980 588
1671990 591
1672000 591
1672010 595
1672020 598
1672030 598
1672040 600
1672050 601
1672060 601
1672070 602
1672080 603
1672090 603
1672100 604
1672110 605
1672120 605
1672130 606
1672140 606
1672150 607
1672160 608
1672170 608
1672180 608
1672190 609
1672200 609
1672210 610
1672220 612
1672230 612
1672240 613
1672250 614
1672260 614
1672270 615
1672280 616
1672290 616
1672300 617
1672310 618
1672320 618
1672330 619
1672340 620
1672350 620
1672360 621
1672370 622
1672380 622
1672390 622
1672400 623
1672410 623
1672420 623
1672430 622
1672440 622
1672450 622
1672460 621
1672470 621
1672480 621
1672490 620
1672500 620
1672510 619
1672520 619
1672530 619
1672540 618
1672550 617
1672560 617
1672570 617
1672580 616
1672590 616
1672600 615
1672610 615
1672620 615
1672630 614
1672640 614
1672650 614
1672660 613
1672670 612
1672680 612
1672690 612
1672700 611
1672710 611
1672720 611
1672730 610
1672740 610
1672750 610
1672760 609
1672770 609
1672780 609
1672790 608
1672800 608
1672810 607
1672820 607
1672830 607
1672840 606
1672850 606
1672860 605
1672870 605
1672880 605
1672890 605
1672900 604
1672910 604
1672920 604
1672930 603
1672940 603
1672950 603
1672960 603
1672970 603
1672980 603
1672990 602
1673000 602
1673010 602
1673020 602
1673030 602
1673040 601
1673050 601
1673060 601
1673070 600
1673080 600
1673090 600
1673100 599
1673110 599
1673120 599
1673130 599
1673140 598
1673150 598
1673160 597
1673170 596
1673180 596
1673190 596
1673200 596
1673210 596
1673220 597
1673230 599
1673240 599
1673250 601
1673260 603
1673270 603
1673280 604
1673290 604
1673300 604
1673310 604
1673320 604
1673330 604
1673340 604
1673350 604
1673360 604
1673370 604
1673380 604
1673390 604
1673400 604
1673410 604
1673420 604
1673430 603
1673440 603
1673450 603
1673460 603
1673470 603
1673480 602
1673490 602
1673500 602
1673510 602
1673520 603
1673530 603
1673540 603
1673550 602
1673560 602
1673570 600
1673580 599
1673590 599
1673600 598
1673610 599
1673620 599
1673630 600
1673640 601
1673650 601
1673660 605
1673670 609
1673680 609
1673690 614
1673700 616
1673710 616
1673720 618
1673730 621
1673740 621
1673750 622
1673760 625
1673770 625
1673780 626
1673790 627
1673800 627
1673810 629
1673820 630
1673830 630
1673840 631
1673850 632
1673860 632
1673870 632
1673880 632
1673890 632
1673900 632
1673910 632
1673920 632
1673930 632
1673940 632
1673950 632
1673960 633
1673970 633
1673980 633
1673990 633
1674000 633
1674010 633
1674020 632
1674030 632
1674040 632
1674050 630
1674060 630
1674070 630
1674080 629
1674090 628
1674100 628
1674110 628
1674120 627
1674130 627
1674140 627
1674150 627
1674160 626
1674170 626
1674180 626
1674190 626
1674200 626
1674210 626
1674220 626
1674230 626
1674240 626
1674250 626
1674260 626
1674270 626
1674280 627
1674290 627
1674300 627
1674310 629
1674320 630
1674330 630
1674340 631
1674350 632
1674360 632
1674370 632
1674380 633
1674390 633
1674400 633
1674410 632
1674420 632
1674430 632
1674440 633
1674450 633
1674460 634
1674470 634
1674480 634
1674490 634
1674500 634
1674510 634
1674520 635
1674530 635
1674540 635
1674550 634
1674560 634
1674570 634
1674580 634
1674590 635
1674600 635
1674610 635
1674620 635
1674630 635
1674640 636
1674650 636
1674660 636
1674670 636
1674680 636
1674690 636
1674700 635
1674710 635
1674720 635
1674730 635
1674740 635
1674750 635
1674760 635
1674770 634
1674780 634
1674790 634
1674800 634
1674810 634
1674820 635
1674830 635
1674840 635
1674850 635
1674860 635
1674870 634
1674880 634
1674890 634
1674900 634
1674910 634
1674920 634
1674930 634
1674940 634
1674950 634
1674960 634
1674970 633
1674980 633
1674990 633
1675000 633
1675010 633
1675020 632
1675030 632
1675040 632
1675050 632
1675060 632
1675070 632
1675080 632
1675090 632
1675100 632
1675110 631
1675120 631
1675130 631
1675140 630
1675150 630
1675160 630
1675170 630
1675180 631
1675190 632
1675200 632
1675210 632
1675220 632
1675230 632
1675240 632
1675250 632
1675260 632
1675270 632
1675280 632
1675290 633
1675300 633
1675310 633
1675320 633
1675330 633
1675340 633
1675350 633
1675360 633
1675370 633
1675380 634
1675390 634
1675400 634
1675410 634
1675420 634
1675430 634
1675440 634
1675450 634
1675460 634
1675470 634
1675480 634
1675490 634
1675500 635
1675510 635
1675520 635
1675530 635
1675540 635
1675550 635
1675560 635
1675570 635
1675580 635
1675590 635
1675600 635
1675610 635
1675620 635
1675630 635
1675640 635
1675650 635
1675660 635
1675670 635
1675680 634
1675690 634
1675700 634
1675710 634
1675720 634
1675730 634
1675740 634
1675750 634
1675760 634
1675770 634
1675780 634
1675790 634
1675800 634
1675810 634
1675820 634
1675830 634
1675840 634
1675850 634
1675860 633
1675870 633
1675880 633
1675890 632
1675900 632
1675910 632
1675920 632
1675930 632
1675940 631
1675950 631
1675960 631
1675970 631
1675980 630
1675990 630
1676000 630
1676010 630
1676020 630
1676030 630
1676040 629
1676050 629
1676060 629
1676070 629
1676080 629
1676090 629
1676100 628
1676110 628
1676120 628
1676130 628
1676140 628
1676150 628
1676160 628
1676170 627
1676180 627
1676190 627
1676200 627
1676210 627
1676220 627
1676230 626
1676240 626
1676250 626
1676260 626
1676270 626
1676280 626
1676290 625
1676300 625
1676310 625
1676320 625
1676330 625
1676340 625
1676350 624
1676360 624
1676370 624
1676380 623
1676390 623
1676400 623
1676410 623
1676420 623
1676430 623
1676440 623
1676450 622
1676460 622
1676470 622
1676480 622
1676490 622
1676500 622
1676510 621
1676520 621
1676530 621
1676540 620
1676550 620
1676560 620
1676570 619
1676580 619
1676590 619
1676600 618
1676610 618
1676620 618
1676630 618
1676640 618
1676650 617
1676660 617
1676670 617
1676680 617
1676690 616
1676700 616
1676710 616
1676720 616
1676730 616
1676740 616
1676750 615
1676760 615
1676770 615
1676780 614
1676790 614
1676800 614
1676810 614
1676820 614
1676830 613
1676840 613
1676850 613
1676860 612
1676870 612
1676880 611
1676890 611
1676900 611
1676910 611
1676920 610
1676930 610
1676940 610
1676950 610
1676960 610
1676970 609
1676980 609
1676990 609
1677000 609
1677010 609
1677020 609
1677030 609
1677040 610
1677050 610
1677060 610
1677070 610
1677080 610
1677090 612
1677100 614
1677110 614
1677120 616
1677130 618
1677140 618
1677150 620
1677160 623
1677170 623
1677180 625
1677190 626
1677200 626
1677210 627
1677220 628
1677230 628
1677240 630
1677250 630
1677260 630
1677270 631
1677280 631
1677290 631
1677300 631
1677310 632
1677320 632
1677330 631
1677340 632
1677350 632
1677360 632
1677370 632
1677380 632
1677390 632
1677400 632
1677410 632
1677420 632
1677430 632
1677440 632
1677450 632
1677460 632
1677470 632
1677480 632
1677490 632
1677500 632
1677510 632
1677520 632
1677530 633
1677540 633
1677550 633
1677560 633
1677570 633
1677580 633
1677590 633
1677600 633
1677610 633
1677620 633
1677630 634
1677640 634
1677650 634
1677660 634
1677670 634
1677680 634
1677690 634
1677700 634
1677710 635
1677720 635
1677730 635
1677740 635
1677750 635
1677760 635
1677770 635
1677780 635
1677790 635
1677800 635
1677810 635
1677820 635
1677830 636
1677840 636
1677850 636
1677860 636
1677870 636
1677880 636
1677890 636
1677900 636
1677910 637
1677920 637
1677930 636
1677940 636
1677950 636
1677960 636
1677970 636
1677980 636
1677990 636
1678000 636
1678010 636
1678020 636
1678030 636
1678040 636
1678050 636
1678060 636
1678070 636
1678080 635
1678090 635
1678100 635
1678110 634
1678120 634
1678130 632
1678140 632
1678150 632
1678160 631
1678170 631
1678180 631
1678190 630
1678200 630
1678210 631
1678220 632
1678230 632
1678240 632
1678250 632
1678260 632
1678270 633
1678280 633
1678290 633
1678300 634
1678310 634
1678320 634
1678330 634
1678340 635
1678350 635
1678360 635
1678370 636
1678380 636
1678390 636
1678400 636
1678410 636
1678420 637
1678430 637
1678440 637
1678450 638
1678460 638
1678470 638
1678480 639
1678490 639
1678500 639
1678510 640
1678520 640
1678530 640
1678540 641
1678550 641
1678560 641
1678570 642
1678580 642
1678590 642
1678600 643
1678610 644
1678620 644
1678630 644
1678640 645
1678650 645
1678660 646
1678670 646
1678680 646
1678690 646
1678700 647
1678710 647
1678720 647
1678730 648
1678740 648
1678750 648
1678760 648
1678770 648
1678780 649
1678790 649
1678800 649
1678810 650
1678820 650
1678830 650
1678840 650
1678850 650
1678860 650
1678870 651
1678880 651
1678890 651
1678900 651
1678910 651
1678920 652
1678930 652
1678940 652
1678950 652
1678960 652
1678970 652
1678980 652
1678990 652
1679000 652
1679010 652
1679020 652
1679030 652
1679040 652
1679050 652
1679060 652
1679070 652
1679080 652
1679090 652
1679100 652
1679110 652
1679120 652
1679130 652
1679140 652
1679150 652
1679160 652
1679170 652
1679180 652
1679190 652
1679200 652
1679210 652
1679220 652
1679230 652
1679240 652
1679250 653
1679260 653
1679270 653
1679280 654
1679290 654
1679300 654
1679310 654
1679320 654
1679330 654
1679340 654
1679350 655
1679360 655
1679370 655
1679380 655
1679390 655
1679400 655
1679410 655
1679420 655
1679430 655
1679440 655
1679450 655
1679460 654
1679470 654
1679480 654
1679490 654
1679500 654
1679510 656
1679520 657
1679530 657
1679540 658
1679550 658
1679560 658
1679570 658
1679580 658
1679590 658
1679600 658
1679610 658
1679620 658
1679630 658
1679640 658
1679650 658
1679660 658
1679670 659
1679680 659
1679690 659
1679700 660
1679710 660
1679720 660
1679730 660
1679740 660
1679750 661
1679760 661
1679770 661
1679780 662
1679790 663
1679800 663
1679810 663
1679820 663
1679830 663
1679840 663
1679850 664
1679860 664
1679870 664
1679880 664
1679890 664
1679900 665
1679910 665
1679920 665
1679930 666
1679940 666
1679950 666
1679960 666
1679970 667
1679980 667
1679990 667
