1660000 712
1660010 712
1660020 712
1660030 712
1660040 712
1660050 712
1660060 712
1660070 712
1660080 712
1660090 712
1660100 712
1660110 712
1660120 712
1660130 712
1660140 712
1660150 712
1660160 712
1660170 712
1660180 711
1660190 711
1660200 711
1660210 710
1660220 710
1660230 710
1660240 710
1660250 710
1660260 710
1660270 710
1660280 709
1660290 709
1660300 709
1660310 709
1660320 709
1660330 709
1660340 708
1660350 708
1660360 708
1660370 708
1660380 708
1660390 709
1660400 709
1660410 709
1660420 709
1660430 708
1660440 708
1660450 707
1660460 706
1660470 706
1660480 706
1660490 705
1660500 705
1660510 704
1660520 702
1660530 702
1660540 701
1660550 700
1660560 700
1660570 698
1660580 698
1660590 698
1660600 697
1660610 697
1660620 697
1660630 697
1660640 697
1660650 697
1660660 697
1660670 697
1660680 697
1660690 696
1660700 696
1660710 698
1660720 698
1660730 698
1660740 698
1660750 698
1660760 698
1660770 699
1660780 699
1660790 699
1660800 699
1660810 699
1660820 699
1660830 698
1660840 697
1660850 697
1660860 697
1660870 696
1660880 696
1660890 696
1660900 695
1660910 695
1660920 695
1660930 694
1660940 694
1660950 694
1660960 693
1660970 693
1660980 692
1660990 691
1661000 691
1661010 690
1661020 689
1661030 689
1661040 688
1661050 687
1661060 687
1661070 686
1661080 685
1661090 685
1661100 684
1661110 683
1661120 683
1661130 680
1661140 676
1661150 676
1661160 672
1661170 671
1661180 671
1661190 670
1661200 670
1661210 670
1661220 669
1661230 669
1661240 669
1661250 669
1661260 669
1661270 669
1661280 670
1661290 672
1661300 672
1661310 675
1661320 675
1661330 677
1661340 680
1661350 680
1661360 683
1661370 685
1661380 685
1661390 688
1661400 691
1661410 691
1661420 694
1661430 695
1661440 695
1661450 700
1661460 701
1661470 701
1661480 700
1661490 701
1661500 701
1661510 702
1661520 703
1661530 703
1661540 704
1661550 705
1661560 705
1661570 705
1661580 705
1661590 705
1661600 705
1661610 706
1661620 706
1661630 706
1661640 706
1661650 706
1661660 706
1661670 706
1661680 706
1661690 707
1661700 707
1661710 707
1661720 707
1661730 707
1661740 707
1661750 707
1661760 706
1661770 706
1661780 706
1661790 705
1661800 705
1661810 705
1661820 704
1661830 704
1661840 704
1661850 704
1661860 704
1661870 703
1661880 703
1661890 703
1661900 702
1661910 701
1661920 701
1661930 701
1661940 703
1661950 703
1661960 704
1661970 705
1661980 705
1661990 706
1662000 706
1662010 705
1662020 706
1662030 706
1662040 706
1662050 706
1662060 706
1662070 706
1662080 707
1662090 707
1662100 707
1662110 707
1662120 707
1662130 707
1662140 708
1662150 708
1662160 708
1662170 708
1662180 708
1662190 709
1662200 709
1662210 709
1662220 709
1662230 709
1662240 709
1662250 710
1662260 710
1662270 710
1662280 710
1662290 711
1662300 711
1662310 711
1662320 711
1662330 711
1662340 712
1662350 712
1662360 712
1662370 711
1662380 710
1662390 710
1662400 710
1662410 709
1662420 709
1662430 709
1662440 707
1662450 707
1662460 707
1662470 707
1662480 707
1662490 706
1662500 706
1662510 706
1662520 706
1662530 707
1662540 707
1662550 707
1662560 707
1662570 707
1662580 707
1662590 707
1662600 707
1662610 707
1662620 707
1662630 707
1662640 707
1662650 707
1662660 707
1662670 707
1662680 707
1662690 709
1662700 709
1662710 709
1662720 710
1662730 711
1662740 711
1662750 711
1662760 711
1662770 711
1662780 710
1662790 710
1662800 710
1662810 710
1662820 710
1662830 710
1662840 710
1662850 710
1662860 710
1662870 710
1662880 709
1662890 709
1662900 709
1662910 708
1662920 708
1662930 709
1662940 709
1662950 709
1662960 709
1662970 708
1662980 708
1662990 707
1663000 707
1663010 707
1663020 705
1663030 705
1663040 705
1663050 704
1663060 703
1663070 703
1663080 702
1663090 701
1663100 701
1663110 700
1663120 700
1663130 700
1663140 698
1663150 698
1663160 698
1663170 697
1663180 696
1663190 696
1663200 695
1663210 694
1663220 694
1663230 693
1663240 692
1663250 692
1663260 691
1663270 690
1663280 690
1663290 689
1663300 688
1663310 688
1663320 688
1663330 687
1663340 687
1663350 686
1663360 686
1663370 686
1663380 685
1663390 685
1663400 684
1663410 683
1663420 683
1663430 682
1663440 681
1663450 681
1663460 680
1663470 679
1663480 679
1663490 678
1663500 677
1663510 677
1663520 676
1663530 675
1663540 675
1663550 673
1663560 671
1663570 671
1663580 669
1663590 667
1663600 667
1663610 665
1663620 664
1663630 664
1663640 663
1663650 664
1663660 664
1663670 661
1663680 659
1663690 659
1663700 658
1663710 657
1663720 657
1663730 656
1663740 656
1663750 656
1663760 655
1663770 654
1663780 654
1663790 654
1663800 653
1663810 653
1663820 653
1663830 652
1663840 652
1663850 652
1663860 653
1663870 653
1663880 653
1663890 653
1663900 653
1663910 654
1663920 654
1663930 654
1663940 654
1663950 654
1663960 654
1663970 655
1663980 656
1663990 656
1664000 656
1664010 656
1664020 657
1664030 658
1664040 658
1664050 659
1664060 660
1664070 660
1664080 662
1664090 663
1664100 663
1664110 664
1664120 665
1664130 665
1664140 666
1664150 667
1664160 667
1664170 668
1664180 669
1664190 669
1664200 669
1664210 669
1664220 669
1664230 669
1664240 669
1664250 669
1664260 669
1664270 669
1664280 669
1664290 669
1664300 669
1664310 669
1664320 669
1664330 668
1664340 668
1664350 668
1664360 667
1664370 667
1664380 668
1664390 667
1664400 667
1664410 666
1664420 666
1664430 666
1664440 665
1664450 665
1664460 665
1664470 665
1664480 665
1664490 665
1664500 665
1664510 664
1664520 664
1664530 664
1664540 663
1664550 663
1664560 662
1664570 662
1664580 662
1664590 661
1664600 660
1664610 660
1664620 659
1664630 658
1664640 658
1664650 657
1664660 655
1664670 655
1664680 653
1664690 653
1664700 651
1664710 650
1664720 650
1664730 649
1664740 647
1664750 647
1664760 646
1664770 645
1664780 645
1664790 644
1664800 643
1664810 643
1664820 641
1664830 640
1664840 640
1664850 639
1664860 638
1664870 638
1664880 638
1664890 636
1664900 636
1664910 634
1664920 634
1664930 634
1664940 633
1664950 632
1664960 632
1664970 631
1664980 632
1664990 632
1665000 633
1665010 633
1665020 633
1665030 634
1665040 635
1665050 635
1665060 636
1665070 637
1665080 637
1665090 638
1665100 638
1665110 638
1665120 638
1665130 639
1665140 639
1665150 640
1665160 641
1665170 641
1665180 641
1665190 641
1665200 641
1665210 642
1665220 642
1665230 642
1665240 643
1665250 643
1665260 643
1665270 644
1665280 644
1665290 644
1665300 644
1665310 644
1665320 644
1665330 644
1665340 644
1665350 644
1665360 644
1665370 644
1665380 644
1665390 644
1665400 644
1665410 644
1665420 643
1665430 643
1665440 643
1665450 643
1665460 643
1665470 643
1665480 642
1665490 642
1665500 642
1665510 642
1665520 642
1665530 641
1665540 641
1665550 641
1665560 641
1665570 641
1665580 641
1665590 641
1665600 641
1665610 641
1665620 641
1665630 641
1665640 641
1665650 641
1665660 641
1665670 641
1665680 641
1665690 641
1665700 641
1665710 641
1665720 641
1665730 641
1665740 641
1665750 641
1665760 641
1665770 641
1665780 641
1665790 641
1665800 641
1665810 642
1665820 642
1665830 642
1665840 642
1665850 642
1665860 642
1665870 642
1665880 642
1665890 643
1665900 643
1665910 643
1665920 643
1665930 644
1665940 644
1665950 645
1665960 645
1665970 645
1665980 645
1665990 645
1666000 645
1666010 645
1666020 645
1666030 645
1666040 645
1666050 645
1666060 645
1666070 645
1666080 645
1666090 646
1666100 646
1666110 646
1666120 646
1666130 646
1666140 646
1666150 646
1666160 646
1666170 646
1666180 646
1666190 646
1666200 646
1666210 646
1666220 646
1666230 646
1666240 646
1666250 646
1666260 646
1666270 646
1666280 646
1666290 646
1666300 646
1666310 645
1666320 645
1666330 645
1666340 645
1666350 645
1666360 645
1666370 645
1666380 645
1666390 645
1666400 644
1666410 644
1666420 644
1666430 644
1666440 644
1666450 644
1666460 644
1666470 644
1666480 644
1666490 645
1666500 645
1666510 645
1666520 646
1666530 646
1666540 646
1666550 646
1666560 646
1666570 645
1666580 644
1666590 644
1666600 643
1666610 642
1666620 642
1666630 642
1666640 641
1666650 641
1666660 640
1666670 640
1666680 640
1666690 639
1666700 639
1666710 638
1666720 638
1666730 638
1666740 637
1666750 636
1666760 636
1666770 635
1666780 635
1666790 635
1666800 634
1666810 633
1666820 633
1666830 633
1666840 632
1666850 632
1666860 632
1666870 631
1666880 631
1666890 630
1666900 630
1666910 630
1666920 629
1666930 628
1666940 628
1666950 628
1666960 627
1666970 627
1666980 626
1666990 626
1667000 626
1667010 625
1667020 624
1667030 624
1667040 624
1667050 624
1667060 624
1667070 623
1667080 623
1667090 623
1667100 623
1667110 622
1667120 622
1667130 622
1667140 622
1667150 622
1667160 621
1667170 621
1667180 621
1667190 621
1667200 620
1667210 620
1667220 620
1667230 619
1667240 619
1667250 619
1667260 619
1667270 618
1667280 618
1667290 618
1667300 618
1667310 617
1667320 617
1667330 617
1667340 617
1667350 616
1667360 616
1667370 616
1667380 616
1667390 616
1667400 615
1667410 615
1667420 615
1667430 615
1667440 615
1667450 615
1667460 614
1667470 614
1667480 614
1667490 613
1667500 613
1667510 613
1667520 613
1667530 613
1667540 612
1667550 612
1667560 612
1667570 612
1667580 611
1667590 611
1667600 611
1667610 610
1667620 610
1667630 610
1667640 610
1667650 610
1667660 610
1667670 609
1667680 609
1667690 606
1667700 602
1667710 602
1667720 599
1667730 599
1667740 599
1667750 599
1667760 600
1667770 600
1667780 600
1667790 601
1667800 601
1667810 605
1667820 609
1667830 609
1667840 611
1667850 614
1667860 614
1667870 615
1667880 616
1667890 616
1667900 617
1667910 618
1667920 618
1667930 620
1667940 621
1667950 621
1667960 622
1667970 623
1667980 622
1667990 624
1668000 625
1668010 625
1668020 627
1668030 629
1668040 629
1668050 630
1668060 630
1668070 630
1668080 629
1668090 629
1668100 628
1668110 627
1668120 627
1668130 627
1668140 626
1668150 626
1668160 624
1668170 623
1668180 623
1668190 621
1668200 619
1668210 619
1668220 617
1668230 615
1668240 615
1668250 614
1668260 613
1668270 613
1668280 612
1668290 612
1668300 612
1668310 612
1668320 612
1668330 612
1668340 613
1668350 614
1668360 614
1668370 614
1668380 614
1668390 614
1668400 614
1668410 614
1668420 614
1668430 614
1668440 615
1668450 615
1668460 616
1668470 616
1668480 616
1668490 617
1668500 617
1668510 617
1668520 617
1668530 616
1668540 616
1668550 615
1668560 614
1668570 614
1668580 612
1668590 612
1668600 612
1668610 611
1668620 610
1668630 610
1668640 610
1668650 609
1668660 609
1668670 608
1668680 607
1668690 607
1668700 606
1668710 606
1668720 605
1668730 605
1668740 605
1668750 605
1668760 606
1668770 606
1668780 607
1668790 608
1668800 608
1668810 608
1668820 608
1668830 608
1668840 609
1668850 609
1668860 609
1668870 609
1668880 609
1668890 609
1668900 608
1668910 608
1668920 608
1668930 607
1668940 607
1668950 607
1668960 606
1668970 605
1668980 605
1668990 604
1669000 604
1669010 604
1669020 603
1669030 601
1669040 601
1669050 599
1669060 598
1669070 598
1669080 597
1669090 596
1669100 596
1669110 596
1669120 595
1669130 595
1669140 594
1669150 592
1669160 592
1669170 589
1669180 587
1669190 587
1669200 585
1669210 584
1669220 584
1669230 584
1669240 585
1669250 585
1669260 585
1669270 586
1669280 586
1669290 587
1669300 589
1669310 589
1669320 591
1669330 591
1669340 591
1669350 593
1669360 593
1669370 593
1669380 594
1669390 594
1669400 595
1669410 595
1669420 595
1669430 596
1669440 597
1669450 597
1669460 598
1669470 598
1669480 598
1669490 599
1669500 599
1669510 599
1669520 600
1669530 601
1669540 601
1669550 602
1669560 603
1669570 603
1669580 604
1669590 604
1669600 604
1669610 604
1669620 603
1669630 603
1669640 603
1669650 603
1669660 603
1669670 603
1669680 605
1669690 605
1669700 604
1669710 604
1669720 604
1669730 605
1669740 605
1669750 605
1669760 605
1669770 605
1669780 605
1669790 605
1669800 605
1669810 605
1669820 605
1669830 605
1669840 605
1669850 605
1669860 604
1669870 604
1669880 604
1669890 604
1669900 604
1669910 604
1669920 604
1669930 604
1669940 604
1669950 604
1669960 604
1669970 604
1669980 603
1669990 603
1670000 603
1670010 603
1670020 603
1670030 603
1670040 603
1670050 603
1670060 603
1670070 603
1670080 603
1670090 602
1670100 603
1670110 603
1670120 602
1670130 602
1670140 602
1670150 602
1670160 602
1670170 601
1670180 601
1670190 601
1670200 601
1670210 601
1670220 601
1670230 600
1670240 600
1670250 600
1670260 600
1670270 600
1670280 600
1670290 600
1670300 600
1670310 600
1670320 600
1670330 599
1670340 599
1670350 599
1670360 598
1670370 598
1670380 598
1670390 597
1670400 597
1670410 597
1670420 596
1670430 596
1670440 596
1670450 595
1670460 595
1670470 595
1670480 594
1670490 594
1670500 594
1670510 593
1670520 593
1670530 593
1670540 593
1670550 593
1670560 592
1670570 592
1670580 592
1670590 591
1670600 591
1670610 591
1670620 590
1670630 590
1670640 590
1670650 589
1670660 589
1670670 589
1670680 589
1670690 588
1670700 588
1670710 588
1670720 588
1670730 588
1670740 588
1670750 588
1670760 589
1670770 590
1670780 590
1670790 591
1670800 591
1670810 592
1670820 592
1670830 593
1670840 593
1670850 593
1670860 594
1670870 594
1670880 594
1670890 594
1670900 594
1670910 595
1670920 596
1670930 596
1670940 596
1670950 596
1670960 596
1670970 595
1670980 595
1670990 595
1671000 594
1671010 594
1671020 594
1671030 593
1671040 593
1671050 593
1671060 593
1671070 593
1671080 593
1671090 592
1671100 592
1671110 592
1671120 592
1671130 592
1671140 592
1671150 592
1671160 591
1671170 591
1671180 591
1671190 591
1671200 591
1671210 591
1671220 591
1671230 591
1671240 591
1671250 591
1671260 591
1671270 590
1671280 590
1671290 590
1671300 590
1671310 590
1671320 590
1671330 590
1671340 589
1671350 589
1671360 589
1671370 589
1671380 589
1671390 589
1671400 589
1671410 589
1671420 589
1671430 589
1671440 589
1671450 589
1671460 589
1671470 589
1671480 588
1671490 588
1671500 588
1671510 588
1671520 588
1671530 588
1671540 588
1671550 588
1671560 588
1671570 589
1671580 589
1671590 588
1671600 587
1671610 587
1671620 587
1671630 587
1671640 587
1671650 587
1671660 587
1671670 587
1671680 587
1671690 587
1671700 587
1671710 587
1671720 586
1671730 586
1671740 584
1671750 582
1671760 582
1671770 579
1671780 579
1671790 579
1671800 579
1671810 579
1671820 579
1671830 579
1671840 579
1671850 579
1671860 582
1671870 587
1671880 587
1671890 591
1671900 591
1671910 591
1671920 589
1671930 587
1671940 587
1671950 586
1671960 586
1671970 586
1671980 588
1671990 590
1672000 590
1672010 593
1672020 596
1672030 596
1672040 597
1672050 598
1672060 598
1672070 600
1672080 600
1672090 602
1672100 603
1672110 603
1672120 604
1672130 605
1672140 605
1672150 606
1672160 607
1672170 607
1672180 608
1672190 609
1672200 609
1672210 611
1672220 612
1672230 612
1672240 613
1672250 615
1672260 615
1672270 616
1672280 617
1672290 617
1672300 617
1672310 618
1672320 618
1672330 619
1672340 620
1672350 620
1672360 621
1672370 621
1672380 621
1672390 622
1672400 622
1672410 622
1672420 622
1672430 622
1672440 622
1672450 621
1672460 621
1672470 621
1672480 620
1672490 620
1672500 620
1672510 619
1672520 618
1672530 618
1672540 618
1672550 617
1672560 617
1672570 616
1672580 616
1672590 616
1672600 615
1672610 615
1672620 615
1672630 614
1672640 614
1672650 614
1672660 613
1672670 612
1672680 612
1672690 612
1672700 612
1672710 612
1672720 611
1672730 610
1672740 610
1672750 610
1672760 610
1672770 609
1672780 609
1672790 609
1672800 608
1672810 607
1672820 607
1672830 607
1672840 606
1672850 606
1672860 606
1672870 605
1672880 605
1672890 605
1672900 605
1672910 605
1672920 605
1672930 604
1672940 604
1672950 604
1672960 603
1672970 603
1672980 603
1672990 603
1673000 603
1673010 603
1673020 602
1673030 602
1673040 602
1673050 602
1673060 602
1673070 601
1673080 601
1673090 601
1673100 600
1673110 600
1673120 600
1673130 598
1673140 598
1673150 598
1673160 597
1673170 596
1673180 596
1673190 596
1673200 596
1673210 596
1673220 599
1673230 601
1673240 601
1673250 603
1673260 604
1673270 604
1673280 605
1673290 605
1673300 605
1673310 605
1673320 605
1673330 605
1673340 604
1673350 604
1673360 604
1673370 604
1673380 604
1673390 604
1673400 604
1673410 604
1673420 604
1673430 604
1673440 604
1673450 604
1673460 604
1673470 604
1673480 603
1673490 603
1673500 603
1673510 603
1673520 603
1673530 603
1673540 603
1673550 603
1673560 603
1673570 600
1673580 599
1673590 600
1673600 600
1673610 600
1673620 600
1673630 601
1673640 602
1673650 602
1673660 606
1673670 610
1673680 610
1673690 614
1673700 618
1673710 618
1673720 620
1673730 622
1673740 622
1673750 624
1673760 625
1673770 625
1673780 627
1673790 629
1673800 629
1673810 630
1673820 632
1673830 632
1673840 633
1673850 633
1673860 633
1673870 632
1673880 632
1673890 632
1673900 632
1673910 633
1673920 633
1673930 633
1673940 633
1673950 633
1673960 634
1673970 634
1673980 634
1673990 634
1674000 634
1674010 634
1674020 633
1674030 632
1674040 632
1674050 631
1674060 630
1674070 630
1674080 630
1674090 630
1674100 629
1674110 628
1674120 628
1674130 628
1674140 628
1674150 628
1674160 627
1674170 627
1674180 627
1674190 627
1674200 627
1674210 627
1674220 627
1674230 626
1674240 626
1674250 627
1674260 627
1674270 627
1674280 628
1674290 629
1674300 629
1674310 631
1674320 632
1674330 632
1674340 632
1674350 632
1674360 632
1674370 632
1674380 632
1674390 632
1674400 632
1674410 632
1674420 632
1674430 633
1674440 633
1674450 633
1674460 634
1674470 634
1674480 634
1674490 634
1674500 635
1674510 635
1674520 635
1674530 635
1674540 635
1674550 635
1674560 635
1674570 635
1674580 635
1674590 635
1674600 635
1674610 636
1674620 636
1674630 636
1674640 637
1674650 637
1674660 637
1674670 636
1674680 636
1674690 636
1674700 636
1674710 636
1674720 636
1674730 635
1674740 635
1674750 635
1674760 635
1674770 635
1674780 635
1674790 635
1674800 635
1674810 635
1674820 635
1674830 635
1674840 635
1674850 635
1674860 635
1674870 635
1674880 635
1674890 635
1674900 634
1674910 634
1674920 634
1674930 634
1674940 634
1674950 634
1674960 634
1674970 634
1674980 634
1674990 633
1675000 633
1675010 633
1675020 633
1675030 633
1675040 633
1675050 632
1675060 632
1675070 632
1675080 632
1675090 632
1675100 632
1675110 632
1675120 631
1675130 631
1675140 631
1675150 631
1675160 631
1675170 632
1675180 632
1675190 632
1675200 632
1675210 632
1675220 632
1675230 632
1675240 632
1675250 632
1675260 632
1675270 633
1675280 633
1675290 633
1675300 633
1675310 633
1675320 634
1675330 634
1675340 634
1675350 634
1675360 634
1675370 634
1675380 635
1675390 635
1675400 635
1675410 635
1675420 635
1675430 635
1675440 635
1675450 635
1675460 635
1675470 635
1675480 635
1675490 635
1675500 635
1675510 635
1675520 636
1675530 636
1675540 636
1675550 636
1675560 636
1675570 636
1675580 636
1675590 636
1675600 636
1675610 636
1675620 636
1675630 636
1675640 635
1675650 635
1675660 635
1675670 635
1675680 635
1675690 635
1675700 635
1675710 635
1675720 635
1675730 635
1675740 634
1675750 634
1675760 634
1675770 634
1675780 634
1675790 634
1675800 634
1675810 634
1675820 634
1675830 633
1675840 633
1675850 633
1675860 633
1675870 633
1675880 632
1675890 632
1675900 632
1675910 632
1675920 631
1675930 631
1675940 631
1675950 631
1675960 631
1675970 631
1675980 630
1675990 630
1676000 630
1676010 630
1676020 630
1676030 629
1676040 629
1676050 629
1676060 629
1676070 629
1676080 629
1676090 628
1676100 628
1676110 628
1676120 628
1676130 628
1676140 627
1676150 627
1676160 627
1676170 627
1676180 627
1676190 627
1676200 626
1676210 626
1676220 626
1676230 626
1676240 626
1676250 626
1676260 625
1676270 625
1676280 625
1676290 625
1676300 624
1676310 624
1676320 624
1676330 624
1676340 623
1676350 623
1676360 623
1676370 623
1676380 622
1676390 622
1676400 622
1676410 622
1676420 622
1676430 622
1676440 621
1676450 621
1676460 621
1676470 621
1676480 621
1676490 621
1676500 620
1676510 620
1676520 620
1676530 620
1676540 619
1676550 619
1676560 619
1676570 618
1676580 618
1676590 618
1676600 617
1676610 617
1676620 617
1676630 617
1676640 617
1676650 616
1676660 616
1676670 616
1676680 616
1676690 615
1676700 615
1676710 615
1676720 615
1676730 615
1676740 615
1676750 614
1676760 614
1676770 614
1676780 614
1676790 614
1676800 613
1676810 613
1676820 613
1676830 612
1676840 612
1676850 612
1676860 611
1676870 611
1676880 611
1676890 610
1676900 610
1676910 610
1676920 610
1676930 610
1676940 610
1676950 610
1676960 610
1676970 609
1676980 609
1676990 609
1677000 609
1677010 609
1677020 610
1677030 610
1677040 610
1677050 610
1677060 611
1677070 612
1677080 612
1677090 613
1677100 616
1677110 616
1677120 618
1677130 621
1677140 621
1677150 624
1677160 627
1677170 627
1677180 628
1677190 629
1677200 629
1677210 629
1677220 630
1677230 630
1677240 631
1677250 632
1677260 632
1677270 632
1677280 632
1677290 632
1677300 632
1677310 632
1677320 632
1677330 632
1677340 632
1677350 632
1677360 632
1677370 632
1677380 632
1677390 632
1677400 632
1677410 632
1677420 632
1677430 632
1677440 632
1677450 632
1677460 632
1677470 632
1677480 632
1677490 632
1677500 633
1677510 633
1677520 633
1677530 633
1677540 633
1677550 633
1677560 633
1677570 633
1677580 633
1677590 633
1677600 634
1677610 634
1677620 634
1677630 634
1677640 634
1677650 634
1677660 635
1677670 635
1677680 635
1677690 635
1677700 636
1677710 637
1677720 637
1677730 637
1677740 637
1677750 637
1677760 637
1677770 637
1677780 637
1677790 637
1677800 637
1677810 637
1677820 637
1677830 638
1677840 638
1677850 638
1677860 638
1677870 638
1677880 638
1677890 638
1677900 638
1677910 638
1677920 638
1677930 637
1677940 637
1677950 637
1677960 638
1677970 638
1677980 637
1677990 637
1678000 637
1678010 637
1678020 637
1678030 637
1678040 637
1678050 636
1678060 636
1678070 636
1678080 636
1678090 636
1678100 635
1678110 635
1678120 634
1678130 633
1678140 633
1678150 632
1678160 631
1678170 631
1678180 632
1678190 633
1678200 633
1678210 633
1678220 633
1678230 633
1678240 633
1678250 633
1678260 633
1678270 633
1678280 633
1678290 633
1678300 633
1678310 634
1678320 634
1678330 634
1678340 634
1678350 634
1678360 634
1678370 635
1678380 635
1678390 635
1678400 635
1678410 635
1678420 636
1678430 637
1678440 637
1678450 637
1678460 638
1678470 638
1678480 639
1678490 639
1678500 639
1678510 640
1678520 640
1678530 640
1678540 640
1678550 641
1678560 641
1678570 642
1678580 642
1678590 642
1678600 643
1678610 643
1678620 643
1678630 644
1678640 645
1678650 645
1678660 645
1678670 646
1678680 646
1678690 646
1678700 647
1678710 647
1678720 647
1678730 648
1678740 648
1678750 648
1678760 648
1678770 648
1678780 649
1678790 649
1678800 649
1678810 649
1678820 649
1678830 650
1678840 650
1678850 650
1678860 650
1678870 651
1678880 651
1678890 651
1678900 651
1678910 651
1678920 651
1678930 651
1678940 651
1678950 652
1678960 652
1678970 652
1678980 652
1678990 653
1679000 653
1679010 652
1679020 652
1679030 652
1679040 652
1679050 652
1679060 652
1679070 652
1679080 653
1679090 653
1679100 653
1679110 653
1679120 653
1679130 653
1679140 653
1679150 653
1679160 652
1679170 652
1679180 652
1679190 653
1679200 653
1679210 653
1679220 653
1679230 653
1679240 653
1679250 653
1679260 654
1679270 654
1679280 655
1679290 655
1679300 655
1679310 655
1679320 655
1679330 655
1679340 655
1679350 655
1679360 655
1679370 656
1679380 656
1679390 656
1679400 656
1679410 656
1679420 656
1679430 656
1679440 656
1679450 656
1679460 655
1679470 655
1679480 654
1679490 655
1679500 655
1679510 657
1679520 658
1679530 658
1679540 659
1679550 659
1679560 659
1679570 658
1679580 658
1679590 658
1679600 658
1679610 658
1679620 658
1679630 658
1679640 658
1679650 658
1679660 659
1679670 659
1679680 659
1679690 660
1679700 660
1679710 660
1679720 661
1679730 662
1679740 662
1679750 662
1679760 663
1679770 663
1679780 663
1679790 663
1679800 663
1679810 663
1679820 663
1679830 663
1679840 664
1679850 664
1679860 664
1679870 664
1679880 665
1679890 665
1679900 665
1679910 666
1679920 666
1679930 666
1679940 666
1679950 666
1679960 667
1679970 667
1679980 667
1679990 668
