1660000 702
1660010 702
1660020 701
1660030 701
1660040 701
1660050 701
1660060 702
1660070 702
1660080 703
1660090 704
1660100 704
1660110 705
1660120 706
1660130 706
1660140 707
1660150 708
1660160 708
1660170 709
1660180 710
1660190 710
1660200 711
1660210 712
1660220 712
1660230 713
1660240 713
1660250 714
1660260 714
1660270 714
1660280 715
1660290 716
1660300 716
1660310 717
1660320 719
1660330 719
1660340 720
1660350 721
1660360 721
1660370 722
1660380 724
1660390 724
1660400 726
1660410 728
1660420 728
1660430 729
1660440 730
1660450 730
1660460 731
1660470 730
1660480 730
1660490 730
1660500 729
1660510 729
1660520 729
1660530 728
1660540 728
1660550 725
1660560 723
1660570 723
1660580 721
1660590 720
1660600 720
1660610 720
1660620 719
1660630 719
1660640 719
1660650 720
1660660 720
1660670 721
1660680 722
1660690 722
1660700 723
1660710 724
1660720 724
1660730 725
1660740 726
1660750 726
1660760 726
1660770 726
1660780 726
1660790 727
1660800 729
1660810 729
1660820 729
1660830 730
1660840 730
1660850 731
1660860 733
1660870 733
1660880 734
1660890 734
1660900 735
1660910 736
1660920 736
1660930 737
1660940 738
1660950 738
1660960 739
1660970 740
1660980 740
1660990 741
1661000 742
1661010 742
1661020 744
1661030 745
1661040 745
1661050 747
1661060 748
1661070 748
1661080 748
1661090 748
1661100 748
1661110 748
1661120 748
1661130 748
1661140 748
1661150 747
1661160 747
1661170 747
1661180 747
1661190 747
1661200 748
1661210 748
1661220 748
1661230 748
1661240 749
1661250 749
1661260 750
1661270 752
1661280 752
1661290 753
1661300 754
1661310 754
1661320 755
1661330 756
1661340 756
1661350 756
1661360 757
1661370 757
1661380 757
1661390 757
1661400 757
1661410 757
1661420 757
1661430 757
1661440 757
1661450 757
1661460 757
1661470 757
1661480 757
1661490 757
1661500 757
1661510 756
1661520 756
1661530 756
1661540 755
1661550 755
1661560 755
1661570 755
1661580 755
1661590 754
1661600 754
1661610 754
1661620 753
1661630 753
1661640 752
1661650 752
1661660 752
1661670 751
1661680 750
1661690 750
1661700 749
1661710 748
1661720 748
1661730 748
1661740 747
1661750 747
1661760 746
1661770 745
1661780 745
1661790 745
1661800 744
1661810 744
1661820 743
1661830 743
1661840 743
1661850 742
1661860 743
1661870 743
1661880 743
1661890 743
1661900 743
1661910 743
1661920 743
1661930 743
1661940 743
1661950 743
1661960 743
1661970 743
1661980 743
1661990 743
1662000 744
1662010 745
1662020 745
1662030 745
1662040 745
1662050 745
1662060 745
1662070 744
1662080 744
1662090 744
1662100 744
1662110 744
1662120 744
1662130 744
1662140 744
1662150 744
1662160 743
1662170 743
1662180 743
1662190 743
1662200 743
1662210 742
1662220 742
1662230 742
1662240 741
1662250 741
1662260 740
1662270 739
1662280 737
1662290 735
1662300 735
1662310 735
1662320 735
1662330 734
1662340 734
1662350 733
1662360 732
1662370 732
1662380 731
1662390 729
1662400 729
1662410 728
1662420 727
1662430 727
1662440 726
1662450 724
1662460 724
1662470 723
1662480 723
1662490 723
1662500 722
1662510 721
1662520 721
1662530 720
1662540 718
1662550 718
1662560 717
1662570 716
1662580 716
1662590 715
1662600 714
1662610 714
1662620 713
1662630 711
1662640 711
1662650 710
1662660 709
1662670 709
1662680 708
1662690 707
1662700 707
1662710 706
1662720 705
1662730 705
1662740 704
1662750 704
1662760 704
1662770 703
1662780 702
1662790 702
1662800 701
1662810 700
1662820 700
1662830 699
1662840 697
1662850 697
1662860 696
1662870 696
1662880 695
1662890 694
1662900 694
1662910 693
1662920 692
1662930 692
1662940 692
1662950 690
1662960 690
1662970 687
1662980 686
1662990 686
1663000 685
1663010 684
1663020 683
1663030 682
1663040 681
1663050 681
1663060 680
1663070 679
1663080 679
1663090 678
1663100 677
1663110 677
1663120 676
1663130 675
1663140 675
1663150 674
1663160 673
1663170 673
1663180 673
1663190 672
1663200 672
1663210 672
1663220 672
1663230 672
1663240 672
1663250 672
1663260 672
1663270 672
1663280 672
1663290 672
1663300 671
1663310 671
1663320 671
1663330 672
1663340 673
1663350 673
1663360 673
1663370 674
1663380 674
1663390 675
1663400 677
1663410 677
1663420 678
1663430 678
1663440 678
1663450 678
1663460 679
1663470 679
1663480 680
1663490 681
1663500 681
1663510 681
1663520 682
1663530 682
1663540 682
1663550 682
1663560 683
1663570 684
1663580 684
1663590 684
1663600 685
1663610 685
1663620 686
1663630 687
1663640 687
1663650 688
1663660 688
1663670 688
1663680 688
1663690 689
1663700 689
1663710 689
1663720 688
1663730 688
1663740 688
1663750 686
1663760 686
1663770 685
1663780 684
1663790 684
1663800 683
1663810 682
1663820 682
1663830 681
1663840 681
1663850 681
1663860 681
1663870 680
1663880 680
1663890 680
1663900 680
1663910 680
1663920 679
1663930 679
1663940 679
1663950 678
1663960 678
1663970 678
1663980 678
1663990 677
1664000 677
1664010 676
1664020 675
1664030 675
1664040 675
1664050 674
1664060 674
1664070 673
1664080 673
1664090 673
1664100 672
1664110 672
1664120 672
1664130 671
1664140 670
1664150 670
1664160 670
1664170 669
1664180 669
1664190 668
1664200 668
1664210 668
1664220 667
1664230 667
1664240 666
1664250 666
1664260 666
1664270 665
1664280 664
1664290 664
1664300 663
1664310 663
1664320 663
1664330 663
1664340 662
1664350 662
1664360 662
1664370 661
1664380 661
1664390 660
1664400 660
1664410 660
1664420 659
1664430 659
1664440 659
1664450 658
1664460 658
1664470 658
1664480 657
1664490 657
1664500 657
1664510 656
1664520 655
1664530 655
1664540 655
1664550 654
1664560 654
1664570 654
1664580 654
1664590 654
1664600 653
1664610 653
1664620 653
1664630 653
1664640 653
1664650 653
1664660 652
1664670 652
1664680 652
1664690 652
1664700 651
1664710 651
1664720 651
1664730 651
1664740 651
1664750 650
1664760 650
1664770 650
1664780 650
1664790 649
1664800 649
1664810 649
1664820 649
1664830 649
1664840 649
1664850 648
1664860 648
1664870 648
1664880 648
1664890 648
1664900 648
1664910 648
1664920 648
1664930 649
1664940 649
1664950 649
1664960 649
1664970 649
1664980 649
1664990 648
1665000 648
1665010 648
1665020 648
1665030 648
1665040 648
1665050 647
1665060 647
1665070 647
1665080 647
1665090 647
1665100 647
1665110 647
1665120 647
1665130 646
1665140 646
1665150 646
1665160 646
1665170 645
1665180 645
1665190 645
1665200 644
1665210 644
1665220 644
1665230 643
1665240 643
1665250 642
1665260 641
1665270 641
1665280 639
1665290 636
1665300 636
1665310 632
1665320 628
1665330 628
1665340 626
1665350 624
1665360 624
1665370 622
1665380 618
1665390 618
1665400 618
1665410 620
1665420 620
1665430 621
1665440 623
1665450 623
1665460 625
1665470 628
1665480 628
1665490 630
1665500 630
1665510 630
1665520 631
1665530 631
1665540 633
1665550 636
1665560 636
1665570 636
1665580 634
1665590 634
1665600 633
1665610 632
1665620 632
1665630 632
1665640 634
1665650 634
1665660 635
1665670 635
1665680 635
1665690 635
1665700 635
1665710 635
1665720 635
1665730 636
1665740 636
1665750 636
1665760 636
1665770 636
1665780 636
1665790 636
1665800 636
1665810 635
1665820 635
1665830 635
1665840 635
1665850 635
1665860 635
1665870 635
1665880 635
1665890 635
1665900 634
1665910 634
1665920 634
1665930 633
1665940 632
1665950 632
1665960 631
1665970 631
1665980 631
1665990 630
1666000 630
1666010 630
1666020 630
1666030 630
1666040 630
1666050 629
1666060 628
1666070 628
1666080 628
1666090 627
1666100 627
1666110 626
1666120 625
1666130 625
1666140 624
1666150 622
1666160 622
1666170 621
1666180 621
1666190 620
1666200 619
1666210 619
1666220 619
1666230 618
1666240 618
1666250 617
1666260 616
1666270 616
1666280 616
1666290 615
1666300 615
1666310 614
1666320 613
1666330 613
1666340 613
1666350 612
1666360 612
1666370 612
1666380 611
1666390 611
1666400 610
1666410 609
1666420 609
1666430 609
1666440 608
1666450 608
1666460 608
1666470 608
1666480 608
1666490 608
1666500 608
1666510 608
1666520 608
1666530 607
1666540 607
1666550 606
1666560 605
1666570 605
1666580 604
1666590 603
1666600 603
1666610 603
1666620 603
1666630 603
1666640 601
1666650 601
1666660 601
1666670 600
1666680 599
1666690 599
1666700 600
1666710 598
1666720 598
1666730 597
1666740 595
1666750 595
1666760 595
1666770 596
1666780 596
1666790 596
1666800 596
1666810 596
1666820 596
1666830 596
1666840 596
1666850 596
1666860 596
1666870 595
1666880 595
1666890 595
1666900 595
1666910 595
1666920 595
1666930 595
1666940 595
1666950 595
1666960 595
1666970 595
1666980 595
1666990 595
1667000 595
1667010 595
1667020 595
1667030 595
1667040 595
1667050 595
1667060 595
1667070 595
1667080 595
1667090 595
1667100 595
1667110 595
1667120 594
1667130 594
1667140 594
1667150 594
1667160 594
1667170 594
1667180 594
1667190 594
1667200 594
1667210 594
1667220 594
1667230 594
1667240 594
1667250 594
1667260 594
1667270 594
1667280 594
1667290 594
1667300 594
1667310 594
1667320 594
1667330 595
1667340 595
1667350 595
1667360 596
1667370 596
1667380 596
1667390 596
1667400 596
1667410 597
1667420 597
1667430 597
1667440 598
1667450 598
1667460 598
1667470 599
1667480 599
1667490 599
1667500 600
1667510 600
1667520 600
1667530 600
1667540 600
1667550 601
1667560 601
1667570 601
1667580 600
1667590 600
1667600 600
1667610 600
1667620 600
1667630 600
1667640 600
1667650 600
1667660 600
1667670 600
1667680 599
1667690 599
1667700 598
1667710 598
1667720 598
1667730 598
1667740 598
1667750 598
1667760 598
1667770 598
1667780 598
1667790 598
1667800 599
1667810 599
1667820 600
1667830 601
1667840 601
1667850 601
1667860 601
1667870 601
1667880 600
1667890 600
1667900 600
1667910 600
1667920 600
1667930 600
1667940 600
1667950 600
1667960 600
1667970 600
1667980 600
1667990 600
1668000 600
1668010 600
1668020 600
1668030 600
1668040 600
1668050 600
1668060 600
1668070 601
1668080 601
1668090 601
1668100 601
1668110 601
1668120 601
1668130 601
1668140 601
1668150 601
1668160 601
1668170 601
1668180 601
1668190 601
1668200 601
1668210 602
1668220 602
1668230 602
1668240 602
1668250 602
1668260 602
1668270 602
1668280 602
1668290 602
1668300 602
1668310 602
1668320 602
1668330 602
1668340 602
1668350 602
1668360 602
1668370 602
1668380 602
1668390 602
1668400 602
1668410 602
1668420 602
1668430 602
1668440 603
1668450 603
1668460 603
1668470 603
1668480 603
1668490 603
1668500 603
1668510 603
1668520 603
1668530 603
1668540 603
1668550 603
1668560 603
1668570 604
1668580 604
1668590 604
1668600 604
1668610 604
1668620 605
1668630 605
1668640 605
1668650 606
1668660 606
1668670 606
1668680 607
1668690 607
1668700 607
1668710 607
1668720 608
1668730 608
1668740 608
1668750 608
1668760 608
1668770 608
1668780 608
1668790 608
1668800 608
1668810 608
1668820 608
1668830 608
1668840 608
1668850 608
1668860 608
1668870 608
1668880 608
1668890 609
1668900 609
1668910 609
1668920 609
1668930 609
1668940 609
1668950 609
1668960 609
1668970 609
1668980 609
1668990 609
1669000 609
1669010 609
1669020 609
1669030 610
1669040 610
1669050 610
1669060 610
1669070 610
1669080 610
1669090 611
1669100 611
1669110 611
1669120 611
1669130 611
1669140 611
1669150 611
1669160 611
1669170 611
1669180 611
1669190 611
1669200 611
1669210 611
1669220 611
1669230 611
1669240 611
1669250 611
1669260 611
1669270 611
1669280 611
1669290 611
1669300 611
1669310 611
1669320 611
1669330 612
1669340 612
1669350 612
1669360 612
1669370 612
1669380 612
1669390 612
1669400 612
1669410 612
1669420 612
1669430 612
1669440 612
1669450 612
1669460 612
1669470 612
1669480 612
1669490 613
1669500 612
1669510 612
1669520 612
1669530 612
1669540 612
1669550 612
1669560 612
1669570 612
1669580 612
1669590 612
1669600 612
1669610 612
1669620 612
1669630 612
1669640 612
1669650 612
1669660 612
1669670 612
1669680 612
1669690 612
1669700 612
1669710 612
1669720 612
1669730 612
1669740 612
1669750 612
1669760 612
1669770 612
1669780 612
1669790 612
1669800 612
1669810 612
1669820 612
1669830 611
1669840 611
1669850 611
1669860 611
1669870 611
1669880 611
1669890 611
1669900 611
1669910 611
1669920 611
1669930 611
1669940 611
1669950 611
1669960 611
1669970 611
1669980 611
1669990 611
1670000 611
1670010 611
1670020 611
1670030 611
1670040 611
1670050 611
1670060 611
1670070 611
1670080 611
1670090 611
1670100 611
1670110 611
1670120 611
1670130 610
1670140 610
1670150 610
1670160 610
1670170 610
1670180 610
1670190 610
1670200 610
1670210 610
1670220 610
1670230 610
1670240 610
1670250 610
1670260 610
1670270 610
1670280 610
1670290 610
1670300 609
1670310 609
1670320 609
1670330 609
1670340 609
1670350 609
1670360 609
1670370 609
1670380 609
1670390 609
1670400 609
1670410 609
1670420 609
1670430 609
1670440 609
1670450 608
1670460 608
1670470 608
1670480 608
1670490 608
1670500 608
1670510 608
1670520 608
1670530 608
1670540 608
1670550 607
1670560 607
1670570 607
1670580 607
1670590 607
1670600 607
1670610 606
1670620 606
1670630 606
1670640 606
1670650 606
1670660 606
1670670 606
1670680 606
1670690 605
1670700 605
1670710 605
1670720 605
1670730 605
1670740 605
1670750 605
1670760 604
1670770 604
1670780 604
1670790 604
1670800 604
1670810 604
1670820 604
1670830 603
1670840 603
1670850 603
1670860 603
1670870 603
1670880 603
1670890 602
1670900 601
1670910 601
1670920 600
1670930 598
1670940 598
1670950 596
1670960 594
1670970 594
1670980 592
1670990 593
1671000 593
1671010 591
1671020 588
1671030 588
1671040 587
1671050 587
1671060 587
1671070 587
1671080 587
1671090 587
1671100 588
1671110 591
1671120 591
1671130 593
1671140 595
1671150 595
1671160 598
1671170 601
1671180 601
1671190 603
1671200 605
1671210 605
1671220 607
1671230 608
1671240 608
1671250 609
1671260 610
1671270 610
1671280 611
1671290 612
1671300 612
1671310 612
1671320 613
1671330 613
1671340 613
1671350 614
1671360 614
1671370 615
1671380 615
1671390 615
1671400 616
1671410 616
1671420 616
1671430 616
1671440 615
1671450 615
1671460 615
1671470 615
1671480 615
1671490 615
1671500 615
1671510 615
1671520 614
1671530 614
1671540 614
1671550 614
1671560 614
1671570 614
1671580 613
1671590 613
1671600 613
1671610 613
1671620 613
1671630 612
1671640 612
1671650 612
1671660 612
1671670 612
1671680 612
1671690 611
1671700 611
1671710 611
1671720 611
1671730 611
1671740 611
1671750 610
1671760 610
1671770 610
1671780 609
1671790 609
1671800 609
1671810 608
1671820 608
1671830 608
1671840 607
1671850 607
1671860 607
1671870 606
1671880 606
1671890 606
1671900 605
1671910 605
1671920 605
1671930 602
1671940 598
1671950 598
1671960 598
1671970 599
1671980 599
1671990 599
1672000 599
1672010 599
1672020 599
1672030 600
1672040 600
1672050 601
1672060 602
1672070 602
1672080 604
1672090 606
1672100 606
1672110 608
1672120 608
1672130 609
1672140 610
1672150 610
1672160 612
1672170 613
1672180 613
1672190 613
1672200 614
1672210 614
1672220 615
1672230 616
1672240 616
1672250 617
1672260 618
1672270 618
1672280 620
1672290 622
1672300 623
1672310 624
1672320 626
1672330 626
1672340 629
1672350 630
1672360 630
1672370 632
1672380 633
1672390 633
1672400 634
1672410 635
1672420 635
1672430 637
1672440 638
1672450 638
1672460 639
1672470 639
1672480 639
1672490 639
1672500 639
1672510 639
1672520 639
1672530 639
1672540 639
1672550 640
1672560 640
1672570 640
1672580 641
1672590 642
1672600 642
1672610 643
1672620 644
1672630 644
1672640 644
1672650 645
1672660 645
1672670 645
1672680 646
1672690 646
1672700 645
1672710 645
1672720 645
1672730 645
1672740 645
1672750 645
1672760 645
1672770 645
1672780 645
1672790 645
1672800 645
1672810 645
1672820 644
1672830 644
1672840 645
1672850 645
1672860 645
1672870 645
1672880 645
1672890 645
1672900 645
1672910 645
1672920 645
1672930 645
1672940 645
1672950 645
1672960 645
1672970 645
1672980 645
1672990 646
1673000 647
1673010 647
1673020 647
1673030 647
1673040 647
1673050 647
1673060 648
1673070 648
1673080 648
1673090 648
1673100 648
1673110 649
1673120 650
1673130 650
1673140 651
1673150 651
1673160 651
1673170 651
1673180 652
1673190 652
1673200 652
1673210 652
1673220 652
1673230 652
1673240 651
1673250 651
1673260 651
1673270 651
1673280 651
1673290 651
1673300 650
1673310 650
1673320 650
1673330 649
1673340 649
1673350 649
1673360 648
1673370 648
1673380 648
1673390 646
1673400 646
1673410 644
1673420 642
1673430 642
1673440 641
1673450 641
1673460 639
1673470 640
1673480 640
1673490 640
1673500 639
1673510 639
1673520 639
1673530 642
1673540 642
1673550 644
1673560 647
1673570 647
1673580 649
1673590 650
1673600 650
1673610 650
1673620 650
1673630 650
1673640 650
1673650 651
1673660 651
1673670 651
1673680 652
1673690 652
1673700 652
1673710 653
1673720 653
1673730 653
1673740 653
1673750 653
1673760 652
1673770 652
1673780 652
1673790 652
1673800 652
1673810 652
1673820 652
1673830 652
1673840 652
1673850 652
1673860 652
1673870 652
1673880 652
1673890 653
1673900 653
1673910 653
1673920 654
1673930 654
1673940 654
1673950 654
1673960 654
1673970 655
1673980 655
1673990 655
1674000 656
1674010 657
1674020 657
1674030 656
1674040 657
1674050 657
1674060 657
1674070 657
1674080 657
1674090 657
1674100 657
1674110 657
1674120 656
1674130 656
1674140 656
1674150 656
1674160 656
1674170 656
1674180 656
1674190 656
1674200 656
1674210 656
1674220 656
1674230 656
1674240 656
1674250 656
1674260 656
1674270 655
1674280 655
1674290 655
1674300 655
1674310 655
1674320 654
1674330 654
1674340 654
1674350 654
1674360 654
1674370 654
1674380 654
1674390 653
1674400 653
1674410 653
1674420 653
1674430 653
1674440 653
1674450 653
1674460 653
1674470 653
1674480 653
1674490 653
1674500 653
1674510 653
1674520 653
1674530 653
1674540 653
1674550 653
1674560 652
1674570 652
1674580 652
1674590 652
1674600 652
1674610 652
1674620 652
1674630 652
1674640 652
1674650 652
1674660 651
1674670 651
1674680 651
1674690 651
1674700 651
1674710 651
1674720 651
1674730 651
1674740 651
1674750 651
1674760 651
1674770 651
1674780 651
1674790 650
1674800 650
1674810 650
1674820 650
1674830 650
1674840 650
1674850 650
1674860 649
1674870 649
1674880 649
1674890 649
1674900 649
1674910 649
1674920 649
1674930 649
1674940 649
1674950 649
1674960 649
1674970 649
1674980 649
1674990 649
1675000 648
1675010 648
1675020 648
1675030 648
1675040 648
1675050 648
1675060 648
1675070 648
1675080 648
1675090 648
1675100 648
1675110 648
1675120 648
1675130 648
1675140 648
1675150 648
1675160 648
1675170 648
1675180 648
1675190 648
1675200 648
1675210 647
1675220 647
1675230 647
1675240 647
1675250 647
1675260 647
1675270 647
1675280 647
1675290 647
1675300 647
1675310 647
1675320 647
1675330 647
1675340 647
1675350 647
1675360 647
1675370 647
1675380 647
1675390 647
1675400 648
1675410 648
1675420 648
1675430 648
1675440 648
1675450 648
1675460 648
1675470 648
1675480 648
1675490 648
1675500 648
1675510 648
1675520 648
1675530 648
1675540 648
1675550 648
1675560 648
1675570 648
1675580 648
1675590 648
1675600 648
1675610 648
1675620 648
1675630 648
1675640 648
1675650 648
1675660 647
1675670 647
1675680 647
1675690 647
1675700 647
1675710 647
1675720 647
1675730 647
1675740 647
1675750 647
1675760 647
1675770 647
1675780 646
1675790 646
1675800 646
1675810 646
1675820 646
1675830 646
1675840 645
1675850 645
1675860 645
1675870 645
1675880 645
1675890 645
1675900 644
1675910 644
1675920 644
1675930 644
1675940 644
1675950 643
1675960 643
1675970 643
1675980 642
1675990 642
1676000 642
1676010 642
1676020 641
1676030 641
1676040 641
1676050 640
1676060 640
1676070 640
1676080 640
1676090 640
1676100 639
1676110 639
1676120 639
1676130 639
1676140 639
1676150 638
1676160 638
1676170 638
1676180 637
1676190 637
1676200 637
1676210 636
1676220 636
1676230 636
1676240 636
1676250 635
1676260 635
1676270 635
1676280 635
1676290 635
1676300 634
1676310 634
1676320 634
1676330 634
1676340 633
1676350 633
1676360 633
1676370 632
1676380 632
1676390 632
1676400 631
1676410 631
1676420 631
1676430 632
1676440 632
1676450 632
1676460 633
1676470 633
1676480 634
1676490 634
1676500 634
1676510 635
1676520 635
1676530 635
1676540 636
1676550 636
1676560 636
1676570 637
1676580 637
1676590 637
1676600 638
1676610 639
1676620 639
1676630 639
1676640 640
1676650 640
1676660 640
1676670 640
1676680 640
1676690 641
1676700 641
1676710 641
1676720 641
1676730 641
1676740 642
1676750 642
1676760 642
1676770 643
1676780 643
1676790 643
1676800 643
1676810 643
1676820 643
1676830 644
1676840 644
1676850 644
1676860 643
1676870 643
1676880 643
1676890 643
1676900 642
1676910 642
1676920 642
1676930 642
1676940 642
1676950 641
1676960 641
1676970 641
1676980 641
1676990 640
1677000 640
1677010 639
1677020 639
1677030 639
1677040 639
1677050 639
1677060 639
1677070 638
1677080 638
1677090 638
1677100 639
1677110 639
1677120 639
1677130 639
1677140 639
1677150 639
1677160 641
1677170 642
1677180 642
1677190 644
1677200 644
1677210 644
1677220 645
1677230 646
1677240 646
1677250 647
1677260 648
1677270 648
1677280 649
1677290 650
1677300 650
1677310 651
1677320 651
1677330 651
1677340 652
1677350 652
1677360 652
1677370 652
1677380 652
1677390 652
1677400 653
1677410 653
1677420 653
1677430 654
1677440 654
1677450 655
1677460 656
1677470 656
1677480 656
1677490 657
1677500 657
1677510 658
1677520 659
1677530 659
1677540 660
1677550 661
1677560 661
1677570 661
1677580 661
1677590 661
1677600 661
1677610 661
1677620 661
1677630 660
1677640 660
1677650 660
1677660 659
1677670 659
1677680 659
1677690 659
1677700 658
1677710 658
1677720 658
1677730 658
1677740 658
1677750 658
1677760 658
1677770 658
1677780 658
1677790 657
1677800 657
1677810 657
1677820 657
1677830 657
1677840 657
1677850 658
1677860 658
1677870 658
1677880 658
1677890 658
1677900 658
1677910 658
1677920 658
1677930 658
1677940 658
1677950 658
1677960 658
1677970 658
1677980 658
1677990 658
1678000 659
1678010 659
1678020 659
1678030 659
1678040 659
1678050 660
1678060 660
1678070 660
1678080 660
1678090 660
1678100 660
1678110 660
1678120 660
1678130 660
1678140 660
1678150 660
1678160 660
1678170 661
1678180 661
1678190 661
1678200 661
1678210 661
1678220 661
1678230 661
1678240 661
1678250 661
1678260 661
1678270 661
1678280 661
1678290 661
1678300 661
1678310 661
1678320 661
1678330 661
1678340 661
1678350 661
1678360 661
1678370 662
1678380 661
1678390 661
1678400 661
1678410 661
1678420 661
1678430 661
1678440 661
1678450 661
1678460 661
1678470 661
1678480 661
1678490 661
1678500 661
1678510 661
1678520 661
1678530 661
1678540 661
1678550 661
1678560 661
1678570 661
1678580 661
1678590 661
1678600 661
1678610 661
1678620 661
1678630 661
1678640 662
1678650 662
1678660 662
1678670 662
1678680 662
1678690 662
1678700 662
1678710 662
1678720 662
1678730 662
1678740 662
1678750 662
1678760 662
1678770 662
1678780 662
1678790 662
1678800 662
1678810 662
1678820 662
1678830 662
1678840 662
1678850 662
1678860 662
1678870 662
1678880 662
1678890 662
1678900 662
1678910 662
1678920 662
1678930 663
1678940 663
1678950 663
1678960 663
1678970 663
1678980 663
1678990 663
1679000 663
1679010 663
1679020 663
1679030 664
1679040 664
1679050 664
1679060 664
1679070 664
1679080 664
1679090 664
1679100 664
1679110 664
1679120 664
1679130 664
1679140 664
1679150 665
1679160 665
1679170 665
1679180 665
1679190 665
1679200 665
1679210 665
1679220 665
1679230 665
1679240 665
1679250 665
1679260 666
1679270 666
1679280 666
1679290 666
1679300 667
1679310 667
1679320 667
1679330 667
1679340 667
1679350 667
1679360 667
1679370 667
1679380 667
1679390 667
1679400 667
1679410 667
1679420 667
1679430 667
1679440 667
1679450 667
1679460 667
1679470 667
1679480 667
1679490 666
1679500 666
1679510 666
1679520 666
1679530 666
1679540 666
1679550 666
1679560 666
1679570 666
1679580 665
1679590 665
1679600 665
1679610 665
1679620 665
1679630 665
1679640 664
1679650 664
1679660 664
1679670 664
1679680 664
1679690 664
1679700 663
1679710 663
1679720 663
1679730 663
1679740 663
1679750 663
1679760 663
1679770 663
1679780 663
1679790 662
1679800 662
1679810 662
1679820 662
1679830 661
1679840 661
1679850 661
1679860 661
1679870 661
1679880 661
1679890 660
1679900 660
1679910 660
1679920 660
1679930 660
1679940 660
1679950 660
1679960 660
1679970 660
1679980 660
1679990 660
