1660000 729
1660010 728
1660020 728
1660030 728
1660040 727
1660050 727
1660060 726
1660070 727
1660080 727
1660090 728
1660100 729
1660110 729
1660120 730
1660130 731
1660140 731
1660150 732
1660160 733
1660170 733
1660180 734
1660190 736
1660200 736
1660210 737
1660220 738
1660230 738
1660240 739
1660250 741
1660260 741
1660270 741
1660280 741
1660290 741
1660300 741
1660310 741
1660320 741
1660330 741
1660340 741
1660350 741
1660360 741
1660370 741
1660380 741
1660390 741
1660400 741
1660410 741
1660420 741
1660430 741
1660440 741
1660450 741
1660460 740
1660470 740
1660480 739
1660490 738
1660500 738
1660510 737
1660520 735
1660530 735
1660540 734
1660550 735
1660560 735
1660570 736
1660580 736
1660590 736
1660600 738
1660610 738
1660620 739
1660630 741
1660640 741
1660650 742
1660660 743
1660670 743
1660680 744
1660690 746
1660700 746
1660710 748
1660720 749
1660730 749
1660740 751
1660750 753
1660760 753
1660770 755
1660780 757
1660790 757
1660800 758
1660810 760
1660820 760
1660830 762
1660840 763
1660850 763
1660860 765
1660870 766
1660880 766
1660890 767
1660900 768
1660910 768
1660920 770
1660930 771
1660940 771
1660950 772
1660960 771
1660970 771
1660980 770
1660990 768
1661000 768
1661010 768
1661020 767
1661030 767
1661040 766
1661050 765
1661060 765
1661070 764
1661080 762
1661090 762
1661100 760
1661110 758
1661120 758
1661130 757
1661140 756
1661150 756
1661160 755
1661170 755
1661180 755
1661190 754
1661200 753
1661210 753
1661220 751
1661230 749
1661240 749
1661250 747
1661260 747
1661270 745
1661280 742
1661290 742
1661300 740
1661310 737
1661320 737
1661330 735
1661340 733
1661350 733
1661360 731
1661370 730
1661380 730
1661390 729
1661400 727
1661410 727
1661420 726
1661430 727
1661440 727
1661450 727
1661460 729
1661470 729
1661480 730
1661490 732
1661500 732
1661510 733
1661520 735
1661530 735
1661540 736
1661550 737
1661560 737
1661570 738
1661580 739
1661590 739
1661600 740
1661610 742
1661620 742
1661630 744
1661640 745
1661650 745
1661660 746
1661670 747
1661680 747
1661690 747
1661700 746
1661710 746
1661720 746
1661730 746
1661740 746
1661750 745
1661760 744
1661770 744
1661780 743
1661790 742
1661800 742
1661810 741
1661820 740
1661830 740
1661840 738
1661850 737
1661860 737
1661870 736
1661880 735
1661890 735
1661900 734
1661910 734
1661920 732
1661930 731
1661940 731
1661950 729
1661960 728
1661970 728
1661980 727
1661990 726
1662000 726
1662010 725
1662020 724
1662030 724
1662040 723
1662050 722
1662060 722
1662070 721
1662080 721
1662090 721
1662100 720
1662110 720
1662120 720
1662130 719
1662140 719
1662150 719
1662160 718
1662170 718
1662180 718
1662190 717
1662200 716
1662210 716
1662220 716
1662230 715
1662240 715
1662250 714
1662260 713
1662270 713
1662280 712
1662290 710
1662300 710
1662310 708
1662320 707
1662330 707
1662340 706
1662350 704
1662360 704
1662370 703
1662380 702
1662390 702
1662400 701
1662410 700
1662420 700
1662430 698
1662440 697
1662450 697
1662460 696
1662470 696
1662480 696
1662490 695
1662500 694
1662510 694
1662520 693
1662530 691
1662540 691
1662550 690
1662560 690
1662570 689
1662580 688
1662590 688
1662600 686
1662610 685
1662620 685
1662630 683
1662640 682
1662650 682
1662660 681
1662670 680
1662680 680
1662690 679
1662700 678
1662710 678
1662720 678
1662730 677
1662740 677
1662750 677
1662760 677
1662770 677
1662780 676
1662790 675
1662800 675
1662810 675
1662820 674
1662830 674
1662840 674
1662850 674
1662860 674
1662870 673
1662880 672
1662890 672
1662900 672
1662910 671
1662920 671
1662930 671
1662940 670
1662950 670
1662960 670
1662970 670
1662980 670
1662990 669
1663000 669
1663010 669
1663020 669
1663030 668
1663040 668
1663050 668
1663060 668
1663070 668
1663080 667
1663090 667
1663100 667
1663110 667
1663120 667
1663130 667
1663140 667
1663150 666
1663160 666
1663170 666
1663180 666
1663190 666
1663200 665
1663210 665
1663220 665
1663230 665
1663240 665
1663250 664
1663260 664
1663270 664
1663280 664
1663290 664
1663300 664
1663310 663
1663320 663
1663330 663
1663340 663
1663350 664
1663360 664
1663370 664
1663380 664
1663390 664
1663400 664
1663410 664
1663420 664
1663430 665
1663440 665
1663450 665
1663460 665
1663470 666
1663480 666
1663490 666
1663500 667
1663510 667
1663520 667
1663530 667
1663540 667
1663550 668
1663560 668
1663570 668
1663580 668
1663590 668
1663600 668
1663610 668
1663620 668
1663630 668
1663640 669
1663650 669
1663660 669
1663670 670
1663680 670
1663690 670
1663700 670
1663710 669
1663720 669
1663730 669
1663740 669
1663750 669
1663760 669
1663770 669
1663780 669
1663790 669
1663800 668
1663810 668
1663820 667
1663830 666
1663840 666
1663850 665
1663860 665
1663870 665
1663880 664
1663890 664
1663900 664
1663910 663
1663920 663
1663930 662
1663940 661
1663950 661
1663960 661
1663970 661
1663980 661
1663990 661
1664000 660
1664010 660
1664020 660
1664030 660
1664040 660
1664050 660
1664060 659
1664070 659
1664080 659
1664090 659
1664100 659
1664110 658
1664120 658
1664130 658
1664140 658
1664150 658
1664160 658
1664170 658
1664180 657
1664190 657
1664200 657
1664210 657
1664220 657
1664230 657
1664240 657
1664250 657
1664260 656
1664270 656
1664280 656
1664290 656
1664300 656
1664310 656
1664320 656
1664330 656
1664340 656
1664350 656
1664360 655
1664370 655
1664380 655
1664390 655
1664400 655
1664410 655
1664420 654
1664430 654
1664440 654
1664450 654
1664460 654
1664470 653
1664480 653
1664490 653
1664500 653
1664510 652
1664520 652
1664530 652
1664540 652
1664550 652
1664560 652
1664570 652
1664580 651
1664590 651
1664600 651
1664610 651
1664620 651
1664630 651
1664640 651
1664650 651
1664660 651
1664670 651
1664680 650
1664690 650
1664700 651
1664710 651
1664720 651
1664730 651
1664740 651
1664750 651
1664760 652
1664770 652
1664780 652
1664790 652
1664800 652
1664810 652
1664820 652
1664830 652
1664840 652
1664850 652
1664860 652
1664870 652
1664880 652
1664890 652
1664900 652
1664910 652
1664920 652
1664930 652
1664940 651
1664950 651
1664960 651
1664970 651
1664980 650
1664990 650
1665000 650
1665010 649
1665020 649
1665030 649
1665040 648
1665050 648
1665060 647
1665070 647
1665080 647
1665090 646
1665100 646
1665110 646
1665120 645
1665130 644
1665140 644
1665150 643
1665160 642
1665170 642
1665180 640
1665190 640
1665200 638
1665210 636
1665220 636
1665230 634
1665240 633
1665250 633
1665260 632
1665270 632
1665280 632
1665290 633
1665300 633
1665310 633
1665320 633
1665330 633
1665340 633
1665350 633
1665360 633
1665370 633
1665380 634
1665390 633
1665400 633
1665410 633
1665420 632
1665430 632
1665440 630
1665450 627
1665460 627
1665470 623
1665480 619
1665490 619
1665500 617
1665510 617
1665520 617
1665530 616
1665540 614
1665550 614
1665560 613
1665570 611
1665580 611
1665590 610
1665600 609
1665610 609
1665620 609
1665630 609
1665640 609
1665650 610
1665660 609
1665670 609
1665680 609
1665690 609
1665700 609
1665710 609
1665720 609
1665730 609
1665740 608
1665750 608
1665760 608
1665770 608
1665780 608
1665790 608
1665800 608
1665810 608
1665820 608
1665830 608
1665840 608
1665850 608
1665860 607
1665870 607
1665880 607
1665890 607
1665900 607
1665910 607
1665920 607
1665930 607
1665940 607
1665950 606
1665960 606
1665970 605
1665980 604
1665990 604
1666000 603
1666010 602
1666020 602
1666030 602
1666040 602
1666050 602
1666060 602
1666070 601
1666080 601
1666090 602
1666100 604
1666110 606
1666120 607
1666130 609
1666140 609
1666150 610
1666160 611
1666170 611
1666180 611
1666190 611
1666200 611
1666210 611
1666220 611
1666230 611
1666240 612
1666250 613
1666260 613
1666270 612
1666280 612
1666290 612
1666300 615
1666310 616
1666320 616
1666330 617
1666340 618
1666350 618
1666360 619
1666370 619
1666380 619
1666390 618
1666400 618
1666410 618
1666420 618
1666430 618
1666440 618
1666450 618
1666460 618
1666470 618
1666480 617
1666490 617
1666500 617
1666510 617
1666520 617
1666530 617
1666540 617
1666550 617
1666560 616
1666570 616
1666580 616
1666590 616
1666600 616
1666610 616
1666620 616
1666630 615
1666640 615
1666650 615
1666660 615
1666670 615
1666680 615
1666690 615
1666700 615
1666710 615
1666720 615
1666730 615
1666740 616
1666750 616
1666760 616
1666770 617
1666780 617
1666790 617
1666800 617
1666810 616
1666820 617
1666830 616
1666840 615
1666850 615
1666860 615
1666870 614
1666880 614
1666890 613
1666900 613
1666910 613
1666920 612
1666930 611
1666940 611
1666950 610
1666960 609
1666970 609
1666980 608
1666990 608
1667000 608
1667010 607
1667020 606
1667030 606
1667040 606
1667050 606
1667060 606
1667070 607
1667080 607
1667090 607
1667100 607
1667110 607
1667120 607
1667130 607
1667140 607
1667150 607
1667160 607
1667170 607
1667180 606
1667190 606
1667200 606
1667210 606
1667220 606
1667230 606
1667240 605
1667250 605
1667260 605
1667270 605
1667280 604
1667290 604
1667300 604
1667310 604
1667320 604
1667330 603
1667340 603
1667350 603
1667360 602
1667370 602
1667380 602
1667390 602
1667400 602
1667410 602
1667420 602
1667430 602
1667440 602
1667450 602
1667460 602
1667470 602
1667480 602
1667490 602
1667500 602
1667510 602
1667520 602
1667530 602
1667540 602
1667550 602
1667560 602
1667570 602
1667580 603
1667590 603
1667600 603
1667610 603
1667620 603
1667630 603
1667640 603
1667650 603
1667660 603
1667670 603
1667680 603
1667690 603
1667700 603
1667710 603
1667720 603
1667730 603
1667740 603
1667750 603
1667760 603
1667770 603
1667780 603
1667790 603
1667800 603
1667810 603
1667820 603
1667830 603
1667840 603
1667850 603
1667860 603
1667870 603
1667880 603
1667890 603
1667900 603
1667910 603
1667920 603
1667930 603
1667940 603
1667950 603
1667960 603
1667970 603
1667980 603
1667990 603
1668000 603
1668010 604
1668020 604
1668030 604
1668040 605
1668050 605
1668060 605
1668070 605
1668080 605
1668090 605
1668100 605
1668110 604
1668120 604
1668130 605
1668140 605
1668150 605
1668160 605
1668170 606
1668180 606
1668190 606
1668200 607
1668210 607
1668220 607
1668230 608
1668240 608
1668250 609
1668260 609
1668270 609
1668280 610
1668290 610
1668300 610
1668310 610
1668320 610
1668330 610
1668340 610
1668350 610
1668360 610
1668370 610
1668380 610
1668390 610
1668400 611
1668410 611
1668420 611
1668430 612
1668440 612
1668450 612
1668460 612
1668470 613
1668480 613
1668490 614
1668500 614
1668510 615
1668520 615
1668530 615
1668540 616
1668550 617
1668560 617
1668570 617
1668580 617
1668590 617
1668600 617
1668610 617
1668620 617
1668630 617
1668640 617
1668650 617
1668660 617
1668670 617
1668680 617
1668690 617
1668700 616
1668710 616
1668720 616
1668730 616
1668740 616
1668750 615
1668760 615
1668770 615
1668780 615
1668790 615
1668800 615
1668810 615
1668820 615
1668830 615
1668840 614
1668850 614
1668860 614
1668870 614
1668880 614
1668890 614
1668900 614
1668910 614
1668920 614
1668930 614
1668940 614
1668950 614
1668960 614
1668970 614
1668980 614
1668990 614
1669000 614
1669010 614
1669020 615
1669030 615
1669040 615
1669050 615
1669060 615
1669070 615
1669080 615
1669090 615
1669100 615
1669110 615
1669120 615
1669130 615
1669140 615
1669150 615
1669160 615
1669170 615
1669180 615
1669190 615
1669200 615
1669210 615
1669220 615
1669230 615
1669240 615
1669250 615
1669260 615
1669270 615
1669280 615
1669290 615
1669300 615
1669310 615
1669320 615
1669330 615
1669340 615
1669350 616
1669360 616
1669370 616
1669380 616
1669390 616
1669400 616
1669410 616
1669420 616
1669430 615
1669440 615
1669450 615
1669460 615
1669470 615
1669480 615
1669490 615
1669500 615
1669510 615
1669520 615
1669530 615
1669540 615
1669550 615
1669560 615
1669570 615
1669580 614
1669590 614
1669600 614
1669610 614
1669620 614
1669630 614
1669640 614
1669650 614
1669660 614
1669670 614
1669680 614
1669690 614
1669700 613
1669710 613
1669720 613
1669730 613
1669740 613
1669750 613
1669760 613
1669770 613
1669780 613
1669790 613
1669800 613
1669810 612
1669820 612
1669830 612
1669840 612
1669850 612
1669860 612
1669870 612
1669880 612
1669890 612
1669900 612
1669910 611
1669920 611
1669930 611
1669940 611
1669950 611
1669960 611
1669970 611
1669980 611
1669990 611
1670000 611
1670010 611
1670020 611
1670030 610
1670040 610
1670050 610
1670060 609
1670070 609
1670080 609
1670090 609
1670100 609
1670110 609
1670120 608
1670130 608
1670140 608
1670150 607
1670160 607
1670170 607
1670180 607
1670190 607
1670200 607
1670210 606
1670220 606
1670230 606
1670240 606
1670250 606
1670260 606
1670270 606
1670280 606
1670290 606
1670300 606
1670310 606
1670320 605
1670330 605
1670340 605
1670350 605
1670360 604
1670370 604
1670380 604
1670390 603
1670400 603
1670410 603
1670420 603
1670430 603
1670440 602
1670450 602
1670460 602
1670470 601
1670480 601
1670490 601
1670500 600
1670510 600
1670520 600
1670530 600
1670540 600
1670550 599
1670560 599
1670570 599
1670580 599
1670590 598
1670600 598
1670610 597
1670620 597
1670630 597
1670640 596
1670650 596
1670660 596
1670670 595
1670680 595
1670690 595
1670700 594
1670710 593
1670720 593
1670730 591
1670740 591
1670750 591
1670760 590
1670770 590
1670780 590
1670790 589
1670800 590
1670810 590
1670820 589
1670830 589
1670840 589
1670850 590
1670860 590
1670870 590
1670880 591
1670890 592
1670900 592
1670910 594
1670920 596
1670930 596
1670940 597
1670950 598
1670960 598
1670970 599
1670980 599
1670990 599
1671000 598
1671010 597
1671020 597
1671030 596
1671040 596
1671050 596
1671060 598
1671070 598
1671080 599
1671090 601
1671100 601
1671110 601
1671120 601
1671130 601
1671140 602
1671150 602
1671160 602
1671170 603
1671180 603
1671190 603
1671200 603
1671210 604
1671220 604
1671230 605
1671240 605
1671250 605
1671260 605
1671270 606
1671280 606
1671290 606
1671300 607
1671310 607
1671320 608
1671330 609
1671340 609
1671350 609
1671360 610
1671370 610
1671380 611
1671390 612
1671400 612
1671410 612
1671420 612
1671430 612
1671440 613
1671450 613
1671460 613
1671470 613
1671480 613
1671490 613
1671500 613
1671510 614
1671520 614
1671530 614
1671540 614
1671550 614
1671560 614
1671570 614
1671580 614
1671590 614
1671600 614
1671610 614
1671620 614
1671630 613
1671640 613
1671650 613
1671660 613
1671670 613
1671680 612
1671690 611
1671700 611
1671710 609
1671720 608
1671730 608
1671740 606
1671750 603
1671760 603
1671770 602
1671780 603
1671790 603
1671800 603
1671810 603
1671820 603
1671830 603
1671840 603
1671850 604
1671860 605
1671870 605
1671880 607
1671890 608
1671900 608
1671910 610
1671920 613
1671930 613
1671940 616
1671950 619
1671960 619
1671970 622
1671980 624
1671990 624
1672000 626
1672010 627
1672020 627
1672030 628
1672040 628
1672050 628
1672060 629
1672070 629
1672080 629
1672090 630
1672100 630
1672110 630
1672120 631
1672130 632
1672140 632
1672150 633
1672160 634
1672170 634
1672180 635
1672190 635
1672200 635
1672210 635
1672220 635
1672230 635
1672240 634
1672250 634
1672260 634
1672270 633
1672280 630
1672290 630
1672300 627
1672310 626
1672320 626
1672330 627
1672340 629
1672350 629
1672360 633
1672370 637
1672380 637
1672390 639
1672400 642
1672410 642
1672420 644
1672430 644
1672440 646
1672450 647
1672460 647
1672470 649
1672480 650
1672490 650
1672500 651
1672510 651
1672520 651
1672530 651
1672540 652
1672550 652
1672560 652
1672570 652
1672580 652
1672590 652
1672600 653
1672610 653
1672620 654
1672630 655
1672640 655
1672650 655
1672660 655
1672670 655
1672680 656
1672690 656
1672700 656
1672710 657
1672720 658
1672730 658
1672740 659
1672750 660
1672760 660
1672770 661
1672780 662
1672790 662
1672800 662
1672810 663
1672820 663
1672830 663
1672840 663
1672850 663
1672860 663
1672870 663
1672880 663
1672890 664
1672900 664
1672910 664
1672920 665
1672930 665
1672940 665
1672950 666
1672960 666
1672970 666
1672980 665
1672990 664
1673000 664
1673010 664
1673020 664
1673030 664
1673040 663
1673050 663
1673060 663
1673070 663
1673080 663
1673090 663
1673100 662
1673110 662
1673120 662
1673130 662
1673140 662
1673150 662
1673160 661
1673170 663
1673180 663
1673190 663
1673200 663
1673210 663
1673220 663
1673230 663
1673240 663
1673250 663
1673260 663
1673270 663
1673280 663
1673290 663
1673300 663
1673310 663
1673320 663
1673330 663
1673340 663
1673350 663
1673360 663
1673370 663
1673380 663
1673390 662
1673400 662
1673410 662
1673420 662
1673430 662
1673440 662
1673450 661
1673460 661
1673470 661
1673480 660
1673490 660
1673500 660
1673510 660
1673520 660
1673530 660
1673540 660
1673550 660
1673560 660
1673570 659
1673580 659
1673590 659
1673600 659
1673610 659
1673620 659
1673630 659
1673640 658
1673650 658
1673660 658
1673670 658
1673680 658
1673690 658
1673700 658
1673710 658
1673720 658
1673730 658
1673740 658
1673750 659
1673760 659
1673770 659
1673780 659
1673790 659
1673800 659
1673810 659
1673820 659
1673830 659
1673840 658
1673850 658
1673860 659
1673870 659
1673880 659
1673890 659
1673900 659
1673910 659
1673920 659
1673930 659
1673940 659
1673950 659
1673960 659
1673970 659
1673980 659
1673990 659
1674000 659
1674010 659
1674020 659
1674030 659
1674040 659
1674050 659
1674060 659
1674070 659
1674080 659
1674090 659
1674100 659
1674110 659
1674120 659
1674130 659
1674140 660
1674150 660
1674160 660
1674170 660
1674180 660
1674190 660
1674200 660
1674210 660
1674220 660
1674230 660
1674240 660
1674250 660
1674260 660
1674270 660
1674280 661
1674290 661
1674300 661
1674310 661
1674320 661
1674330 661
1674340 661
1674350 661
1674360 661
1674370 661
1674380 661
1674390 661
1674400 661
1674410 661
1674420 661
1674430 661
1674440 661
1674450 661
1674460 660
1674470 660
1674480 660
1674490 660
1674500 660
1674510 660
1674520 660
1674530 660
1674540 660
1674550 660
1674560 660
1674570 660
1674580 660
1674590 660
1674600 660
1674610 660
1674620 660
1674630 660
1674640 660
1674650 660
1674660 660
1674670 659
1674680 659
1674690 659
1674700 659
1674710 659
1674720 659
1674730 659
1674740 659
1674750 659
1674760 658
1674770 658
1674780 658
1674790 658
1674800 658
1674810 658
1674820 658
1674830 658
1674840 658
1674850 658
1674860 658
1674870 658
1674880 658
1674890 658
1674900 658
1674910 658
1674920 658
1674930 658
1674940 658
1674950 658
1674960 657
1674970 657
1674980 657
1674990 657
1675000 657
1675010 657
1675020 657
1675030 657
1675040 656
1675050 656
1675060 656
1675070 656
1675080 656
1675090 656
1675100 656
1675110 656
1675120 656
1675130 656
1675140 656
1675150 656
1675160 655
1675170 655
1675180 655
1675190 655
1675200 655
1675210 655
1675220 655
1675230 655
1675240 655
1675250 655
1675260 655
1675270 655
1675280 655
1675290 655
1675300 655
1675310 654
1675320 654
1675330 654
1675340 654
1675350 654
1675360 654
1675370 654
1675380 654
1675390 654
1675400 655
1675410 655
1675420 655
1675430 655
1675440 654
1675450 654
1675460 655
1675470 654
1675480 654
1675490 654
1675500 654
1675510 654
1675520 654
1675530 654
1675540 654
1675550 654
1675560 653
1675570 653
1675580 654
1675590 653
1675600 653
1675610 653
1675620 653
1675630 653
1675640 653
1675650 653
1675660 653
1675670 653
1675680 653
1675690 653
1675700 653
1675710 653
1675720 653
1675730 653
1675740 653
1675750 653
1675760 653
1675770 653
1675780 653
1675790 653
1675800 653
1675810 653
1675820 653
1675830 653
1675840 653
1675850 653
1675860 653
1675870 653
1675880 653
1675890 653
1675900 654
1675910 653
1675920 654
1675930 654
1675940 654
1675950 654
1675960 653
1675970 653
1675980 653
1675990 653
1676000 652
1676010 652
1676020 652
1676030 652
1676040 652
1676050 651
1676060 651
1676070 651
1676080 650
1676090 650
1676100 650
1676110 650
1676120 649
1676130 649
1676140 649
1676150 649
1676160 649
1676170 649
1676180 649
1676190 649
1676200 649
1676210 649
1676220 649
1676230 649
1676240 649
1676250 649
1676260 649
1676270 648
1676280 648
1676290 648
1676300 648
1676310 648
1676320 648
1676330 647
1676340 647
1676350 648
1676360 648
1676370 648
1676380 648
1676390 648
1676400 648
1676410 648
1676420 648
1676430 648
1676440 648
1676450 648
1676460 648
1676470 648
1676480 648
1676490 648
1676500 648
1676510 648
1676520 648
1676530 648
1676540 648
1676550 648
1676560 648
1676570 648
1676580 648
1676590 649
1676600 649
1676610 649
1676620 649
1676630 649
1676640 649
1676650 649
1676660 649
1676670 649
1676680 649
1676690 649
1676700 649
1676710 649
1676720 649
1676730 649
1676740 649
1676750 649
1676760 649
1676770 649
1676780 649
1676790 649
1676800 649
1676810 649
1676820 649
1676830 649
1676840 649
1676850 649
1676860 650
1676870 650
1676880 650
1676890 650
1676900 650
1676910 650
1676920 651
1676930 651
1676940 651
1676950 651
1676960 651
1676970 651
1676980 651
1676990 651
1677000 651
1677010 651
1677020 651
1677030 652
1677040 652
1677050 652
1677060 652
1677070 652
1677080 652
1677090 653
1677100 653
1677110 653
1677120 653
1677130 653
1677140 653
1677150 654
1677160 654
1677170 654
1677180 654
1677190 654
1677200 654
1677210 654
1677220 654
1677230 654
1677240 654
1677250 654
1677260 654
1677270 654
1677280 655
1677290 655
1677300 655
1677310 655
1677320 655
1677330 655
1677340 655
1677350 655
1677360 655
1677370 655
1677380 656
1677390 656
1677400 656
1677410 656
1677420 656
1677430 656
1677440 656
1677450 656
1677460 656
1677470 656
1677480 657
1677490 657
1677500 657
1677510 657
1677520 657
1677530 657
1677540 657
1677550 657
1677560 657
1677570 657
1677580 657
1677590 657
1677600 657
1677610 657
1677620 658
1677630 658
1677640 658
1677650 658
1677660 658
1677670 658
1677680 658
1677690 658
1677700 658
1677710 658
1677720 658
1677730 658
1677740 658
1677750 658
1677760 659
1677770 659
1677780 659
1677790 659
1677800 659
1677810 659
1677820 659
1677830 659
1677840 659
1677850 659
1677860 659
1677870 659
1677880 659
1677890 659
1677900 659
1677910 659
1677920 659
1677930 659
1677940 659
1677950 659
1677960 659
1677970 659
1677980 659
1677990 659
1678000 659
1678010 660
1678020 660
1678030 660
1678040 660
1678050 660
1678060 660
1678070 660
1678080 660
1678090 660
1678100 660
1678110 660
1678120 660
1678130 660
1678140 660
1678150 660
1678160 660
1678170 660
1678180 660
1678190 660
1678200 660
1678210 660
1678220 660
1678230 660
1678240 660
1678250 660
1678260 660
1678270 660
1678280 660
1678290 660
1678300 660
1678310 660
1678320 660
1678330 660
1678340 660
1678350 660
1678360 660
1678370 660
1678380 660
1678390 660
1678400 660
1678410 660
1678420 660
1678430 660
1678440 660
1678450 660
1678460 660
1678470 660
1678480 660
1678490 660
1678500 660
1678510 660
1678520 660
1678530 659
1678540 659
1678550 659
1678560 659
1678570 659
1678580 659
1678590 659
1678600 659
1678610 659
1678620 659
1678630 658
1678640 658
1678650 658
1678660 657
1678670 657
1678680 656
1678690 657
1678700 657
1678710 657
1678720 657
1678730 657
1678740 658
1678750 658
1678760 658
1678770 658
1678780 658
1678790 658
1678800 657
1678810 657
1678820 657
1678830 658
1678840 658
1678850 658
1678860 658
1678870 658
1678880 658
1678890 658
1678900 658
1678910 658
1678920 658
1678930 658
1678940 658
1678950 657
1678960 657
1678970 658
1678980 657
1678990 657
1679000 658
1679010 658
1679020 658
1679030 658
1679040 658
1679050 658
1679060 658
1679070 658
1679080 658
1679090 658
1679100 659
1679110 659
1679120 659
1679130 659
1679140 659
1679150 660
1679160 660
1679170 660
1679180 660
1679190 660
1679200 660
1679210 661
1679220 661
1679230 661
1679240 661
1679250 661
1679260 661
1679270 662
1679280 663
1679290 663
1679300 663
1679310 662
1679320 662
1679330 662
1679340 662
1679350 662
1679360 662
1679370 662
1679380 662
1679390 662
1679400 662
1679410 662
1679420 662
1679430 662
1679440 662
1679450 662
1679460 662
1679470 662
1679480 662
1679490 662
1679500 662
1679510 662
1679520 662
1679530 662
1679540 662
1679550 662
1679560 662
1679570 661
1679580 661
1679590 661
1679600 661
1679610 661
1679620 661
1679630 661
1679640 661
1679650 661
1679660 660
1679670 660
1679680 660
1679690 660
1679700 660
1679710 660
1679720 660
1679730 660
1679740 660
1679750 660
1679760 660
1679770 659
1679780 659
1679790 659
1679800 659
1679810 659
1679820 659
1679830 659
1679840 658
1679850 658
1679860 658
1679870 658
1679880 658
1679890 658
1679900 657
1679910 657
1679920 657
1679930 657
1679940 657
1679950 657
1679960 656
1679970 656
1679980 656
1679990 656
