1660000 524
1660010 524
1660020 524
1660030 523
1660040 523
1660050 523
1660060 522
1660070 522
1660080 523
1660090 522
1660100 522
1660110 522
1660120 522
1660130 522
1660140 521
1660150 521
1660160 521
1660170 520
1660180 520
1660190 520
1660200 520
1660210 520
1660220 520
1660230 519
1660240 519
1660250 519
1660260 519
1660270 519
1660280 519
1660290 519
1660300 518
1660310 518
1660320 518
1660330 518
1660340 518
1660350 518
1660360 518
1660370 518
1660380 518
1660390 518
1660400 518
1660410 518
1660420 518
1660430 518
1660440 517
1660450 517
1660460 517
1660470 518
1660480 517
1660490 517
1660500 517
1660510 517
1660520 517
1660530 517
1660540 517
1660550 517
1660560 517
1660570 517
1660580 517
1660590 517
1660600 517
1660610 517
1660620 517
1660630 517
1660640 517
1660650 517
1660660 517
1660670 517
1660680 517
1660690 517
1660700 518
1660710 517
1660720 517
1660730 517
1660740 518
1660750 518
1660760 518
1660770 518
1660780 518
1660790 518
1660800 518
1660810 518
1660820 518
1660830 518
1660840 518
1660850 518
1660860 519
1660870 519
1660880 519
1660890 519
1660900 519
1660910 520
1660920 520
1660930 520
1660940 520
1660950 520
1660960 520
1660970 520
1660980 520
1660990 520
1661000 520
1661010 520
1661020 520
1661030 520
1661040 520
1661050 520
1661060 520
1661070 520
1661080 520
1661090 520
1661100 520
1661110 520
1661120 520
1661130 520
1661140 520
1661150 520
1661160 520
1661170 520
1661180 520
1661190 520
1661200 520
1661210 521
1661220 521
1661230 521
1661240 521
1661250 521
1661260 521
1661270 521
1661280 521
1661290 521
1661300 522
1661310 522
1661320 522
1661330 522
1661340 522
1661350 522
1661360 522
1661370 522
1661380 522
1661390 522
1661400 522
1661410 522
1661420 522
1661430 522
1661440 522
1661450 522
1661460 522
1661470 522
1661480 522
1661490 522
1661500 522
1661510 522
1661520 522
1661530 522
1661540 521
1661550 521
1661560 522
1661570 522
1661580 522
1661590 522
1661600 521
1661610 521
1661620 521
1661630 521
1661640 521
1661650 521
1661660 521
1661670 521
1661680 521
1661690 521
1661700 521
1661710 521
1661720 521
1661730 521
1661740 521
1661750 521
1661760 521
1661770 521
1661780 521
1661790 521
1661800 521
1661810 521
1661820 522
1661830 522
1661840 522
1661850 523
1661860 523
1661870 523
1661880 523
1661890 523
1661900 523
1661910 522
1661920 522
1661930 522
1661940 522
1661950 522
1661960 522
1661970 522
1661980 522
1661990 522
1662000 522
1662010 522
1662020 522
1662030 521
1662040 521
1662050 521
1662060 521
1662070 520
1662080 520
1662090 520
1662100 519
1662110 519
1662120 518
1662130 517
1662140 517
1662150 517
1662160 516
1662170 516
1662180 516
1662190 516
1662200 516
1662210 516
1662220 516
1662230 516
1662240 516
1662250 516
1662260 516
1662270 516
1662280 518
1662290 518
1662300 520
1662310 520
1662320 524
1662330 526
1662340 526
1662350 526
1662360 527
1662370 527
1662380 528
1662390 528
1662400 528
1662410 529
1662420 530
1662430 530
1662440 532
1662450 534
1662460 534
1662470 537
1662480 540
1662490 540
1662500 544
1662510 547
1662520 547
1662530 550
1662540 552
1662550 552
1662560 554
1662570 557
1662580 557
1662590 560
1662600 562
1662610 562
1662620 564
1662630 565
1662640 565
1662650 565
1662660 565
1662670 565
1662680 565
1662690 564
1662700 564
1662710 564
1662720 564
1662730 564
1662740 563
1662750 561
1662760 561
1662770 560
1662780 558
1662790 558
1662800 556
1662810 554
1662820 554
1662830 551
1662840 549
1662850 549
1662860 548
1662870 548
1662880 546
1662890 544
1662900 544
1662910 543
1662920 542
1662930 542
1662940 543
1662950 544
1662960 544
1662970 545
1662980 546
1662990 546
1663000 549
1663010 552
1663020 552
1663030 555
1663040 562
1663050 562
1663060 565
1663070 568
1663080 568
1663090 570
1663100 573
1663110 573
1663120 575
1663130 577
1663140 577
1663150 579
1663160 581
1663170 581
1663180 582
1663190 584
1663200 584
1663210 585
1663220 586
1663230 586
1663240 587
1663250 588
1663260 588
1663270 588
1663280 589
1663290 589
1663300 589
1663310 589
1663320 589
1663330 590
1663340 590
1663350 590
1663360 591
1663370 591
1663380 591
1663390 592
1663400 593
1663410 593
1663420 594
1663430 595
1663440 595
1663450 595
1663460 595
1663470 596
1663480 597
1663490 597
1663500 597
1663510 598
1663520 598
1663530 598
1663540 599
1663550 599
1663560 599
1663570 600
1663580 600
1663590 600
1663600 601
1663610 601
1663620 601
1663630 602
1663640 602
1663650 602
1663660 602
1663670 602
1663680 602
1663690 602
1663700 602
1663710 603
1663720 603
1663730 603
1663740 603
1663750 603
1663760 603
1663770 604
1663780 604
1663790 604
1663800 604
1663810 604
1663820 604
1663830 604
1663840 605
1663850 605
1663860 605
1663870 605
1663880 605
1663890 605
1663900 606
1663910 606
1663920 606
1663930 606
1663940 606
1663950 606
1663960 606
1663970 606
1663980 606
1663990 607
1664000 607
1664010 607
1664020 607
1664030 607
1664040 607
1664050 607
1664060 607
1664070 607
1664080 607
1664090 607
1664100 607
1664110 607
1664120 606
1664130 606
1664140 606
1664150 606
1664160 606
1664170 606
1664180 606
1664190 606
1664200 606
1664210 606
1664220 606
1664230 606
1664240 605
1664250 605
1664260 605
1664270 606
1664280 606
1664290 606
1664300 607
1664310 607
1664320 607
1664330 608
1664340 608
1664350 608
1664360 609
1664370 609
1664380 609
1664390 609
1664400 610
1664410 610
1664420 610
1664430 610
1664440 610
1664450 610
1664460 611
1664470 611
1664480 611
1664490 611
1664500 610
1664510 611
1664520 611
1664530 611
1664540 611
1664550 612
1664560 612
1664570 612
1664580 612
1664590 612
1664600 613
1664610 613
1664620 613
1664630 614
1664640 614
1664650 614
1664660 615
1664670 615
1664680 615
1664690 616
1664700 616
1664710 616
1664720 617
1664730 617
1664740 617
1664750 618
1664760 618
1664770 618
1664780 618
1664790 618
1664800 619
1664810 619
1664820 619
1664830 619
1664840 620
1664850 620
1664860 620
1664870 620
1664880 620
1664890 620
1664900 620
1664910 620
1664920 620
1664930 620
1664940 620
1664950 620
1664960 620
1664970 620
1664980 620
1664990 620
1665000 620
1665010 620
1665020 620
1665030 620
1665040 620
1665050 620
1665060 620
1665070 620
1665080 620
1665090 620
1665100 620
1665110 620
1665120 620
1665130 620
1665140 620
1665150 620
1665160 620
1665170 620
1665180 620
1665190 620
1665200 620
1665210 619
1665220 619
1665230 619
1665240 619
1665250 619
1665260 619
1665270 618
1665280 618
1665290 618
1665300 618
1665310 618
1665320 618
1665330 618
1665340 618
1665350 618
1665360 618
1665370 618
1665380 618
1665390 618
1665400 618
1665410 618
1665420 618
1665430 618
1665440 618
1665450 618
1665460 619
1665470 619
1665480 619
1665490 619
1665500 619
1665510 619
1665520 619
1665530 619
1665540 619
1665550 619
1665560 619
1665570 619
1665580 619
1665590 619
1665600 618
1665610 618
1665620 618
1665630 617
1665640 617
1665650 617
1665660 616
1665670 616
1665680 616
1665690 616
1665700 615
1665710 615
1665720 615
1665730 615
1665740 615
1665750 614
1665760 614
1665770 614
1665780 614
1665790 614
1665800 614
1665810 613
1665820 613
1665830 613
1665840 613
1665850 613
1665860 613
1665870 613
1665880 613
1665890 613
1665900 613
1665910 613
1665920 613
1665930 613
1665940 613
1665950 612
1665960 612
1665970 612
1665980 612
1665990 611
1666000 611
1666010 611
1666020 611
1666030 611
1666040 611
1666050 611
1666060 611
1666070 611
1666080 610
1666090 610
1666100 610
1666110 610
1666120 610
1666130 609
1666140 609
1666150 609
1666160 609
1666170 609
1666180 609
1666190 609
1666200 609
1666210 609
1666220 609
1666230 609
1666240 609
1666250 609
1666260 609
1666270 609
1666280 609
1666290 609
1666300 609
1666310 608
1666320 608
1666330 608
1666340 608
1666350 608
1666360 608
1666370 608
1666380 608
1666390 608
1666400 608
1666410 608
1666420 608
1666430 608
1666440 608
1666450 607
1666460 607
1666470 607
1666480 607
1666490 607
1666500 607
1666510 607
1666520 606
1666530 606
1666540 606
1666550 606
1666560 606
1666570 606
1666580 606
1666590 606
1666600 606
1666610 606
1666620 606
1666630 606
1666640 606
1666650 606
1666660 605
1666670 605
1666680 605
1666690 605
1666700 605
1666710 605
1666720 605
1666730 604
1666740 604
1666750 604
1666760 604
1666770 604
1666780 604
1666790 604
1666800 604
1666810 604
1666820 604
1666830 604
1666840 604
1666850 603
1666860 603
1666870 603
1666880 603
1666890 603
1666900 603
1666910 603
1666920 603
1666930 602
1666940 602
1666950 602
1666960 602
1666970 602
1666980 601
1666990 601
1667000 601
1667010 600
1667020 600
1667030 600
1667040 599
1667050 599
1667060 599
1667070 599
1667080 598
1667090 598
1667100 598
1667110 597
1667120 597
1667130 597
1667140 596
1667150 596
1667160 596
1667170 595
1667180 595
1667190 594
1667200 593
1667210 593
1667220 593
1667230 592
1667240 592
1667250 592
1667260 592
1667270 592
1667280 592
1667290 592
1667300 592
1667310 591
1667320 591
1667330 591
1667340 591
1667350 591
1667360 591
1667370 591
1667380 591
1667390 591
1667400 591
1667410 591
1667420 591
1667430 591
1667440 591
1667450 591
1667460 591
1667470 590
1667480 590
1667490 590
1667500 590
1667510 590
1667520 590
1667530 590
1667540 590
1667550 590
1667560 590
1667570 590
1667580 590
1667590 590
1667600 590
1667610 590
1667620 590
1667630 590
1667640 589
1667650 589
1667660 589
1667670 589
1667680 589
1667690 589
1667700 589
1667710 589
1667720 589
1667730 588
1667740 588
1667750 588
1667760 589
1667770 589
1667780 588
1667790 589
1667800 589
1667810 589
1667820 588
1667830 588
1667840 588
1667850 588
1667860 588
1667870 588
1667880 588
1667890 588
1667900 588
1667910 588
1667920 588
1667930 587
1667940 587
1667950 587
1667960 588
1667970 587
1667980 587
1667990 587
1668000 588
1668010 588
1668020 588
1668030 588
1668040 588
1668050 588
1668060 588
1668070 589
1668080 589
1668090 589
1668100 589
1668110 589
1668120 589
1668130 590
1668140 591
1668150 591
1668160 591
1668170 592
1668180 592
1668190 592
1668200 593
1668210 593
1668220 593
1668230 593
1668240 593
1668250 593
1668260 593
1668270 593
1668280 593
1668290 593
1668300 593
1668310 593
1668320 593
1668330 593
1668340 593
1668350 593
1668360 593
1668370 593
1668380 593
1668390 593
1668400 592
1668410 592
1668420 592
1668430 592
1668440 592
1668450 592
1668460 592
1668470 592
1668480 592
1668490 592
1668500 593
1668510 593
1668520 593
1668530 593
1668540 593
1668550 593
1668560 593
1668570 593
1668580 593
1668590 593
1668600 593
1668610 592
1668620 592
1668630 592
1668640 592
1668650 592
1668660 592
1668670 592
1668680 592
1668690 592
1668700 591
1668710 591
1668720 591
1668730 591
1668740 591
1668750 590
1668760 590
1668770 590
1668780 590
1668790 589
1668800 589
1668810 587
1668820 587
1668830 587
1668840 587
1668850 588
1668860 588
1668870 588
1668880 589
1668890 589
1668900 589
1668910 589
1668920 589
1668930 589
1668940 589
1668950 589
1668960 588
1668970 589
1668980 589
1668990 589
1669000 589
1669010 589
1669020 589
1669030 589
1669040 589
1669050 589
1669060 589
1669070 589
1669080 590
1669090 590
1669100 590
1669110 590
1669120 591
1669130 591
1669140 591
1669150 592
1669160 592
1669170 592
1669180 592
1669190 592
1669200 593
1669210 593
1669220 593
1669230 593
1669240 593
1669250 594
1669260 594
1669270 594
1669280 595
1669290 595
1669300 595
1669310 595
1669320 596
1669330 596
1669340 596
1669350 596
1669360 596
1669370 596
1669380 597
1669390 597
1669400 597
1669410 597
1669420 597
1669430 598
1669440 598
1669450 598
1669460 599
1669470 599
1669480 599
1669490 599
1669500 599
1669510 599
1669520 600
1669530 601
1669540 601
1669550 601
1669560 602
1669570 602
1669580 601
1669590 601
1669600 601
1669610 601
1669620 601
1669630 601
1669640 601
1669650 602
1669660 602
1669670 603
1669680 604
1669690 604
1669700 605
1669710 605
1669720 605
1669730 606
1669740 607
1669750 607
1669760 608
1669770 609
1669780 609
1669790 610
1669800 610
1669810 611
1669820 612
1669830 612
1669840 613
1669850 614
1669860 614
1669870 615
1669880 615
1669890 615
1669900 616
1669910 616
1669920 616
1669930 617
1669940 617
1669950 617
1669960 618
1669970 619
1669980 619
1669990 620
1670000 621
1670010 621
1670020 623
1670030 623
1670040 623
1670050 624
1670060 626
1670070 626
1670080 627
1670090 628
1670100 628
1670110 629
1670120 630
1670130 630
1670140 631
1670150 631
1670160 631
1670170 631
1670180 631
1670190 631
1670200 631
1670210 630
1670220 630
1670230 631
1670240 630
1670250 630
1670260 629
1670270 629
1670280 629
1670290 628
1670300 628
1670310 628
1670320 627
1670330 627
1670340 627
1670350 625
1670360 625
1670370 624
1670380 624
1670390 624
1670400 623
1670410 622
1670420 622
1670430 621
1670440 620
1670450 620
1670460 619
1670470 618
1670480 618
1670490 617
1670500 617
1670510 617
1670520 616
1670530 615
1670540 615
1670550 615
1670560 614
1670570 614
1670580 613
1670590 612
1670600 612
1670610 612
1670620 611
1670630 611
1670640 611
1670650 611
1670660 611
1670670 610
1670680 610
1670690 610
1670700 609
1670710 609
1670720 609
1670730 608
1670740 608
1670750 608
1670760 607
1670770 607
1670780 607
1670790 607
1670800 606
1670810 606
1670820 606
1670830 606
1670840 606
1670850 605
1670860 605
1670870 605
1670880 605
1670890 604
1670900 604
1670910 604
1670920 604
1670930 605
1670940 604
1670950 604
1670960 604
1670970 604
1670980 604
1670990 604
1671000 604
1671010 604
1671020 603
1671030 603
1671040 603
1671050 603
1671060 602
1671070 602
1671080 602
1671090 602
1671100 602
1671110 602
1671120 602
1671130 602
1671140 602
1671150 601
1671160 601
1671170 601
1671180 600
1671190 600
1671200 600
1671210 599
1671220 599
1671230 599
1671240 599
1671250 599
1671260 598
1671270 598
1671280 598
1671290 597
1671300 597
1671310 597
1671320 597
1671330 597
1671340 597
1671350 597
1671360 597
1671370 597
1671380 597
1671390 597
1671400 597
1671410 597
1671420 597
1671430 597
1671440 596
1671450 596
1671460 596
1671470 596
1671480 596
1671490 596
1671500 596
1671510 596
1671520 596
1671530 596
1671540 596
1671550 596
1671560 595
1671570 595
1671580 594
1671590 595
1671600 595
1671610 594
1671620 594
1671630 594
1671640 594
1671650 593
1671660 593
1671670 593
1671680 592
1671690 592
1671700 591
1671710 591
1671720 591
1671730 590
1671740 588
1671750 588
1671760 588
1671770 587
1671780 587
1671790 587
1671800 587
1671810 587
1671820 586
1671830 586
1671840 586
1671850 585
1671860 585
1671870 585
1671880 585
1671890 585
1671900 585
1671910 584
1671920 584
1671930 584
1671940 584
1671950 584
1671960 584
1671970 582
1671980 581
1671990 581
1672000 581
1672010 581
1672020 581
1672030 581
1672040 581
1672050 581
1672060 581
1672070 580
1672080 580
1672090 580
1672100 580
1672110 579
1672120 579
1672130 579
1672140 578
1672150 576
1672160 576
1672170 575
1672180 575
1672190 575
1672200 575
1672210 575
1672220 575
1672230 575
1672240 576
1672250 576
1672260 576
1672270 578
1672280 578
1672290 580
1672300 584
1672310 584
1672320 586
1672330 589
1672340 589
1672350 589
1672360 589
1672370 589
1672380 589
1672390 590
1672400 590
1672410 590
1672420 590
1672430 590
1672440 591
1672450 591
1672460 591
1672470 591
1672480 591
1672490 591
1672500 592
1672510 593
1672520 593
1672530 593
1672540 593
1672550 593
1672560 593
1672570 594
1672580 594
1672590 594
1672600 594
1672610 594
1672620 595
1672630 596
1672640 596
1672650 597
1672660 598
1672670 598
1672680 598
1672690 598
1672700 599
1672710 599
1672720 599
1672730 599
1672740 599
1672750 599
1672760 600
1672770 600
1672780 600
1672790 600
1672800 601
1672810 601
1672820 601
1672830 602
1672840 602
1672850 602
1672860 603
1672870 603
1672880 604
1672890 605
1672900 605
1672910 605
1672920 606
1672930 606
1672940 606
1672950 606
1672960 606
1672970 606
1672980 607
1672990 607
1673000 607
1673010 608
1673020 608
1673030 608
1673040 609
1673050 609
1673060 609
1673070 609
1673080 609
1673090 610
1673100 610
1673110 610
1673120 610
1673130 610
1673140 610
1673150 611
1673160 611
1673170 611
1673180 611
1673190 612
1673200 612
1673210 612
1673220 613
1673230 613
1673240 612
1673250 612
1673260 612
1673270 612
1673280 612
1673290 611
1673300 611
1673310 611
1673320 611
1673330 610
1673340 610
1673350 610
1673360 610
1673370 610
1673380 610
1673390 610
1673400 610
1673410 609
1673420 609
1673430 609
1673440 609
1673450 608
1673460 608
1673470 608
1673480 607
1673490 607
1673500 607
1673510 607
1673520 607
1673530 607
1673540 607
1673550 607
1673560 606
1673570 606
1673580 606
1673590 605
1673600 605
1673610 605
1673620 605
1673630 605
1673640 605
1673650 605
1673660 605
1673670 605
1673680 605
1673690 605
1673700 605
1673710 605
1673720 604
1673730 604
1673740 604
1673750 604
1673760 604
1673770 604
1673780 604
1673790 604
1673800 604
1673810 605
1673820 605
1673830 605
1673840 605
1673850 606
1673860 607
1673870 607
1673880 607
1673890 608
1673900 608
1673910 609
1673920 609
1673930 609
1673940 609
1673950 610
1673960 610
1673970 610
1673980 611
1673990 611
1674000 611
1674010 612
1674020 612
1674030 613
1674040 613
1674050 613
1674060 613
1674070 614
1674080 614
1674090 614
1674100 614
1674110 614
1674120 615
1674130 615
1674140 615
1674150 615
1674160 615
1674170 615
1674180 615
1674190 615
1674200 615
1674210 615
1674220 615
1674230 615
1674240 615
1674250 615
1674260 615
1674270 615
1674280 615
1674290 615
1674300 615
1674310 615
1674320 615
1674330 614
1674340 614
1674350 614
1674360 614
1674370 614
1674380 614
1674390 613
1674400 613
1674410 613
1674420 613
1674430 613
1674440 612
1674450 612
1674460 612
1674470 612
1674480 612
1674490 612
1674500 612
1674510 612
1674520 612
1674530 611
1674540 612
1674550 612
1674560 611
1674570 611
1674580 611
1674590 611
1674600 610
1674610 610
1674620 610
1674630 610
1674640 610
1674650 610
1674660 610
1674670 610
1674680 610
1674690 610
1674700 610
1674710 609
1674720 609
1674730 609
1674740 609
1674750 609
1674760 609
1674770 609
1674780 609
1674790 609
1674800 609
1674810 609
1674820 609
1674830 609
1674840 609
1674850 609
1674860 609
1674870 610
1674880 610
1674890 611
1674900 611
1674910 611
1674920 612
1674930 613
1674940 613
1674950 614
1674960 615
1674970 615
1674980 615
1674990 615
1675000 616
1675010 616
1675020 616
1675030 616
1675040 617
1675050 617
1675060 617
1675070 618
1675080 618
1675090 618
1675100 620
1675110 620
1675120 621
1675130 621
1675140 621
1675150 621
1675160 622
1675170 622
1675180 623
1675190 625
1675200 625
1675210 627
1675220 627
1675230 627
1675240 627
1675250 628
1675260 628
1675270 628
1675280 628
1675290 628
1675300 629
1675310 629
1675320 629
1675330 630
1675340 631
1675350 631
1675360 632
1675370 633
1675380 633
1675390 634
1675400 634
1675410 634
1675420 634
1675430 635
1675440 635
1675450 635
1675460 635
1675470 635
1675480 636
1675490 636
1675500 636
1675510 637
1675520 637
1675530 637
1675540 638
1675550 638
1675560 638
1675570 638
1675580 638
1675590 638
1675600 638
1675610 638
1675620 638
1675630 639
1675640 639
1675650 639
1675660 639
1675670 639
1675680 639
1675690 639
1675700 639
1675710 639
1675720 639
1675730 639
1675740 639
1675750 639
1675760 639
1675770 639
1675780 640
1675790 640
1675800 641
1675810 641
1675820 641
1675830 641
1675840 641
1675850 641
1675860 641
1675870 641
1675880 641
1675890 641
1675900 641
1675910 641
1675920 640
1675930 640
1675940 640
1675950 640
1675960 640
1675970 640
1675980 640
1675990 640
1676000 640
1676010 640
1676020 640
1676030 640
1676040 640
1676050 640
1676060 640
1676070 640
1676080 641
1676090 641
1676100 641
1676110 641
1676120 641
1676130 641
1676140 641
1676150 641
1676160 642
1676170 642
1676180 642
1676190 642
1676200 642
1676210 642
1676220 642
1676230 642
1676240 642
1676250 642
1676260 642
1676270 642
1676280 643
1676290 643
1676300 643
1676310 643
1676320 643
1676330 643
1676340 643
1676350 643
1676360 643
1676370 643
1676380 643
1676390 643
1676400 643
1676410 643
1676420 643
1676430 643
1676440 643
1676450 643
1676460 642
1676470 643
1676480 643
1676490 643
1676500 643
1676510 643
1676520 643
1676530 643
1676540 644
1676550 644
1676560 644
1676570 644
1676580 644
1676590 644
1676600 644
1676610 645
1676620 645
1676630 645
1676640 645
1676650 645
1676660 646
1676670 646
1676680 646
1676690 646
1676700 646
1676710 646
1676720 646
1676730 646
1676740 646
1676750 646
1676760 646
1676770 646
1676780 646
1676790 646
1676800 646
1676810 646
1676820 646
1676830 646
1676840 647
1676850 647
1676860 647
1676870 647
1676880 647
1676890 647
1676900 647
1676910 647
1676920 648
1676930 647
1676940 647
1676950 647
1676960 647
1676970 647
1676980 647
1676990 646
1677000 646
1677010 646
1677020 646
1677030 646
1677040 646
1677050 646
1677060 646
1677070 645
1677080 645
1677090 645
1677100 645
1677110 644
1677120 644
1677130 644
1677140 643
1677150 644
1677160 644
1677170 644
1677180 644
1677190 644
1677200 644
1677210 644
1677220 644
1677230 643
1677240 643
1677250 643
1677260 641
1677270 641
1677280 640
1677290 640
1677300 640
1677310 639
1677320 639
1677330 639
1677340 638
1677350 638
1677360 639
1677370 638
1677380 638
1677390 637
1677400 636
1677410 636
1677420 635
1677430 633
1677440 633
1677450 631
1677460 630
1677470 630
1677480 630
1677490 630
1677500 630
1677510 630
1677520 630
1677530 630
1677540 630
1677550 629
1677560 629
1677570 629
1677580 627
1677590 627
1677600 627
1677610 627
1677620 627
1677630 626
1677640 626
1677650 626
1677660 626
1677670 626
1677680 626
1677690 625
1677700 625
1677710 625
1677720 624
1677730 624
1677740 624
1677750 623
1677760 622
1677770 622
1677780 622
1677790 622
1677800 622
1677810 622
1677820 622
1677830 622
1677840 622
1677850 622
1677860 621
1677870 621
1677880 621
1677890 621
1677900 621
1677910 621
1677920 621
1677930 621
1677940 621
1677950 622
1677960 623
1677970 623
1677980 623
1677990 624
1678000 624
1678010 624
1678020 624
1678030 624
1678040 623
1678050 622
1678060 622
1678070 623
1678080 623
1678090 623
1678100 623
1678110 623
1678120 623
1678130 622
1678140 621
1678150 621
1678160 621
1678170 621
1678180 621
1678190 621
1678200 621
1678210 621
1678220 621
1678230 621
1678240 621
1678250 621
1678260 622
1678270 622
1678280 622
1678290 622
1678300 622
1678310 622
1678320 622
1678330 622
1678340 623
1678350 623
1678360 623
1678370 624
1678380 625
1678390 625
1678400 626
1678410 627
1678420 627
1678430 626
1678440 626
1678450 626
1678460 625
1678470 625
1678480 625
1678490 624
1678500 623
1678510 623
1678520 623
1678530 623
1678540 623
1678550 623
1678560 623
1678570 623
1678580 624
1678590 624
1678600 624
1678610 624
1678620 624
1678630 624
1678640 624
1678650 624
1678660 624
1678670 624
1678680 624
1678690 624
1678700 624
1678710 624
1678720 624
1678730 625
1678740 625
1678750 625
1678760 625
1678770 625
1678780 625
1678790 624
1678800 624
1678810 624
1678820 624
1678830 624
1678840 624
1678850 624
1678860 624
1678870 624
1678880 624
1678890 624
1678900 624
1678910 624
1678920 624
1678930 624
1678940 624
1678950 624
1678960 624
1678970 623
1678980 623
1678990 623
1679000 623
1679010 622
1679020 622
1679030 622
1679040 622
1679050 621
1679060 621
1679070 621
1679080 621
1679090 621
1679100 621
1679110 621
1679120 621
1679130 621
1679140 621
1679150 621
1679160 621
1679170 621
1679180 620
1679190 620
1679200 620
1679210 620
1679220 620
1679230 619
1679240 619
1679250 619
1679260 618
1679270 618
1679280 618
1679290 617
1679300 617
1679310 617
1679320 616
1679330 616
1679340 616
1679350 616
1679360 616
1679370 615
1679380 615
1679390 615
1679400 615
1679410 615
1679420 615
1679430 615
1679440 615
1679450 615
1679460 614
1679470 614
1679480 614
1679490 614
1679500 614
1679510 614
1679520 614
1679530 613
1679540 613
1679550 613
1679560 613
1679570 613
1679580 613
1679590 613
1679600 613
1679610 613
1679620 613
1679630 613
1679640 613
1679650 613
1679660 613
1679670 613
1679680 613
1679690 613
1679700 613
1679710 613
1679720 614
1679730 614
1679740 614
1679750 614
1679760 614
1679770 614
1679780 614
1679790 615
1679800 615
1679810 615
1679820 614
1679830 614
1679840 614
1679850 613
1679860 613
1679870 613
1679880 613
1679890 613
1679900 613
1679910 613
1679920 613
1679930 613
1679940 612
1679950 612
1679960 612
1679970 612
1679980 612
1679990 612
