1660000 556
1660010 554
1660020 554
1660030 555
1660040 554
1660050 554
1660060 554
1660070 555
1660080 555
1660090 555
1660100 556
1660110 556
1660120 558
1660130 559
1660140 559
1660150 561
1660160 563
1660170 563
1660180 565
1660190 568
1660200 568
1660210 571
1660220 572
1660230 572
1660240 574
1660250 575
1660260 575
1660270 575
1660280 576
1660290 576
1660300 577
1660310 577
1660320 577
1660330 578
1660340 578
1660350 580
1660360 580
1660370 580
1660380 581
1660390 581
1660400 581
1660410 581
1660420 582
1660430 582
1660440 582
1660450 583
1660460 583
1660470 583
1660480 584
1660490 584
1660500 584
1660510 584
1660520 584
1660530 584
1660540 583
1660550 583
1660560 582
1660570 581
1660580 581
1660590 580
1660600 578
1660610 578
1660620 576
1660630 572
1660640 572
1660650 567
1660660 563
1660670 563
1660680 558
1660690 554
1660700 554
1660710 552
1660720 549
1660730 549
1660740 547
1660750 545
1660760 545
1660770 543
1660780 541
1660790 541
1660800 539
1660810 538
1660820 538
1660830 538
1660840 537
1660850 537
1660860 536
1660870 536
1660880 535
1660890 535
1660900 535
1660910 534
1660920 533
1660930 533
1660940 532
1660950 531
1660960 531
1660970 532
1660980 532
1660990 531
1661000 532
1661010 533
1661020 533
1661030 534
1661040 534
1661050 534
1661060 535
1661070 535
1661080 535
1661090 536
1661100 536
1661110 536
1661120 537
1661130 537
1661140 537
1661150 538
1661160 538
1661170 538
1661180 538
1661190 538
1661200 538
1661210 539
1661220 540
1661230 540
1661240 540
1661250 541
1661260 541
1661270 542
1661280 543
1661290 543
1661300 543
1661310 544
1661320 544
1661330 545
1661340 546
1661350 546
1661360 546
1661370 546
1661380 546
1661390 546
1661400 546
1661410 546
1661420 545
1661430 545
1661440 544
1661450 543
1661460 543
1661470 542
1661480 540
1661490 540
1661500 541
1661510 541
1661520 541
1661530 540
1661540 541
1661550 541
1661560 542
1661570 543
1661580 543
1661590 543
1661600 544
1661610 544
1661620 545
1661630 545
1661640 545
1661650 546
1661660 547
1661670 547
1661680 549
1661690 551
1661700 551
1661710 554
1661720 557
1661730 554
1661740 558
1661750 561
1661760 561
1661770 564
1661780 567
1661790 567
1661800 570
1661810 573
1661820 573
1661830 574
1661840 574
1661850 574
1661860 572
1661870 569
1661880 569
1661890 564
1661900 561
1661910 561
1661920 558
1661930 556
1661940 556
1661950 555
1661960 553
1661970 553
1661980 552
1661990 552
1662000 554
1662010 554
1662020 554
1662030 553
1662040 553
1662050 553
1662060 554
1662070 554
1662080 554
1662090 554
1662100 555
1662110 555
1662120 555
1662130 555
1662140 555
1662150 554
1662160 553
1662170 553
1662180 552
1662190 551
1662200 551
1662210 551
1662220 554
1662230 554
1662240 558
1662250 561
1662260 561
1662270 564
1662280 567
1662290 567
1662300 570
1662310 573
1662320 573
1662330 576
1662340 579
1662350 579
1662360 581
1662370 584
1662380 584
1662390 588
1662400 590
1662410 590
1662420 591
1662430 592
1662440 592
1662450 593
1662460 593
1662470 593
1662480 593
1662490 593
1662500 593
1662510 593
1662520 593
1662530 593
1662540 592
1662550 592
1662560 592
1662570 591
1662580 591
1662590 591
1662600 590
1662610 590
1662620 590
1662630 589
1662640 589
1662650 588
1662660 588
1662670 588
1662680 588
1662690 589
1662700 589
1662710 589
1662720 590
1662730 590
1662740 591
1662750 590
1662760 590
1662770 589
1662780 589
1662790 589
1662800 588
1662810 588
1662820 588
1662830 587
1662840 587
1662850 587
1662860 587
1662870 586
1662880 586
1662890 584
1662900 582
1662910 582
1662920 581
1662930 580
1662940 580
1662950 582
1662960 584
1662970 584
1662980 585
1662990 585
1663000 585
1663010 586
1663020 587
1663030 587
1663040 587
1663050 588
1663060 588
1663070 589
1663080 589
1663090 590
1663100 590
1663110 590
1663120 591
1663130 592
1663140 592
1663150 593
1663160 594
1663170 594
1663180 595
1663190 595
1663200 595
1663210 596
1663220 596
1663230 596
1663240 597
1663250 597
1663260 597
1663270 597
1663280 597
1663290 597
1663300 598
1663310 598
1663320 598
1663330 598
1663340 598
1663350 598
1663360 598
1663370 599
1663380 599
1663390 598
1663400 598
1663410 598
1663420 597
1663430 596
1663440 596
1663450 596
1663460 596
1663470 596
1663480 596
1663490 595
1663500 595
1663510 595
1663520 595
1663530 595
1663540 595
1663550 595
1663560 595
1663570 596
1663580 596
1663590 596
1663600 596
1663610 596
1663620 596
1663630 597
1663640 597
1663650 597
1663660 597
1663670 597
1663680 596
1663690 596
1663700 596
1663710 595
1663720 595
1663730 595
1663740 594
1663750 594
1663760 594
1663770 594
1663780 594
1663790 594
1663800 593
1663810 593
1663820 593
1663830 592
1663840 590
1663850 590
1663860 588
1663870 588
1663880 588
1663890 588
1663900 587
1663910 587
1663920 586
1663930 587
1663940 589
1663950 590
1663960 592
1663970 592
1663980 593
1663990 594
1664000 594
1664010 595
1664020 596
1664030 596
1664040 596
1664050 596
1664060 596
1664070 596
1664080 595
1664090 595
1664100 595
1664110 595
1664120 595
1664130 595
1664140 594
1664150 594
1664160 594
1664170 594
1664180 594
1664190 593
1664200 593
1664210 593
1664220 593
1664230 593
1664240 594
1664250 594
1664260 594
1664270 594
1664280 594
1664290 594
1664300 594
1664310 594
1664320 594
1664330 594
1664340 594
1664350 594
1664360 595
1664370 595
1664380 595
1664390 595
1664400 596
1664410 596
1664420 596
1664430 596
1664440 596
1664450 596
1664460 595
1664470 595
1664480 595
1664490 595
1664500 595
1664510 595
1664520 594
1664530 594
1664540 594
1664550 593
1664560 593
1664570 593
1664580 593
1664590 593
1664600 593
1664610 592
1664620 592
1664630 592
1664640 591
1664650 591
1664660 590
1664670 590
1664680 590
1664690 590
1664700 589
1664710 589
1664720 588
1664730 588
1664740 588
1664750 587
1664760 587
1664770 587
1664780 586
1664790 586
1664800 585
1664810 585
1664820 585
1664830 584
1664840 584
1664850 584
1664860 584
1664870 583
1664880 583
1664890 583
1664900 583
1664910 583
1664920 583
1664930 582
1664940 582
1664950 582
1664960 582
1664970 582
1664980 581
1664990 581
1665000 581
1665010 580
1665020 579
1665030 579
1665040 579
1665050 579
1665060 579
1665070 578
1665080 578
1665090 578
1665100 578
1665110 577
1665120 577
1665130 577
1665140 576
1665150 576
1665160 576
1665170 575
1665180 575
1665190 575
1665200 575
1665210 575
1665220 574
1665230 574
1665240 574
1665250 574
1665260 574
1665270 574
1665280 573
1665290 573
1665300 573
1665310 573
1665320 573
1665330 573
1665340 573
1665350 573
1665360 573
1665370 573
1665380 573
1665390 572
1665400 572
1665410 572
1665420 572
1665430 572
1665440 572
1665450 571
1665460 571
1665470 571
1665480 571
1665490 571
1665500 571
1665510 571
1665520 571
1665530 571
1665540 572
1665550 572
1665560 572
1665570 572
1665580 572
1665590 572
1665600 572
1665610 572
1665620 572
1665630 572
1665640 572
1665650 572
1665660 572
1665670 572
1665680 572
1665690 572
1665700 572
1665710 572
1665720 572
1665730 572
1665740 572
1665750 572
1665760 572
1665770 572
1665780 572
1665790 572
1665800 572
1665810 572
1665820 572
1665830 572
1665840 572
1665850 572
1665860 572
1665870 572
1665880 572
1665890 572
1665900 572
1665910 572
1665920 571
1665930 572
1665940 572
1665950 571
1665960 571
1665970 571
1665980 571
1665990 571
1666000 571
1666010 571
1666020 571
1666030 571
1666040 571
1666050 571
1666060 571
1666070 571
1666080 571
1666090 571
1666100 571
1666110 571
1666120 571
1666130 571
1666140 570
1666150 570
1666160 570
1666170 570
1666180 570
1666190 570
1666200 570
1666210 570
1666220 570
1666230 570
1666240 570
1666250 570
1666260 570
1666270 570
1666280 570
1666290 570
1666300 570
1666310 570
1666320 569
1666330 569
1666340 569
1666350 569
1666360 569
1666370 569
1666380 569
1666390 569
1666400 569
1666410 569
1666420 569
1666430 569
1666440 569
1666450 568
1666460 568
1666470 568
1666480 568
1666490 568
1666500 568
1666510 568
1666520 568
1666530 568
1666540 568
1666550 568
1666560 568
1666570 568
1666580 567
1666590 567
1666600 567
1666610 567
1666620 567
1666630 567
1666640 567
1666650 567
1666660 566
1666670 566
1666680 566
1666690 566
1666700 566
1666710 566
1666720 566
1666730 566
1666740 566
1666750 566
1666760 566
1666770 566
1666780 566
1666790 566
1666800 566
1666810 565
1666820 565
1666830 565
1666840 565
1666850 565
1666860 565
1666870 565
1666880 565
1666890 565
1666900 565
1666910 565
1666920 565
1666930 565
1666940 565
1666950 565
1666960 565
1666970 565
1666980 565
1666990 565
1667000 565
1667010 565
1667020 566
1667030 566
1667040 566
1667050 566
1667060 566
1667070 567
1667080 567
1667090 567
1667100 568
1667110 568
1667120 568
1667130 568
1667140 569
1667150 569
1667160 569
1667170 569
1667180 569
1667190 570
1667200 570
1667210 570
1667220 570
1667230 570
1667240 570
1667250 570
1667260 571
1667270 571
1667280 571
1667290 571
1667300 571
1667310 572
1667320 572
1667330 572
1667340 572
1667350 573
1667360 573
1667370 573
1667380 573
1667390 573
1667400 573
1667410 573
1667420 573
1667430 574
1667440 574
1667450 574
1667460 574
1667470 574
1667480 574
1667490 575
1667500 575
1667510 575
1667520 576
1667530 576
1667540 577
1667550 577
1667560 577
1667570 578
1667580 579
1667590 579
1667600 580
1667610 581
1667620 581
1667630 582
1667640 583
1667650 583
1667660 584
1667670 586
1667680 586
1667690 587
1667700 588
1667710 588
1667720 589
1667730 589
1667740 589
1667750 589
1667760 588
1667770 588
1667780 588
1667790 588
1667800 588
1667810 587
1667820 587
1667830 587
1667840 587
1667850 587
1667860 587
1667870 587
1667880 587
1667890 587
1667900 587
1667910 587
1667920 587
1667930 586
1667940 586
1667950 586
1667960 586
1667970 585
1667980 585
1667990 585
1668000 585
1668010 585
1668020 584
1668030 584
1668040 584
1668050 584
1668060 583
1668070 583
1668080 583
1668090 583
1668100 583
1668110 583
1668120 583
1668130 582
1668140 582
1668150 582
1668160 582
1668170 582
1668180 582
1668190 582
1668200 582
1668210 582
1668220 582
1668230 582
1668240 582
1668250 582
1668260 582
1668270 582
1668280 582
1668290 582
1668300 582
1668310 582
1668320 582
1668330 582
1668340 582
1668350 582
1668360 582
1668370 582
1668380 582
1668390 582
1668400 582
1668410 582
1668420 582
1668430 582
1668440 582
1668450 582
1668460 582
1668470 581
1668480 581
1668490 581
1668500 581
1668510 581
1668520 580
1668530 580
1668540 580
1668550 580
1668560 580
1668570 580
1668580 580
1668590 580
1668600 580
1668610 580
1668620 579
1668630 579
1668640 579
1668650 579
1668660 579
1668670 579
1668680 579
1668690 579
1668700 579
1668710 579
1668720 578
1668730 578
1668740 578
1668750 578
1668760 577
1668770 577
1668780 577
1668790 576
1668800 576
1668810 576
1668820 576
1668830 576
1668840 575
1668850 575
1668860 575
1668870 574
1668880 573
1668890 573
1668900 572
1668910 571
1668920 571
1668930 571
1668940 570
1668950 570
1668960 569
1668970 569
1668980 569
1668990 569
1669000 568
1669010 568
1669020 568
1669030 568
1669040 568
1669050 568
1669060 568
1669070 568
1669080 567
1669090 568
1669100 568
1669110 569
1669120 569
1669130 569
1669140 569
1669150 569
1669160 569
1669170 569
1669180 568
1669190 568
1669200 568
1669210 568
1669220 567
1669230 567
1669240 567
1669250 567
1669260 567
1669270 567
1669280 567
1669290 566
1669300 566
1669310 566
1669320 566
1669330 566
1669340 566
1669350 566
1669360 566
1669370 566
1669380 566
1669390 566
1669400 566
1669410 566
1669420 566
1669430 566
1669440 566
1669450 566
1669460 566
1669470 566
1669480 566
1669490 566
1669500 566
1669510 566
1669520 566
1669530 566
1669540 566
1669550 566
1669560 566
1669570 566
1669580 566
1669590 566
1669600 566
1669610 566
1669620 566
1669630 566
1669640 566
1669650 566
1669660 566
1669670 566
1669680 565
1669690 565
1669700 565
1669710 566
1669720 566
1669730 567
1669740 567
1669750 567
1669760 568
1669770 568
1669780 569
1669790 570
1669800 570
1669810 571
1669820 572
1669830 572
1669840 574
1669850 575
1669860 575
1669870 577
1669880 578
1669890 578
1669900 579
1669910 580
1669920 580
1669930 580
1669940 580
1669950 580
1669960 580
1669970 581
1669980 581
1669990 582
1670000 583
1670010 583
1670020 584
1670030 584
1670040 584
1670050 585
1670060 585
1670070 585
1670080 586
1670090 586
1670100 586
1670110 586
1670120 586
1670130 586
1670140 587
1670150 587
1670160 587
1670170 587
1670180 588
1670190 588
1670200 588
1670210 588
1670220 588
1670230 588
1670240 589
1670250 589
1670260 589
1670270 590
1670280 590
1670290 590
1670300 591
1670310 591
1670320 591
1670330 591
1670340 591
1670350 591
1670360 591
1670370 591
1670380 591
1670390 592
1670400 592
1670410 592
1670420 592
1670430 591
1670440 591
1670450 591
1670460 591
1670470 591
1670480 591
1670490 591
1670500 590
1670510 590
1670520 590
1670530 590
1670540 590
1670550 590
1670560 589
1670570 589
1670580 589
1670590 589
1670600 589
1670610 589
1670620 588
1670630 588
1670640 588
1670650 588
1670660 588
1670670 588
1670680 588
1670690 588
1670700 588
1670710 587
1670720 587
1670730 587
1670740 587
1670750 587
1670760 586
1670770 586
1670780 586
1670790 586
1670800 585
1670810 585
1670820 585
1670830 585
1670840 585
1670850 585
1670860 585
1670870 585
1670880 585
1670890 585
1670900 585
1670910 584
1670920 584
1670930 584
1670940 584
1670950 584
1670960 584
1670970 584
1670980 584
1670990 583
1671000 583
1671010 583
1671020 582
1671030 582
1671040 582
1671050 582
1671060 582
1671070 582
1671080 582
1671090 581
1671100 581
1671110 581
1671120 581
1671130 581
1671140 581
1671150 581
1671160 581
1671170 582
1671180 582
1671190 582
1671200 582
1671210 583
1671220 583
1671230 583
1671240 583
1671250 583
1671260 583
1671270 583
1671280 583
1671290 583
1671300 583
1671310 583
1671320 583
1671330 583
1671340 583
1671350 584
1671360 584
1671370 584
1671380 584
1671390 583
1671400 583
1671410 583
1671420 583
1671430 583
1671440 583
1671450 583
1671460 582
1671470 582
1671480 582
1671490 582
1671500 581
1671510 581
1671520 581
1671530 580
1671540 580
1671550 579
1671560 579
1671570 579
1671580 579
1671590 579
1671600 579
1671610 578
1671620 578
1671630 578
1671640 578
1671650 578
1671660 578
1671670 578
1671680 578
1671690 578
1671700 578
1671710 578
1671720 578
1671730 578
1671740 577
1671750 577
1671760 576
1671770 576
1671780 576
1671790 576
1671800 576
1671810 576
1671820 576
1671830 576
1671840 576
1671850 576
1671860 575
1671870 575
1671880 575
1671890 574
1671900 574
1671910 574
1671920 573
1671930 573
1671940 573
1671950 572
1671960 572
1671970 572
1671980 572
1671990 572
1672000 569
1672010 569
1672020 568
1672030 567
1672040 567
1672050 566
1672060 566
1672070 566
1672080 565
1672090 564
1672100 564
1672110 563
1672120 563
1672130 563
1672140 563
1672150 562
1672160 562
1672170 563
1672180 564
1672190 564
1672200 565
1672210 566
1672220 566
1672230 567
1672240 568
1672250 568
1672260 571
1672270 572
1672280 572
1672290 574
1672300 576
1672310 576
1672320 578
1672330 580
1672340 580
1672350 581
1672360 583
1672370 583
1672380 584
1672390 585
1672400 585
1672410 587
1672420 588
1672430 588
1672440 590
1672450 591
1672460 591
1672470 592
1672480 593
1672490 594
1672500 595
1672510 595
1672520 595
1672530 597
1672540 597
1672550 598
1672560 599
1672570 599
1672580 601
1672590 601
1672600 601
1672610 602
1672620 602
1672630 602
1672640 602
1672650 603
1672660 603
1672670 603
1672680 604
1672690 604
1672700 604
1672710 604
1672720 604
1672730 603
1672740 603
1672750 603
1672760 603
1672770 603
1672780 603
1672790 603
1672800 603
1672810 603
1672820 602
1672830 602
1672840 602
1672850 601
1672860 601
1672870 601
1672880 601
1672890 600
1672900 600
1672910 600
1672920 600
1672930 600
1672940 599
1672950 599
1672960 599
1672970 599
1672980 598
1672990 598
1673000 598
1673010 597
1673020 597
1673030 597
1673040 597
1673050 597
1673060 596
1673070 596
1673080 596
1673090 596
1673100 596
1673110 596
1673120 596
1673130 596
1673140 596
1673150 596
1673160 596
1673170 596
1673180 595
1673190 595
1673200 595
1673210 594
1673220 594
1673230 594
1673240 594
1673250 594
1673260 594
1673270 594
1673280 594
1673290 594
1673300 594
1673310 594
1673320 594
1673330 594
1673340 594
1673350 595
1673360 595
1673370 595
1673380 595
1673390 595
1673400 595
1673410 595
1673420 595
1673430 595
1673440 596
1673450 596
1673460 596
1673470 596
1673480 596
1673490 596
1673500 596
1673510 597
1673520 597
1673530 597
1673540 597
1673550 597
1673560 597
1673570 597
1673580 597
1673590 597
1673600 597
1673610 597
1673620 597
1673630 597
1673640 597
1673650 597
1673660 597
1673670 597
1673680 597
1673690 597
1673700 597
1673710 597
1673720 597
1673730 597
1673740 597
1673750 597
1673760 597
1673770 597
1673780 597
1673790 597
1673800 597
1673810 597
1673820 597
1673830 597
1673840 597
1673850 598
1673860 598
1673870 598
1673880 597
1673890 596
1673900 596
1673910 596
1673920 595
1673930 595
1673940 594
1673950 594
1673960 594
1673970 593
1673980 592
1673990 592
1674000 591
1674010 590
1674020 590
1674030 590
1674040 589
1674050 589
1674060 588
1674070 588
1674080 588
1674090 587
1674100 587
1674110 587
1674120 586
1674130 586
1674140 586
1674150 585
1674160 584
1674170 584
1674180 584
1674190 584
1674200 583
1674210 582
1674220 582
1674230 582
1674240 581
1674250 581
1674260 580
1674270 579
1674280 579
1674290 579
1674300 579
1674310 579
1674320 579
1674330 579
1674340 579
1674350 579
1674360 578
1674370 578
1674380 578
1674390 578
1674400 578
1674410 578
1674420 578
1674430 578
1674440 577
1674450 577
1674460 577
1674470 576
1674480 576
1674490 576
1674500 576
1674510 575
1674520 575
1674530 575
1674540 576
1674550 576
1674560 576
1674570 576
1674580 576
1674590 576
1674600 576
1674610 576
1674620 576
1674630 576
1674640 576
1674650 577
1674660 577
1674670 577
1674680 576
1674690 576
1674700 576
1674710 576
1674720 576
1674730 576
1674740 576
1674750 576
1674760 576
1674770 575
1674780 575
1674790 575
1674800 575
1674810 575
1674820 575
1674830 575
1674840 575
1674850 575
1674860 575
1674870 575
1674880 575
1674890 575
1674900 575
1674910 575
1674920 575
1674930 575
1674940 575
1674950 575
1674960 575
1674970 575
1674980 574
1674990 574
1675000 574
1675010 574
1675020 574
1675030 573
1675040 572
1675050 572
1675060 572
1675070 572
1675080 572
1675090 571
1675100 570
1675110 570
1675120 567
1675130 565
1675140 565
1675150 566
1675160 566
1675170 566
1675180 567
1675190 567
1675200 567
1675210 569
1675220 572
1675230 572
1675240 575
1675250 576
1675260 575
1675270 577
1675280 578
1675290 578
1675300 578
1675310 578
1675320 579
1675330 578
1675340 578
1675350 578
1675360 577
1675370 577
1675380 577
1675390 577
1675400 577
1675410 577
1675420 577
1675430 577
1675440 577
1675450 577
1675460 577
1675470 577
1675480 577
1675490 577
1675500 577
1675510 577
1675520 577
1675530 577
1675540 577
1675550 577
1675560 578
1675570 578
1675580 578
1675590 578
1675600 579
1675610 579
1675620 579
1675630 579
1675640 579
1675650 579
1675660 579
1675670 579
1675680 579
1675690 579
1675700 579
1675710 578
1675720 579
1675730 579
1675740 578
1675750 578
1675760 578
1675770 578
1675780 577
1675790 577
1675800 577
1675810 577
1675820 577
1675830 576
1675840 576
1675850 576
1675860 576
1675870 576
1675880 576
1675890 576
1675900 576
1675910 577
1675920 577
1675930 577
1675940 575
1675950 575
1675960 575
1675970 574
1675980 573
1675990 573
1676000 573
1676010 574
1676020 574
1676030 575
1676040 577
1676050 577
1676060 577
1676070 577
1676080 577
1676090 577
1676100 578
1676110 578
1676120 579
1676130 580
1676140 580
1676150 580
1676160 581
1676170 581
1676180 582
1676190 583
1676200 583
1676210 583
1676220 583
1676230 583
1676240 583
1676250 582
1676260 582
1676270 582
1676280 581
1676290 581
1676300 580
1676310 580
1676320 580
1676330 579
1676340 579
1676350 579
1676360 579
1676370 579
1676380 579
1676390 579
1676400 578
1676410 578
1676420 578
1676430 578
1676440 578
1676450 578
1676460 578
1676470 578
1676480 578
1676490 578
1676500 578
1676510 578
1676520 578
1676530 577
1676540 577
1676550 577
1676560 577
1676570 576
1676580 576
1676590 576
1676600 576
1676610 576
1676620 575
1676630 576
1676640 576
1676650 576
1676660 575
1676670 575
1676680 575
1676690 575
1676700 575
1676710 575
1676720 575
1676730 575
1676740 575
1676750 575
1676760 575
1676770 575
1676780 575
1676790 575
1676800 575
1676810 575
1676820 575
1676830 576
1676840 576
1676850 576
1676860 576
1676870 576
1676880 576
1676890 576
1676900 577
1676910 577
1676920 577
1676930 577
1676940 577
1676950 577
1676960 577
1676970 577
1676980 578
1676990 578
1677000 578
1677010 578
1677020 578
1677030 578
1677040 579
1677050 579
1677060 579
1677070 579
1677080 579
1677090 579
1677100 579
1677110 579
1677120 579
1677130 579
1677140 579
1677150 579
1677160 579
1677170 579
1677180 579
1677190 579
1677200 579
1677210 579
1677220 578
1677230 578
1677240 578
1677250 578
1677260 578
1677270 578
1677280 579
1677290 579
1677300 579
1677310 579
1677320 579
1677330 578
1677340 578
1677350 578
1677360 578
1677370 579
1677380 579
1677390 580
1677400 580
1677410 580
1677420 580
1677430 580
1677440 580
1677450 581
1677460 581
1677470 581
1677480 581
1677490 581
1677500 581
1677510 581
1677520 581
1677530 581
1677540 581
1677550 581
1677560 580
1677570 580
1677580 580
1677590 580
1677600 579
1677610 579
1677620 579
1677630 579
1677640 579
1677650 579
1677660 579
1677670 579
1677680 579
1677690 579
1677700 579
1677710 579
1677720 578
1677730 578
1677740 578
1677750 578
1677760 578
1677770 578
1677780 578
1677790 578
1677800 578
1677810 578
1677820 578
1677830 578
1677840 577
1677850 577
1677860 577
1677870 577
1677880 577
1677890 577
1677900 578
1677910 578
1677920 578
1677930 579
1677940 579
1677950 580
1677960 580
1677970 580
1677980 581
1677990 582
1678000 582
1678010 582
1678020 583
1678030 583
1678040 584
1678050 585
1678060 585
1678070 585
1678080 585
1678090 586
1678100 586
1678110 586
1678120 587
1678130 588
1678140 588
1678150 589
1678160 591
1678170 591
1678180 592
1678190 593
1678200 593
1678210 594
1678220 594
1678230 594
1678240 594
1678250 594
1678260 594
1678270 594
1678280 594
1678290 594
1678300 594
1678310 594
1678320 594
1678330 593
1678340 593
1678350 593
1678360 593
1678370 593
1678380 593
1678390 593
1678400 593
1678410 593
1678420 593
1678430 593
1678440 593
1678450 593
1678460 593
1678470 593
1678480 593
1678490 593
1678500 593
1678510 594
1678520 594
1678530 594
1678540 595
1678550 595
1678560 595
1678570 596
1678580 596
1678590 596
1678600 596
1678610 596
1678620 596
1678630 596
1678640 596
1678650 596
1678660 595
1678670 595
1678680 594
1678690 594
1678700 594
1678710 593
1678720 592
1678730 592
1678740 592
1678750 591
1678760 591
1678770 590
1678780 589
1678790 589
1678800 588
1678810 587
1678820 587
1678830 587
1678840 586
1678850 586
1678860 586
1678870 585
1678880 585
1678890 584
1678900 584
1678910 584
1678920 583
1678930 583
1678940 583
1678950 582
1678960 581
1678970 581
1678980 581
1678990 580
1679000 580
1679010 580
1679020 579
1679030 579
1679040 579
1679050 579
1679060 579
1679070 579
1679080 579
1679090 579
1679100 580
1679110 580
1679120 580
1679130 580
1679140 580
1679150 580
1679160 580
1679170 579
1679180 579
1679190 578
1679200 578
1679210 577
1679220 577
1679230 577
1679240 577
1679250 576
1679260 576
1679270 575
1679280 572
1679290 572
1679300 570
1679310 569
1679320 569
1679330 566
1679340 565
1679350 565
1679360 565
1679370 565
1679380 565
1679390 565
1679400 564
1679410 564
1679420 564
1679430 563
1679440 563
1679450 563
1679460 563
1679470 563
1679480 562
1679490 562
1679500 562
1679510 562
1679520 562
1679530 562
1679540 561
1679550 561
1679560 561
1679570 561
1679580 561
1679590 561
1679600 561
1679610 561
1679620 561
1679630 561
1679640 561
1679650 561
1679660 561
1679670 561
1679680 561
1679690 561
1679700 561
1679710 561
1679720 560
1679730 560
1679740 560
1679750 560
1679760 560
1679770 559
1679780 558
1679790 558
1679800 558
1679810 557
1679820 557
1679830 556
1679840 555
1679850 555
1679860 555
1679870 555
1679880 555
1679890 555
1679900 555
1679910 555
1679920 555
1679930 554
1679940 554
1679950 554
1679960 554
1679970 554
1679980 554
1679990 554
