1660000 501
1660010 500
1660020 500
1660030 500
1660040 500
1660050 500
1660060 500
1660070 500
1660080 500
1660090 500
1660100 500
1660110 500
1660120 500
1660130 500
1660140 500
1660150 500
1660160 500
1660170 500
1660180 500
1660190 500
1660200 500
1660210 500
1660220 500
1660230 500
1660240 500
1660250 501
1660260 501
1660270 501
1660280 500
1660290 500
1660300 500
1660310 500
1660320 500
1660330 501
1660340 500
1660350 500
1660360 500
1660370 500
1660380 500
1660390 500
1660400 500
1660410 500
1660420 500
1660430 500
1660440 500
1660450 500
1660460 500
1660470 500
1660480 499
1660490 499
1660500 499
1660510 500
1660520 500
1660530 500
1660540 500
1660550 500
1660560 500
1660570 500
1660580 500
1660590 500
1660600 500
1660610 500
1660620 500
1660630 500
1660640 500
1660650 500
1660660 500
1660670 500
1660680 500
1660690 500
1660700 500
1660710 500
1660720 500
1660730 500
1660740 500
1660750 500
1660760 500
1660770 500
1660780 500
1660790 500
1660800 499
1660810 499
1660820 499
1660830 499
1660840 499
1660850 499
1660860 499
1660870 499
1660880 499
1660890 499
1660900 499
1660910 499
1660920 499
1660930 500
1660940 500
1660950 500
1660960 500
1660970 500
1660980 500
1660990 500
1661000 500
1661010 500
1661020 500
1661030 500
1661040 500
1661050 499
1661060 499
1661070 499
1661080 499
1661090 499
1661100 499
1661110 499
1661120 499
1661130 499
1661140 499
1661150 499
1661160 499
1661170 499
1661180 499
1661190 499
1661200 499
1661210 500
1661220 500
1661230 500
1661240 499
1661250 499
1661260 499
1661270 499
1661280 499
1661290 499
1661300 499
1661310 500
1661320 500
1661330 500
1661340 500
1661350 500
1661360 500
1661370 500
1661380 500
1661390 499
1661400 499
1661410 499
1661420 499
1661430 499
1661440 499
1661450 499
1661460 499
1661470 499
1661480 499
1661490 499
1661500 499
1661510 499
1661520 499
1661530 499
1661540 499
1661550 499
1661560 499
1661570 499
1661580 499
1661590 499
1661600 499
1661610 499
1661620 499
1661630 499
1661640 499
1661650 499
1661660 499
1661670 499
1661680 499
1661690 499
1661700 499
1661710 499
1661720 499
1661730 499
1661740 499
1661750 499
1661760 499
1661770 499
1661780 499
1661790 499
1661800 499
1661810 499
1661820 499
1661830 499
1661840 499
1661850 499
1661860 499
1661870 499
1661880 499
1661890 499
1661900 499
1661910 499
1661920 499
1661930 499
1661940 499
1661950 499
1661960 499
1661970 499
1661980 499
1661990 499
1662000 499
1662010 499
1662020 499
1662030 499
1662040 499
1662050 499
1662060 499
1662070 499
1662080 499
1662090 499
1662100 499
1662110 499
1662120 499
1662130 499
1662140 499
1662150 499
1662160 499
1662170 499
1662180 499
1662190 499
1662200 499
1662210 499
1662220 499
1662230 499
1662240 499
1662250 499
1662260 499
1662270 498
1662280 498
1662290 498
1662300 498
1662310 499
1662320 499
1662330 499
1662340 500
1662350 500
1662360 500
1662370 500
1662380 500
1662390 500
1662400 500
1662410 500
1662420 500
1662430 500
1662440 500
1662450 500
1662460 500
1662470 500
1662480 500
1662490 500
1662500 500
1662510 500
1662520 500
1662530 500
1662540 500
1662550 500
1662560 500
1662570 500
1662580 501
1662590 501
1662600 501
1662610 501
1662620 501
1662630 501
1662640 501
1662650 501
1662660 501
1662670 501
1662680 501
1662690 501
1662700 501
1662710 501
1662720 501
1662730 501
1662740 501
1662750 501
1662760 501
1662770 501
1662780 501
1662790 501
1662800 501
1662810 502
1662820 502
1662830 502
1662840 502
1662850 502
1662860 502
1662870 502
1662880 502
1662890 503
1662900 503
1662910 503
1662920 503
1662930 503
1662940 503
1662950 503
1662960 503
1662970 503
1662980 503
1662990 503
1663000 503
1663010 503
1663020 502
1663030 502
1663040 502
1663050 502
1663060 502
1663070 502
1663080 502
1663090 502
1663100 502
1663110 502
1663120 502
1663130 502
1663140 502
1663150 502
1663160 502
1663170 502
1663180 502
1663190 502
1663200 502
1663210 502
1663220 503
1663230 503
1663240 503
1663250 503
1663260 503
1663270 503
1663280 503
1663290 503
1663300 503
1663310 503
1663320 503
1663330 503
1663340 503
1663350 503
1663360 503
1663370 503
1663380 503
1663390 503
1663400 504
1663410 504
1663420 504
1663430 504
1663440 504
1663450 504
1663460 504
1663470 504
1663480 504
1663490 504
1663500 504
1663510 504
1663520 504
1663530 504
1663540 504
1663550 504
1663560 504
1663570 504
1663580 504
1663590 504
1663600 504
1663610 504
1663620 504
1663630 504
1663640 504
1663650 504
1663660 503
1663670 503
1663680 503
1663690 503
1663700 504
1663710 504
1663720 504
1663730 504
1663740 504
1663750 504
1663760 504
1663770 504
1663780 504
1663790 504
1663800 504
1663810 504
1663820 504
1663830 504
1663840 503
1663850 503
1663860 504
1663870 504
1663880 504
1663890 504
1663900 503
1663910 503
1663920 503
1663930 503
1663940 503
1663950 503
1663960 504
1663970 503
1663980 503
1663990 503
1664000 503
1664010 503
1664020 503
1664030 503
1664040 503
1664050 503
1664060 503
1664070 503
1664080 503
1664090 503
1664100 503
1664110 503
1664120 503
1664130 503
1664140 503
1664150 503
1664160 503
1664170 503
1664180 503
1664190 503
1664200 503
1664210 503
1664220 503
1664230 503
1664240 503
1664250 503
1664260 503
1664270 503
1664280 503
1664290 503
1664300 503
1664310 503
1664320 503
1664330 503
1664340 503
1664350 503
1664360 503
1664370 503
1664380 503
1664390 503
1664400 503
1664410 503
1664420 503
1664430 503
1664440 503
1664450 504
1664460 504
1664470 504
1664480 504
1664490 504
1664500 504
1664510 504
1664520 504
1664530 504
1664540 504
1664550 504
1664560 504
1664570 504
1664580 504
1664590 504
1664600 504
1664610 504
1664620 504
1664630 504
1664640 504
1664650 504
1664660 504
1664670 504
1664680 504
1664690 503
1664700 503
1664710 503
1664720 503
1664730 503
1664740 503
1664750 503
1664760 503
1664770 503
1664780 503
1664790 503
1664800 503
1664810 503
1664820 503
1664830 503
1664840 503
1664850 503
1664860 503
1664870 503
1664880 503
1664890 504
1664900 504
1664910 504
1664920 504
1664930 504
1664940 504
1664950 504
1664960 504
1664970 504
1664980 504
1664990 504
1665000 504
1665010 504
1665020 505
1665030 505
1665040 505
1665050 505
1665060 505
1665070 505
1665080 505
1665090 505
1665100 505
1665110 505
1665120 505
1665130 505
1665140 506
1665150 506
1665160 506
1665170 506
1665180 506
1665190 506
1665200 506
1665210 506
1665220 506
1665230 506
1665240 506
1665250 506
1665260 506
1665270 506
1665280 507
1665290 507
1665300 507
1665310 507
1665320 507
1665330 507
1665340 507
1665350 507
1665360 507
1665370 508
1665380 507
1665390 507
1665400 507
1665410 507
1665420 506
1665430 506
1665440 506
1665450 504
1665460 504
1665470 504
1665480 503
1665490 504
1665500 504
1665510 504
1665520 504
1665530 504
1665540 504
1665550 505
1665560 505
1665570 505
1665580 505
1665590 505
1665600 506
1665610 506
1665620 506
1665630 508
1665640 510
1665650 510
1665660 511
1665670 511
1665680 511
1665690 513
1665700 515
1665710 515
1665720 516
1665730 518
1665740 518
1665750 520
1665760 522
1665770 522
1665780 524
1665790 527
1665800 527
1665810 529
1665820 532
1665830 532
1665840 535
1665850 535
1665860 535
1665870 534
1665880 533
1665890 533
1665900 533
1665910 532
1665920 532
1665930 532
1665940 532
1665950 531
1665960 532
1665970 532
1665980 532
1665990 532
1666000 532
1666010 533
1666020 534
1666030 534
1666040 535
1666050 536
1666060 536
1666070 537
1666080 538
1666090 538
1666100 538
1666110 537
1666120 537
1666130 537
1666140 535
1666150 535
1666160 534
1666170 534
1666180 534
1666190 533
1666200 533
1666210 533
1666220 533
1666230 533
1666240 533
1666250 533
1666260 532
1666270 532
1666280 532
1666290 532
1666300 532
1666310 532
1666320 532
1666330 532
1666340 532
1666350 532
1666360 532
1666370 532
1666380 532
1666390 532
1666400 532
1666410 532
1666420 532
1666430 532
1666440 532
1666450 532
1666460 532
1666470 533
1666480 533
1666490 533
1666500 533
1666510 534
1666520 534
1666530 534
1666540 535
1666550 536
1666560 536
1666570 536
1666580 537
1666590 537
1666600 538
1666610 538
1666620 538
1666630 538
1666640 539
1666650 539
1666660 540
1666670 540
1666680 540
1666690 541
1666700 542
1666710 542
1666720 542
1666730 543
1666740 543
1666750 543
1666760 543
1666770 543
1666780 543
1666790 544
1666800 544
1666810 544
1666820 544
1666830 544
1666840 545
1666850 545
1666860 545
1666870 545
1666880 546
1666890 546
1666900 546
1666910 547
1666920 547
1666930 547
1666940 548
1666950 548
1666960 549
1666970 549
1666980 549
1666990 550
1667000 550
1667010 550
1667020 550
1667030 550
1667040 550
1667050 550
1667060 550
1667070 550
1667080 551
1667090 551
1667100 551
1667110 551
1667120 551
1667130 551
1667140 551
1667150 551
1667160 551
1667170 552
1667180 552
1667190 552
1667200 552
1667210 552
1667220 552
1667230 552
1667240 552
1667250 552
1667260 552
1667270 552
1667280 551
1667290 551
1667300 551
1667310 551
1667320 551
1667330 551
1667340 551
1667350 551
1667360 551
1667370 550
1667380 550
1667390 550
1667400 550
1667410 550
1667420 550
1667430 550
1667440 550
1667450 550
1667460 551
1667470 551
1667480 551
1667490 551
1667500 550
1667510 550
1667520 550
1667530 550
1667540 550
1667550 550
1667560 550
1667570 550
1667580 549
1667590 549
1667600 550
1667610 550
1667620 550
1667630 550
1667640 550
1667650 550
1667660 550
1667670 550
1667680 550
1667690 550
1667700 549
1667710 549
1667720 549
1667730 549
1667740 549
1667750 549
1667760 549
1667770 549
1667780 549
1667790 549
1667800 549
1667810 549
1667820 549
1667830 549
1667840 550
1667850 550
1667860 550
1667870 550
1667880 550
1667890 550
1667900 550
1667910 551
1667920 551
1667930 551
1667940 551
1667950 551
1667960 550
1667970 550
1667980 550
1667990 549
1668000 549
1668010 549
1668020 548
1668030 548
1668040 548
1668050 548
1668060 548
1668070 548
1668080 547
1668090 547
1668100 547
1668110 547
1668120 547
1668130 547
1668140 547
1668150 547
1668160 546
1668170 546
1668180 546
1668190 546
1668200 545
1668210 545
1668220 545
1668230 545
1668240 545
1668250 545
1668260 545
1668270 545
1668280 545
1668290 545
1668300 545
1668310 544
1668320 543
1668330 543
1668340 543
1668350 544
1668360 544
1668370 545
1668380 546
1668390 546
1668400 546
1668410 546
1668420 546
1668430 547
1668440 547
1668450 547
1668460 546
1668470 545
1668480 545
1668490 544
1668500 543
1668510 543
1668520 542
1668530 542
1668540 542
1668550 541
1668560 541
1668570 541
1668580 541
1668590 540
1668600 540
1668610 540
1668620 539
1668630 539
1668640 538
1668650 538
1668660 539
1668670 539
1668680 539
1668690 539
1668700 541
1668710 541
1668720 541
1668730 542
1668740 542
1668750 544
1668760 546
1668770 546
1668780 548
1668790 549
1668800 549
1668810 549
1668820 550
1668830 550
1668840 550
1668850 551
1668860 551
1668870 551
1668880 552
1668890 552
1668900 553
1668910 554
1668920 554
1668930 555
1668940 557
1668950 557
1668960 558
1668970 558
1668980 558
1668990 558
1669000 558
1669010 556
1669020 557
1669030 557
1669040 557
1669050 557
1669060 556
1669070 556
1669080 556
1669090 556
1669100 556
1669110 556
1669120 556
1669130 556
1669140 556
1669150 556
1669160 556
1669170 556
1669180 556
1669190 556
1669200 555
1669210 555
1669220 555
1669230 555
1669240 555
1669250 555
1669260 554
1669270 554
1669280 554
1669290 553
1669300 553
1669310 553
1669320 553
1669330 553
1669340 552
1669350 552
1669360 552
1669370 552
1669380 552
1669390 552
1669400 551
1669410 551
1669420 551
1669430 551
1669440 550
1669450 550
1669460 550
1669470 550
1669480 550
1669490 549
1669500 548
1669510 548
1669520 548
1669530 547
1669540 547
1669550 547
1669560 547
1669570 547
1669580 546
1669590 546
1669600 546
1669610 545
1669620 545
1669630 545
1669640 545
1669650 545
1669660 545
1669670 544
1669680 544
1669690 544
1669700 545
1669710 545
1669720 544
1669730 544
1669740 544
1669750 544
1669760 544
1669770 544
1669780 544
1669790 544
1669800 544
1669810 544
1669820 544
1669830 544
1669840 544
1669850 544
1669860 544
1669870 543
1669880 543
1669890 543
1669900 543
1669910 543
1669920 543
1669930 543
1669940 544
1669950 544
1669960 547
1669970 549
1669980 549
1669990 550
1670000 550
1670010 550
1670020 551
1670030 551
1670040 551
1670050 551
1670060 551
1670070 551
1670080 550
1670090 551
1670100 551
1670110 551
1670120 551
1670130 551
1670140 551
1670150 551
1670160 551
1670170 551
1670180 552
1670190 552
1670200 552
1670210 552
1670220 552
1670230 552
1670240 552
1670250 552
1670260 552
1670270 552
1670280 552
1670290 552
1670300 552
1670310 552
1670320 551
1670330 551
1670340 551
1670350 551
1670360 551
1670370 551
1670380 551
1670390 551
1670400 551
1670410 551
1670420 550
1670430 550
1670440 550
1670450 550
1670460 550
1670470 549
1670480 549
1670490 549
1670500 549
1670510 549
1670520 549
1670530 548
1670540 548
1670550 548
1670560 547
1670570 547
1670580 547
1670590 547
1670600 547
1670610 547
1670620 547
1670630 547
1670640 547
1670650 548
1670660 548
1670670 548
1670680 548
1670690 548
1670700 548
1670710 549
1670720 549
1670730 549
1670740 549
1670750 549
1670760 550
1670770 550
1670780 550
1670790 550
1670800 550
1670810 550
1670820 551
1670830 551
1670840 551
1670850 551
1670860 551
1670870 551
1670880 552
1670890 552
1670900 552
1670910 553
1670920 553
1670930 553
1670940 553
1670950 553
1670960 553
1670970 553
1670980 553
1670990 554
1671000 554
1671010 554
1671020 554
1671030 554
1671040 554
1671050 554
1671060 554
1671070 554
1671080 554
1671090 554
1671100 554
1671110 553
1671120 553
1671130 553
1671140 553
1671150 553
1671160 553
1671170 553
1671180 553
1671190 553
1671200 553
1671210 552
1671220 552
1671230 552
1671240 552
1671250 552
1671260 552
1671270 553
1671280 553
1671290 553
1671300 553
1671310 553
1671320 553
1671330 553
1671340 553
1671350 553
1671360 553
1671370 553
1671380 553
1671390 553
1671400 553
1671410 553
1671420 553
1671430 553
1671440 553
1671450 553
1671460 553
1671470 554
1671480 554
1671490 554
1671500 554
1671510 554
1671520 555
1671530 556
1671540 556
1671550 556
1671560 557
1671570 557
1671580 557
1671590 557
1671600 557
1671610 557
1671620 557
1671630 557
1671640 557
1671650 557
1671660 557
1671670 557
1671680 557
1671690 557
1671700 557
1671710 558
1671720 558
1671730 558
1671740 558
1671750 558
1671760 558
1671770 558
1671780 558
1671790 558
1671800 558
1671810 558
1671820 558
1671830 558
1671840 558
1671850 558
1671860 559
1671870 559
1671880 559
1671890 559
1671900 560
1671910 560
1671920 560
1671930 561
1671940 561
1671950 561
1671960 561
1671970 562
1671980 562
1671990 562
1672000 562
1672010 562
1672020 563
1672030 563
1672040 563
1672050 563
1672060 563
1672070 563
1672080 563
1672090 563
1672100 563
1672110 563
1672120 563
1672130 563
1672140 563
1672150 563
1672160 563
1672170 563
1672180 563
1672190 563
1672200 563
1672210 563
1672220 563
1672230 563
1672240 563
1672250 563
1672260 563
1672270 563
1672280 563
1672290 562
1672300 562
1672310 562
1672320 562
1672330 562
1672340 562
1672350 562
1672360 562
1672370 562
1672380 562
1672390 562
1672400 562
1672410 562
1672420 562
1672430 562
1672440 562
1672450 562
1672460 562
1672470 562
1672480 562
1672490 562
1672500 562
1672510 562
1672520 562
1672530 562
1672540 562
1672550 562
1672560 562
1672570 562
1672580 562
1672590 562
1672600 562
1672610 562
1672620 562
1672630 562
1672640 562
1672650 562
1672660 562
1672670 562
1672680 562
1672690 562
1672700 562
1672710 562
1672720 562
1672730 562
1672740 562
1672750 562
1672760 562
1672770 561
1672780 561
1672790 561
1672800 561
1672810 561
1672820 561
1672830 561
1672840 561
1672850 561
1672860 561
1672870 561
1672880 561
1672890 561
1672900 561
1672910 560
1672920 560
1672930 560
1672940 560
1672950 560
1672960 560
1672970 559
1672980 559
1672990 559
1673000 559
1673010 559
1673020 559
1673030 558
1673040 558
1673050 558
1673060 558
1673070 558
1673080 557
1673090 556
1673100 556
1673110 556
1673120 555
1673130 555
1673140 555
1673150 555
1673160 555
1673170 554
1673180 553
1673190 553
1673200 553
1673210 552
1673220 553
1673230 553
1673240 553
1673250 553
1673260 552
1673270 552
1673280 552
1673290 552
1673300 552
1673310 552
1673320 552
1673330 551
1673340 551
1673350 551
1673360 551
1673370 551
1673380 551
1673390 551
1673400 551
1673410 551
1673420 550
1673430 550
1673440 550
1673450 549
1673460 549
1673470 549
1673480 549
1673490 549
1673500 548
1673510 548
1673520 548
1673530 548
1673540 548
1673550 547
1673560 547
1673570 547
1673580 547
1673590 548
1673600 548
1673610 548
1673620 548
1673630 548
1673640 548
1673650 548
1673660 548
1673670 549
1673680 549
1673690 549
1673700 550
1673710 549
1673720 549
1673730 550
1673740 550
1673750 550
1673760 550
1673770 550
1673780 550
1673790 550
1673800 551
1673810 551
1673820 550
1673830 550
1673840 550
1673850 546
1673860 543
1673870 543
1673880 541
1673890 541
1673900 541
1673910 541
1673920 541
1673930 541
1673940 541
1673950 541
1673960 541
1673970 541
1673980 542
1673990 542
1674000 542
1674010 543
1674020 543
1674030 546
1674040 546
1674050 549
1674060 551
1674070 551
1674080 554
1674090 555
1674100 555
1674110 556
1674120 557
1674130 557
1674140 557
1674150 558
1674160 558
1674170 558
1674180 559
1674190 559
1674200 559
1674210 559
1674220 559
1674230 559
1674240 559
1674250 559
1674260 559
1674270 559
1674280 559
1674290 559
1674300 559
1674310 559
1674320 559
1674330 560
1674340 560
1674350 560
1674360 559
1674370 559
1674380 559
1674390 559
1674400 559
1674410 560
1674420 560
1674430 560
1674440 561
1674450 561
1674460 561
1674470 563
1674480 563
1674490 563
1674500 563
1674510 563
1674520 563
1674530 563
1674540 563
1674550 563
1674560 563
1674570 563
1674580 563
1674590 563
1674600 562
1674610 562
1674620 562
1674630 562
1674640 562
1674650 562
1674660 562
1674670 562
1674680 562
1674690 562
1674700 562
1674710 563
1674720 563
1674730 563
1674740 563
1674750 563
1674760 564
1674770 565
1674780 565
1674790 565
1674800 566
1674810 566
1674820 566
1674830 566
1674840 566
1674850 566
1674860 566
1674870 566
1674880 566
1674890 566
1674900 566
1674910 566
1674920 566
1674930 566
1674940 566
1674950 566
1674960 566
1674970 566
1674980 566
1674990 566
1675000 567
1675010 567
1675020 567
1675030 568
1675040 568
1675050 568
1675060 569
1675070 570
1675080 570
1675090 570
1675100 571
1675110 571
1675120 572
1675130 572
1675140 572
1675150 573
1675160 573
1675170 574
1675180 575
1675190 575
1675200 576
1675210 577
1675220 577
1675230 578
1675240 577
1675250 577
1675260 577
1675270 576
1675280 576
1675290 573
1675300 573
1675310 573
1675320 574
1675330 576
1675340 576
1675350 578
1675360 579
1675370 579
1675380 580
1675390 581
1675400 581
1675410 582
1675420 581
1675430 581
1675440 581
1675450 580
1675460 580
1675470 579
1675480 579
1675490 579
1675500 578
1675510 578
1675520 578
1675530 578
1675540 577
1675550 577
1675560 577
1675570 577
1675580 577
1675590 576
1675600 576
1675610 576
1675620 576
1675630 575
1675640 575
1675650 575
1675660 575
1675670 575
1675680 575
1675690 575
1675700 575
1675710 575
1675720 575
1675730 575
1675740 575
1675750 575
1675760 575
1675770 575
1675780 575
1675790 575
1675800 575
1675810 575
1675820 575
1675830 575
1675840 575
1675850 575
1675860 574
1675870 574
1675880 574
1675890 573
1675900 573
1675910 572
1675920 571
1675930 571
1675940 570
1675950 570
1675960 570
1675970 569
1675980 568
1675990 568
1676000 567
1676010 566
1676020 566
1676030 566
1676040 565
1676050 565
1676060 564
1676070 564
1676080 564
1676090 563
1676100 562
1676110 562
1676120 561
1676130 561
1676140 561
1676150 561
1676160 560
1676170 560
1676180 560
1676190 559
1676200 559
1676210 558
1676220 558
1676230 558
1676240 558
1676250 558
1676260 558
1676270 558
1676280 558
1676290 558
1676300 558
1676310 558
1676320 558
1676330 557
1676340 557
1676350 557
1676360 557
1676370 557
1676380 557
1676390 557
1676400 557
1676410 557
1676420 557
1676430 557
1676440 557
1676450 556
1676460 556
1676470 556
1676480 556
1676490 556
1676500 555
1676510 555
1676520 555
1676530 554
1676540 554
1676550 554
1676560 554
1676570 554
1676580 554
1676590 554
1676600 553
1676610 553
1676620 554
1676630 555
1676640 555
1676650 555
1676660 557
1676670 557
1676680 557
1676690 558
1676700 558
1676710 558
1676720 558
1676730 558
1676740 558
1676750 558
1676760 558
1676770 558
1676780 558
1676790 558
1676800 558
1676810 558
1676820 559
1676830 559
1676840 559
1676850 559
1676860 559
1676870 559
1676880 560
1676890 560
1676900 560
1676910 561
1676920 561
1676930 561
1676940 561
1676950 561
1676960 561
1676970 561
1676980 560
1676990 560
1677000 560
1677010 560
1677020 560
1677030 559
1677040 559
1677050 559
1677060 559
1677070 559
1677080 559
1677090 558
1677100 558
1677110 558
1677120 558
1677130 557
1677140 557
1677150 557
1677160 557
1677170 557
1677180 557
1677190 556
1677200 556
1677210 556
1677220 556
1677230 556
1677240 556
1677250 556
1677260 556
1677270 556
1677280 556
1677290 556
1677300 556
1677310 556
1677320 556
1677330 555
1677340 555
1677350 555
1677360 555
1677370 555
1677380 554
1677390 554
1677400 554
1677410 554
1677420 554
1677430 554
1677440 554
1677450 554
1677460 554
1677470 554
1677480 554
1677490 554
1677500 554
1677510 554
1677520 554
1677530 554
1677540 554
1677550 554
1677560 554
1677570 554
1677580 554
1677590 554
1677600 554
1677610 554
1677620 554
1677630 554
1677640 554
1677650 554
1677660 554
1677670 554
1677680 554
1677690 553
1677700 553
1677710 553
1677720 553
1677730 553
1677740 553
1677750 553
1677760 553
1677770 553
1677780 552
1677790 552
1677800 552
1677810 552
1677820 552
1677830 552
1677840 552
1677850 552
1677860 551
1677870 551
1677880 551
1677890 551
1677900 551
1677910 551
1677920 551
1677930 551
1677940 551
1677950 550
1677960 550
1677970 550
1677980 550
1677990 550
1678000 551
1678010 551
1678020 551
1678030 551
1678040 551
1678050 551
1678060 551
1678070 551
1678080 551
1678090 551
1678100 551
1678110 551
1678120 551
1678130 551
1678140 551
1678150 551
1678160 551
1678170 551
1678180 551
1678190 550
1678200 550
1678210 550
1678220 550
1678230 550
1678240 550
1678250 550
1678260 550
1678270 551
1678280 551
1678290 551
1678300 551
1678310 551
1678320 551
1678330 551
1678340 552
1678350 552
1678360 552
1678370 552
1678380 552
1678390 552
1678400 552
1678410 552
1678420 553
1678430 553
1678440 553
1678450 553
1678460 553
1678470 553
1678480 554
1678490 554
1678500 554
1678510 554
1678520 554
1678530 554
1678540 554
1678550 554
1678560 554
1678570 554
1678580 554
1678590 554
1678600 554
1678610 554
1678620 554
1678630 554
1678640 554
1678650 554
1678660 554
1678670 554
1678680 554
1678690 554
1678700 554
1678710 554
1678720 554
1678730 554
1678740 553
1678750 553
1678760 553
1678770 553
1678780 552
1678790 552
1678800 551
1678810 551
1678820 551
1678830 550
1678840 550
1678850 550
1678860 549
1678870 549
1678880 549
1678890 548
1678900 548
1678910 548
1678920 547
1678930 547
1678940 546
1678950 546
1678960 546
1678970 545
1678980 543
1678990 543
1679000 542
1679010 543
1679020 543
1679030 543
1679040 543
1679050 543
1679060 543
1679070 541
1679080 541
1679090 542
1679100 544
1679110 544
1679120 547
1679130 547
1679140 547
1679150 547
1679160 546
1679170 546
1679180 546
1679190 546
1679200 546
1679210 546
1679220 546
1679230 546
1679240 547
1679250 547
1679260 547
1679270 548
1679280 548
1679290 548
1679300 549
1679310 549
1679320 549
1679330 550
1679340 550
1679350 550
1679360 550
1679370 551
1679380 551
1679390 551
1679400 551
1679410 551
1679420 551
1679430 552
1679440 552
1679450 552
1679460 552
1679470 551
1679480 551
1679490 551
1679500 552
1679510 552
1679520 552
1679530 551
1679540 551
1679550 551
1679560 551
1679570 551
1679580 551
1679590 550
1679600 550
1679610 550
1679620 550
1679630 549
1679640 549
1679650 549
1679660 549
1679670 549
1679680 549
1679690 549
1679700 549
1679710 548
1679720 548
1679730 548
1679740 548
1679750 548
1679760 548
1679770 549
1679780 549
1679790 549
1679800 549
1679810 550
1679820 550
1679830 550
1679840 551
1679850 551
1679860 551
1679870 552
1679880 552
1679890 552
1679900 552
1679910 552
1679920 552
1679930 552
1679940 552
1679950 553
1679960 553
1679970 553
1679980 553
1679990 553
