1667250 485
1667260 485
1667270 486
1667280 486
1667290 486
1667300 486
1667310 486
1667320 486
1667330 486
1667340 485
1667350 485
1667360 485
1667370 485
1667380 485
1667390 485
1667400 485
1667410 485
1667420 485
1667430 485
1667440 485
1667450 484
1667460 484
1667470 484
1667480 484
1667490 484
1667500 484
1667510 484
1667520 484
1667530 484
1667540 484
1667550 484
1667560 484
1667570 484
1667580 484
1667590 484
1667600 484
1667610 484
1667620 484
1667630 484
1667640 484
1667650 483
1667660 483
1667670 483
1667680 483
1667690 483
1667700 483
1667710 483
1667720 482
1667730 482
1667740 482
1667750 482
1667760 482
1667770 483
1667780 483
1667790 483
1667800 483
1667810 483
1667820 483
1667830 483
1667840 483
1667850 483
1667860 483
1667870 483
1667880 484
1667890 484
1667900 484
1667910 484
1667920 483
1667930 483
1667940 483
1667950 483
1667960 483
1667970 483
1667980 483
1667990 483
1668000 483
1668010 483
1668020 483
1668030 483
1668040 483
1668050 483
1668060 482
1668070 482
1668080 482
1668090 482
1668100 483
1668110 483
1668120 483
1668130 483
1668140 483
1668150 483
1668160 484
1668170 484
1668180 484
1668190 484
1668200 484
1668210 484
1668220 484
1668230 484
1668240 484
1668250 483
1668260 483
1668270 483
1668280 483
1668290 483
1668300 482
1668310 482
1668320 482
1668330 481
1668340 481
1668350 481
1668360 481
1668370 481
1668380 480
1668390 481
1668400 481
1668410 481
1668420 481
1668430 481
1668440 481
1668450 481
1668460 481
1668470 481
1668480 481
1668490 481
1668500 480
1668510 480
1668520 480
1668530 480
1668540 477
1668550 477
1668560 473
1668570 472
1668580 472
1668590 472
1668600 472
1668610 472
1668620 472
1668630 473
1668640 473
1668650 473
1668660 473
1668670 473
1668680 472
1668690 472
1668700 472
1668710 473
1668720 473
1668730 473
1668740 473
1668750 473
1668760 473
1668770 473
1668780 473
1668790 473
1668800 473
1668810 474
1668820 474
1668830 474
1668840 475
1668850 475
1668860 476
1668870 476
1668880 480
1668890 484
1668900 484
1668910 488
1668920 489
1668930 489
1668940 491
1668950 492
1668960 492
1668970 492
1668980 492
1668990 492
1669000 493
1669010 493
1669020 493
1669030 493
1669040 493
1669050 493
1669060 492
1669070 492
1669080 492
1669090 492
1669100 492
1669110 492
1669120 491
1669130 491
1669140 491
1669150 491
1669160 491
1669170 491
1669180 491
1669190 491
1669200 491
1669210 492
1669220 492
1669230 492
1669240 492
1669250 492
1669260 492
1669270 493
1669280 493
1669290 493
1669300 494
1669310 494
1669320 494
1669330 495
1669340 495
1669350 495
1669360 496
1669370 496
1669380 497
1669390 498
1669400 498
1669410 500
1669420 501
1669430 501
1669440 503
1669450 504
1669460 504
1669470 505
1669480 505
1669490 505
1669500 505
1669510 506
1669520 505
1669530 506
1669540 506
1669550 506
1669560 506
1669570 506
1669580 506
1669590 506
1669600 507
1669610 507
1669620 507
1669630 507
1669640 507
1669650 507
1669660 508
1669670 508
1669680 508
1669690 509
1669700 509
1669710 510
1669720 509
1669730 509
1669740 508
1669750 507
1669760 507
1669770 506
1669780 506
1669790 506
1669800 506
1669810 506
1669820 506
1669830 505
1669840 505
1669850 505
1669860 506
1669870 506
1669880 506
1669890 506
1669900 506
1669910 507
1669920 507
1669930 507
1669940 508
1669950 508
1669960 508
1669970 508
1669980 509
1669990 509
1670000 509
1670010 510
1670020 510
1670030 510
1670040 511
1670050 511
1670060 511
1670070 512
1670080 512
1670090 513
1670100 513
1670110 513
1670120 513
1670130 513
1670140 513
1670150 514
1670160 515
1670170 515
1670180 516
1670190 516
1670200 516
1670210 517
1670220 518
1670230 517
1670240 518
1670250 519
1670260 519
1670270 520
1670280 521
1670290 521
1670300 521
1670310 522
1670320 522
1670330 522
1670340 523
1670350 523
1670360 523
1670370 524
1670380 524
1670390 524
1670400 524
1670410 524
1670420 525
1670430 525
1670440 525
1670450 524
1670460 524
1670470 523
1670480 522
1670490 522
1670500 521
1670510 520
1670520 520
1670530 519
1670540 518
1670550 518
1670560 517
1670570 516
1670580 516
1670590 515
1670600 514
1670610 514
1670620 513
1670630 512
1670640 512
1670650 512
1670660 511
1670670 511
1670680 511
1670690 510
1670700 510
1670710 510
1670720 508
1670730 508
1670740 507
1670750 505
1670760 505
1670770 505
1670780 504
1670790 504
1670800 503
1670810 503
1670820 503
1670830 502
1670840 501
1670850 501
1670860 501
1670870 500
1670880 500
1670890 500
1670900 500
1670910 499
1670920 499
1670930 499
1670940 499
1670950 499
1670960 499
1670970 499
1670980 498
1670990 498
1671000 499
1671010 499
1671020 499
1671030 500
1671040 500
1671050 500
1671060 500
1671070 500
1671080 500
1671090 500
1671100 500
1671110 500
1671120 501
1671130 502
1671140 502
1671150 502
1671160 503
1671170 503
1671180 503
1671190 503
1671200 503
1671210 503
1671220 503
1671230 503
1671240 503
1671250 503
1671260 503
1671270 503
1671280 502
1671290 502
1671300 502
1671310 502
1671320 502
1671330 502
1671340 501
1671350 501
1671360 500
1671370 500
1671380 500
1671390 499
1671400 499
1671410 498
1671420 497
1671430 497
1671440 497
1671450 496
1671460 496
1671470 496
1671480 495
1671490 495
1671500 495
1671510 495
1671520 495
1671530 495
1671540 495
1671550 495
1671560 495
1671570 494
1671580 494
1671590 494
1671600 495
1671610 495
1671620 495
1671630 494
1671640 495
1671650 494
1671660 493
1671670 493
1671680 492
1671690 492
1671700 492
1671710 494
1671720 494
1671730 494
1671740 494
1671750 495
1671760 495
1671770 496
1671780 497
1671790 497
1671800 500
1671810 502
1671820 502
1671830 503
1671840 503
1671850 503
1671860 502
1671870 502
1671880 502
1671890 501
1671900 501
1671910 501
1671920 501
1671930 501
1671940 501
1671950 501
1671960 501
1671970 501
1671980 502
1671990 502
1672000 502
1672010 503
1672020 503
1672030 504
1672040 505
1672050 505
1672060 505
1672070 505
1672080 505
1672090 504
1672100 502
1672110 502
1672120 499
1672130 499
1672140 499
1672150 499
1672160 499
1672170 499
1672180 499
1672190 501
1672200 501
1672210 503
1672220 504
1672230 504
1672240 504
1672250 503
1672260 503
1672270 503
1672280 502
1672290 502
1672300 502
1672310 502
1672320 502
1672330 501
1672340 501
1672350 501
1672360 501
1672370 501
1672380 501
1672390 500
1672400 500
1672410 500
1672420 500
1672430 500
1672440 499
1672450 498
1672460 498
1672470 500
1672480 500
1672490 500
1672500 500
1672510 501
1672520 501
1672530 501
1672540 501
1672550 501
1672560 502
1672570 503
1672580 503
1672590 504
1672600 505
1672610 505
1672620 505
1672630 507
1672640 507
1672650 508
1672660 509
1672670 509
1672680 510
1672690 512
1672700 512
1672710 513
1672720 513
1672730 513
1672740 513
1672750 512
1672760 512
1672770 512
1672780 512
1672790 512
1672800 512
1672810 512
1672820 512
1672830 512
1672840 512
1672850 512
1672860 512
1672870 511
1672880 511
1672890 511
1672900 511
1672910 510
1672920 509
1672930 509
1672940 509
1672950 508
1672960 508
1672970 508
1672980 508
1672990 508
1673000 507
1673010 508
1673020 508
1673030 509
1673040 509
1673050 509
1673060 511
1673070 512
1673080 512
1673090 512
1673100 512
1673110 512
1673120 512
1673130 511
1673140 511
1673150 510
1673160 507
1673170 507
1673180 506
1673190 504
1673200 504
1673210 503
1673220 502
1673230 502
1673240 502
1673250 502
1673260 502
1673270 502
1673280 501
1673290 501
1673300 501
1673310 502
1673320 502
1673330 502
1673340 501
1673350 501
1673360 501
1673370 502
1673380 502
1673390 502
1673400 502
1673410 501
1673420 501
1673430 501
1673440 501
1673450 501
1673460 501
1673470 501
1673480 501
1673490 501
1673500 501
1673510 501
1673520 501
1673530 501
1673540 501
1673550 501
1673560 501
1673570 501
1673580 501
1673590 501
1673600 501
1673610 501
1673620 501
1673630 501
1673640 501
1673650 501
1673660 501
1673670 501
1673680 501
1673690 501
1673700 501
1673710 501
1673720 501
1673730 501
1673740 501
1673750 502
1673760 502
1673770 502
1673780 502
1673790 502
1673800 502
1673810 502
1673820 502
1673830 502
1673840 502
1673850 502
1673860 501
1673870 501
1673880 501
1673890 502
1673900 502
1673910 502
1673920 502
1673930 502
1673940 502
1673950 502
1673960 502
1673970 502
1673980 502
1673990 502
1674000 502
1674010 502
1674020 502
1674030 502
1674040 502
1674050 502
1674060 501
1674070 501
1674080 501
1674090 501
1674100 501
1674110 501
1674120 501
1674130 502
1674140 502
1674150 502
1674160 503
1674170 503
1674180 504
1674190 505
1674200 505
1674210 505
1674220 506
1674230 506
1674240 507
1674250 507
1674260 507
1674270 507
1674280 508
1674290 508
1674300 508
1674310 509
1674320 509
1674330 509
1674340 509
1674350 509
1674360 509
1674370 510
1674380 510
1674390 510
1674400 510
1674410 511
1674420 511
1674430 511
1674440 511
1674450 512
1674460 512
1674470 512
1674480 513
1674490 513
1674500 514
1674510 514
1674520 514
1674530 514
1674540 515
1674550 515
1674560 515
1674570 516
1674580 516
1674590 516
1674600 516
1674610 516
1674620 515
1674630 515
1674640 515
1674650 515
1674660 515
1674670 515
1674680 515
1674690 515
1674700 515
1674710 514
1674720 514
1674730 514
1674740 513
1674750 511
1674760 511
1674770 510
1674780 507
1674790 507
1674800 504
1674810 503
1674820 503
1674830 504
1674840 505
1674850 505
1674860 505
1674870 505
1674880 505
1674890 505
1674900 505
1674910 505
1674920 505
1674930 505
1674940 505
1674950 506
1674960 506
1674970 506
1674980 506
1674990 506
1675000 507
1675010 507
1675020 507
1675030 507
1675040 507
1675050 507
1675060 508
1675070 508
1675080 508
1675090 508
1675100 508
1675110 509
1675120 509
1675130 509
1675140 509
1675150 508
1675160 509
1675170 509
1675180 508
1675190 508
1675200 508
1675210 508
1675220 508
1675230 508
1675240 508
1675250 508
1675260 508
1675270 508
1675280 508
1675290 508
1675300 508
1675310 508
1675320 508
1675330 508
1675340 508
1675350 508
1675360 508
1675370 508
1675380 508
1675390 508
1675400 508
1675410 508
1675420 508
1675430 508
1675440 508
1675450 508
1675460 508
1675470 508
1675480 507
1675490 507
1675500 507
1675510 507
1675520 507
1675530 508
1675540 508
1675550 508
1675560 508
1675570 509
1675580 509
1675590 510
1675600 510
1675610 510
1675620 511
1675630 512
1675640 512
1675650 512
1675660 512
1675670 512
1675680 513
1675690 513
1675700 513
1675710 514
1675720 516
1675730 516
1675740 517
1675750 519
1675760 519
1675770 519
1675780 519
1675790 519
1675800 519
1675810 519
1675820 519
1675830 519
1675840 518
1675850 518
1675860 518
1675870 519
1675880 519
1675890 519
1675900 519
1675910 518
1675920 519
1675930 519
1675940 519
1675950 519
1675960 519
1675970 519
1675980 520
1675990 520
1676000 520
1676010 521
1676020 521
1676030 522
1676040 522
1676050 522
1676060 523
1676070 523
1676080 523
1676090 523
1676100 523
1676110 523
1676120 523
1676130 522
1676140 522
1676150 521
1676160 520
1676170 520
1676180 520
1676190 520
1676200 520
1676210 519
1676220 519
1676230 519
1676240 519
1676250 519
1676260 519
1676270 519
1676280 519
1676290 519
1676300 519
1676310 519
1676320 519
1676330 518
1676340 518
1676350 518
1676360 518
1676370 518
1676380 518
1676390 518
1676400 518
1676410 518
1676420 518
1676430 518
1676440 518
1676450 519
1676460 519
1676470 519
1676480 519
1676490 519
1676500 518
1676510 518
1676520 518
1676530 518
1676540 518
1676550 518
1676560 518
1676570 518
1676580 518
1676590 518
1676600 518
1676610 518
1676620 518
1676630 518
1676640 518
1676650 519
1676660 519
1676670 519
1676680 518
1676690 518
1676700 518
1676710 518
1676720 519
1676730 519
1676740 519
1676750 519
1676760 519
1676770 520
1676780 520
1676790 520
1676800 521
1676810 521
1676820 521
1676830 522
1676840 523
1676850 523
1676860 523
1676870 524
1676880 524
1676890 523
1676900 523
1676910 523
1676920 522
1676930 522
1676940 521
1676950 521
1676960 521
1676970 521
1676980 520
1676990 520
1677000 520
1677010 520
1677020 520
1677030 520
1677040 520
1677050 520
1677060 520
1677070 520
1677080 520
1677090 520
1677100 520
1677110 520
1677120 520
1677130 521
1677140 521
1677150 520
1677160 520
1677170 520
1677180 520
1677190 520
1677200 520
1677210 520
1677220 520
1677230 520
1677240 520
1677250 520
1677260 520
1677270 520
1677280 520
1677290 520
1677300 520
1677310 520
1677320 520
1677330 520
1677340 520
1677350 520
1677360 520
1677370 520
1677380 520
1677390 520
1677400 520
1677410 520
1677420 520
1677430 520
1677440 521
1677450 521
1677460 521
1677470 521
1677480 521
1677490 521
1677500 520
1677510 520
1677520 520
1677530 520
1677540 520
1677550 520
1677560 520
1677570 520
1677580 520
1677590 520
1677600 520
1677610 520
1677620 520
1677630 519
1677640 519
1677650 519
1677660 518
1677670 518
1677680 517
1677690 517
1677700 517
1677710 517
1677720 518
1677730 518
1677740 518
1677750 519
1677760 519
1677770 520
1677780 521
1677790 521
1677800 523
1677810 524
1677820 524
1677830 525
1677840 527
1677850 527
1677860 528
1677870 529
1677880 529
1677890 529
1677900 529
1677910 529
1677920 529
1677930 529
1677940 528
1677950 527
1677960 527
1677970 526
1677980 525
1677990 525
1678000 525
1678010 524
1678020 524
1678030 524
1678040 523
1678050 523
1678060 523
1678070 522
1678080 522
1678090 522
1678100 522
1678110 522
1678120 522
1678130 522
1678140 522
1678150 522
1678160 522
1678170 522
1678180 522
1678190 522
1678200 522
1678210 522
1678220 522
1678230 522
1678240 523
1678250 523
1678260 523
1678270 524
1678280 524
1678290 524
1678300 525
1678310 526
1678320 526
1678330 526
1678340 527
1678350 527
1678360 528
1678370 528
1678380 528
1678390 529
1678400 530
1678410 530
1678420 530
1678430 530
1678440 530
1678450 530
1678460 530
1678470 530
1678480 530
1678490 530
1678500 530
1678510 531
1678520 530
1678530 531
1678540 531
1678550 531
1678560 531
1678570 531
1678580 531
1678590 530
1678600 529
1678610 529
1678620 529
1678630 529
1678640 529
1678650 528
1678660 527
1678670 527
1678680 527
1678690 527
1678700 527
1678710 527
1678720 526
1678730 526
1678740 526
1678750 525
1678760 525
1678770 525
1678780 525
1678790 525
1678800 524
1678810 524
1678820 524
1678830 523
1678840 523
1678850 523
1678860 525
1678870 527
1678880 527
1678890 528
1678900 528
1678910 528
1678920 530
1678930 530
1678940 530
1678950 531
1678960 531
1678970 532
1678980 532
1678990 532
1679000 532
1679010 532
1679020 532
1679030 532
1679040 532
1679050 532
1679060 530
1679070 529
1679080 529
1679090 528
1679100 526
1679110 526
1679120 525
1679130 524
1679140 524
1679150 523
1679160 522
1679170 522
1679180 522
1679190 523
1679200 523
1679210 523
1679220 522
1679230 522
1679240 521
1679250 521
1679260 521
1679270 521
1679280 520
1679290 520
1679300 520
1679310 521
1679320 521
1679330 521
1679340 521
1679350 521
1679360 522
1679370 523
1679380 523
1679390 524
1679400 524
1679410 524
1679420 525
1679430 525
1679440 525
1679450 525
1679460 525
1679470 526
1679480 525
1679490 525
1679500 524
1679510 523
1679520 523
1679530 521
1679540 520
1679550 520
1679560 519
1679570 518
1679580 518
1679590 518
1679600 518
1679610 518
1679620 518
1679630 518
1679640 518
1679650 518
1679660 518
1679670 518
1679680 518
1679690 518
1679700 518
1679710 518
1679720 518
1679730 518
1679740 518
1679750 519
1679760 519
1679770 519
1679780 519
1679790 519
1679800 520
1679810 520
1679820 520
1679830 521
1679840 522
1679850 522
1679860 525
1679870 526
1679880 526
1679890 527
1679900 528
1679910 528
1679920 531
1679930 531
1679940 533
1679950 537
1679960 537
1679970 540
1679980 542
1679990 542
