1665150 479
1665160 479
1665170 479
1665180 480
1665190 480
1665200 480
1665210 480
1665220 481
1665230 481
1665240 481
1665250 481
1665260 481
1665270 481
1665280 482
1665290 482
1665300 483
1665310 483
1665320 484
1665330 485
1665340 485
1665350 486
1665360 486
1665370 486
1665380 487
1665390 488
1665400 488
1665410 488
1665420 488
1665430 488
1665440 488
1665450 488
1665460 488
1665470 488
1665480 487
1665490 487
1665500 486
1665510 485
1665520 485
1665530 484
1665540 484
1665550 484
1665560 484
1665570 482
1665580 482
1665590 480
1665600 478
1665610 478
1665620 476
1665630 475
1665640 475
1665650 473
1665660 471
1665670 471
1665680 470
1665690 470
1665700 470
1665710 470
1665720 470
1665730 470
1665740 470
1665750 469
1665760 469
1665770 469
1665780 469
1665790 472
1665800 473
1665810 473
1665820 474
1665830 474
1665840 474
1665850 474
1665860 474
1665870 474
1665880 473
1665890 473
1665900 473
1665910 474
1665920 474
1665930 474
1665940 474
1665950 473
1665960 473
1665970 474
1665980 475
1665990 475
1666000 476
1666010 477
1666020 477
1666030 478
1666040 479
1666050 479
1666060 479
1666070 479
1666080 479
1666090 479
1666100 479
1666110 479
1666120 479
1666130 479
1666140 479
1666150 480
1666160 480
1666170 480
1666180 480
1666190 481
1666200 481
1666210 481
1666220 481
1666230 481
1666240 482
1666250 482
1666260 482
1666270 482
1666280 482
1666290 482
1666300 482
1666310 482
1666320 483
1666330 483
1666340 483
1666350 483
1666360 483
1666370 483
1666380 483
1666390 483
1666400 483
1666410 484
1666420 484
1666430 484
1666440 484
1666450 485
1666460 485
1666470 485
1666480 485
1666490 485
1666500 485
1666510 485
1666520 485
1666530 485
1666540 485
1666550 485
1666560 485
1666570 486
1666580 486
1666590 486
1666600 486
1666610 486
1666620 487
1666630 487
1666640 487
1666650 487
1666660 487
1666670 487
1666680 487
1666690 487
1666700 487
1666710 488
1666720 488
1666730 488
1666740 488
1666750 488
1666760 488
1666770 488
1666780 488
1666790 488
1666800 488
1666810 488
1666820 487
1666830 487
1666840 487
1666850 487
1666860 486
1666870 486
1666880 486
1666890 486
1666900 486
1666910 486
1666920 485
1666930 485
1666940 485
1666950 485
1666960 485
1666970 484
1666980 485
1666990 485
1667000 485
1667010 485
1667020 485
1667030 484
1667040 484
1667050 484
1667060 484
1667070 484
1667080 484
1667090 484
1667100 484
1667110 484
1667120 484
1667130 484
1667140 484
1667150 484
1667160 485
1667170 485
1667180 485
1667190 485
1667200 485
1667210 486
1667220 486
1667230 486
1667240 486
1667250 486
1667260 486
1667270 486
1667280 486
1667290 486
1667300 486
1667310 486
1667320 486
1667330 487
1667340 487
1667350 487
1667360 487
1667370 487
1667380 487
1667390 487
1667400 487
1667410 488
1667420 489
1667430 489
1667440 489
1667450 490
1667460 490
1667470 490
1667480 490
1667490 490
1667500 491
1667510 491
1667520 491
1667530 492
1667540 492
1667550 492
1667560 493
1667570 494
1667580 494
1667590 494
1667600 495
1667610 495
1667620 497
1667630 497
1667640 497
1667650 498
1667660 498
1667670 499
1667680 500
1667690 500
1667700 503
1667710 504
1667720 504
1667730 505
1667740 506
1667750 506
1667760 506
1667770 506
1667780 506
1667790 506
1667800 506
1667810 506
1667820 506
1667830 506
1667840 506
1667850 507
1667860 507
1667870 507
1667880 508
1667890 509
1667900 509
1667910 509
1667920 510
1667930 510
1667940 508
1667950 508
1667960 508
1667970 508
1667980 508
1667990 508
1668000 508
1668010 508
1668020 508
1668030 507
1668040 507
1668050 507
1668060 507
1668070 507
1668080 507
1668090 508
1668100 508
1668110 508
1668120 508
1668130 508
1668140 509
1668150 509
1668160 509
1668170 509
1668180 510
1668190 510
1668200 510
1668210 511
1668220 511
1668230 511
1668240 511
1668250 511
1668260 512
1668270 512
1668280 512
1668290 513
1668300 514
1668310 514
1668320 515
1668330 516
1668340 516
1668350 517
1668360 518
1668370 518
1668380 519
1668390 520
1668400 520
1668410 520
1668420 520
1668430 520
1668440 521
1668450 521
1668460 521
1668470 523
1668480 524
1668490 524
1668500 525
1668510 526
1668520 526
1668530 526
1668540 526
1668550 526
1668560 527
1668570 528
1668580 528
1668590 528
1668600 528
1668610 528
1668620 527
1668630 527
1668640 526
1668650 525
1668660 525
1668670 524
1668680 523
1668690 523
1668700 523
1668710 522
1668720 522
1668730 522
1668740 521
1668750 521
1668760 521
1668770 521
1668780 521
1668790 520
1668800 520
1668810 520
1668820 520
1668830 520
1668840 520
1668850 520
1668860 520
1668870 520
1668880 520
1668890 519
1668900 519
1668910 519
1668920 519
1668930 519
1668940 519
1668950 520
1668960 520
1668970 520
1668980 520
1668990 520
1669000 520
1669010 520
1669020 520
1669030 520
1669040 520
1669050 520
1669060 520
1669070 520
1669080 520
1669090 521
1669100 521
1669110 521
1669120 521
1669130 521
1669140 521
1669150 522
1669160 522
1669170 522
1669180 522
1669190 522
1669200 522
1669210 522
1669220 522
1669230 522
1669240 522
1669250 522
1669260 522
1669270 522
1669280 522
1669290 522
1669300 522
1669310 522
1669320 522
1669330 523
1669340 523
1669350 523
1669360 523
1669370 523
1669380 523
1669390 524
1669400 524
1669410 524
1669420 524
1669430 524
1669440 524
1669450 525
1669460 525
1669470 526
1669480 527
1669490 527
1669500 528
1669510 529
1669520 529
1669530 529
1669540 529
1669550 530
1669560 530
1669570 530
1669580 530
1669590 530
1669600 530
1669610 531
1669620 532
1669630 532
1669640 533
1669650 534
1669660 534
1669670 535
1669680 535
1669690 535
1669700 535
1669710 536
1669720 536
1669730 536
1669740 535
1669750 535
1669760 534
1669770 534
1669780 534
1669790 534
1669800 534
1669810 534
1669820 534
1669830 534
1669840 534
1669850 534
1669860 534
1669870 534
1669880 535
1669890 535
1669900 535
1669910 536
1669920 537
1669930 537
1669940 537
1669950 538
1669960 538
1669970 538
1669980 538
1669990 539
1670000 539
1670010 539
1670020 539
1670030 539
1670040 539
1670050 540
1670060 541
1670070 541
1670080 540
1670090 540
1670100 540
1670110 541
1670120 540
1670130 540
1670140 540
1670150 540
1670160 540
1670170 540
1670180 539
1670190 539
1670200 539
1670210 539
1670220 539
1670230 539
1670240 539
1670250 539
1670260 539
1670270 540
1670280 540
1670290 540
1670300 540
1670310 540
1670320 540
1670330 540
1670340 540
1670350 541
1670360 540
1670370 540
1670380 540
1670390 540
1670400 540
1670410 540
1670420 540
1670430 540
1670440 540
1670450 540
1670460 540
1670470 540
1670480 540
1670490 540
1670500 541
1670510 541
1670520 541
1670530 541
1670540 541
1670550 542
1670560 542
1670570 542
1670580 542
1670590 542
1670600 542
1670610 542
1670620 543
1670630 543
1670640 543
1670650 543
1670660 543
1670670 543
1670680 543
1670690 543
1670700 542
1670710 542
1670720 542
1670730 542
1670740 541
1670750 541
1670760 541
1670770 540
1670780 540
1670790 540
1670800 540
1670810 540
1670820 539
1670830 539
1670840 539
1670850 539
1670860 539
1670870 539
1670880 539
1670890 539
1670900 539
1670910 539
1670920 539
1670930 539
1670940 540
1670950 540
1670960 540
1670970 540
1670980 540
1670990 540
1671000 540
1671010 540
1671020 540
1671030 540
1671040 540
1671050 540
1671060 540
1671070 540
1671080 540
1671090 540
1671100 540
1671110 540
1671120 540
1671130 540
1671140 540
1671150 541
1671160 541
1671170 541
1671180 541
1671190 541
1671200 541
1671210 541
1671220 541
1671230 542
1671240 543
1671250 543
1671260 543
1671270 544
1671280 544
1671290 544
1671300 545
1671310 545
1671320 545
1671330 546
1671340 546
1671350 546
1671360 547
1671370 547
1671380 547
1671390 547
1671400 547
1671410 547
1671420 547
1671430 547
1671440 547
1671450 547
1671460 547
1671470 547
1671480 547
1671490 547
1671500 547
1671510 547
1671520 547
1671530 547
1671540 547
1671550 547
1671560 547
1671570 547
1671580 547
1671590 547
1671600 547
1671610 547
1671620 547
1671630 547
1671640 548
1671650 548
1671660 548
1671670 549
1671680 549
1671690 549
1671700 550
1671710 550
1671720 550
1671730 551
1671740 552
1671750 552
1671760 552
1671770 553
1671780 553
1671790 553
1671800 553
1671810 553
1671820 554
1671830 554
1671840 554
1671850 555
1671860 555
1671870 555
1671880 555
1671890 555
1671900 556
1671910 556
1671920 556
1671930 556
1671940 557
1671950 557
1671960 558
1671970 558
1671980 558
1671990 559
1672000 560
1672010 560
1672020 560
1672030 560
1672040 560
1672050 561
1672060 562
1672070 562
1672080 563
1672090 564
1672100 564
1672110 565
1672120 566
1672130 566
1672140 567
1672150 568
1672160 568
1672170 570
1672180 569
1672190 569
1672200 569
1672210 569
1672220 569
1672230 569
1672240 569
1672250 569
1672260 569
1672270 570
1672280 570
1672290 570
1672300 571
1672310 571
1672320 571
1672330 571
1672340 572
1672350 572
1672360 572
1672370 573
1672380 573
1672390 573
1672400 574
1672410 574
1672420 574
1672430 575
1672440 575
1672450 575
1672460 576
1672470 576
1672480 576
1672490 576
1672500 577
1672510 577
1672520 577
1672530 578
1672540 578
1672550 579
1672560 581
1672570 581
1672580 582
1672590 583
1672600 583
1672610 584
1672620 585
1672630 585
1672640 585
1672650 586
1672660 586
1672670 587
1672680 587
1672690 587
1672700 588
1672710 589
1672720 589
1672730 589
1672740 590
1672750 590
1672760 589
1672770 587
1672780 587
1672790 583
1672800 583
1672810 580
1672820 580
1672830 580
1672840 580
1672850 584
1672860 584
1672870 588
1672880 590
1672890 590
1672900 590
1672910 589
1672920 589
1672930 588
1672940 588
1672950 588
1672960 587
1672970 587
1672980 587
1672990 587
1673000 586
1673010 586
1673020 586
1673030 586
1673040 586
1673050 586
1673060 587
1673070 587
1673080 588
1673090 588
1673100 588
1673110 588
1673120 589
1673130 589
1673140 589
1673150 588
1673160 588
1673170 589
1673180 589
1673190 589
1673200 589
1673210 589
1673220 589
1673230 589
1673240 589
1673250 589
1673260 589
1673270 589
1673280 589
1673290 589
1673300 589
1673310 588
1673320 588
1673330 588
1673340 587
1673350 586
1673360 586
1673370 585
1673380 584
1673390 584
1673400 583
1673410 583
1673420 583
1673430 583
1673440 583
1673450 583
1673460 582
1673470 582
1673480 582
1673490 582
1673500 582
1673510 582
1673520 582
1673530 582
1673540 582
1673550 582
1673560 581
1673570 581
1673580 580
1673590 579
1673600 579
1673610 578
1673620 578
1673630 578
1673640 577
1673650 576
1673660 576
1673670 575
1673680 574
1673690 574
1673700 574
1673710 573
1673720 573
1673730 572
1673740 572
1673750 571
1673760 570
1673770 570
1673780 569
1673790 568
1673800 568
1673810 568
1673820 567
1673830 567
1673840 566
1673850 564
1673860 564
1673870 563
1673880 562
1673890 562
1673900 561
1673910 561
1673920 561
1673930 561
1673940 560
1673950 560
1673960 561
1673970 561
1673980 561
1673990 560
1674000 561
1674010 561
1674020 562
1674030 563
1674040 563
1674050 564
1674060 566
1674070 566
1674080 567
1674090 568
1674100 568
1674110 569
1674120 569
1674130 569
1674140 569
1674150 569
1674160 569
1674170 569
1674180 569
1674190 569
1674200 569
1674210 569
1674220 569
1674230 568
1674240 568
1674250 567
1674260 566
1674270 565
1674280 564
1674290 564
1674300 564
1674310 564
1674320 563
1674330 563
1674340 562
1674350 561
1674360 561
1674370 561
1674380 562
1674390 562
1674400 563
1674410 564
1674420 564
1674430 563
1674440 563
1674450 563
1674460 563
1674470 563
1674480 563
1674490 563
1674500 563
1674510 563
1674520 564
1674530 563
1674540 563
1674550 562
1674560 562
1674570 562
1674580 561
1674590 561
1674600 561
1674610 560
1674620 560
1674630 560
1674640 559
1674650 559
1674660 559
1674670 559
1674680 559
1674690 558
1674700 558
1674710 558
1674720 557
1674730 556
1674740 556
1674750 555
1674760 554
1674770 554
1674780 553
1674790 552
1674800 552
1674810 551
1674820 550
1674830 550
1674840 550
1674850 549
1674860 549
1674870 549
1674880 548
1674890 548
1674900 547
1674910 547
1674920 547
1674930 546
1674940 546
1674950 546
1674960 545
1674970 544
1674980 544
1674990 543
1675000 542
1675010 542
1675020 541
1675030 540
1675040 540
1675050 539
1675060 539
1675070 539
1675080 538
1675090 537
1675100 537
1675110 537
1675120 537
1675130 536
1675140 536
1675150 536
1675160 536
1675170 535
1675180 535
1675190 535
1675200 535
1675210 535
1675220 535
1675230 534
1675240 534
1675250 534
1675260 534
1675270 534
1675280 534
1675290 533
1675300 533
1675310 533
1675320 533
1675330 533
1675340 532
1675350 532
1675360 532
1675370 532
1675380 532
1675390 532
1675400 532
1675410 532
1675420 532
1675430 532
1675440 532
1675450 532
1675460 532
1675470 531
1675480 531
1675490 531
1675500 531
1675510 531
1675520 531
1675530 531
1675540 531
1675550 531
1675560 531
1675570 531
1675580 531
1675590 531
1675600 531
1675610 532
1675620 532
1675630 532
1675640 530
1675650 530
1675660 530
1675670 530
1675680 530
1675690 530
1675700 529
1675710 529
1675720 528
1675730 528
1675740 528
1675750 526
1675760 526
1675770 526
1675780 526
1675790 526
1675800 526
1675810 526
1675820 526
1675830 526
1675840 526
1675850 526
1675860 526
1675870 526
1675880 526
1675890 526
1675900 526
1675910 526
1675920 526
1675930 526
1675940 526
1675950 526
1675960 526
1675970 526
1675980 526
1675990 526
1676000 526
1676010 526
1676020 526
1676030 526
1676040 526
1676050 526
1676060 526
1676070 526
1676080 527
1676090 527
1676100 527
1676110 527
1676120 527
1676130 527
1676140 527
1676150 527
1676160 528
1676170 528
1676180 528
1676190 528
1676200 528
1676210 528
1676220 527
1676230 527
1676240 527
1676250 528
1676260 528
1676270 528
1676280 528
1676290 528
1676300 528
1676310 528
1676320 528
1676330 528
1676340 528
1676350 528
1676360 528
1676370 528
1676380 528
1676390 528
1676400 529
1676410 529
1676420 529
1676430 529
1676440 529
1676450 529
1676460 529
1676470 529
1676480 529
1676490 529
1676500 529
1676510 529
1676520 529
1676530 529
1676540 530
1676550 530
1676560 530
1676570 530
1676580 530
1676590 530
1676600 530
1676610 531
1676620 531
1676630 531
1676640 531
1676650 531
1676660 531
1676670 531
1676680 531
1676690 531
1676700 531
1676710 531
1676720 532
1676730 532
1676740 532
1676750 532
1676760 532
1676770 532
1676780 533
1676790 534
1676800 534
1676810 534
1676820 534
1676830 534
1676840 535
1676850 535
1676860 535
1676870 536
1676880 537
1676890 537
1676900 537
1676910 536
1676920 536
1676930 535
1676940 534
1676950 534
1676960 534
1676970 533
1676980 533
1676990 533
1677000 533
1677010 533
1677020 533
1677030 533
1677040 533
1677050 534
1677060 534
1677070 534
1677080 536
1677090 536
1677100 537
1677110 538
1677120 538
1677130 538
1677140 539
1677150 539
1677160 538
1677170 539
1677180 539
1677190 539
1677200 538
1677210 538
1677220 538
1677230 538
1677240 538
1677250 538
1677260 537
1677270 537
1677280 536
1677290 536
1677300 536
1677310 536
1677320 536
1677330 536
1677340 536
1677350 536
1677360 536
1677370 536
1677380 536
1677390 536
1677400 536
1677410 536
1677420 536
1677430 536
1677440 536
1677450 536
1677460 536
1677470 536
1677480 536
1677490 536
1677500 536
1677510 536
1677520 536
1677530 536
1677540 536
1677550 536
1677560 536
1677570 536
1677580 536
1677590 536
1677600 537
1677610 537
1677620 537
1677630 537
1677640 537
1677650 537
1677660 538
1677670 538
1677680 538
1677690 539
1677700 538
1677710 538
1677720 538
1677730 538
1677740 538
1677750 538
1677760 538
1677770 538
1677780 538
1677790 538
1677800 538
1677810 538
1677820 538
1677830 538
1677840 538
1677850 539
1677860 539
1677870 539
1677880 539
1677890 539
1677900 540
1677910 540
1677920 541
1677930 542
1677940 542
1677950 543
1677960 542
1677970 542
1677980 542
1677990 542
1678000 542
1678010 542
1678020 542
1678030 542
1678040 542
1678050 543
1678060 543
1678070 545
1678080 546
1678090 546
1678100 546
1678110 546
1678120 546
1678130 546
1678140 546
1678150 546
1678160 546
1678170 546
1678180 546
1678190 547
1678200 547
1678210 547
1678220 548
1678230 547
1678240 547
1678250 548
1678260 548
1678270 548
1678280 549
1678290 550
1678300 550
1678310 552
1678320 552
1678330 552
1678340 552
1678350 552
1678360 552
1678370 553
1678380 555
1678390 554
1678400 554
1678410 554
1678420 554
1678430 554
1678440 554
1678450 553
1678460 553
1678470 553
1678480 553
1678490 553
1678500 553
1678510 552
1678520 551
1678530 551
1678540 551
1678550 551
1678560 551
1678570 551
1678580 550
1678590 550
1678600 549
1678610 547
1678620 547
1678630 548
1678640 550
1678650 550
1678660 551
1678670 550
1678680 550
1678690 550
1678700 550
1678710 550
1678720 550
1678730 550
1678740 550
1678750 551
1678760 551
1678770 551
1678780 552
1678790 552
1678800 552
1678810 552
1678820 551
1678830 551
1678840 551
1678850 551
1678860 551
1678870 551
1678880 551
1678890 551
1678900 550
1678910 550
1678920 550
1678930 551
1678940 551
1678950 551
1678960 553
1678970 553
1678980 553
1678990 553
1679000 553
1679010 553
1679020 553
1679030 553
1679040 552
1679050 551
1679060 551
1679070 550
1679080 549
1679090 549
1679100 549
1679110 548
1679120 548
1679130 548
1679140 548
1679150 548
1679160 548
1679170 547
1679180 547
1679190 547
1679200 548
1679210 548
1679220 547
1679230 546
1679240 546
1679250 546
1679260 546
1679270 546
1679280 545
1679290 545
1679300 545
1679310 544
1679320 544
1679330 543
1679340 543
1679350 543
1679360 542
1679370 542
1679380 542
1679390 542
1679400 541
1679410 541
1679420 541
1679430 541
1679440 541
1679450 540
1679460 539
1679470 539
1679480 539
1679490 539
1679500 539
1679510 538
1679520 538
1679530 538
1679540 538
1679550 538
1679560 538
1679570 539
1679580 540
1679590 540
1679600 541
1679610 542
1679620 542
1679630 543
1679640 544
1679650 544
1679660 545
1679670 547
1679680 547
1679690 549
1679700 551
1679710 551
1679720 552
1679730 555
1679740 555
1679750 555
1679760 556
1679770 556
1679780 556
1679790 556
1679800 556
1679810 557
1679820 557
1679830 557
1679840 557
1679850 557
1679860 557
1679870 557
1679880 557
1679890 557
1679900 556
1679910 556
1679920 556
1679930 556
1679940 556
1679950 556
1679960 556
1679970 556
1679980 556
1679990 557
