1666150 485
1666160 485
1666170 485
1666180 486
1666190 486
1666200 487
1666210 487
1666220 487
1666230 487
1666240 488
1666250 488
1666260 488
1666270 490
1666280 490
1666290 491
1666300 493
1666310 493
1666320 495
1666330 498
1666340 498
1666350 499
1666360 499
1666370 500
1666380 501
1666390 501
1666400 502
1666410 503
1666420 503
1666430 504
1666440 504
1666450 504
1666460 505
1666470 506
1666480 506
1666490 506
1666500 507
1666510 507
1666520 507
1666530 507
1666540 507
1666550 507
1666560 507
1666570 507
1666580 507
1666590 506
1666600 506
1666610 506
1666620 506
1666630 506
1666640 507
1666650 508
1666660 508
1666670 509
1666680 508
1666690 508
1666700 509
1666710 508
1666720 508
1666730 506
1666740 505
1666750 505
1666760 504
1666770 504
1666780 504
1666790 503
1666800 503
1666810 503
1666820 503
1666830 503
1666840 503
1666850 503
1666860 503
1666870 503
1666880 504
1666890 504
1666900 505
1666910 506
1666920 506
1666930 508
1666940 509
1666950 509
1666960 509
1666970 509
1666980 509
1666990 508
1667000 506
1667010 506
1667020 504
1667030 501
1667040 501
1667050 499
1667060 497
1667070 497
1667080 495
1667090 493
1667100 492
1667110 490
1667120 489
1667130 489
1667140 488
1667150 488
1667160 488
1667170 488
1667180 487
1667190 487
1667200 486
1667210 485
1667220 485
1667230 485
1667240 485
1667250 485
1667260 485
1667270 485
1667280 485
1667290 485
1667300 485
1667310 485
1667320 485
1667330 485
1667340 485
1667350 486
1667360 486
1667370 486
1667380 487
1667390 487
1667400 487
1667410 487
1667420 487
1667430 488
1667440 488
1667450 488
1667460 488
1667470 489
1667480 489
1667490 490
1667500 491
1667510 491
1667520 491
1667530 492
1667540 492
1667550 493
1667560 494
1667570 494
1667580 494
1667590 495
1667600 495
1667610 496
1667620 498
1667630 498
1667640 499
1667650 500
1667660 500
1667670 502
1667680 504
1667690 504
1667700 505
1667710 506
1667720 506
1667730 507
1667740 507
1667750 508
1667760 509
1667770 509
1667780 510
1667790 511
1667800 511
1667810 512
1667820 514
1667830 514
1667840 514
1667850 514
1667860 514
1667870 514
1667880 514
1667890 514
1667900 514
1667910 514
1667920 514
1667930 515
1667940 516
1667950 516
1667960 515
1667970 514
1667980 514
1667990 514
1668000 514
1668010 514
1668020 513
1668030 513
1668040 513
1668050 513
1668060 513
1668070 513
1668080 513
1668090 513
1668100 513
1668110 513
1668120 514
1668130 514
1668140 515
1668150 516
1668160 516
1668170 517
1668180 517
1668190 518
1668200 517
1668210 517
1668220 516
1668230 516
1668240 516
1668250 516
1668260 516
1668270 516
1668280 515
1668290 515
1668300 515
1668310 514
1668320 514
1668330 514
1668340 514
1668350 514
1668360 514
1668370 514
1668380 514
1668390 514
1668400 514
1668410 514
1668420 514
1668430 514
1668440 515
1668450 515
1668460 515
1668470 515
1668480 515
1668490 515
1668500 515
1668510 515
1668520 516
1668530 516
1668540 516
1668550 517
1668560 517
1668570 517
1668580 518
1668590 519
1668600 519
1668610 520
1668620 520
1668630 520
1668640 521
1668650 521
1668660 522
1668670 523
1668680 523
1668690 525
1668700 526
1668710 526
1668720 527
1668730 529
1668740 529
1668750 531
1668760 533
1668770 533
1668780 534
1668790 534
1668800 534
1668810 534
1668820 535
1668830 535
1668840 535
1668850 537
1668860 537
1668870 538
1668880 539
1668890 539
1668900 540
1668910 541
1668920 541
1668930 541
1668940 541
1668950 541
1668960 541
1668970 541
1668980 541
1668990 542
1669000 542
1669010 542
1669020 542
1669030 541
1669040 541
1669050 541
1669060 540
1669070 540
1669080 540
1669090 540
1669100 539
1669110 539
1669120 539
1669130 539
1669140 539
1669150 539
1669160 539
1669170 538
1669180 538
1669190 538
1669200 538
1669210 538
1669220 538
1669230 538
1669240 538
1669250 537
1669260 537
1669270 537
1669280 537
1669290 537
1669300 537
1669310 537
1669320 537
1669330 537
1669340 536
1669350 536
1669360 536
1669370 535
1669380 535
1669390 535
1669400 535
1669410 535
1669420 535
1669430 536
1669440 536
1669450 536
1669460 537
1669470 538
1669480 538
1669490 539
1669500 541
1669510 541
1669520 543
1669530 545
1669540 545
1669550 547
1669560 547
1669570 548
1669580 549
1669590 549
1669600 549
1669610 550
1669620 550
1669630 550
1669640 551
1669650 551
1669660 552
1669670 553
1669680 553
1669690 553
1669700 553
1669710 553
1669720 553
1669730 554
1669740 554
1669750 555
1669760 556
1669770 556
1669780 555
1669790 555
1669800 555
1669810 555
1669820 557
1669830 557
1669840 557
1669850 558
1669860 558
1669870 559
1669880 560
1669890 560
1669900 561
1669910 561
1669920 561
1669930 561
1669940 560
1669950 559
1669960 559
1669970 559
1669980 559
1669990 559
1670000 559
1670010 560
1670020 560
1670030 560
1670040 560
1670050 560
1670060 560
1670070 560
1670080 560
1670090 560
1670100 560
1670110 560
1670120 560
1670130 559
1670140 558
1670150 558
1670160 557
1670170 556
1670180 556
1670190 555
1670200 554
1670210 554
1670220 553
1670230 552
1670240 552
1670250 552
1670260 551
1670270 551
1670280 551
1670290 550
1670300 550
1670310 550
1670320 549
1670330 549
1670340 549
1670350 549
1670360 549
1670370 549
1670380 549
1670390 549
1670400 550
1670410 549
1670420 549
1670430 548
1670440 547
1670450 547
1670460 547
1670470 547
1670480 547
1670490 547
1670500 547
1670510 547
1670520 547
1670530 547
1670540 547
1670550 547
1670560 547
1670570 546
1670580 546
1670590 546
1670600 545
1670610 545
1670620 545
1670630 545
1670640 544
1670650 544
1670660 543
1670670 542
1670680 542
1670690 542
1670700 541
1670710 541
1670720 541
1670730 540
1670740 540
1670750 540
1670760 540
1670770 540
1670780 539
1670790 538
1670800 538
1670810 538
1670820 538
1670830 538
1670840 537
1670850 537
1670860 537
1670870 536
1670880 535
1670890 535
1670900 534
1670910 534
1670920 534
1670930 535
1670940 535
1670950 537
1670960 539
1670970 539
1670980 541
1670990 540
1671000 540
1671010 540
1671020 539
1671030 539
1671040 539
1671050 538
1671060 538
1671070 538
1671080 537
1671090 537
1671100 537
1671110 536
1671120 536
1671130 535
1671140 535
1671150 535
1671160 534
1671170 534
1671180 534
1671190 533
1671200 533
1671210 533
1671220 532
1671230 532
1671240 532
1671250 532
1671260 531
1671270 531
1671280 531
1671290 531
1671300 531
1671310 532
1671320 532
1671330 532
1671340 533
1671350 533
1671360 533
1671370 534
1671380 534
1671390 534
1671400 535
1671410 535
1671420 535
1671430 536
1671440 536
1671450 536
1671460 537
1671470 537
1671480 537
1671490 538
1671500 538
1671510 538
1671520 538
1671530 538
1671540 539
1671550 539
1671560 539
1671570 540
1671580 540
1671590 540
1671600 541
1671610 541
1671620 541
1671630 541
1671640 541
1671650 541
1671660 541
1671670 541
1671680 541
1671690 542
1671700 542
1671710 542
1671720 544
1671730 545
1671740 545
1671750 545
1671760 546
1671770 546
1671780 547
1671790 548
1671800 548
1671810 550
1671820 550
1671830 551
1671840 553
1671850 553
1671860 555
1671870 557
1671880 557
1671890 559
1671900 559
1671910 559
1671920 560
1671930 560
1671940 560
1671950 560
1671960 558
1671970 558
1671980 557
1671990 557
1672000 557
1672010 557
1672020 557
1672030 557
1672040 558
1672050 558
1672060 558
1672070 559
1672080 560
1672090 560
1672100 560
1672110 561
1672120 561
1672130 561
1672140 562
1672150 562
1672160 563
1672170 564
1672180 564
1672190 564
1672200 566
1672210 566
1672220 567
1672230 569
1672240 569
1672250 572
1672260 574
1672270 574
1672280 576
1672290 576
1672300 577
1672310 578
1672320 578
1672330 580
1672340 581
1672350 581
1672360 582
1672370 583
1672380 583
1672390 583
1672400 583
1672410 583
1672420 582
1672430 580
1672440 580
1672450 579
1672460 580
1672470 580
1672480 583
1672490 584
1672500 584
1672510 585
1672520 585
1672530 585
1672540 586
1672550 587
1672560 587
1672570 587
1672580 588
1672590 588
1672600 589
1672610 590
1672620 590
1672630 590
1672640 592
1672650 592
1672660 593
1672670 594
1672680 594
1672690 595
1672700 596
1672710 596
1672720 597
1672730 597
1672740 598
1672750 598
1672760 597
1672770 599
1672780 601
1672790 601
1672800 602
1672810 603
1672820 603
1672830 604
1672840 605
1672850 605
1672860 605
1672870 606
1672880 606
1672890 606
1672900 606
1672910 606
1672920 607
1672930 607
1672940 607
1672950 607
1672960 607
1672970 607
1672980 606
1672990 606
1673000 606
1673010 606
1673020 606
1673030 606
1673040 605
1673050 604
1673060 604
1673070 603
1673080 602
1673090 602
1673100 600
1673110 599
1673120 599
1673130 598
1673140 598
1673150 598
1673160 597
1673170 597
1673180 597
1673190 596
1673200 596
1673210 596
1673220 596
1673230 596
1673240 596
1673250 596
1673260 596
1673270 596
1673280 596
1673290 596
1673300 596
1673310 596
1673320 596
1673330 595
1673340 594
1673350 594
1673360 594
1673370 593
1673380 593
1673390 593
1673400 593
1673410 593
1673420 593
1673430 593
1673440 593
1673450 592
1673460 588
1673470 588
1673480 588
1673490 588
1673500 588
1673510 588
1673520 587
1673530 587
1673540 585
1673550 584
1673560 584
1673570 582
1673580 579
1673590 579
1673600 578
1673610 578
1673620 578
1673630 577
1673640 577
1673650 575
1673660 573
1673670 573
1673680 572
1673690 572
1673700 572
1673710 571
1673720 570
1673730 570
1673740 569
1673750 569
1673760 569
1673770 569
1673780 569
1673790 569
1673800 569
1673810 568
1673820 568
1673830 568
1673840 568
1673850 568
1673860 569
1673870 568
1673880 568
1673890 567
1673900 566
1673910 566
1673920 565
1673930 564
1673940 564
1673950 563
1673960 562
1673970 562
1673980 561
1673990 560
1674000 560
1674010 559
1674020 559
1674030 559
1674040 558
1674050 557
1674060 557
1674070 556
1674080 555
1674090 555
1674100 554
1674110 554
1674120 553
1674130 552
1674140 552
1674150 552
1674160 552
1674170 552
1674180 551
1674190 551
1674200 551
1674210 551
1674220 551
1674230 551
1674240 550
1674250 550
1674260 550
1674270 551
1674280 551
1674290 551
1674300 551
1674310 551
1674320 551
1674330 551
1674340 551
1674350 551
1674360 550
1674370 550
1674380 550
1674390 548
1674400 547
1674410 547
1674420 546
1674430 546
1674440 546
1674450 545
1674460 544
1674470 544
1674480 543
1674490 543
1674500 543
1674510 542
1674520 541
1674530 541
1674540 540
1674550 540
1674560 539
1674570 540
1674580 540
1674590 542
1674600 544
1674610 544
1674620 545
1674630 546
1674640 546
1674650 545
1674660 544
1674670 544
1674680 544
1674690 545
1674700 545
1674710 544
1674720 544
1674730 544
1674740 545
1674750 546
1674760 546
1674770 547
1674780 549
1674790 549
1674800 550
1674810 550
1674820 550
1674830 551
1674840 551
1674850 551
1674860 551
1674870 550
1674880 550
1674890 549
1674900 548
1674910 548
1674920 548
1674930 547
1674940 547
1674950 547
1674960 546
1674970 546
1674980 546
1674990 546
1675000 546
1675010 546
1675020 546
1675030 546
1675040 547
1675050 547
1675060 547
1675070 546
1675080 546
1675090 545
1675100 543
1675110 543
1675120 542
1675130 540
1675140 540
1675150 539
1675160 537
1675170 537
1675180 534
1675190 533
1675200 533
1675210 531
1675220 531
1675230 531
1675240 530
1675250 529
1675260 529
1675270 528
1675280 528
1675290 528
1675300 528
1675310 528
1675320 528
1675330 528
1675340 528
1675350 528
1675360 528
1675370 527
1675380 527
1675390 527
1675400 527
1675410 527
1675420 527
1675430 527
1675440 527
1675450 527
1675460 527
1675470 528
1675480 528
1675490 528
1675500 528
1675510 528
1675520 528
1675530 528
1675540 528
1675550 528
1675560 529
1675570 529
1675580 529
1675590 529
1675600 530
1675610 530
1675620 530
1675630 530
1675640 530
1675650 530
1675660 531
1675670 531
1675680 531
1675690 531
1675700 531
1675710 531
1675720 531
1675730 531
1675740 532
1675750 532
1675760 532
1675770 532
1675780 532
1675790 532
1675800 532
1675810 532
1675820 532
1675830 532
1675840 532
1675850 532
1675860 532
1675870 533
1675880 533
1675890 533
1675900 533
1675910 533
1675920 533
1675930 533
1675940 533
1675950 533
1675960 533
1675970 533
1675980 533
1675990 533
1676000 533
1676010 534
1676020 534
1676030 534
1676040 534
1676050 534
1676060 534
1676070 534
1676080 534
1676090 535
1676100 535
1676110 535
1676120 535
1676130 535
1676140 535
1676150 535
1676160 535
1676170 535
1676180 535
1676190 535
1676200 535
1676210 536
1676220 536
1676230 536
1676240 536
1676250 537
1676260 537
1676270 537
1676280 537
1676290 537
1676300 538
1676310 538
1676320 538
1676330 539
1676340 539
1676350 539
1676360 540
1676370 540
1676380 540
1676390 541
1676400 541
1676410 541
1676420 541
1676430 541
1676440 541
1676450 541
1676460 541
1676470 541
1676480 541
1676490 541
1676500 541
1676510 541
1676520 541
1676530 542
1676540 542
1676550 542
1676560 542
1676570 543
1676580 543
1676590 543
1676600 544
1676610 544
1676620 545
1676630 546
1676640 546
1676650 546
1676660 547
1676670 547
1676680 549
1676690 550
1676700 550
1676710 551
1676720 552
1676730 552
1676740 554
1676750 555
1676760 555
1676770 555
1676780 556
1676790 556
1676800 558
1676810 559
1676820 559
1676830 561
1676840 561
1676850 562
1676860 563
1676870 563
1676880 564
1676890 565
1676900 564
1676910 564
1676920 565
1676930 565
1676940 565
1676950 565
1676960 565
1676970 565
1676980 565
1676990 565
1677000 564
1677010 565
1677020 565
1677030 565
1677040 565
1677050 565
1677060 565
1677070 564
1677080 564
1677090 563
1677100 563
1677110 563
1677120 562
1677130 561
1677140 561
1677150 561
1677160 560
1677170 560
1677180 559
1677190 559
1677200 559
1677210 558
1677220 558
1677230 558
1677240 557
1677250 557
1677260 557
1677270 557
1677280 557
1677290 556
1677300 556
1677310 556
1677320 556
1677330 556
1677340 556
1677350 556
1677360 556
1677370 556
1677380 556
1677390 556
1677400 556
1677410 556
1677420 556
1677430 556
1677440 556
1677450 556
1677460 556
1677470 556
1677480 556
1677490 556
1677500 556
1677510 557
1677520 557
1677530 557
1677540 557
1677550 557
1677560 557
1677570 557
1677580 557
1677590 557
1677600 557
1677610 557
1677620 558
1677630 558
1677640 558
1677650 558
1677660 558
1677670 558
1677680 558
1677690 558
1677700 558
1677710 558
1677720 558
1677730 558
1677740 558
1677750 558
1677760 558
1677770 559
1677780 559
1677790 559
1677800 559
1677810 559
1677820 560
1677830 560
1677840 560
1677850 561
1677860 561
1677870 561
1677880 560
1677890 558
1677900 558
1677910 557
1677920 556
1677930 556
1677940 556
1677950 555
1677960 555
1677970 555
1677980 555
1677990 555
1678000 556
1678010 556
1678020 556
1678030 556
1678040 556
1678050 556
1678060 557
1678070 558
1678080 558
1678090 558
1678100 558
1678110 558
1678120 558
1678130 557
1678140 557
1678150 556
1678160 556
1678170 556
1678180 555
1678190 555
1678200 554
1678210 553
1678220 553
1678230 552
1678240 551
1678250 551
1678260 551
1678270 550
1678280 550
1678290 550
1678300 550
1678310 550
1678320 550
1678330 550
1678340 550
1678350 550
1678360 550
1678370 550
1678380 550
1678390 550
1678400 550
1678410 551
1678420 552
1678430 552
1678440 552
1678450 553
1678460 553
1678470 554
1678480 555
1678490 555
1678500 556
1678510 557
1678520 557
1678530 557
1678540 558
1678550 558
1678560 560
1678570 561
1678580 561
1678590 563
1678600 564
1678610 564
1678620 565
1678630 566
1678640 566
1678650 566
1678660 566
1678670 565
1678680 566
1678690 566
1678700 566
1678710 567
1678720 567
1678730 567
1678740 567
1678750 567
1678760 566
1678770 565
1678780 565
1678790 565
1678800 565
1678810 565
1678820 565
1678830 565
1678840 565
1678850 564
1678860 564
1678870 564
1678880 564
1678890 563
1678900 563
1678910 563
1678920 562
1678930 562
1678940 562
1678950 561
1678960 561
1678970 561
1678980 560
1678990 560
1679000 560
1679010 560
1679020 560
1679030 560
1679040 560
1679050 560
1679060 560
1679070 560
1679080 560
1679090 560
1679100 560
1679110 560
1679120 559
1679130 559
1679140 559
1679150 559
1679160 559
1679170 560
1679180 561
1679190 561
1679200 562
1679210 562
1679220 562
1679230 561
1679240 561
1679250 561
1679260 561
1679270 562
1679280 562
1679290 562
1679300 562
1679310 562
1679320 563
1679330 563
1679340 563
1679350 562
1679360 561
1679370 561
1679380 560
1679390 560
1679400 560
1679410 560
1679420 560
1679430 560
1679440 560
1679450 560
1679460 560
1679470 560
1679480 561
1679490 561
1679500 561
1679510 561
1679520 561
1679530 562
1679540 562
1679550 562
1679560 563
1679570 563
1679580 563
1679590 563
1679600 563
1679610 564
1679620 564
1679630 564
1679640 563
1679650 563
1679660 563
1679670 563
1679680 564
1679690 564
1679700 564
1679710 564
1679720 564
1679730 564
1679740 564
1679750 564
1679760 564
1679770 564
1679780 564
1679790 565
1679800 565
1679810 565
1679820 565
1679830 565
1679840 565
1679850 565
1679860 565
1679870 565
1679880 565
1679890 565
1679900 565
1679910 565
1679920 566
1679930 566
1679940 566
1679950 567
1679960 567
1679970 567
1679980 567
1679990 567
