1666180 482
1666190 482
1666200 482
1666210 482
1666220 482
1666230 483
1666240 483
1666250 483
1666260 483
1666270 483
1666280 483
1666290 484
1666300 484
1666310 484
1666320 485
1666330 485
1666340 485
1666350 485
1666360 486
1666370 486
1666380 487
1666390 487
1666400 487
1666410 489
1666420 489
1666430 489
1666440 490
1666450 491
1666460 491
1666470 492
1666480 494
1666490 494
1666500 495
1666510 496
1666520 496
1666530 497
1666540 498
1666550 498
1666560 499
1666570 501
1666580 501
1666590 502
1666600 502
1666610 502
1666620 502
1666630 502
1666640 502
1666650 502
1666660 502
1666670 502
1666680 502
1666690 502
1666700 503
1666710 503
1666720 503
1666730 503
1666740 503
1666750 503
1666760 503
1666770 503
1666780 503
1666790 503
1666800 502
1666810 502
1666820 501
1666830 501
1666840 501
1666850 501
1666860 500
1666870 500
1666880 500
1666890 500
1666900 500
1666910 499
1666920 498
1666930 498
1666940 497
1666950 497
1666960 497
1666970 496
1666980 496
1666990 496
1667000 496
1667010 496
1667020 496
1667030 495
1667040 495
1667050 495
1667060 495
1667070 495
1667080 495
1667090 495
1667100 495
1667110 495
1667120 495
1667130 495
1667140 495
1667150 495
1667160 495
1667170 495
1667180 495
1667190 495
1667200 495
1667210 495
1667220 495
1667230 495
1667240 495
1667250 495
1667260 496
1667270 496
1667280 496
1667290 496
1667300 496
1667310 496
1667320 496
1667330 496
1667340 496
1667350 497
1667360 497
1667370 497
1667380 497
1667390 497
1667400 497
1667410 497
1667420 497
1667430 497
1667440 498
1667450 498
1667460 498
1667470 499
1667480 499
1667490 499
1667500 500
1667510 500
1667520 500
1667530 500
1667540 500
1667550 501
1667560 501
1667570 501
1667580 502
1667590 503
1667600 503
1667610 505
1667620 507
1667630 507
1667640 509
1667650 509
1667660 509
1667670 509
1667680 510
1667690 510
1667700 510
1667710 510
1667720 510
1667730 511
1667740 511
1667750 511
1667760 511
1667770 511
1667780 511
1667790 511
1667800 510
1667810 510
1667820 510
1667830 510
1667840 510
1667850 509
1667860 509
1667870 509
1667880 508
1667890 509
1667900 509
1667910 509
1667920 509
1667930 509
1667940 509
1667950 509
1667960 509
1667970 510
1667980 510
1667990 510
1668000 512
1668010 512
1668020 514
1668030 516
1668040 516
1668050 518
1668060 518
1668070 518
1668080 518
1668090 517
1668100 517
1668110 517
1668120 517
1668130 517
1668140 516
1668150 516
1668160 516
1668170 516
1668180 515
1668190 515
1668200 514
1668210 513
1668220 513
1668230 513
1668240 512
1668250 512
1668260 511
1668270 511
1668280 511
1668290 510
1668300 509
1668310 509
1668320 509
1668330 508
1668340 508
1668350 508
1668360 507
1668370 507
1668380 507
1668390 506
1668400 506
1668410 505
1668420 504
1668430 504
1668440 503
1668450 503
1668460 502
1668470 501
1668480 501
1668490 500
1668500 500
1668510 500
1668520 498
1668530 497
1668540 497
1668550 496
1668560 494
1668570 494
1668580 493
1668590 491
1668600 491
1668610 490
1668620 491
1668630 491
1668640 493
1668650 496
1668660 496
1668670 496
1668680 496
1668690 496
1668700 497
1668710 497
1668720 497
1668730 498
1668740 498
1668750 498
1668760 498
1668770 498
1668780 498
1668790 498
1668800 498
1668810 498
1668820 498
1668830 498
1668840 498
1668850 499
1668860 498
1668870 498
1668880 498
1668890 498
1668900 498
1668910 498
1668920 498
1668930 498
1668940 498
1668950 498
1668960 498
1668970 498
1668980 498
1668990 498
1669000 498
1669010 498
1669020 498
1669030 498
1669040 498
1669050 498
1669060 498
1669070 498
1669080 498
1669090 499
1669100 499
1669110 499
1669120 499
1669130 499
1669140 500
1669150 500
1669160 500
1669170 500
1669180 498
1669190 498
1669200 498
1669210 502
1669220 502
1669230 504
1669240 505
1669250 505
1669260 506
1669270 506
1669280 506
1669290 507
1669300 507
1669310 507
1669320 508
1669330 508
1669340 508
1669350 508
1669360 508
1669370 508
1669380 509
1669390 509
1669400 510
1669410 511
1669420 511
1669430 513
1669440 514
1669450 514
1669460 515
1669470 516
1669480 516
1669490 517
1669500 517
1669510 517
1669520 517
1669530 518
1669540 518
1669550 518
1669560 518
1669570 518
1669580 516
1669590 515
1669600 515
1669610 514
1669620 512
1669630 512
1669640 510
1669650 509
1669660 509
1669670 509
1669680 510
1669690 510
1669700 512
1669710 514
1669720 514
1669730 515
1669740 516
1669750 516
1669760 516
1669770 517
1669780 517
1669790 518
1669800 518
1669810 519
1669820 520
1669830 520
1669840 520
1669850 521
1669860 521
1669870 520
1669880 520
1669890 520
1669900 521
1669910 522
1669920 522
1669930 522
1669940 523
1669950 523
1669960 523
1669970 523
1669980 523
1669990 524
1670000 524
1670010 524
1670020 524
1670030 525
1670040 525
1670050 525
1670060 525
1670070 525
1670080 526
1670090 528
1670100 528
1670110 529
1670120 531
1670130 531
1670140 532
1670150 534
1670160 534
1670170 536
1670180 537
1670190 537
1670200 536
1670210 536
1670220 536
1670230 535
1670240 535
1670250 534
1670260 534
1670270 534
1670280 534
1670290 533
1670300 533
1670310 533
1670320 532
1670330 532
1670340 531
1670350 530
1670360 530
1670370 530
1670380 530
1670390 530
1670400 530
1670410 529
1670420 529
1670430 529
1670440 529
1670450 529
1670460 528
1670470 527
1670480 527
1670490 527
1670500 526
1670510 526
1670520 525
1670530 524
1670540 524
1670550 524
1670560 523
1670570 523
1670580 522
1670590 522
1670600 522
1670610 521
1670620 521
1670630 521
1670640 520
1670650 519
1670660 519
1670670 517
1670680 516
1670690 516
1670700 516
1670710 516
1670720 516
1670730 516
1670740 516
1670750 517
1670760 518
1670770 518
1670780 519
1670790 520
1670800 520
1670810 522
1670820 523
1670830 523
1670840 524
1670850 524
1670860 524
1670870 525
1670880 526
1670890 526
1670900 526
1670910 526
1670920 526
1670930 527
1670940 527
1670950 527
1670960 528
1670970 528
1670980 528
1670990 528
1671000 528
1671010 528
1671020 528
1671030 529
1671040 529
1671050 529
1671060 529
1671070 529
1671080 529
1671090 529
1671100 529
1671110 529
1671120 529
1671130 529
1671140 530
1671150 530
1671160 530
1671170 530
1671180 530
1671190 530
1671200 530
1671210 530
1671220 531
1671230 531
1671240 531
1671250 531
1671260 531
1671270 531
1671280 532
1671290 532
1671300 532
1671310 532
1671320 532
1671330 532
1671340 533
1671350 533
1671360 533
1671370 533
1671380 533
1671390 533
1671400 532
1671410 532
1671420 532
1671430 532
1671440 532
1671450 532
1671460 532
1671470 532
1671480 532
1671490 532
1671500 532
1671510 532
1671520 532
1671530 532
1671540 532
1671550 532
1671560 532
1671570 532
1671580 532
1671590 532
1671600 532
1671610 532
1671620 532
1671630 532
1671640 533
1671650 533
1671660 533
1671670 533
1671680 533
1671690 533
1671700 534
1671710 534
1671720 534
1671730 534
1671740 534
1671750 534
1671760 534
1671770 534
1671780 534
1671790 535
1671800 535
1671810 535
1671820 536
1671830 536
1671840 536
1671850 537
1671860 537
1671870 538
1671880 539
1671890 539
1671900 540
1671910 541
1671920 541
1671930 542
1671940 542
1671950 542
1671960 543
1671970 543
1671980 543
1671990 543
1672000 543
1672010 543
1672020 543
1672030 544
1672040 544
1672050 544
1672060 544
1672070 544
1672080 544
1672090 544
1672100 544
1672110 545
1672120 545
1672130 544
1672140 544
1672150 544
1672160 545
1672170 546
1672180 546
1672190 546
1672200 545
1672210 545
1672220 545
1672230 545
1672240 545
1672250 546
1672260 546
1672270 546
1672280 546
1672290 547
1672300 547
1672310 547
1672320 547
1672330 547
1672340 547
1672350 547
1672360 547
1672370 547
1672380 547
1672390 547
1672400 548
1672410 548
1672420 548
1672430 549
1672440 550
1672450 550
1672460 551
1672470 551
1672480 551
1672490 551
1672500 551
1672510 550
1672520 550
1672530 550
1672540 550
1672550 549
1672560 549
1672570 549
1672580 549
1672590 549
1672600 550
1672610 550
1672620 550
1672630 550
1672640 550
1672650 550
1672660 550
1672670 550
1672680 550
1672690 550
1672700 550
1672710 550
1672720 550
1672730 550
1672740 550
1672750 550
1672760 550
1672770 550
1672780 550
1672790 550
1672800 550
1672810 550
1672820 550
1672830 550
1672840 550
1672850 550
1672860 550
1672870 550
1672880 550
1672890 550
1672900 550
1672910 550
1672920 550
1672930 551
1672940 551
1672950 551
1672960 551
1672970 551
1672980 551
1672990 552
1673000 552
1673010 552
1673020 551
1673030 551
1673040 552
1673050 552
1673060 552
1673070 552
1673080 552
1673090 552
1673100 552
1673110 552
1673120 552
1673130 552
1673140 552
1673150 552
1673160 552
1673170 552
1673180 552
1673190 552
1673200 552
1673210 552
1673220 552
1673230 552
1673240 552
1673250 552
1673260 553
1673270 553
1673280 553
1673290 553
1673300 553
1673310 553
1673320 554
1673330 554
1673340 554
1673350 554
1673360 554
1673370 554
1673380 554
1673390 554
1673400 555
1673410 555
1673420 555
1673430 555
1673440 555
1673450 556
1673460 556
1673470 556
1673480 557
1673490 558
1673500 558
1673510 559
1673520 560
1673530 560
1673540 560
1673550 561
1673560 561
1673570 561
1673580 561
1673590 561
1673600 561
1673610 561
1673620 561
1673630 562
1673640 563
1673650 563
1673660 564
1673670 564
1673680 564
1673690 565
1673700 565
1673710 565
1673720 565
1673730 565
1673740 565
1673750 565
1673760 565
1673770 565
1673780 565
1673790 565
1673800 565
1673810 566
1673820 566
1673830 566
1673840 566
1673850 566
1673860 566
1673870 566
1673880 566
1673890 567
1673900 567
1673910 567
1673920 568
1673930 568
1673940 568
1673950 568
1673960 569
1673970 569
1673980 569
1673990 569
1674000 569
1674010 569
1674020 569
1674030 569
1674040 568
1674050 568
1674060 568
1674070 567
1674080 567
1674090 567
1674100 567
1674110 566
1674120 566
1674130 566
1674140 567
1674150 567
1674160 567
1674170 567
1674180 567
1674190 567
1674200 567
1674210 567
1674220 567
1674230 567
1674240 567
1674250 567
1674260 566
1674270 566
1674280 565
1674290 565
1674300 564
1674310 563
1674320 563
1674330 563
1674340 562
1674350 562
1674360 561
1674370 561
1674380 561
1674390 560
1674400 560
1674410 560
1674420 560
1674430 559
1674440 559
1674450 557
1674460 556
1674470 556
1674480 555
1674490 554
1674500 554
1674510 554
1674520 553
1674530 553
1674540 552
1674550 552
1674560 552
1674570 552
1674580 551
1674590 551
1674600 551
1674610 551
1674620 551
1674630 552
1674640 552
1674650 552
1674660 552
1674670 553
1674680 553
1674690 553
1674700 553
1674710 553
1674720 553
1674730 553
1674740 552
1674750 551
1674760 551
1674770 551
1674780 551
1674790 551
1674800 551
1674810 550
1674820 550
1674830 550
1674840 550
1674850 550
1674860 550
1674870 550
1674880 550
1674890 549
1674900 548
1674910 548
1674920 548
1674930 547
1674940 547
1674950 547
1674960 546
1674970 546
1674980 545
1674990 544
1675000 544
1675010 543
1675020 542
1675030 542
1675040 541
1675050 540
1675060 540
1675070 539
1675080 539
1675090 539
1675100 538
1675110 538
1675120 538
1675130 537
1675140 537
1675150 537
1675160 537
1675170 536
1675180 536
1675190 536
1675200 536
1675210 536
1675220 536
1675230 536
1675240 535
1675250 535
1675260 535
1675270 535
1675280 534
1675290 534
1675300 534
1675310 534
1675320 534
1675330 534
1675340 534
1675350 534
1675360 534
1675370 534
1675380 534
1675390 534
1675400 534
1675410 534
1675420 534
1675430 534
1675440 534
1675450 534
1675460 534
1675470 534
1675480 533
1675490 533
1675500 533
1675510 533
1675520 532
1675530 532
1675540 532
1675550 532
1675560 532
1675570 531
1675580 532
1675590 532
1675600 533
1675610 534
1675620 534
1675630 534
1675640 534
1675650 534
1675660 534
1675670 534
1675680 534
1675690 534
1675700 534
1675710 534
1675720 534
1675730 534
1675740 534
1675750 534
1675760 534
1675770 534
1675780 534
1675790 534
1675800 534
1675810 534
1675820 534
1675830 534
1675840 534
1675850 534
1675860 534
1675870 534
1675880 534
1675890 534
1675900 534
1675910 534
1675920 534
1675930 534
1675940 534
1675950 534
1675960 534
1675970 534
1675980 534
1675990 534
1676000 534
1676010 534
1676020 534
1676030 534
1676040 534
1676050 533
1676060 533
1676070 533
1676080 533
1676090 533
1676100 533
1676110 533
1676120 533
1676130 533
1676140 533
1676150 532
1676160 532
1676170 532
1676180 532
1676190 532
1676200 532
1676210 532
1676220 531
1676230 531
1676240 531
1676250 531
1676260 531
1676270 531
1676280 531
1676290 531
1676300 530
1676310 529
1676320 529
1676330 529
1676340 529
1676350 529
1676360 529
1676370 529
1676380 529
1676390 529
1676400 529
1676410 529
1676420 529
1676430 529
1676440 529
1676450 529
1676460 529
1676470 529
1676480 529
1676490 529
1676500 529
1676510 529
1676520 529
1676530 529
1676540 530
1676550 530
1676560 533
1676570 534
1676580 534
1676590 535
1676600 535
1676610 535
1676620 536
1676630 536
1676640 536
1676650 537
1676660 537
1676670 537
1676680 537
1676690 538
1676700 538
1676710 538
1676720 538
1676730 538
1676740 538
1676750 538
1676760 538
1676770 538
1676780 538
1676790 538
1676800 538
1676810 539
1676820 539
1676830 539
1676840 539
1676850 539
1676860 539
1676870 540
1676880 540
1676890 540
1676900 541
1676910 541
1676920 542
1676930 543
1676940 543
1676950 544
1676960 545
1676970 545
1676980 547
1676990 547
1677000 548
1677010 548
1677020 548
1677030 549
1677040 549
1677050 549
1677060 549
1677070 549
1677080 549
1677090 549
1677100 549
1677110 549
1677120 550
1677130 550
1677140 550
1677150 551
1677160 550
1677170 550
1677180 550
1677190 550
1677200 550
1677210 550
1677220 550
1677230 550
1677240 550
1677250 550
1677260 550
1677270 550
1677280 550
1677290 550
1677300 550
1677310 550
1677320 550
1677330 550
1677340 551
1677350 551
1677360 551
1677370 551
1677380 551
1677390 550
1677400 550
1677410 550
1677420 550
1677430 550
1677440 549
1677450 548
1677460 548
1677470 548
1677480 547
1677490 547
1677500 546
1677510 546
1677520 546
1677530 545
1677540 544
1677550 544
1677560 543
1677570 542
1677580 542
1677590 541
1677600 541
1677610 541
1677620 540
1677630 540
1677640 540
1677650 540
1677660 540
1677670 540
1677680 539
1677690 539
1677700 539
1677710 539
1677720 539
1677730 539
1677740 539
1677750 539
1677760 539
1677770 539
1677780 539
1677790 539
1677800 539
1677810 539
1677820 539
1677830 539
1677840 539
1677850 539
1677860 538
1677870 538
1677880 538
1677890 538
1677900 538
1677910 538
1677920 537
1677930 537
1677940 537
1677950 537
1677960 537
1677970 538
1677980 538
1677990 538
1678000 539
1678010 540
1678020 540
1678030 541
1678040 542
1678050 542
1678060 543
1678070 545
1678080 545
1678090 545
1678100 546
1678110 546
1678120 547
1678130 548
1678140 548
1678150 548
1678160 548
1678170 548
1678180 548
1678190 548
1678200 548
1678210 549
1678220 548
1678230 548
1678240 548
1678250 548
1678260 548
1678270 548
1678280 548
1678290 548
1678300 548
1678310 549
1678320 549
1678330 550
1678340 550
1678350 551
1678360 551
1678370 551
1678380 551
1678390 552
1678400 551
1678410 552
1678420 551
1678430 551
1678440 551
1678450 551
1678460 551
1678470 550
1678480 549
1678490 549
1678500 548
1678510 547
1678520 547
1678530 546
1678540 546
1678550 546
1678560 546
1678570 546
1678580 546
1678590 546
1678600 546
1678610 546
1678620 547
1678630 548
1678640 548
1678650 548
1678660 549
1678670 549
1678680 550
1678690 551
1678700 551
1678710 551
1678720 551
1678730 551
1678740 551
1678750 551
1678760 551
1678770 552
1678780 552
1678790 553
1678800 554
1678810 554
1678820 554
1678830 554
1678840 554
1678850 554
1678860 553
1678870 553
1678880 553
1678890 552
1678900 552
1678910 552
1678920 552
1678930 552
1678940 552
1678950 553
1678960 553
1678970 553
1678980 553
1678990 553
1679000 553
1679010 553
1679020 553
1679030 553
1679040 553
1679050 553
1679060 553
1679070 553
1679080 553
1679090 553
1679100 554
1679110 554
1679120 555
1679130 556
1679140 556
1679150 557
1679160 560
1679170 560
1679180 560
1679190 560
1679200 560
1679210 560
1679220 560
1679230 560
1679240 561
1679250 561
1679260 561
1679270 561
1679280 561
1679290 562
1679300 562
1679310 562
1679320 563
1679330 563
1679340 563
1679350 563
1679360 562
1679370 562
1679380 562
1679390 563
1679400 563
1679410 563
1679420 563
1679430 563
1679440 563
1679450 564
1679460 564
1679470 564
1679480 564
1679490 564
1679500 564
1679510 565
1679520 565
1679530 565
1679540 565
1679550 565
1679560 565
1679570 565
1679580 565
1679590 565
1679600 565
1679610 565
1679620 565
1679630 566
1679640 566
1679650 566
1679660 567
1679670 567
1679680 567
1679690 567
1679700 567
1679710 566
1679720 566
1679730 567
1679740 566
1679750 566
1679760 566
1679770 566
1679780 566
1679790 566
1679800 566
1679810 566
1679820 566
1679830 565
1679840 565
1679850 565
1679860 564
1679870 564
1679880 564
1679890 563
1679900 563
1679910 563
1679920 563
1679930 563
1679940 562
1679950 562
1679960 562
1679970 562
1679980 562
1679990 562
