1667160 497
1667170 497
1667180 497
1667190 497
1667200 497
1667210 497
1667220 498
1667230 498
1667240 498
1667250 498
1667260 498
1667270 499
1667280 499
1667290 499
1667300 499
1667310 499
1667320 499
1667330 500
1667340 501
1667350 501
1667360 501
1667370 502
1667380 502
1667390 504
1667400 504
1667410 504
1667420 505
1667430 505
1667440 505
1667450 506
1667460 506
1667470 506
1667480 507
1667490 507
1667500 507
1667510 508
1667520 509
1667530 509
1667540 511
1667550 513
1667560 513
1667570 514
1667580 514
1667590 515
1667600 515
1667610 515
1667620 515
1667630 515
1667640 515
1667650 515
1667660 514
1667670 514
1667680 513
1667690 513
1667700 513
1667710 514
1667720 514
1667730 514
1667740 514
1667750 513
1667760 513
1667770 513
1667780 513
1667790 513
1667800 515
1667810 515
1667820 516
1667830 517
1667840 517
1667850 517
1667860 518
1667870 518
1667880 518
1667890 519
1667900 519
1667910 519
1667920 518
1667930 519
1667940 519
1667950 518
1667960 518
1667970 518
1667980 517
1667990 516
1668000 516
1668010 515
1668020 515
1668030 514
1668040 513
1668050 513
1668060 512
1668070 511
1668080 511
1668090 511
1668100 511
1668110 511
1668120 510
1668130 510
1668140 510
1668150 510
1668160 510
1668170 510
1668180 510
1668190 511
1668200 511
1668210 511
1668220 512
1668230 512
1668240 512
1668250 513
1668260 513
1668270 513
1668280 514
1668290 514
1668300 514
1668310 515
1668320 515
1668330 516
1668340 516
1668350 516
1668360 517
1668370 518
1668380 518
1668390 518
1668400 517
1668410 517
1668420 517
1668430 517
1668440 517
1668450 517
1668460 517
1668470 517
1668480 517
1668490 517
1668500 517
1668510 518
1668520 518
1668530 519
1668540 520
1668550 520
1668560 520
1668570 519
1668580 519
1668590 519
1668600 519
1668610 519
1668620 518
1668630 518
1668640 518
1668650 517
1668660 516
1668670 516
1668680 514
1668690 513
1668700 513
1668710 512
1668720 511
1668730 511
1668740 510
1668750 509
1668760 509
1668770 509
1668780 508
1668790 508
1668800 507
1668810 507
1668820 507
1668830 507
1668840 507
1668850 507
1668860 506
1668870 506
1668880 506
1668890 506
1668900 506
1668910 506
1668920 506
1668930 506
1668940 506
1668950 506
1668960 506
1668970 506
1668980 506
1668990 506
1669000 506
1669010 505
1669020 505
1669030 506
1669040 506
1669050 506
1669060 505
1669070 506
1669080 506
1669090 505
1669100 505
1669110 505
1669120 505
1669130 505
1669140 505
1669150 505
1669160 505
1669170 505
1669180 505
1669190 505
1669200 505
1669210 505
1669220 505
1669230 505
1669240 505
1669250 505
1669260 505
1669270 505
1669280 506
1669290 506
1669300 506
1669310 506
1669320 506
1669330 506
1669340 506
1669350 506
1669360 506
1669370 506
1669380 506
1669390 506
1669400 506
1669410 506
1669420 506
1669430 506
1669440 506
1669450 506
1669460 506
1669470 506
1669480 506
1669490 506
1669500 506
1669510 506
1669520 506
1669530 506
1669540 506
1669550 506
1669560 506
1669570 506
1669580 506
1669590 506
1669600 507
1669610 507
1669620 507
1669630 507
1669640 507
1669650 507
1669660 507
1669670 507
1669680 507
1669690 507
1669700 507
1669710 507
1669720 507
1669730 507
1669740 507
1669750 507
1669760 507
1669770 507
1669780 507
1669790 507
1669800 507
1669810 507
1669820 507
1669830 508
1669840 508
1669850 508
1669860 508
1669870 508
1669880 508
1669890 508
1669900 508
1669910 508
1669920 508
1669930 508
1669940 508
1669950 508
1669960 508
1669970 509
1669980 509
1669990 509
1670000 509
1670010 509
1670020 509
1670030 509
1670040 509
1670050 509
1670060 509
1670070 509
1670080 509
1670090 509
1670100 510
1670110 510
1670120 510
1670130 510
1670140 510
1670150 510
1670160 510
1670170 510
1670180 510
1670190 511
1670200 511
1670210 511
1670220 511
1670230 512
1670240 513
1670250 513
1670260 514
1670270 515
1670280 515
1670290 515
1670300 515
1670310 515
1670320 515
1670330 515
1670340 515
1670350 516
1670360 516
1670370 516
1670380 516
1670390 516
1670400 516
1670410 516
1670420 516
1670430 516
1670440 516
1670450 516
1670460 516
1670470 518
1670480 520
1670490 520
1670500 521
1670510 522
1670520 522
1670530 523
1670540 524
1670550 524
1670560 524
1670570 524
1670580 524
1670590 524
1670600 524
1670610 524
1670620 524
1670630 524
1670640 524
1670650 524
1670660 525
1670670 525
1670680 525
1670690 525
1670700 525
1670710 525
1670720 525
1670730 525
1670740 525
1670750 525
1670760 524
1670770 524
1670780 524
1670790 524
1670800 524
1670810 524
1670820 524
1670830 524
1670840 524
1670850 524
1670860 524
1670870 524
1670880 524
1670890 524
1670900 524
1670910 524
1670920 524
1670930 524
1670940 524
1670950 524
1670960 524
1670970 525
1670980 525
1670990 525
1671000 526
1671010 526
1671020 526
1671030 526
1671040 526
1671050 526
1671060 525
1671070 525
1671080 525
1671090 525
1671100 525
1671110 525
1671120 525
1671130 525
1671140 525
1671150 525
1671160 525
1671170 524
1671180 524
1671190 524
1671200 524
1671210 524
1671220 524
1671230 524
1671240 524
1671250 524
1671260 524
1671270 524
1671280 524
1671290 524
1671300 524
1671310 524
1671320 525
1671330 525
1671340 525
1671350 525
1671360 526
1671370 526
1671380 528
1671390 529
1671400 529
1671410 529
1671420 529
1671430 529
1671440 530
1671450 531
1671460 531
1671470 532
1671480 532
1671490 532
1671500 532
1671510 533
1671520 533
1671530 533
1671540 533
1671550 534
1671560 534
1671570 534
1671580 534
1671590 534
1671600 534
1671610 534
1671620 534
1671630 534
1671640 534
1671650 533
1671660 533
1671670 532
1671680 531
1671690 531
1671700 531
1671710 530
1671720 530
1671730 529
1671740 529
1671750 529
1671760 528
1671770 528
1671780 528
1671790 528
1671800 528
1671810 528
1671820 528
1671830 528
1671840 528
1671850 528
1671860 528
1671870 528
1671880 528
1671890 528
1671900 528
1671910 528
1671920 528
1671930 528
1671940 528
1671950 528
1671960 528
1671970 528
1671980 528
1671990 528
1672000 528
1672010 528
1672020 529
1672030 529
1672040 529
1672050 528
1672060 529
1672070 530
1672080 530
1672090 530
1672100 530
1672110 529
1672120 529
1672130 529
1672140 529
1672150 529
1672160 529
1672170 529
1672180 530
1672190 530
1672200 530
1672210 531
1672220 531
1672230 532
1672240 533
1672250 533
1672260 533
1672270 533
1672280 533
1672290 532
1672300 532
1672310 532
1672320 532
1672330 532
1672340 532
1672350 532
1672360 532
1672370 532
1672380 532
1672390 532
1672400 533
1672410 533
1672420 533
1672430 533
1672440 533
1672450 533
1672460 533
1672470 533
1672480 533
1672490 534
1672500 534
1672510 534
1672520 534
1672530 535
1672540 535
1672550 534
1672560 535
1672570 535
1672580 534
1672590 534
1672600 534
1672610 533
1672620 532
1672630 532
1672640 531
1672650 531
1672660 531
1672670 530
1672680 530
1672690 530
1672700 530
1672710 529
1672720 529
1672730 529
1672740 529
1672750 529
1672760 529
1672770 529
1672780 529
1672790 529
1672800 529
1672810 529
1672820 529
1672830 529
1672840 529
1672850 529
1672860 529
1672870 529
1672880 529
1672890 529
1672900 529
1672910 529
1672920 529
1672930 529
1672940 530
1672950 530
1672960 530
1672970 530
1672980 530
1672990 531
1673000 531
1673010 531
1673020 532
1673030 533
1673040 533
1673050 534
1673060 535
1673070 535
1673080 536
1673090 536
1673100 536
1673110 537
1673120 538
1673130 538
1673140 537
1673150 537
1673160 537
1673170 537
1673180 537
1673190 537
1673200 537
1673210 537
1673220 537
1673230 537
1673240 537
1673250 537
1673260 537
1673270 537
1673280 536
1673290 536
1673300 536
1673310 536
1673320 536
1673330 536
1673340 536
1673350 535
1673360 535
1673370 535
1673380 535
1673390 535
1673400 535
1673410 535
1673420 535
1673430 535
1673440 535
1673450 535
1673460 535
1673470 535
1673480 535
1673490 535
1673500 535
1673510 535
1673520 535
1673530 535
1673540 535
1673550 535
1673560 535
1673570 535
1673580 535
1673590 535
1673600 535
1673610 535
1673620 535
1673630 535
1673640 535
1673650 535
1673660 535
1673670 535
1673680 535
1673690 535
1673700 535
1673710 535
1673720 535
1673730 535
1673740 535
1673750 535
1673760 535
1673770 535
1673780 535
1673790 534
1673800 534
1673810 534
1673820 534
1673830 534
1673840 533
1673850 533
1673860 533
1673870 533
1673880 533
1673890 533
1673900 533
1673910 533
1673920 533
1673930 533
1673940 533
1673950 533
1673960 533
1673970 532
1673980 532
1673990 533
1674000 533
1674010 533
1674020 533
1674030 533
1674040 533
1674050 533
1674060 532
1674070 532
1674080 532
1674090 531
1674100 531
1674110 531
1674120 532
1674130 532
1674140 532
1674150 532
1674160 533
1674170 534
1674180 534
1674190 535
1674200 536
1674210 536
1674220 536
1674230 536
1674240 536
1674250 535
1674260 535
1674270 535
1674280 535
1674290 535
1674300 535
1674310 536
1674320 536
1674330 536
1674340 536
1674350 537
1674360 537
1674370 537
1674380 538
1674390 538
1674400 539
1674410 540
1674420 540
1674430 541
1674440 543
1674450 543
1674460 544
1674470 546
1674480 546
1674490 548
1674500 551
1674510 551
1674520 552
1674530 553
1674540 553
1674550 552
1674560 552
1674570 552
1674580 552
1674590 552
1674600 552
1674610 552
1674620 552
1674630 552
1674640 551
1674650 551
1674660 551
1674670 551
1674680 551
1674690 551
1674700 551
1674710 551
1674720 551
1674730 551
1674740 551
1674750 551
1674760 551
1674770 551
1674780 551
1674790 551
1674800 551
1674810 551
1674820 550
1674830 550
1674840 551
1674850 552
1674860 552
1674870 552
1674880 552
1674890 552
1674900 552
1674910 552
1674920 552
1674930 552
1674940 552
1674950 552
1674960 552
1674970 553
1674980 553
1674990 553
1675000 554
1675010 554
1675020 554
1675030 554
1675040 555
1675050 555
1675060 555
1675070 554
1675080 553
1675090 553
1675100 553
1675110 553
1675120 553
1675130 553
1675140 552
1675150 552
1675160 552
1675170 552
1675180 552
1675190 552
1675200 552
1675210 552
1675220 552
1675230 552
1675240 552
1675250 552
1675260 552
1675270 552
1675280 551
1675290 551
1675300 551
1675310 550
1675320 549
1675330 549
1675340 549
1675350 549
1675360 549
1675370 549
1675380 548
1675390 548
1675400 549
1675410 549
1675420 549
1675430 549
1675440 548
1675450 548
1675460 548
1675470 548
1675480 548
1675490 548
1675500 548
1675510 548
1675520 547
1675530 548
1675540 548
1675550 547
1675560 547
1675570 547
1675580 547
1675590 547
1675600 547
1675610 547
1675620 547
1675630 546
1675640 546
1675650 546
1675660 546
1675670 546
1675680 546
1675690 546
1675700 545
1675710 545
1675720 545
1675730 545
1675740 545
1675750 545
1675760 545
1675770 545
1675780 545
1675790 544
1675800 544
1675810 544
1675820 544
1675830 544
1675840 544
1675850 543
1675860 543
1675870 543
1675880 543
1675890 543
1675900 542
1675910 542
1675920 542
1675930 541
1675940 541
1675950 540
1675960 540
1675970 540
1675980 540
1675990 539
1676000 539
1676010 539
1676020 538
1676030 538
1676040 538
1676050 537
1676060 537
1676070 537
1676080 537
1676090 537
1676100 536
1676110 536
1676120 536
1676130 535
1676140 535
1676150 535
1676160 535
1676170 535
1676180 535
1676190 535
1676200 535
1676210 535
1676220 536
1676230 535
1676240 535
1676250 535
1676260 534
1676270 534
1676280 533
1676290 532
1676300 532
1676310 532
1676320 532
1676330 532
1676340 532
1676350 532
1676360 532
1676370 531
1676380 531
1676390 532
1676400 532
1676410 532
1676420 532
1676430 532
1676440 532
1676450 532
1676460 534
1676470 534
1676480 538
1676490 542
1676500 542
1676510 544
1676520 546
1676530 546
1676540 547
1676550 547
1676560 547
1676570 548
1676580 548
1676590 548
1676600 549
1676610 549
1676620 549
1676630 549
1676640 549
1676650 549
1676660 549
1676670 548
1676680 548
1676690 548
1676700 548
1676710 548
1676720 548
1676730 547
1676740 547
1676750 547
1676760 547
1676770 547
1676780 547
1676790 547
1676800 548
1676810 549
1676820 549
1676830 550
1676840 551
1676850 551
1676860 553
1676870 554
1676880 554
1676890 556
1676900 558
1676910 558
1676920 559
1676930 560
1676940 560
1676950 561
1676960 561
1676970 561
1676980 561
1676990 560
1677000 560
1677010 560
1677020 559
1677030 559
1677040 560
1677050 561
1677060 561
1677070 563
1677080 564
1677090 564
1677100 565
1677110 566
1677120 566
1677130 567
1677140 568
1677150 568
1677160 569
1677170 570
1677180 570
1677190 570
1677200 570
1677210 570
1677220 570
1677230 570
1677240 570
1677250 570
1677260 570
1677270 570
1677280 570
1677290 570
1677300 569
1677310 569
1677320 569
1677330 568
1677340 568
1677350 568
1677360 567
1677370 567
1677380 567
1677390 566
1677400 565
1677410 565
1677420 564
1677430 564
1677440 564
1677450 564
1677460 563
1677470 563
1677480 562
1677490 561
1677500 561
1677510 560
1677520 558
1677530 558
1677540 557
1677550 557
1677560 557
1677570 556
1677580 557
1677590 557
1677600 557
1677610 557
1677620 557
1677630 557
1677640 557
1677650 556
1677660 555
1677670 555
1677680 554
1677690 554
1677700 554
1677710 553
1677720 553
1677730 553
1677740 552
1677750 552
1677760 552
1677770 552
1677780 552
1677790 552
1677800 552
1677810 552
1677820 552
1677830 552
1677840 553
1677850 553
1677860 554
1677870 555
1677880 555
1677890 556
1677900 556
1677910 556
1677920 557
1677930 557
1677940 557
1677950 557
1677960 557
1677970 557
1677980 558
1677990 558
1678000 558
1678010 557
1678020 556
1678030 556
1678040 555
1678050 554
1678060 554
1678070 553
1678080 553
1678090 553
1678100 553
1678110 553
1678120 553
1678130 554
1678140 554
1678150 554
1678160 554
1678170 554
1678180 553
1678190 552
1678200 552
1678210 550
1678220 549
1678230 549
1678240 549
1678250 548
1678260 549
1678270 548
1678280 548
1678290 548
1678300 548
1678310 548
1678320 548
1678330 548
1678340 548
1678350 548
1678360 549
1678370 549
1678380 549
1678390 550
1678400 550
1678410 550
1678420 551
1678430 551
1678440 551
1678450 552
1678460 553
1678470 553
1678480 553
1678490 553
1678500 553
1678510 553
1678520 553
1678530 552
1678540 551
1678550 551
1678560 550
1678570 550
1678580 550
1678590 550
1678600 549
1678610 549
1678620 549
1678630 549
1678640 549
1678650 549
1678660 549
1678670 549
1678680 550
1678690 551
1678700 551
1678710 551
1678720 551
1678730 551
1678740 551
1678750 550
1678760 550
1678770 550
1678780 550
1678790 550
1678800 549
1678810 548
1678820 548
1678830 547
1678840 546
1678850 546
1678860 546
1678870 546
1678880 546
1678890 546
1678900 547
1678910 547
1678920 548
1678930 549
1678940 550
1678950 550
1678960 550
1678970 551
1678980 552
1678990 552
1679000 552
1679010 553
1679020 553
1679030 553
1679040 552
1679050 552
1679060 551
1679070 550
1679080 550
1679090 549
1679100 548
1679110 548
1679120 548
1679130 548
1679140 548
1679150 547
1679160 547
1679170 547
1679180 547
1679190 547
1679200 547
1679210 546
1679220 546
1679230 546
1679240 546
1679250 546
1679260 546
1679270 546
1679280 546
1679290 546
1679300 546
1679310 546
1679320 546
1679330 546
1679340 546
1679350 546
1679360 545
1679370 545
1679380 545
1679390 544
1679400 544
1679410 544
1679420 544
1679430 544
1679440 544
1679450 544
1679460 544
1679470 543
1679480 543
1679490 543
1679500 544
1679510 544
1679520 544
1679530 544
1679540 544
1679550 544
1679560 545
1679570 545
1679580 545
1679590 546
1679600 546
1679610 546
1679620 547
1679630 547
1679640 547
1679650 547
1679660 548
1679670 548
1679680 548
1679690 549
1679700 549
1679710 550
1679720 550
1679730 550
1679740 551
1679750 552
1679760 552
1679770 552
1679780 553
1679790 553
1679800 554
1679810 554
1679820 554
1679830 554
1679840 554
1679850 555
1679860 555
1679870 555
1679880 555
1679890 555
1679900 555
1679910 555
1679920 555
1679930 555
1679940 555
1679950 555
1679960 555
1679970 555
1679980 555
1679990 555
