1666710 507
1666720 507
1666730 507
1666740 507
1666750 508
1666760 508
1666770 508
1666780 508
1666790 510
1666800 510
1666810 511
1666820 511
1666830 511
1666840 511
1666850 511
1666860 510
1666870 510
1666880 510
1666890 510
1666900 510
1666910 509
1666920 509
1666930 509
1666940 509
1666950 509
1666960 509
1666970 509
1666980 509
1666990 509
1667000 509
1667010 509
1667020 509
1667030 509
1667040 508
1667050 508
1667060 507
1667070 507
1667080 507
1667090 507
1667100 507
1667110 507
1667120 506
1667130 506
1667140 506
1667150 506
1667160 506
1667170 506
1667180 506
1667190 506
1667200 506
1667210 506
1667220 506
1667230 506
1667240 506
1667250 506
1667260 506
1667270 506
1667280 506
1667290 506
1667300 506
1667310 506
1667320 506
1667330 506
1667340 506
1667350 506
1667360 506
1667370 506
1667380 506
1667390 506
1667400 506
1667410 505
1667420 505
1667430 505
1667440 505
1667450 505
1667460 505
1667470 504
1667480 504
1667490 504
1667500 504
1667510 504
1667520 504
1667530 504
1667540 504
1667550 504
1667560 504
1667570 504
1667580 504
1667590 504
1667600 504
1667610 504
1667620 504
1667630 504
1667640 504
1667650 504
1667660 504
1667670 504
1667680 504
1667690 505
1667700 505
1667710 505
1667720 505
1667730 505
1667740 505
1667750 505
1667760 506
1667770 506
1667780 506
1667790 506
1667800 506
1667810 506
1667820 506
1667830 506
1667840 506
1667850 506
1667860 507
1667870 507
1667880 507
1667890 507
1667900 507
1667910 507
1667920 507
1667930 507
1667940 508
1667950 508
1667960 508
1667970 508
1667980 508
1667990 508
1668000 509
1668010 509
1668020 509
1668030 509
1668040 509
1668050 509
1668060 509
1668070 509
1668080 509
1668090 509
1668100 508
1668110 508
1668120 508
1668130 508
1668140 508
1668150 508
1668160 508
1668170 508
1668180 508
1668190 508
1668200 508
1668210 508
1668220 508
1668230 507
1668240 507
1668250 507
1668260 507
1668270 507
1668280 507
1668290 507
1668300 507
1668310 507
1668320 507
1668330 506
1668340 506
1668350 507
1668360 507
1668370 507
1668380 507
1668390 507
1668400 507
1668410 507
1668420 507
1668430 507
1668440 507
1668450 507
1668460 507
1668470 507
1668480 508
1668490 508
1668500 508
1668510 507
1668520 507
1668530 507
1668540 507
1668550 507
1668560 506
1668570 506
1668580 506
1668590 506
1668600 506
1668610 506
1668620 506
1668630 506
1668640 505
1668650 505
1668660 505
1668670 504
1668680 504
1668690 504
1668700 504
1668710 504
1668720 504
1668730 503
1668740 503
1668750 503
1668760 503
1668770 503
1668780 503
1668790 502
1668800 502
1668810 502
1668820 502
1668830 502
1668840 502
1668850 501
1668860 501
1668870 501
1668880 501
1668890 501
1668900 501
1668910 501
1668920 500
1668930 500
1668940 500
1668950 500
1668960 500
1668970 500
1668980 500
1668990 500
1669000 499
1669010 499
1669020 499
1669030 499
1669040 499
1669050 499
1669060 499
1669070 499
1669080 498
1669090 498
1669100 498
1669110 497
1669120 497
1669130 497
1669140 497
1669150 497
1669160 497
1669170 498
1669180 499
1669190 499
1669200 499
1669210 499
1669220 499
1669230 499
1669240 499
1669250 499
1669260 499
1669270 499
1669280 499
1669290 499
1669300 499
1669310 499
1669320 500
1669330 500
1669340 500
1669350 500
1669360 500
1669370 500
1669380 501
1669390 501
1669400 501
1669410 501
1669420 501
1669430 501
1669440 501
1669450 501
1669460 501
1669470 501
1669480 501
1669490 502
1669500 502
1669510 502
1669520 502
1669530 502
1669540 502
1669550 503
1669560 503
1669570 503
1669580 503
1669590 503
1669600 503
1669610 504
1669620 505
1669630 505
1669640 505
1669650 505
1669660 505
1669670 506
1669680 506
1669690 506
1669700 507
1669710 508
1669720 508
1669730 509
1669740 510
1669750 510
1669760 511
1669770 512
1669780 512
1669790 513
1669800 513
1669810 513
1669820 513
1669830 512
1669840 512
1669850 513
1669860 513
1669870 513
1669880 514
1669890 514
1669900 514
1669910 515
1669920 515
1669930 514
1669940 513
1669950 513
1669960 513
1669970 512
1669980 512
1669990 512
1670000 511
1670010 511
1670020 511
1670030 510
1670040 510
1670050 510
1670060 510
1670070 510
1670080 510
1670090 509
1670100 509
1670110 509
1670120 509
1670130 509
1670140 510
1670150 510
1670160 510
1670170 510
1670180 510
1670190 510
1670200 511
1670210 511
1670220 511
1670230 511
1670240 512
1670250 512
1670260 512
1670270 513
1670280 513
1670290 513
1670300 513
1670310 513
1670320 514
1670330 514
1670340 514
1670350 514
1670360 514
1670370 515
1670380 515
1670390 515
1670400 515
1670410 515
1670420 515
1670430 515
1670440 515
1670450 515
1670460 515
1670470 516
1670480 516
1670490 516
1670500 517
1670510 517
1670520 518
1670530 519
1670540 519
1670550 520
1670560 520
1670570 520
1670580 520
1670590 519
1670600 519
1670610 519
1670620 518
1670630 518
1670640 518
1670650 517
1670660 517
1670670 517
1670680 517
1670690 517
1670700 517
1670710 517
1670720 517
1670730 517
1670740 517
1670750 517
1670760 517
1670770 517
1670780 518
1670790 518
1670800 518
1670810 518
1670820 518
1670830 518
1670840 518
1670850 519
1670860 519
1670870 519
1670880 519
1670890 519
1670900 520
1670910 520
1670920 520
1670930 521
1670940 521
1670950 521
1670960 522
1670970 523
1670980 523
1670990 523
1671000 524
1671010 524
1671020 524
1671030 525
1671040 525
1671050 525
1671060 526
1671070 525
1671080 526
1671090 527
1671100 527
1671110 528
1671120 529
1671130 529
1671140 530
1671150 530
1671160 530
1671170 530
1671180 530
1671190 530
1671200 532
1671210 532
1671220 532
1671230 533
1671240 533
1671250 534
1671260 535
1671270 535
1671280 536
1671290 536
1671300 536
1671310 536
1671320 536
1671330 536
1671340 536
1671350 536
1671360 536
1671370 535
1671380 534
1671390 534
1671400 534
1671410 533
1671420 533
1671430 532
1671440 531
1671450 531
1671460 530
1671470 529
1671480 529
1671490 528
1671500 528
1671510 528
1671520 527
1671530 526
1671540 526
1671550 526
1671560 525
1671570 525
1671580 524
1671590 524
1671600 523
1671610 523
1671620 523
1671630 522
1671640 522
1671650 522
1671660 522
1671670 521
1671680 521
1671690 521
1671700 521
1671710 521
1671720 521
1671730 521
1671740 521
1671750 520
1671760 520
1671770 520
1671780 520
1671790 520
1671800 520
1671810 520
1671820 520
1671830 520
1671840 520
1671850 520
1671860 520
1671870 520
1671880 520
1671890 520
1671900 520
1671910 520
1671920 520
1671930 520
1671940 520
1671950 520
1671960 520
1671970 520
1671980 520
1671990 520
1672000 520
1672010 521
1672020 521
1672030 521
1672040 521
1672050 521
1672060 521
1672070 522
1672080 522
1672090 522
1672100 523
1672110 523
1672120 523
1672130 523
1672140 524
1672150 524
1672160 524
1672170 524
1672180 524
1672190 525
1672200 525
1672210 525
1672220 526
1672230 526
1672240 526
1672250 527
1672260 528
1672270 528
1672280 528
1672290 528
1672300 528
1672310 528
1672320 528
1672330 528
1672340 528
1672350 528
1672360 528
1672370 527
1672380 528
1672390 528
1672400 528
1672410 528
1672420 528
1672430 528
1672440 528
1672450 528
1672460 528
1672470 528
1672480 528
1672490 528
1672500 528
1672510 528
1672520 528
1672530 528
1672540 528
1672550 528
1672560 528
1672570 528
1672580 528
1672590 528
1672600 528
1672610 528
1672620 528
1672630 528
1672640 527
1672650 527
1672660 527
1672670 527
1672680 527
1672690 526
1672700 526
1672710 526
1672720 526
1672730 526
1672740 526
1672750 526
1672760 526
1672770 526
1672780 525
1672790 525
1672800 525
1672810 525
1672820 525
1672830 525
1672840 524
1672850 524
1672860 524
1672870 524
1672880 524
1672890 524
1672900 524
1672910 524
1672920 524
1672930 524
1672940 524
1672950 524
1672960 523
1672970 523
1672980 523
1672990 522
1673000 522
1673010 523
1673020 523
1673030 523
1673040 524
1673050 525
1673060 525
1673070 526
1673080 527
1673090 527
1673100 528
1673110 529
1673120 529
1673130 529
1673140 530
1673150 530
1673160 530
1673170 532
1673180 532
1673190 533
1673200 534
1673210 534
1673220 535
1673230 536
1673240 536
1673250 537
1673260 536
1673270 536
1673280 536
1673290 536
1673300 536
1673310 537
1673320 537
1673330 537
1673340 537
1673350 537
1673360 537
1673370 538
1673380 538
1673390 538
1673400 538
1673410 538
1673420 539
1673430 539
1673440 539
1673450 539
1673460 540
1673470 540
1673480 540
1673490 540
1673500 540
1673510 539
1673520 539
1673530 539
1673540 539
1673550 539
1673560 539
1673570 538
1673580 538
1673590 538
1673600 537
1673610 537
1673620 537
1673630 536
1673640 536
1673650 536
1673660 535
1673670 535
1673680 535
1673690 534
1673700 534
1673710 534
1673720 533
1673730 533
1673740 533
1673750 533
1673760 533
1673770 533
1673780 533
1673790 533
1673800 533
1673810 533
1673820 533
1673830 534
1673840 534
1673850 534
1673860 534
1673870 534
1673880 534
1673890 534
1673900 534
1673910 534
1673920 535
1673930 535
1673940 535
1673950 535
1673960 535
1673970 535
1673980 535
1673990 536
1674000 536
1674010 536
1674020 536
1674030 536
1674040 536
1674050 536
1674060 536
1674070 536
1674080 536
1674090 536
1674100 536
1674110 536
1674120 536
1674130 536
1674140 536
1674150 536
1674160 536
1674170 536
1674180 536
1674190 536
1674200 536
1674210 537
1674220 537
1674230 537
1674240 537
1674250 537
1674260 537
1674270 538
1674280 538
1674290 538
1674300 538
1674310 538
1674320 538
1674330 539
1674340 539
1674350 539
1674360 539
1674370 539
1674380 539
1674390 539
1674400 540
1674410 540
1674420 540
1674430 540
1674440 540
1674450 540
1674460 540
1674470 540
1674480 540
1674490 541
1674500 541
1674510 541
1674520 541
1674530 541
1674540 541
1674550 541
1674560 542
1674570 542
1674580 542
1674590 542
1674600 543
1674610 543
1674620 543
1674630 543
1674640 543
1674650 544
1674660 545
1674670 545
1674680 545
1674690 546
1674700 546
1674710 547
1674720 547
1674730 547
1674740 548
1674750 548
1674760 548
1674770 547
1674780 547
1674790 547
1674800 548
1674810 549
1674820 549
1674830 550
1674840 551
1674850 551
1674860 552
1674870 553
1674880 553
1674890 553
1674900 553
1674910 553
1674920 553
1674930 553
1674940 553
1674950 552
1674960 552
1674970 552
1674980 552
1674990 552
1675000 553
1675010 553
1675020 553
1675030 553
1675040 553
1675050 553
1675060 553
1675070 553
1675080 553
1675090 554
1675100 553
1675110 553
1675120 553
1675130 553
1675140 553
1675150 553
1675160 552
1675170 552
1675180 552
1675190 551
1675200 551
1675210 550
1675220 549
1675230 549
1675240 550
1675250 551
1675260 551
1675270 553
1675280 554
1675290 554
1675300 555
1675310 556
1675320 556
1675330 557
1675340 558
1675350 558
1675360 559
1675370 561
1675380 561
1675390 561
1675400 561
1675410 562
1675420 562
1675430 562
1675440 562
1675450 562
1675460 562
1675470 562
1675480 562
1675490 562
1675500 562
1675510 562
1675520 562
1675530 562
1675540 562
1675550 562
1675560 562
1675570 562
1675580 562
1675590 562
1675600 561
1675610 561
1675620 561
1675630 562
1675640 562
1675650 562
1675660 563
1675670 563
1675680 563
1675690 564
1675700 564
1675710 564
1675720 564
1675730 564
1675740 564
1675750 564
1675760 564
1675770 564
1675780 565
1675790 565
1675800 565
1675810 565
1675820 565
1675830 565
1675840 565
1675850 565
1675860 565
1675870 565
1675880 566
1675890 566
1675900 566
1675910 566
1675920 565
1675930 565
1675940 565
1675950 565
1675960 565
1675970 566
1675980 565
1675990 565
1676000 565
1676010 565
1676020 565
1676030 565
1676040 565
1676050 565
1676060 565
1676070 564
1676080 564
1676090 564
1676100 564
1676110 564
1676120 564
1676130 563
1676140 563
1676150 563
1676160 562
1676170 562
1676180 562
1676190 562
1676200 562
1676210 561
1676220 561
1676230 561
1676240 561
1676250 561
1676260 560
1676270 560
1676280 560
1676290 560
1676300 560
1676310 560
1676320 560
1676330 560
1676340 560
1676350 559
1676360 559
1676370 559
1676380 559
1676390 559
1676400 559
1676410 558
1676420 558
1676430 558
1676440 558
1676450 558
1676460 558
1676470 558
1676480 558
1676490 558
1676500 557
1676510 557
1676520 557
1676530 557
1676540 557
1676550 557
1676560 557
1676570 557
1676580 557
1676590 557
1676600 557
1676610 557
1676620 557
1676630 556
1676640 556
1676650 556
1676660 556
1676670 556
1676680 556
1676690 556
1676700 556
1676710 555
1676720 555
1676730 555
1676740 555
1676750 555
1676760 554
1676770 553
1676780 553
1676790 553
1676800 553
1676810 553
1676820 552
1676830 552
1676840 552
1676850 552
1676860 551
1676870 551
1676880 551
1676890 551
1676900 551
1676910 550
1676920 550
1676930 550
1676940 550
1676950 549
1676960 549
1676970 549
1676980 550
1676990 550
1677000 550
1677010 550
1677020 550
1677030 550
1677040 550
1677050 550
1677060 550
1677070 550
1677080 550
1677090 550
1677100 550
1677110 551
1677120 551
1677130 551
1677140 551
1677150 551
1677160 551
1677170 551
1677180 551
1677190 551
1677200 551
1677210 552
1677220 552
1677230 552
1677240 552
1677250 552
1677260 552
1677270 551
1677280 551
1677290 551
1677300 551
1677310 551
1677320 551
1677330 551
1677340 551
1677350 550
1677360 550
1677370 550
1677380 550
1677390 550
1677400 550
1677410 549
1677420 549
1677430 549
1677440 549
1677450 549
1677460 549
1677470 548
1677480 548
1677490 548
1677500 547
1677510 546
1677520 546
1677530 545
1677540 545
1677550 545
1677560 543
1677570 543
1677580 542
1677590 541
1677600 541
1677610 540
1677620 540
1677630 540
1677640 541
1677650 544
1677660 544
1677670 546
1677680 548
1677690 548
1677700 548
1677710 548
1677720 548
1677730 548
1677740 547
1677750 547
1677760 546
1677770 546
1677780 546
1677790 545
1677800 544
1677810 544
1677820 544
1677830 544
1677840 544
1677850 544
1677860 543
1677870 543
1677880 543
1677890 543
1677900 543
1677910 543
1677920 543
1677930 543
1677940 542
1677950 542
1677960 542
1677970 542
1677980 543
1677990 542
1678000 542
1678010 542
1678020 542
1678030 541
1678040 541
1678050 539
1678060 537
1678070 537
1678080 536
1678090 536
1678100 536
1678110 536
1678120 536
1678130 536
1678140 536
1678150 536
1678160 536
1678170 536
1678180 536
1678190 536
1678200 536
1678210 536
1678220 536
1678230 537
1678240 541
1678250 541
1678260 544
1678270 545
1678280 545
1678290 546
1678300 547
1678310 547
1678320 548
1678330 548
1678340 548
1678350 548
1678360 548
1678370 548
1678380 549
1678390 549
1678400 549
1678410 549
1678420 549
1678430 549
1678440 549
1678450 549
1678460 549
1678470 549
1678480 549
1678490 549
1678500 548
1678510 548
1678520 548
1678530 548
1678540 548
1678550 548
1678560 548
1678570 548
1678580 548
1678590 547
1678600 547
1678610 547
1678620 547
1678630 547
1678640 547
1678650 547
1678660 547
1678670 547
1678680 547
1678690 547
1678700 547
1678710 547
1678720 547
1678730 547
1678740 547
1678750 547
1678760 547
1678770 547
1678780 547
1678790 547
1678800 547
1678810 547
1678820 547
1678830 547
1678840 547
1678850 547
1678860 547
1678870 547
1678880 547
1678890 547
1678900 547
1678910 547
1678920 547
1678930 547
1678940 548
1678950 548
1678960 548
1678970 548
1678980 548
1678990 548
1679000 548
1679010 548
1679020 548
1679030 548
1679040 548
1679050 549
1679060 549
1679070 549
1679080 549
1679090 549
1679100 549
1679110 549
1679120 549
1679130 549
1679140 549
1679150 549
1679160 549
1679170 549
1679180 549
1679190 549
1679200 550
1679210 550
1679220 550
1679230 550
1679240 550
1679250 550
1679260 550
1679270 550
1679280 550
1679290 550
1679300 550
1679310 550
1679320 550
1679330 550
1679340 550
1679350 550
1679360 550
1679370 550
1679380 550
1679390 550
1679400 550
1679410 550
1679420 550
1679430 550
1679440 550
1679450 550
1679460 550
1679470 550
1679480 550
1679490 550
1679500 550
1679510 550
1679520 550
1679530 550
1679540 550
1679550 550
1679560 551
1679570 551
1679580 551
1679590 551
1679600 551
1679610 551
1679620 552
1679630 552
1679640 552
1679650 552
1679660 553
1679670 554
1679680 554
1679690 554
1679700 555
1679710 555
1679720 555
1679730 556
1679740 556
1679750 557
1679760 558
1679770 558
1679780 559
1679790 560
1679800 560
1679810 561
1679820 562
1679830 562
1679840 563
1679850 564
1679860 564
1679870 565
1679880 566
1679890 566
1679900 567
1679910 569
1679920 569
1679930 569
1679940 570
1679950 570
1679960 570
1679970 571
1679980 571
1679990 571
