1667860 506
1667870 506
1667880 506
1667890 506
1667900 506
1667910 506
1667920 506
1667930 506
1667940 507
1667950 507
1667960 507
1667970 507
1667980 506
1667990 506
1668000 506
1668010 506
1668020 506
1668030 506
1668040 505
1668050 506
1668060 506
1668070 506
1668080 506
1668090 506
1668100 506
1668110 506
1668120 506
1668130 506
1668140 506
1668150 506
1668160 506
1668170 506
1668180 506
1668190 506
1668200 506
1668210 506
1668220 506
1668230 506
1668240 506
1668250 506
1668260 506
1668270 506
1668280 506
1668290 506
1668300 506
1668310 506
1668320 506
1668330 506
1668340 506
1668350 506
1668360 506
1668370 506
1668380 506
1668390 506
1668400 506
1668410 507
1668420 507
1668430 507
1668440 507
1668450 507
1668460 507
1668470 507
1668480 507
1668490 507
1668500 508
1668510 509
1668520 509
1668530 510
1668540 510
1668550 510
1668560 511
1668570 511
1668580 511
1668590 512
1668600 512
1668610 512
1668620 512
1668630 513
1668640 513
1668650 513
1668660 513
1668670 513
1668680 513
1668690 513
1668700 512
1668710 512
1668720 512
1668730 512
1668740 512
1668750 512
1668760 512
1668770 511
1668780 511
1668790 510
1668800 510
1668810 510
1668820 510
1668830 510
1668840 510
1668850 510
1668860 510
1668870 510
1668880 510
1668890 511
1668900 511
1668910 512
1668920 513
1668930 513
1668940 513
1668950 512
1668960 512
1668970 512
1668980 511
1668990 511
1669000 510
1669010 510
1669020 510
1669030 510
1669040 510
1669050 510
1669060 510
1669070 510
1669080 510
1669090 510
1669100 510
1669110 510
1669120 510
1669130 510
1669140 509
1669150 508
1669160 508
1669170 508
1669180 508
1669190 508
1669200 508
1669210 508
1669220 508
1669230 508
1669240 508
1669250 508
1669260 507
1669270 507
1669280 507
1669290 507
1669300 506
1669310 506
1669320 506
1669330 506
1669340 506
1669350 505
1669360 504
1669370 504
1669380 503
1669390 503
1669400 503
1669410 502
1669420 501
1669430 501
1669440 500
1669450 499
1669460 499
1669470 498
1669480 497
1669490 497
1669500 496
1669510 496
1669520 496
1669530 495
1669540 495
1669550 495
1669560 494
1669570 494
1669580 494
1669590 494
1669600 494
1669610 493
1669620 493
1669630 493
1669640 493
1669650 493
1669660 493
1669670 493
1669680 493
1669690 493
1669700 493
1669710 493
1669720 493
1669730 493
1669740 493
1669750 493
1669760 493
1669770 493
1669780 493
1669790 493
1669800 493
1669810 493
1669820 493
1669830 492
1669840 492
1669850 492
1669860 492
1669870 492
1669880 492
1669890 492
1669900 492
1669910 492
1669920 492
1669930 492
1669940 492
1669950 492
1669960 492
1669970 492
1669980 492
1669990 493
1670000 493
1670010 493
1670020 493
1670030 493
1670040 493
1670050 494
1670060 494
1670070 494
1670080 495
1670090 495
1670100 495
1670110 495
1670120 495
1670130 495
1670140 495
1670150 496
1670160 496
1670170 496
1670180 497
1670190 497
1670200 497
1670210 498
1670220 498
1670230 498
1670240 498
1670250 498
1670260 499
1670270 499
1670280 499
1670290 499
1670300 499
1670310 499
1670320 500
1670330 500
1670340 500
1670350 500
1670360 500
1670370 500
1670380 500
1670390 500
1670400 501
1670410 501
1670420 501
1670430 501
1670440 502
1670450 502
1670460 502
1670470 502
1670480 502
1670490 502
1670500 502
1670510 502
1670520 503
1670530 502
1670540 502
1670550 501
1670560 501
1670570 501
1670580 501
1670590 501
1670600 501
1670610 502
1670620 505
1670630 505
1670640 506
1670650 507
1670660 507
1670670 509
1670680 510
1670690 510
1670700 511
1670710 512
1670720 512
1670730 512
1670740 512
1670750 512
1670760 513
1670770 513
1670780 513
1670790 512
1670800 512
1670810 512
1670820 512
1670830 512
1670840 513
1670850 514
1670860 514
1670870 515
1670880 516
1670890 516
1670900 518
1670910 518
1670920 518
1670930 519
1670940 519
1670950 519
1670960 519
1670970 519
1670980 519
1670990 519
1671000 519
1671010 519
1671020 519
1671030 519
1671040 519
1671050 518
1671060 518
1671070 518
1671080 518
1671090 518
1671100 518
1671110 518
1671120 518
1671130 518
1671140 518
1671150 518
1671160 518
1671170 518
1671180 518
1671190 519
1671200 519
1671210 519
1671220 520
1671230 521
1671240 521
1671250 521
1671260 521
1671270 521
1671280 522
1671290 522
1671300 522
1671310 522
1671320 522
1671330 522
1671340 522
1671350 522
1671360 522
1671370 522
1671380 522
1671390 522
1671400 523
1671410 523
1671420 523
1671430 523
1671440 523
1671450 523
1671460 524
1671470 524
1671480 524
1671490 524
1671500 524
1671510 524
1671520 525
1671530 525
1671540 525
1671550 525
1671560 525
1671570 526
1671580 526
1671590 526
1671600 526
1671610 526
1671620 526
1671630 527
1671640 527
1671650 527
1671660 528
1671670 529
1671680 529
1671690 529
1671700 529
1671710 529
1671720 529
1671730 529
1671740 529
1671750 529
1671760 528
1671770 528
1671780 528
1671790 528
1671800 528
1671810 528
1671820 528
1671830 528
1671840 528
1671850 528
1671860 528
1671870 528
1671880 527
1671890 527
1671900 527
1671910 527
1671920 527
1671930 527
1671940 527
1671950 527
1671960 527
1671970 527
1671980 527
1671990 527
1672000 527
1672010 527
1672020 527
1672030 527
1672040 527
1672050 526
1672060 526
1672070 526
1672080 526
1672090 526
1672100 526
1672110 526
1672120 526
1672130 526
1672140 525
1672150 525
1672160 525
1672170 525
1672180 525
1672190 525
1672200 524
1672210 524
1672220 524
1672230 524
1672240 524
1672250 524
1672260 524
1672270 524
1672280 523
1672290 523
1672300 523
1672310 523
1672320 523
1672330 523
1672340 523
1672350 523
1672360 523
1672370 523
1672380 523
1672390 523
1672400 524
1672410 524
1672420 524
1672430 524
1672440 524
1672450 524
1672460 524
1672470 524
1672480 524
1672490 525
1672500 525
1672510 525
1672520 525
1672530 525
1672540 525
1672550 525
1672560 525
1672570 525
1672580 525
1672590 525
1672600 525
1672610 525
1672620 525
1672630 524
1672640 524
1672650 524
1672660 524
1672670 523
1672680 523
1672690 523
1672700 523
1672710 523
1672720 523
1672730 522
1672740 522
1672750 522
1672760 522
1672770 522
1672780 521
1672790 521
1672800 521
1672810 520
1672820 520
1672830 520
1672840 519
1672850 519
1672860 519
1672870 519
1672880 519
1672890 518
1672900 517
1672910 517
1672920 517
1672930 516
1672940 516
1672950 516
1672960 515
1672970 515
1672980 515
1672990 514
1673000 515
1673010 514
1673020 514
1673030 514
1673040 513
1673050 513
1673060 513
1673070 512
1673080 511
1673090 511
1673100 510
1673110 509
1673120 509
1673130 509
1673140 509
1673150 509
1673160 509
1673170 511
1673180 511
1673190 512
1673200 515
1673210 515
1673220 516
1673230 516
1673240 516
1673250 517
1673260 517
1673270 517
1673280 518
1673290 518
1673300 518
1673310 519
1673320 519
1673330 519
1673340 520
1673350 520
1673360 521
1673370 521
1673380 521
1673390 522
1673400 523
1673410 523
1673420 523
1673430 524
1673440 524
1673450 525
1673460 525
1673470 525
1673480 526
1673490 526
1673500 526
1673510 526
1673520 526
1673530 526
1673540 525
1673550 525
1673560 525
1673570 525
1673580 525
1673590 525
1673600 526
1673610 525
1673620 525
1673630 525
1673640 525
1673650 524
1673660 524
1673670 524
1673680 525
1673690 528
1673700 528
1673710 529
1673720 530
1673730 530
1673740 531
1673750 532
1673760 532
1673770 532
1673780 531
1673790 531
1673800 531
1673810 531
1673820 531
1673830 531
1673840 531
1673850 531
1673860 531
1673870 532
1673880 532
1673890 532
1673900 532
1673910 532
1673920 532
1673930 532
1673940 532
1673950 532
1673960 532
1673970 532
1673980 532
1673990 532
1674000 532
1674010 532
1674020 532
1674030 532
1674040 532
1674050 533
1674060 533
1674070 533
1674080 533
1674090 533
1674100 533
1674110 533
1674120 533
1674130 533
1674140 533
1674150 534
1674160 534
1674170 534
1674180 534
1674190 535
1674200 535
1674210 535
1674220 535
1674230 535
1674240 536
1674250 536
1674260 536
1674270 537
1674280 538
1674290 538
1674300 539
1674310 539
1674320 539
1674330 540
1674340 541
1674350 541
1674360 542
1674370 542
1674380 542
1674390 542
1674400 543
1674410 543
1674420 543
1674430 544
1674440 544
1674450 545
1674460 545
1674470 545
1674480 545
1674490 545
1674500 545
1674510 545
1674520 545
1674530 546
1674540 546
1674550 546
1674560 546
1674570 546
1674580 546
1674590 546
1674600 545
1674610 545
1674620 545
1674630 545
1674640 545
1674650 544
1674660 543
1674670 543
1674680 543
1674690 542
1674700 542
1674710 541
1674720 539
1674730 539
1674740 536
1674750 534
1674760 534
1674770 532
1674780 532
1674790 532
1674800 532
1674810 533
1674820 533
1674830 535
1674840 536
1674850 536
1674860 537
1674870 538
1674880 538
1674890 539
1674900 539
1674910 542
1674920 545
1674930 545
1674940 547
1674950 549
1674960 549
1674970 552
1674980 553
1674990 553
1675000 555
1675010 556
1675020 556
1675030 558
1675040 559
1675050 559
1675060 560
1675070 562
1675080 562
1675090 563
1675100 563
1675110 563
1675120 563
1675130 563
1675140 563
1675150 563
1675160 563
1675170 563
1675180 563
1675190 563
1675200 563
1675210 562
1675220 562
1675230 562
1675240 562
1675250 562
1675260 562
1675270 562
1675280 562
1675290 562
1675300 562
1675310 562
1675320 562
1675330 562
1675340 562
1675350 562
1675360 562
1675370 562
1675380 562
1675390 561
1675400 561
1675410 561
1675420 561
1675430 561
1675440 561
1675450 561
1675460 561
1675470 560
1675480 560
1675490 560
1675500 560
1675510 559
1675520 559
1675530 559
1675540 559
1675550 559
1675560 558
1675570 558
1675580 558
1675590 558
1675600 558
1675610 558
1675620 557
1675630 557
1675640 557
1675650 557
1675660 556
1675670 556
1675680 556
1675690 556
1675700 556
1675710 556
1675720 556
1675730 556
1675740 557
1675750 557
1675760 557
1675770 557
1675780 557
1675790 557
1675800 557
1675810 557
1675820 557
1675830 557
1675840 557
1675850 557
1675860 557
1675870 557
1675880 557
1675890 557
1675900 557
1675910 557
1675920 557
1675930 557
1675940 557
1675950 558
1675960 558
1675970 558
1675980 558
1675990 558
1676000 558
1676010 558
1676020 558
1676030 558
1676040 558
1676050 558
1676060 558
1676070 558
1676080 558
1676090 559
1676100 559
1676110 559
1676120 559
1676130 559
1676140 559
1676150 559
1676160 559
1676170 559
1676180 559
1676190 559
1676200 560
1676210 560
1676220 560
1676230 560
1676240 560
1676250 560
1676260 560
1676270 560
1676280 560
1676290 560
1676300 561
1676310 561
1676320 562
1676330 562
1676340 562
1676350 561
1676360 561
1676370 561
1676380 561
1676390 562
1676400 562
1676410 562
1676420 562
1676430 562
1676440 562
1676450 562
1676460 562
1676470 562
1676480 562
1676490 562
1676500 562
1676510 562
1676520 562
1676530 562
1676540 562
1676550 562
1676560 563
1676570 563
1676580 563
1676590 563
1676600 563
1676610 563
1676620 564
1676630 564
1676640 564
1676650 564
1676660 564
1676670 564
1676680 564
1676690 564
1676700 564
1676710 563
1676720 563
1676730 564
1676740 564
1676750 564
1676760 564
1676770 564
1676780 564
1676790 564
1676800 564
1676810 564
1676820 564
1676830 563
1676840 563
1676850 563
1676860 564
1676870 564
1676880 564
1676890 563
1676900 563
1676910 563
1676920 563
1676930 563
1676940 563
1676950 563
1676960 563
1676970 563
1676980 563
1676990 563
1677000 563
1677010 563
1677020 563
1677030 563
1677040 563
1677050 563
1677060 563
1677070 563
1677080 563
1677090 563
1677100 563
1677110 563
1677120 562
1677130 563
1677140 563
1677150 563
1677160 563
1677170 563
1677180 563
1677190 563
1677200 563
1677210 562
1677220 562
1677230 562
1677240 562
1677250 562
1677260 562
1677270 562
1677280 562
1677290 562
1677300 562
1677310 562
1677320 562
1677330 562
1677340 562
1677350 561
1677360 561
1677370 561
1677380 561
1677390 561
1677400 561
1677410 561
1677420 561
1677430 561
1677440 560
1677450 560
1677460 560
1677470 560
1677480 560
1677490 560
1677500 560
1677510 560
1677520 560
1677530 561
1677540 561
1677550 560
1677560 560
1677570 560
1677580 560
1677590 560
1677600 560
1677610 560
1677620 560
1677630 560
1677640 560
1677650 560
1677660 560
1677670 560
1677680 560
1677690 560
1677700 560
1677710 560
1677720 560
1677730 560
1677740 560
1677750 560
1677760 560
1677770 560
1677780 560
1677790 560
1677800 560
1677810 560
1677820 560
1677830 560
1677840 560
1677850 560
1677860 560
1677870 560
1677880 560
1677890 560
1677900 560
1677910 560
1677920 560
1677930 560
1677940 561
1677950 561
1677960 561
1677970 561
1677980 561
1677990 561
1678000 561
1678010 561
1678020 561
1678030 561
1678040 561
1678050 560
1678060 560
1678070 560
1678080 560
1678090 560
1678100 560
1678110 560
1678120 560
1678130 560
1678140 559
1678150 559
1678160 559
1678170 558
1678180 557
1678190 557
1678200 556
1678210 556
1678220 556
1678230 558
1678240 558
1678250 559
1678260 559
1678270 559
1678280 560
1678290 560
1678300 560
1678310 560
1678320 560
1678330 560
1678340 560
1678350 560
1678360 560
1678370 559
1678380 559
1678390 559
1678400 560
1678410 560
1678420 560
1678430 560
1678440 560
1678450 560
1678460 561
1678470 561
1678480 561
1678490 561
1678500 562
1678510 562
1678520 562
1678530 562
1678540 562
1678550 562
1678560 562
1678570 562
1678580 563
1678590 563
1678600 563
1678610 563
1678620 564
1678630 564
1678640 564
1678650 564
1678660 564
1678670 565
1678680 565
1678690 565
1678700 566
1678710 566
1678720 566
1678730 567
1678740 567
1678750 567
1678760 568
1678770 568
1678780 568
1678790 568
1678800 568
1678810 569
1678820 569
1678830 569
1678840 569
1678850 570
1678860 570
1678870 570
1678880 570
1678890 570
1678900 571
1678910 571
1678920 571
1678930 571
1678940 570
1678950 570
1678960 570
1678970 570
1678980 570
1678990 570
1679000 569
1679010 569
1679020 569
1679030 569
1679040 569
1679050 569
1679060 569
1679070 569
1679080 568
1679090 568
1679100 568
1679110 568
1679120 568
1679130 568
1679140 567
1679150 567
1679160 567
1679170 567
1679180 567
1679190 567
1679200 567
1679210 567
1679220 567
1679230 566
1679240 566
1679250 566
1679260 566
1679270 566
1679280 565
1679290 565
1679300 565
1679310 564
1679320 564
1679330 564
1679340 563
1679350 563
1679360 563
1679370 562
1679380 562
1679390 562
1679400 562
1679410 562
1679420 562
1679430 561
1679440 561
1679450 561
1679460 560
1679470 560
1679480 560
1679490 559
1679500 559
1679510 559
1679520 559
1679530 559
1679540 558
1679550 558
1679560 558
1679570 558
1679580 558
1679590 558
1679600 558
1679610 558
1679620 558
1679630 558
1679640 558
1679650 558
1679660 558
1679670 557
1679680 557
1679690 557
1679700 557
1679710 557
1679720 556
1679730 556
1679740 556
1679750 555
1679760 554
1679770 554
1679780 553
1679790 552
1679800 552
1679810 551
1679820 550
1679830 550
1679840 549
1679850 548
1679860 548
1679870 546
1679880 544
1679890 544
1679900 542
1679910 542
1679920 542
1679930 541
1679940 541
1679950 541
1679960 541
1679970 541
1679980 541
1679990 541
