1668460 489
1668470 489
1668480 488
1668490 488
1668500 488
1668510 488
1668520 488
1668530 488
1668540 488
1668550 488
1668560 488
1668570 488
1668580 488
1668590 488
1668600 488
1668610 488
1668620 488
1668630 488
1668640 488
1668650 488
1668660 488
1668670 488
1668680 488
1668690 488
1668700 488
1668710 488
1668720 488
1668730 488
1668740 488
1668750 488
1668760 488
1668770 488
1668780 488
1668790 488
1668800 488
1668810 488
1668820 488
1668830 488
1668840 488
1668850 488
1668860 488
1668870 488
1668880 488
1668890 488
1668900 488
1668910 488
1668920 488
1668930 488
1668940 488
1668950 488
1668960 487
1668970 487
1668980 488
1668990 488
1669000 488
1669010 488
1669020 488
1669030 488
1669040 488
1669050 488
1669060 488
1669070 489
1669080 489
1669090 489
1669100 489
1669110 489
1669120 489
1669130 490
1669140 490
1669150 490
1669160 490
1669170 491
1669180 491
1669190 491
1669200 492
1669210 492
1669220 493
1669230 493
1669240 493
1669250 494
1669260 494
1669270 494
1669280 495
1669290 495
1669300 495
1669310 495
1669320 495
1669330 496
1669340 496
1669350 496
1669360 497
1669370 498
1669380 498
1669390 498
1669400 498
1669410 498
1669420 498
1669430 499
1669440 499
1669450 499
1669460 499
1669470 499
1669480 499
1669490 500
1669500 500
1669510 501
1669520 502
1669530 502
1669540 502
1669550 502
1669560 502
1669570 502
1669580 503
1669590 503
1669600 503
1669610 504
1669620 504
1669630 505
1669640 505
1669650 505
1669660 506
1669670 506
1669680 506
1669690 506
1669700 506
1669710 506
1669720 507
1669730 507
1669740 507
1669750 507
1669760 507
1669770 508
1669780 508
1669790 508
1669800 509
1669810 509
1669820 509
1669830 510
1669840 510
1669850 510
1669860 511
1669870 512
1669880 512
1669890 512
1669900 513
1669910 513
1669920 513
1669930 514
1669940 514
1669950 515
1669960 515
1669970 515
1669980 516
1669990 517
1670000 517
1670010 517
1670020 517
1670030 517
1670040 517
1670050 517
1670060 517
1670070 518
1670080 518
1670090 518
1670100 519
1670110 519
1670120 519
1670130 519
1670140 519
1670150 519
1670160 519
1670170 519
1670180 519
1670190 519
1670200 519
1670210 520
1670220 520
1670230 520
1670240 521
1670250 521
1670260 521
1670270 521
1670280 522
1670290 522
1670300 524
1670310 525
1670320 525
1670330 526
1670340 526
1670350 526
1670360 525
1670370 524
1670380 524
1670390 524
1670400 524
1670410 524
1670420 523
1670430 523
1670440 523
1670450 523
1670460 523
1670470 522
1670480 521
1670490 521
1670500 521
1670510 521
1670520 521
1670530 521
1670540 520
1670550 520
1670560 520
1670570 519
1670580 519
1670590 519
1670600 518
1670610 518
1670620 517
1670630 516
1670640 516
1670650 515
1670660 513
1670670 513
1670680 511
1670690 509
1670700 509
1670710 505
1670720 501
1670730 501
1670740 498
1670750 496
1670760 496
1670770 494
1670780 493
1670790 493
1670800 493
1670810 493
1670820 493
1670830 493
1670840 493
1670850 493
1670860 493
1670870 493
1670880 493
1670890 494
1670900 494
1670910 494
1670920 495
1670930 495
1670940 495
1670950 495
1670960 495
1670970 495
1670980 494
1670990 494
1671000 494
1671010 494
1671020 494
1671030 494
1671040 493
1671050 493
1671060 493
1671070 493
1671080 493
1671090 492
1671100 492
1671110 492
1671120 492
1671130 493
1671140 493
1671150 493
1671160 493
1671170 493
1671180 493
1671190 493
1671200 493
1671210 493
1671220 493
1671230 493
1671240 492
1671250 492
1671260 492
1671270 494
1671280 494
1671290 496
1671300 497
1671310 497
1671320 497
1671330 497
1671340 497
1671350 497
1671360 497
1671370 497
1671380 497
1671390 497
1671400 497
1671410 497
1671420 497
1671430 497
1671440 496
1671450 496
1671460 496
1671470 496
1671480 497
1671490 497
1671500 497
1671510 496
1671520 496
1671530 496
1671540 497
1671550 497
1671560 498
1671570 497
1671580 497
1671590 497
1671600 497
1671610 497
1671620 498
1671630 499
1671640 499
1671650 500
1671660 500
1671670 500
1671680 500
1671690 501
1671700 502
1671710 504
1671720 504
1671730 504
1671740 505
1671750 505
1671760 505
1671770 505
1671780 505
1671790 506
1671800 506
1671810 506
1671820 508
1671830 509
1671840 509
1671850 512
1671860 514
1671870 514
1671880 516
1671890 517
1671900 517
1671910 518
1671920 519
1671930 519
1671940 519
1671950 519
1671960 519
1671970 519
1671980 518
1671990 518
1672000 517
1672010 516
1672020 516
1672030 513
1672040 509
1672050 509
1672060 506
1672070 503
1672080 503
1672090 501
1672100 501
1672110 502
1672120 503
1672130 503
1672140 504
1672150 506
1672160 506
1672170 509
1672180 513
1672190 513
1672200 516
1672210 518
1672220 518
1672230 519
1672240 520
1672250 520
1672260 520
1672270 519
1672280 519
1672290 519
1672300 519
1672310 519
1672320 519
1672330 519
1672340 519
1672350 518
1672360 518
1672370 518
1672380 517
1672390 517
1672400 517
1672410 517
1672420 517
1672430 517
1672440 517
1672450 517
1672460 517
1672470 517
1672480 517
1672490 517
1672500 517
1672510 517
1672520 517
1672530 517
1672540 517
1672550 517
1672560 517
1672570 517
1672580 518
1672590 518
1672600 518
1672610 518
1672620 518
1672630 518
1672640 518
1672650 519
1672660 519
1672670 518
1672680 517
1672690 517
1672700 516
1672710 515
1672720 515
1672730 515
1672740 514
1672750 514
1672760 513
1672770 513
1672780 513
1672790 512
1672800 511
1672810 511
1672820 511
1672830 510
1672840 510
1672850 509
1672860 508
1672870 508
1672880 506
1672890 505
1672900 505
1672910 503
1672920 503
1672930 503
1672940 504
1672950 504
1672960 505
1672970 506
1672980 506
1672990 506
1673000 507
1673010 507
1673020 507
1673030 507
1673040 507
1673050 506
1673060 505
1673070 505
1673080 504
1673090 504
1673100 504
1673110 503
1673120 504
1673130 504
1673140 507
1673150 511
1673160 511
1673170 514
1673180 514
1673190 514
1673200 515
1673210 515
1673220 515
1673230 515
1673240 516
1673250 516
1673260 515
1673270 515
1673280 515
1673290 516
1673300 517
1673310 517
1673320 518
1673330 518
1673340 518
1673350 518
1673360 518
1673370 518
1673380 517
1673390 517
1673400 517
1673410 517
1673420 517
1673430 518
1673440 516
1673450 516
1673460 515
1673470 513
1673480 513
1673490 512
1673500 509
1673510 509
1673520 505
1673530 501
1673540 501
1673550 500
1673560 500
1673570 500
1673580 501
1673590 501
1673600 501
1673610 500
1673620 501
1673630 501
1673640 502
1673650 503
1673660 503
1673670 503
1673680 501
1673690 501
1673700 501
1673710 501
1673720 501
1673730 502
1673740 502
1673750 502
1673760 503
1673770 503
1673780 503
1673790 503
1673800 503
1673810 503
1673820 504
1673830 504
1673840 506
1673850 507
1673860 507
1673870 507
1673880 507
1673890 507
1673900 506
1673910 505
1673920 505
1673930 506
1673940 507
1673950 507
1673960 508
1673970 511
1673980 511
1673990 513
1674000 513
1674010 513
1674020 514
1674030 514
1674040 514
1674050 515
1674060 516
1674070 516
1674080 516
1674090 516
1674100 516
1674110 517
1674120 517
1674130 517
1674140 517
1674150 517
1674160 517
1674170 517
1674180 517
1674190 517
1674200 517
1674210 517
1674220 516
1674230 516
1674240 516
1674250 516
1674260 515
1674270 515
1674280 514
1674290 514
1674300 514
1674310 517
1674320 518
1674330 518
1674340 518
1674350 518
1674360 518
1674370 518
1674380 518
1674390 518
1674400 519
1674410 519
1674420 519
1674430 520
1674440 521
1674450 521
1674460 522
1674470 524
1674480 522
1674490 523
1674500 523
1674510 523
1674520 524
1674530 525
1674540 525
1674550 525
1674560 525
1674570 526
1674580 527
1674590 527
1674600 528
1674610 528
1674620 528
1674630 529
1674640 529
1674650 529
1674660 530
1674670 531
1674680 531
1674690 531
1674700 531
1674710 531
1674720 532
1674730 532
1674740 532
1674750 531
1674760 532
1674770 532
1674780 532
1674790 532
1674800 532
1674810 532
1674820 532
1674830 532
1674840 532
1674850 532
1674860 532
1674870 533
1674880 533
1674890 533
1674900 535
1674910 536
1674920 536
1674930 536
1674940 537
1674950 537
1674960 538
1674970 538
1674980 538
1674990 540
1675000 540
1675010 540
1675020 541
1675030 541
1675040 542
1675050 543
1675060 543
1675070 544
1675080 545
1675090 545
1675100 545
1675110 546
1675120 546
1675130 546
1675140 547
1675150 547
1675160 547
1675170 547
1675180 547
1675190 547
1675200 548
1675210 548
1675220 548
1675230 548
1675240 548
1675250 548
1675260 548
1675270 548
1675280 547
1675290 547
1675300 547
1675310 547
1675320 547
1675330 547
1675340 546
1675350 545
1675360 545
1675370 545
1675380 545
1675390 544
1675400 544
1675410 544
1675420 544
1675430 543
1675440 543
1675450 543
1675460 542
1675470 542
1675480 542
1675490 541
1675500 541
1675510 540
1675520 539
1675530 539
1675540 538
1675550 538
1675560 538
1675570 537
1675580 537
1675590 537
1675600 536
1675610 536
1675620 536
1675630 535
1675640 533
1675650 533
1675660 532
1675670 529
1675680 529
1675690 529
1675700 529
1675710 529
1675720 529
1675730 530
1675740 530
1675750 531
1675760 532
1675770 532
1675780 534
1675790 534
1675800 535
1675810 538
1675820 538
1675830 540
1675840 542
1675850 542
1675860 543
1675870 544
1675880 544
1675890 545
1675900 546
1675910 546
1675920 547
1675930 548
1675940 548
1675950 548
1675960 549
1675970 549
1675980 549
1675990 550
1676000 550
1676010 550
1676020 550
1676030 550
1676040 551
1676050 551
1676060 551
1676070 551
1676080 551
1676090 551
1676100 551
1676110 552
1676120 552
1676130 552
1676140 552
1676150 552
1676160 552
1676170 553
1676180 553
1676190 553
1676200 553
1676210 553
1676220 553
1676230 553
1676240 554
1676250 554
1676260 554
1676270 554
1676280 554
1676290 554
1676300 554
1676310 555
1676320 555
1676330 555
1676340 555
1676350 555
1676360 555
1676370 556
1676380 556
1676390 556
1676400 556
1676410 556
1676420 557
1676430 557
1676440 557
1676450 557
1676460 558
1676470 558
1676480 558
1676490 559
1676500 559
1676510 559
1676520 559
1676530 559
1676540 560
1676550 560
1676560 560
1676570 561
1676580 561
1676590 561
1676600 561
1676610 561
1676620 562
1676630 562
1676640 562
1676650 563
1676660 563
1676670 563
1676680 563
1676690 564
1676700 564
1676710 564
1676720 565
1676730 565
1676740 565
1676750 565
1676760 565
1676770 566
1676780 566
1676790 566
1676800 566
1676810 567
1676820 567
1676830 567
1676840 567
1676850 567
1676860 568
1676870 568
1676880 568
1676890 568
1676900 569
1676910 569
1676920 569
1676930 569
1676940 569
1676950 569
1676960 570
1676970 570
1676980 570
1676990 571
1677000 571
1677010 571
1677020 571
1677030 571
1677040 571
1677050 571
1677060 571
1677070 571
1677080 571
1677090 570
1677100 570
1677110 570
1677120 570
1677130 570
1677140 570
1677150 569
1677160 569
1677170 569
1677180 569
1677190 568
1677200 568
1677210 568
1677220 568
1677230 567
1677240 567
1677250 566
1677260 566
1677270 565
1677280 565
1677290 565
1677300 564
1677310 563
1677320 563
1677330 562
1677340 561
1677350 561
1677360 560
1677370 560
1677380 560
1677390 558
1677400 558
1677410 558
1677420 557
1677430 557
1677440 557
1677450 557
1677460 557
1677470 556
1677480 556
1677490 556
1677500 555
1677510 554
1677520 554
1677530 553
1677540 554
1677550 554
1677560 554
1677570 553
1677580 553
1677590 554
1677600 553
1677610 553
1677620 553
1677630 552
1677640 552
1677650 551
1677660 550
1677670 550
1677680 550
1677690 549
1677700 549
1677710 549
1677720 549
1677730 549
1677740 550
1677750 551
1677760 551
1677770 552
1677780 553
1677790 553
1677800 554
1677810 555
1677820 555
1677830 556
1677840 556
1677850 556
1677860 556
1677870 556
1677880 556
1677890 556
1677900 556
1677910 557
1677920 556
1677930 556
1677940 556
1677950 556
1677960 556
1677970 556
1677980 556
1677990 556
1678000 556
1678010 555
1678020 555
1678030 555
1678040 555
1678050 555
1678060 555
1678070 555
1678080 555
1678090 554
1678100 554
1678110 554
1678120 554
1678130 554
1678140 554
1678150 555
1678160 556
1678170 556
1678180 556
1678190 557
1678200 557
1678210 557
1678220 557
1678230 557
1678240 557
1678250 557
1678260 557
1678270 558
1678280 558
1678290 558
1678300 558
1678310 558
1678320 559
1678330 559
1678340 559
1678350 559
1678360 560
1678370 560
1678380 560
1678390 560
1678400 560
1678410 560
1678420 561
1678430 561
1678440 561
1678450 561
1678460 561
1678470 561
1678480 561
1678490 561
1678500 561
1678510 561
1678520 561
1678530 561
1678540 561
1678550 561
1678560 561
1678570 561
1678580 561
1678590 562
1678600 562
1678610 562
1678620 562
1678630 562
1678640 562
1678650 562
1678660 562
1678670 562
1678680 562
1678690 562
1678700 562
1678710 562
1678720 562
1678730 562
1678740 563
1678750 563
1678760 563
1678770 563
1678780 563
1678790 562
1678800 562
1678810 562
1678820 562
1678830 562
1678840 562
1678850 562
1678860 562
1678870 562
1678880 562
1678890 562
1678900 562
1678910 562
1678920 562
1678930 562
1678940 562
1678950 562
1678960 562
1678970 562
1678980 562
1678990 562
1679000 562
1679010 562
1679020 562
1679030 562
1679040 563
1679050 563
1679060 562
1679070 562
1679080 563
1679090 563
1679100 563
1679110 563
1679120 562
1679130 562
1679140 563
1679150 563
1679160 563
1679170 563
1679180 562
1679190 562
1679200 562
1679210 562
1679220 562
1679230 563
1679240 563
1679250 563
1679260 563
1679270 563
1679280 563
1679290 563
1679300 564
1679310 564
1679320 564
1679330 564
1679340 564
1679350 564
1679360 565
1679370 565
1679380 565
1679390 565
1679400 565
1679410 566
1679420 566
1679430 566
1679440 566
1679450 566
1679460 566
1679470 567
1679480 567
1679490 567
1679500 567
1679510 567
1679520 567
1679530 567
1679540 567
1679550 568
1679560 568
1679570 568
1679580 568
1679590 568
1679600 568
1679610 568
1679620 569
1679630 569
1679640 569
1679650 569
1679660 569
1679670 569
1679680 569
1679690 569
1679700 570
1679710 570
1679720 570
1679730 570
1679740 570
1679750 570
1679760 570
1679770 570
1679780 570
1679790 570
1679800 570
1679810 570
1679820 571
1679830 571
1679840 571
1679850 571
1679860 571
1679870 571
1679880 571
1679890 571
1679900 571
1679910 572
1679920 572
1679930 572
1679940 572
1679950 572
1679960 572
1679970 572
1679980 572
1679990 572
