1668470 492
1668480 492
1668490 491
1668500 491
1668510 491
1668520 490
1668530 490
1668540 490
1668550 490
1668560 489
1668570 489
1668580 489
1668590 489
1668600 489
1668610 489
1668620 489
1668630 489
1668640 489
1668650 489
1668660 489
1668670 488
1668680 488
1668690 488
1668700 488
1668710 488
1668720 488
1668730 488
1668740 488
1668750 488
1668760 488
1668770 488
1668780 488
1668790 488
1668800 488
1668810 488
1668820 488
1668830 488
1668840 488
1668850 488
1668860 488
1668870 488
1668880 488
1668890 488
1668900 488
1668910 488
1668920 488
1668930 488
1668940 489
1668950 489
1668960 489
1668970 489
1668980 489
1668990 489
1669000 488
1669010 488
1669020 488
1669030 488
1669040 488
1669050 488
1669060 488
1669070 488
1669080 488
1669090 488
1669100 488
1669110 488
1669120 488
1669130 488
1669140 489
1669150 489
1669160 489
1669170 489
1669180 489
1669190 489
1669200 489
1669210 489
1669220 490
1669230 490
1669240 490
1669250 490
1669260 490
1669270 490
1669280 490
1669290 491
1669300 491
1669310 491
1669320 491
1669330 491
1669340 492
1669350 492
1669360 492
1669370 492
1669380 492
1669390 492
1669400 493
1669410 493
1669420 493
1669430 494
1669440 494
1669450 494
1669460 494
1669470 494
1669480 495
1669490 496
1669500 496
1669510 496
1669520 497
1669530 497
1669540 498
1669550 499
1669560 499
1669570 500
1669580 501
1669590 501
1669600 502
1669610 502
1669620 502
1669630 503
1669640 503
1669650 503
1669660 504
1669670 505
1669680 505
1669690 506
1669700 507
1669710 507
1669720 508
1669730 509
1669740 509
1669750 510
1669760 510
1669770 510
1669780 510
1669790 510
1669800 510
1669810 510
1669820 510
1669830 510
1669840 510
1669850 511
1669860 511
1669870 512
1669880 512
1669890 513
1669900 514
1669910 514
1669920 515
1669930 516
1669940 516
1669950 517
1669960 517
1669970 517
1669980 518
1669990 518
1670000 518
1670010 518
1670020 518
1670030 518
1670040 519
1670050 520
1670060 520
1670070 520
1670080 521
1670090 521
1670100 520
1670110 520
1670120 520
1670130 521
1670140 521
1670150 521
1670160 521
1670170 521
1670180 521
1670190 521
1670200 521
1670210 521
1670220 521
1670230 521
1670240 521
1670250 521
1670260 521
1670270 521
1670280 521
1670290 521
1670300 521
1670310 522
1670320 522
1670330 522
1670340 522
1670350 522
1670360 522
1670370 522
1670380 522
1670390 522
1670400 522
1670410 522
1670420 522
1670430 522
1670440 522
1670450 522
1670460 522
1670470 522
1670480 522
1670490 522
1670500 522
1670510 522
1670520 521
1670530 521
1670540 521
1670550 521
1670560 521
1670570 520
1670580 520
1670590 520
1670600 520
1670610 519
1670620 519
1670630 519
1670640 518
1670650 518
1670660 518
1670670 518
1670680 518
1670690 518
1670700 518
1670710 518
1670720 517
1670730 517
1670740 516
1670750 516
1670760 516
1670770 515
1670780 514
1670790 514
1670800 513
1670810 512
1670820 512
1670830 512
1670840 511
1670850 511
1670860 511
1670870 510
1670880 510
1670890 509
1670900 507
1670910 507
1670920 504
1670930 502
1670940 502
1670950 503
1670960 506
1670970 506
1670980 510
1670990 514
1671000 514
1671010 515
1671020 515
1671030 515
1671040 514
1671050 513
1671060 513
1671070 513
1671080 513
1671090 513
1671100 513
1671110 513
1671120 513
1671130 509
1671140 509
1671150 508
1671160 507
1671170 507
1671180 507
1671190 506
1671200 506
1671210 504
1671220 503
1671230 503
1671240 502
1671250 501
1671260 501
1671270 500
1671280 500
1671290 500
1671300 499
1671310 499
1671320 499
1671330 499
1671340 501
1671350 501
1671360 503
1671370 506
1671380 506
1671390 507
1671400 509
1671410 509
1671420 511
1671430 512
1671440 512
1671450 514
1671460 515
1671470 515
1671480 517
1671490 518
1671500 518
1671510 518
1671520 518
1671530 517
1671540 516
1671550 516
1671560 514
1671570 512
1671580 512
1671590 509
1671600 508
1671610 508
1671620 506
1671630 503
1671640 503
1671650 501
1671660 499
1671670 499
1671680 498
1671690 498
1671700 498
1671710 498
1671720 497
1671730 497
1671740 498
1671750 498
1671760 498
1671770 497
1671780 498
1671790 498
1671800 497
1671810 497
1671820 497
1671830 498
1671840 500
1671850 500
1671860 502
1671870 505
1671880 505
1671890 508
1671900 512
1671910 512
1671920 516
1671930 516
1671940 517
1671950 518
1671960 518
1671970 518
1671980 518
1671990 518
1672000 518
1672010 518
1672020 518
1672030 517
1672040 516
1672050 516
1672060 514
1672070 511
1672080 511
1672090 507
1672100 504
1672110 504
1672120 501
1672130 500
1672140 500
1672150 500
1672160 502
1672170 502
1672180 503
1672190 505
1672200 505
1672210 507
1672220 509
1672230 509
1672240 510
1672250 511
1672260 511
1672270 511
1672280 511
1672290 511
1672300 511
1672310 511
1672320 511
1672330 511
1672340 511
1672350 511
1672360 511
1672370 511
1672380 511
1672390 509
1672400 509
1672410 508
1672420 509
1672430 509
1672440 511
1672450 512
1672460 512
1672470 512
1672480 512
1672490 512
1672500 511
1672510 511
1672520 511
1672530 514
1672540 516
1672550 516
1672560 517
1672570 517
1672580 517
1672590 517
1672600 517
1672610 517
1672620 516
1672630 516
1672640 516
1672650 515
1672660 514
1672670 514
1672680 512
1672690 510
1672700 510
1672710 507
1672720 506
1672730 506
1672740 503
1672750 503
1672760 501
1672770 499
1672780 499
1672790 499
1672800 499
1672810 499
1672820 499
1672830 499
1672840 499
1672850 499
1672860 499
1672870 499
1672880 499
1672890 499
1672900 499
1672910 499
1672920 499
1672930 499
1672940 499
1672950 500
1672960 500
1672970 500
1672980 500
1672990 500
1673000 500
1673010 499
1673020 499
1673030 499
1673040 500
1673050 500
1673060 500
1673070 500
1673080 500
1673090 499
1673100 500
1673110 500
1673120 500
1673130 499
1673140 499
1673150 500
1673160 500
1673170 500
1673180 500
1673190 500
1673200 500
1673210 500
1673220 500
1673230 500
1673240 500
1673250 500
1673260 500
1673270 500
1673280 500
1673290 504
1673300 508
1673310 508
1673320 511
1673330 513
1673340 513
1673350 513
1673360 512
1673370 512
1673380 511
1673390 511
1673400 511
1673410 510
1673420 509
1673430 509
1673440 508
1673450 507
1673460 507
1673470 506
1673480 504
1673490 504
1673500 501
1673510 500
1673520 500
1673530 501
1673540 501
1673550 501
1673560 501
1673570 501
1673580 502
1673590 501
1673600 501
1673610 502
1673620 503
1673630 503
1673640 504
1673650 504
1673660 504
1673670 506
1673680 508
1673690 508
1673700 509
1673710 511
1673720 511
1673730 512
1673740 513
1673750 513
1673760 514
1673770 514
1673780 514
1673790 514
1673800 515
1673810 515
1673820 516
1673830 516
1673840 516
1673850 517
1673860 518
1673870 518
1673880 519
1673890 519
1673900 519
1673910 519
1673920 518
1673930 518
1673940 518
1673950 518
1673960 518
1673970 518
1673980 518
1673990 518
1674000 517
1674010 517
1674020 518
1674030 516
1674040 516
1674050 517
1674060 517
1674070 517
1674080 517
1674090 517
1674100 517
1674110 516
1674120 517
1674130 517
1674140 518
1674150 518
1674160 518
1674170 520
1674180 520
1674190 520
1674200 521
1674210 521
1674220 521
1674230 521
1674240 522
1674250 522
1674260 522
1674270 522
1674280 522
1674290 523
1674300 523
1674310 523
1674320 524
1674330 524
1674340 524
1674350 525
1674360 526
1674370 526
1674380 527
1674390 527
1674400 527
1674410 527
1674420 527
1674430 527
1674440 527
1674450 527
1674460 528
1674470 529
1674480 529
1674490 530
1674500 530
1674510 530
1674520 531
1674530 532
1674540 532
1674550 533
1674560 533
1674570 533
1674580 533
1674590 534
1674600 534
1674610 535
1674620 535
1674630 535
1674640 536
1674650 536
1674660 536
1674670 537
1674680 537
1674690 537
1674700 537
1674710 538
1674720 538
1674730 538
1674740 538
1674750 538
1674760 538
1674770 538
1674780 538
1674790 539
1674800 539
1674810 539
1674820 539
1674830 539
1674840 539
1674850 539
1674860 539
1674870 538
1674880 538
1674890 538
1674900 538
1674910 538
1674920 538
1674930 539
1674940 539
1674950 539
1674960 539
1674970 540
1674980 540
1674990 540
1675000 540
1675010 540
1675020 540
1675030 541
1675040 541
1675050 542
1675060 542
1675070 542
1675080 543
1675090 543
1675100 543
1675110 544
1675120 545
1675130 545
1675140 545
1675150 546
1675160 546
1675170 546
1675180 547
1675190 547
1675200 547
1675210 547
1675220 547
1675230 547
1675240 547
1675250 548
1675260 548
1675270 548
1675280 548
1675290 548
1675300 548
1675310 549
1675320 549
1675330 549
1675340 548
1675350 548
1675360 548
1675370 549
1675380 549
1675390 549
1675400 548
1675410 548
1675420 548
1675430 548
1675440 547
1675450 547
1675460 547
1675470 547
1675480 547
1675490 546
1675500 546
1675510 546
1675520 545
1675530 545
1675540 545
1675550 545
1675560 544
1675570 544
1675580 544
1675590 543
1675600 543
1675610 543
1675620 543
1675630 542
1675640 540
1675650 540
1675660 538
1675670 536
1675680 536
1675690 535
1675700 534
1675710 534
1675720 533
1675730 532
1675740 532
1675750 530
1675760 530
1675770 530
1675780 530
1675790 530
1675800 530
1675810 531
1675820 532
1675830 532
1675840 533
1675850 535
1675860 535
1675870 538
1675880 540
1675890 540
1675900 542
1675910 543
1675920 543
1675930 544
1675940 545
1675950 545
1675960 545
1675970 545
1675980 545
1675990 545
1676000 546
1676010 546
1676020 546
1676030 546
1676040 547
1676050 547
1676060 547
1676070 547
1676080 547
1676090 547
1676100 548
1676110 548
1676120 548
1676130 548
1676140 548
1676150 548
1676160 548
1676170 549
1676180 549
1676190 549
1676200 549
1676210 549
1676220 549
1676230 549
1676240 549
1676250 549
1676260 550
1676270 550
1676280 550
1676290 550
1676300 550
1676310 550
1676320 551
1676330 551
1676340 551
1676350 552
1676360 552
1676370 553
1676380 553
1676390 553
1676400 554
1676410 555
1676420 555
1676430 555
1676440 555
1676450 555
1676460 556
1676470 556
1676480 556
1676490 557
1676500 557
1676510 557
1676520 557
1676530 557
1676540 557
1676550 557
1676560 557
1676570 558
1676580 558
1676590 558
1676600 558
1676610 559
1676620 559
1676630 559
1676640 559
1676650 559
1676660 559
1676670 559
1676680 559
1676690 560
1676700 561
1676710 561
1676720 561
1676730 562
1676740 562
1676750 562
1676760 563
1676770 563
1676780 563
1676790 564
1676800 564
1676810 565
1676820 565
1676830 565
1676840 566
1676850 566
1676860 566
1676870 566
1676880 566
1676890 567
1676900 567
1676910 567
1676920 568
1676930 568
1676940 568
1676950 568
1676960 569
1676970 569
1676980 569
1676990 569
1677000 569
1677010 570
1677020 570
1677030 570
1677040 571
1677050 571
1677060 571
1677070 571
1677080 571
1677090 571
1677100 572
1677110 572
1677120 572
1677130 572
1677140 572
1677150 572
1677160 572
1677170 572
1677180 572
1677190 572
1677200 572
1677210 572
1677220 572
1677230 571
1677240 571
1677250 571
1677260 571
1677270 571
1677280 571
1677290 571
1677300 570
1677310 570
1677320 570
1677330 569
1677340 568
1677350 568
1677360 566
1677370 565
1677380 565
1677390 565
1677400 564
1677410 564
1677420 564
1677430 563
1677440 563
1677450 562
1677460 562
1677470 562
1677480 563
1677490 562
1677500 562
1677510 562
1677520 562
1677530 562
1677540 562
1677550 561
1677560 561
1677570 561
1677580 561
1677590 561
1677600 561
1677610 560
1677620 560
1677630 560
1677640 560
1677650 560
1677660 559
1677670 559
1677680 559
1677690 558
1677700 558
1677710 558
1677720 558
1677730 558
1677740 557
1677750 557
1677760 557
1677770 556
1677780 556
1677790 556
1677800 556
1677810 555
1677820 555
1677830 555
1677840 554
1677850 554
1677860 553
1677870 553
1677880 553
1677890 552
1677900 552
1677910 552
1677920 552
1677930 552
1677940 552
1677950 552
1677960 551
1677970 551
1677980 551
1677990 551
1678000 551
1678010 552
1678020 552
1678030 552
1678040 552
1678050 552
1678060 552
1678070 552
1678080 552
1678090 552
1678100 552
1678110 552
1678120 552
1678130 552
1678140 552
1678150 553
1678160 553
1678170 553
1678180 554
1678190 554
1678200 554
1678210 554
1678220 555
1678230 555
1678240 555
1678250 555
1678260 555
1678270 555
1678280 555
1678290 555
1678300 556
1678310 556
1678320 556
1678330 556
1678340 556
1678350 556
1678360 556
1678370 557
1678380 557
1678390 557
1678400 557
1678410 557
1678420 558
1678430 558
1678440 558
1678450 558
1678460 558
1678470 558
1678480 559
1678490 559
1678500 559
1678510 559
1678520 559
1678530 559
1678540 559
1678550 559
1678560 559
1678570 559
1678580 559
1678590 559
1678600 559
1678610 559
1678620 559
1678630 560
1678640 560
1678650 560
1678660 560
1678670 560
1678680 560
1678690 560
1678700 560
1678710 560
1678720 561
1678730 561
1678740 561
1678750 560
1678760 560
1678770 560
1678780 560
1678790 560
1678800 560
1678810 560
1678820 560
1678830 560
1678840 560
1678850 560
1678860 560
1678870 560
1678880 560
1678890 560
1678900 560
1678910 560
1678920 560
1678930 560
1678940 560
1678950 560
1678960 560
1678970 560
1678980 560
1678990 560
1679000 560
1679010 560
1679020 560
1679030 560
1679040 560
1679050 560
1679060 560
1679070 561
1679080 561
1679090 560
1679100 560
1679110 560
1679120 561
1679130 561
1679140 561
1679150 561
1679160 561
1679170 561
1679180 562
1679190 562
1679200 562
1679210 562
1679220 563
1679230 563
1679240 563
1679250 563
1679260 563
1679270 563
1679280 563
1679290 563
1679300 564
1679310 564
1679320 564
1679330 564
1679340 564
1679350 565
1679360 565
1679370 565
1679380 565
1679390 566
1679400 566
1679410 566
1679420 566
1679430 566
1679440 567
1679450 567
1679460 567
1679470 567
1679480 568
1679490 568
1679500 568
1679510 568
1679520 568
1679530 568
1679540 569
1679550 569
1679560 569
1679570 569
1679580 569
1679590 570
1679600 570
1679610 570
1679620 570
1679630 571
1679640 571
1679650 571
1679660 571
1679670 571
1679680 571
1679690 571
1679700 571
1679710 571
1679720 571
1679730 571
1679740 572
1679750 572
1679760 572
1679770 572
1679780 572
1679790 572
1679800 572
1679810 572
1679820 572
1679830 572
1679840 572
1679850 572
1679860 572
1679870 572
1679880 572
1679890 572
1679900 572
1679910 572
1679920 572
1679930 572
1679940 573
1679950 572
1679960 572
1679970 572
1679980 572
1679990 572
