1668830 490
1668840 491
1668850 491
1668860 491
1668870 492
1668880 492
1668890 492
1668900 492
1668910 492
1668920 492
1668930 492
1668940 492
1668950 492
1668960 492
1668970 492
1668980 492
1668990 492
1669000 492
1669010 493
1669020 493
1669030 493
1669040 493
1669050 493
1669060 493
1669070 493
1669080 493
1669090 493
1669100 493
1669110 493
1669120 493
1669130 493
1669140 493
1669150 494
1669160 494
1669170 494
1669180 494
1669190 494
1669200 494
1669210 495
1669220 495
1669230 495
1669240 495
1669250 496
1669260 496
1669270 497
1669280 497
1669290 497
1669300 497
1669310 498
1669320 498
1669330 498
1669340 499
1669350 499
1669360 499
1669370 499
1669380 499
1669390 500
1669400 500
1669410 500
1669420 501
1669430 502
1669440 502
1669450 502
1669460 503
1669470 503
1669480 506
1669490 506
1669500 507
1669510 508
1669520 508
1669530 509
1669540 511
1669550 511
1669560 512
1669570 514
1669580 514
1669590 515
1669600 516
1669610 516
1669620 516
1669630 515
1669640 515
1669650 514
1669660 514
1669670 514
1669680 514
1669690 514
1669700 514
1669710 514
1669720 515
1669730 515
1669740 516
1669750 516
1669760 516
1669770 517
1669780 516
1669790 516
1669800 516
1669810 515
1669820 515
1669830 515
1669840 515
1669850 515
1669860 514
1669870 514
1669880 514
1669890 513
1669900 513
1669910 513
1669920 513
1669930 513
1669940 513
1669950 512
1669960 512
1669970 512
1669980 513
1669990 513
1670000 513
1670010 513
1670020 513
1670030 513
1670040 514
1670050 514
1670060 515
1670070 516
1670080 516
1670090 517
1670100 518
1670110 518
1670120 519
1670130 520
1670140 520
1670150 522
1670160 524
1670170 524
1670180 527
1670190 529
1670200 529
1670210 531
1670220 532
1670230 532
1670240 533
1670250 533
1670260 533
1670270 533
1670280 533
1670290 533
1670300 533
1670310 533
1670320 533
1670330 533
1670340 533
1670350 532
1670360 532
1670370 532
1670380 533
1670390 533
1670400 533
1670410 533
1670420 533
1670430 533
1670440 533
1670450 533
1670460 533
1670470 533
1670480 532
1670490 532
1670500 532
1670510 531
1670520 531
1670530 531
1670540 531
1670550 531
1670560 531
1670570 531
1670580 531
1670590 531
1670600 531
1670610 531
1670620 531
1670630 531
1670640 531
1670650 531
1670660 531
1670670 531
1670680 531
1670690 531
1670700 531
1670710 532
1670720 532
1670730 533
1670740 533
1670750 533
1670760 533
1670770 534
1670780 534
1670790 535
1670800 535
1670810 535
1670820 534
1670830 533
1670840 533
1670850 533
1670860 532
1670870 532
1670880 531
1670890 532
1670900 532
1670910 531
1670920 530
1670930 530
1670940 529
1670950 529
1670960 529
1670970 528
1670980 528
1670990 528
1671000 528
1671010 528
1671020 528
1671030 528
1671040 528
1671050 528
1671060 528
1671070 528
1671080 528
1671090 529
1671100 529
1671110 529
1671120 529
1671130 529
1671140 530
1671150 531
1671160 531
1671170 532
1671180 532
1671190 532
1671200 532
1671210 533
1671220 533
1671230 533
1671240 533
1671250 533
1671260 533
1671270 533
1671280 533
1671290 533
1671300 534
1671310 534
1671320 534
1671330 534
1671340 534
1671350 534
1671360 534
1671370 534
1671380 534
1671390 534
1671400 534
1671410 534
1671420 535
1671430 535
1671440 535
1671450 536
1671460 536
1671470 536
1671480 536
1671490 536
1671500 537
1671510 537
1671520 537
1671530 538
1671540 538
1671550 538
1671560 538
1671570 538
1671580 539
1671590 539
1671600 539
1671610 539
1671620 539
1671630 539
1671640 539
1671650 540
1671660 540
1671670 540
1671680 541
1671690 541
1671700 541
1671710 542
1671720 542
1671730 542
1671740 543
1671750 543
1671760 545
1671770 545
1671780 545
1671790 546
1671800 547
1671810 547
1671820 548
1671830 549
1671840 549
1671850 549
1671860 550
1671870 550
1671880 551
1671890 551
1671900 551
1671910 550
1671920 550
1671930 549
1671940 547
1671950 547
1671960 547
1671970 546
1671980 546
1671990 545
1672000 544
1672010 544
1672020 543
1672030 542
1672040 542
1672050 541
1672060 541
1672070 541
1672080 541
1672090 540
1672100 540
1672110 539
1672120 538
1672130 538
1672140 536
1672150 533
1672160 533
1672170 531
1672180 529
1672190 529
1672200 526
1672210 525
1672220 525
1672230 524
1672240 524
1672250 524
1672260 525
1672270 527
1672280 527
1672290 528
1672300 532
1672310 532
1672320 532
1672330 532
1672340 533
1672350 534
1672360 534
1672370 535
1672380 535
1672390 535
1672400 535
1672410 535
1672420 535
1672430 534
1672440 533
1672450 533
1672460 531
1672470 530
1672480 530
1672490 529
1672500 528
1672510 528
1672520 527
1672530 526
1672540 526
1672550 525
1672560 526
1672570 526
1672580 528
1672590 530
1672600 530
1672610 532
1672620 533
1672630 533
1672640 534
1672650 534
1672660 534
1672670 534
1672680 535
1672690 535
1672700 535
1672710 536
1672720 536
1672730 537
1672740 537
1672750 537
1672760 537
1672770 537
1672780 537
1672790 538
1672800 538
1672810 538
1672820 538
1672830 538
1672840 539
1672850 539
1672860 539
1672870 540
1672880 541
1672890 541
1672900 541
1672910 541
1672920 541
1672930 541
1672940 540
1672950 540
1672960 540
1672970 539
1672980 539
1672990 539
1673000 539
1673010 539
1673020 539
1673030 539
1673040 539
1673050 539
1673060 539
1673070 539
1673080 539
1673090 538
1673100 538
1673110 537
1673120 537
1673130 536
1673140 537
1673150 537
1673160 539
1673170 539
1673180 539
1673190 540
1673200 541
1673210 541
1673220 541
1673230 541
1673240 541
1673250 540
1673260 539
1673270 539
1673280 537
1673290 536
1673300 536
1673310 535
1673320 533
1673330 533
1673340 532
1673350 531
1673360 531
1673370 529
1673380 529
1673390 529
1673400 528
1673410 527
1673420 527
1673430 527
1673440 527
1673450 527
1673460 527
1673470 527
1673480 527
1673490 525
1673500 523
1673510 523
1673520 521
1673530 521
1673540 520
1673550 518
1673560 518
1673570 515
1673580 512
1673590 512
1673600 507
1673610 503
1673620 503
1673630 502
1673640 502
1673650 502
1673660 502
1673670 502
1673680 502
1673690 502
1673700 502
1673710 502
1673720 502
1673730 502
1673740 502
1673750 503
1673760 504
1673770 504
1673780 505
1673790 506
1673800 506
1673810 506
1673820 507
1673830 507
1673840 508
1673850 509
1673860 509
1673870 510
1673880 511
1673890 511
1673900 512
1673910 513
1673920 513
1673930 514
1673940 514
1673950 515
1673960 517
1673970 517
1673980 518
1673990 519
1674000 519
1674010 520
1674020 521
1674030 521
1674040 522
1674050 523
1674060 523
1674070 524
1674080 525
1674090 525
1674100 526
1674110 527
1674120 527
1674130 528
1674140 529
1674150 529
1674160 530
1674170 531
1674180 531
1674190 532
1674200 534
1674210 534
1674220 536
1674230 537
1674240 537
1674250 538
1674260 540
1674270 540
1674280 541
1674290 542
1674300 542
1674310 543
1674320 544
1674330 544
1674340 545
1674350 545
1674360 546
1674370 547
1674380 548
1674390 549
1674400 549
1674410 549
1674420 550
1674430 551
1674440 551
1674450 552
1674460 553
1674470 553
1674480 553
1674490 553
1674500 553
1674510 554
1674520 554
1674530 554
1674540 555
1674550 555
1674560 555
1674570 556
1674580 557
1674590 557
1674600 557
1674610 558
1674620 558
1674630 558
1674640 559
1674650 559
1674660 560
1674670 560
1674680 560
1674690 561
1674700 561
1674710 561
1674720 561
1674730 561
1674740 562
1674750 562
1674760 562
1674770 562
1674780 562
1674790 562
1674800 562
1674810 562
1674820 562
1674830 562
1674840 562
1674850 562
1674860 562
1674870 563
1674880 563
1674890 562
1674900 562
1674910 562
1674920 562
1674930 562
1674940 562
1674950 562
1674960 562
1674970 562
1674980 562
1674990 562
1675000 562
1675010 562
1675020 561
1675030 561
1675040 561
1675050 561
1675060 561
1675070 561
1675080 560
1675090 560
1675100 560
1675110 560
1675120 560
1675130 560
1675140 560
1675150 560
1675160 560
1675170 560
1675180 560
1675190 560
1675200 560
1675210 560
1675220 561
1675230 561
1675240 561
1675250 561
1675260 561
1675270 561
1675280 561
1675290 561
1675300 561
1675310 561
1675320 561
1675330 561
1675340 561
1675350 561
1675360 561
1675370 561
1675380 561
1675390 561
1675400 561
1675410 561
1675420 561
1675430 560
1675440 560
1675450 560
1675460 559
1675470 559
1675480 559
1675490 558
1675500 558
1675510 558
1675520 557
1675530 557
1675540 556
1675550 556
1675560 554
1675570 553
1675580 553
1675590 552
1675600 551
1675610 551
1675620 550
1675630 550
1675640 550
1675650 550
1675660 551
1675670 551
1675680 552
1675690 552
1675700 552
1675710 551
1675720 550
1675730 550
1675740 549
1675750 548
1675760 550
1675770 548
1675780 545
1675790 545
1675800 544
1675810 544
1675820 544
1675830 547
1675840 551
1675850 551
1675860 552
1675870 552
1675880 552
1675890 552
1675900 551
1675910 551
1675920 551
1675930 551
1675940 551
1675950 551
1675960 551
1675970 551
1675980 551
1675990 551
1676000 551
1676010 550
1676020 550
1676030 550
1676040 550
1676050 550
1676060 550
1676070 550
1676080 550
1676090 550
1676100 550
1676110 550
1676120 550
1676130 550
1676140 550
1676150 550
1676160 550
1676170 550
1676180 550
1676190 550
1676200 550
1676210 550
1676220 550
1676230 550
1676240 550
1676250 549
1676260 549
1676270 548
1676280 548
1676290 548
1676300 547
1676310 546
1676320 546
1676330 545
1676340 545
1676350 545
1676360 545
1676370 545
1676380 546
1676390 547
1676400 547
1676410 548
1676420 548
1676430 548
1676440 549
1676450 550
1676460 550
1676470 550
1676480 550
1676490 550
1676500 550
1676510 550
1676520 550
1676530 550
1676540 551
1676550 551
1676560 552
1676570 553
1676580 553
1676590 554
1676600 555
1676610 555
1676620 556
1676630 557
1676640 557
1676650 557
1676660 558
1676670 558
1676680 558
1676690 559
1676700 559
1676710 559
1676720 559
1676730 559
1676740 559
1676750 559
1676760 560
1676770 561
1676780 561
1676790 562
1676800 562
1676810 562
1676820 562
1676830 562
1676840 562
1676850 562
1676860 562
1676870 562
1676880 562
1676890 562
1676900 562
1676910 562
1676920 561
1676930 561
1676940 559
1676950 558
1676960 558
1676970 557
1676980 557
1676990 557
1677000 556
1677010 556
1677020 556
1677030 557
1677040 558
1677050 558
1677060 559
1677070 560
1677080 560
1677090 560
1677100 559
1677110 559
1677120 559
1677130 561
1677140 561
1677150 561
1677160 561
1677170 560
1677180 560
1677190 560
1677200 560
1677210 560
1677220 560
1677230 560
1677240 560
1677250 560
1677260 560
1677270 560
1677280 560
1677290 559
1677300 559
1677310 559
1677320 558
1677330 558
1677340 558
1677350 559
1677360 559
1677370 559
1677380 559
1677390 559
1677400 559
1677410 559
1677420 560
1677430 560
1677440 560
1677450 559
1677460 559
1677470 559
1677480 559
1677490 559
1677500 559
1677510 560
1677520 560
1677530 561
1677540 561
1677550 561
1677560 561
1677570 561
1677580 561
1677590 563
1677600 563
1677610 564
1677620 563
1677630 563
1677640 563
1677650 564
1677660 564
1677670 564
1677680 563
1677690 563
1677700 563
1677710 562
1677720 562
1677730 562
1677740 562
1677750 562
1677760 562
1677770 562
1677780 562
1677790 562
1677800 562
1677810 562
1677820 562
1677830 563
1677840 563
1677850 563
1677860 563
1677870 563
1677880 563
1677890 563
1677900 563
1677910 563
1677920 564
1677930 564
1677940 564
1677950 564
1677960 564
1677970 564
1677980 564
1677990 564
1678000 564
1678010 564
1678020 565
1678030 565
1678040 565
1678050 565
1678060 565
1678070 565
1678080 565
1678090 565
1678100 565
1678110 565
1678120 565
1678130 565
1678140 566
1678150 566
1678160 566
1678170 566
1678180 566
1678190 566
1678200 567
1678210 567
1678220 567
1678230 568
1678240 568
1678250 568
1678260 569
1678270 569
1678280 569
1678290 570
1678300 570
1678310 570
1678320 570
1678330 571
1678340 571
1678350 571
1678360 571
1678370 571
1678380 572
1678390 572
1678400 572
1678410 572
1678420 572
1678430 572
1678440 573
1678450 573
1678460 573
1678470 573
1678480 573
1678490 574
1678500 575
1678510 575
1678520 575
1678530 576
1678540 576
1678550 576
1678560 576
1678570 576
1678580 577
1678590 577
1678600 577
1678610 577
1678620 578
1678630 578
1678640 578
1678650 578
1678660 578
1678670 578
1678680 578
1678690 578
1678700 578
1678710 579
1678720 579
1678730 579
1678740 579
1678750 579
1678760 579
1678770 579
1678780 579
1678790 579
1678800 579
1678810 579
1678820 579
1678830 579
1678840 579
1678850 579
1678860 579
1678870 579
1678880 579
1678890 579
1678900 579
1678910 579
1678920 579
1678930 579
1678940 580
1678950 580
1678960 579
1678970 579
1678980 579
1678990 579
1679000 578
1679010 578
1679020 579
1679030 579
1679040 579
1679050 579
1679060 579
1679070 579
1679080 579
1679090 579
1679100 579
1679110 579
1679120 579
1679130 579
1679140 579
1679150 578
1679160 578
1679170 579
1679180 579
1679190 579
1679200 579
1679210 579
1679220 578
1679230 578
1679240 578
1679250 578
1679260 577
1679270 577
1679280 577
1679290 576
1679300 576
1679310 575
1679320 575
1679330 575
1679340 574
1679350 574
1679360 574
1679370 571
1679380 569
1679390 569
1679400 567
1679410 566
1679420 566
1679430 567
1679440 570
1679450 570
1679460 573
1679470 574
1679480 574
1679490 574
1679500 574
1679510 574
1679520 574
1679530 574
1679540 574
1679550 573
1679560 573
1679570 573
1679580 572
1679590 572
1679600 573
1679610 574
1679620 574
1679630 574
1679640 575
1679650 575
1679660 575
1679670 575
1679680 575
1679690 575
1679700 575
1679710 575
1679720 575
1679730 575
1679740 575
1679750 574
1679760 574
1679770 574
1679780 574
1679790 573
1679800 573
1679810 573
1679820 572
1679830 572
1679840 572
1679850 572
1679860 572
1679870 572
1679880 571
1679890 571
1679900 571
1679910 570
1679920 570
1679930 570
1679940 570
1679950 570
1679960 570
1679970 571
1679980 571
1679990 572
