1668630 498
1668640 498
1668650 498
1668660 498
1668670 498
1668680 498
1668690 498
1668700 498
1668710 497
1668720 497
1668730 497
1668740 498
1668750 498
1668760 498
1668770 498
1668780 498
1668790 498
1668800 498
1668810 499
1668820 499
1668830 499
1668840 499
1668850 499
1668860 500
1668870 500
1668880 500
1668890 501
1668900 502
1668910 502
1668920 503
1668930 504
1668940 504
1668950 506
1668960 506
1668970 506
1668980 507
1668990 507
1669000 508
1669010 508
1669020 508
1669030 508
1669040 508
1669050 508
1669060 508
1669070 508
1669080 508
1669090 509
1669100 509
1669110 509
1669120 510
1669130 510
1669140 510
1669150 511
1669160 511
1669170 511
1669180 512
1669190 513
1669200 513
1669210 514
1669220 514
1669230 514
1669240 514
1669250 515
1669260 515
1669270 515
1669280 514
1669290 514
1669300 513
1669310 513
1669320 513
1669330 513
1669340 513
1669350 513
1669360 514
1669370 514
1669380 514
1669390 514
1669400 514
1669410 514
1669420 514
1669430 514
1669440 513
1669450 513
1669460 513
1669470 513
1669480 512
1669490 512
1669500 512
1669510 512
1669520 512
1669530 511
1669540 511
1669550 511
1669560 510
1669570 510
1669580 510
1669590 510
1669600 509
1669610 509
1669620 509
1669630 508
1669640 508
1669650 508
1669660 507
1669670 507
1669680 506
1669690 506
1669700 506
1669710 505
1669720 505
1669730 505
1669740 505
1669750 505
1669760 505
1669770 505
1669780 505
1669790 504
1669800 504
1669810 504
1669820 505
1669830 505
1669840 505
1669850 505
1669860 505
1669870 505
1669880 506
1669890 506
1669900 506
1669910 507
1669920 507
1669930 507
1669940 507
1669950 507
1669960 507
1669970 508
1669980 508
1669990 508
1670000 508
1670010 509
1670020 509
1670030 509
1670040 510
1670050 510
1670060 510
1670070 511
1670080 511
1670090 512
1670100 513
1670110 513
1670120 515
1670130 517
1670140 517
1670150 518
1670160 518
1670170 518
1670180 519
1670190 519
1670200 520
1670210 519
1670220 519
1670230 519
1670240 519
1670250 519
1670260 519
1670270 520
1670280 520
1670290 520
1670300 520
1670310 520
1670320 520
1670330 519
1670340 519
1670350 519
1670360 519
1670370 519
1670380 520
1670390 521
1670400 521
1670410 521
1670420 522
1670430 522
1670440 522
1670450 522
1670460 522
1670470 523
1670480 523
1670490 523
1670500 524
1670510 524
1670520 524
1670530 524
1670540 524
1670550 525
1670560 525
1670570 525
1670580 526
1670590 526
1670600 526
1670610 526
1670620 527
1670630 527
1670640 527
1670650 527
1670660 527
1670670 528
1670680 528
1670690 528
1670700 529
1670710 529
1670720 529
1670730 529
1670740 530
1670750 530
1670760 530
1670770 530
1670780 530
1670790 531
1670800 531
1670810 531
1670820 531
1670830 532
1670840 532
1670850 532
1670860 532
1670870 532
1670880 533
1670890 533
1670900 533
1670910 533
1670920 534
1670930 534
1670940 534
1670950 534
1670960 535
1670970 535
1670980 535
1670990 536
1671000 536
1671010 536
1671020 536
1671030 537
1671040 537
1671050 537
1671060 537
1671070 537
1671080 537
1671090 538
1671100 538
1671110 538
1671120 538
1671130 538
1671140 539
1671150 539
1671160 539
1671170 539
1671180 539
1671190 539
1671200 540
1671210 540
1671220 540
1671230 540
1671240 540
1671250 540
1671260 540
1671270 540
1671280 540
1671290 540
1671300 541
1671310 541
1671320 541
1671330 541
1671340 541
1671350 541
1671360 541
1671370 541
1671380 541
1671390 541
1671400 541
1671410 541
1671420 541
1671430 541
1671440 541
1671450 541
1671460 542
1671470 542
1671480 542
1671490 542
1671500 542
1671510 541
1671520 541
1671530 541
1671540 541
1671550 542
1671560 542
1671570 542
1671580 542
1671590 542
1671600 542
1671610 542
1671620 543
1671630 543
1671640 543
1671650 543
1671660 543
1671670 543
1671680 543
1671690 543
1671700 543
1671710 543
1671720 543
1671730 543
1671740 543
1671750 542
1671760 542
1671770 542
1671780 542
1671790 542
1671800 542
1671810 542
1671820 542
1671830 542
1671840 542
1671850 542
1671860 542
1671870 542
1671880 543
1671890 543
1671900 543
1671910 543
1671920 543
1671930 543
1671940 543
1671950 543
1671960 543
1671970 543
1671980 543
1671990 543
1672000 543
1672010 543
1672020 543
1672030 543
1672040 543
1672050 543
1672060 543
1672070 543
1672080 543
1672090 543
1672100 543
1672110 543
1672120 543
1672130 543
1672140 543
1672150 543
1672160 543
1672170 543
1672180 543
1672190 543
1672200 543
1672210 543
1672220 542
1672230 543
1672240 543
1672250 542
1672260 542
1672270 542
1672280 542
1672290 542
1672300 542
1672310 542
1672320 543
1672330 543
1672340 543
1672350 542
1672360 542
1672370 542
1672380 542
1672390 542
1672400 542
1672410 542
1672420 542
1672430 542
1672440 542
1672450 542
1672460 542
1672470 542
1672480 542
1672490 542
1672500 542
1672510 542
1672520 542
1672530 542
1672540 542
1672550 542
1672560 542
1672570 542
1672580 542
1672590 542
1672600 543
1672610 543
1672620 543
1672630 543
1672640 543
1672650 543
1672660 543
1672670 543
1672680 543
1672690 543
1672700 543
1672710 543
1672720 544
1672730 544
1672740 544
1672750 544
1672760 545
1672770 545
1672780 545
1672790 545
1672800 545
1672810 545
1672820 545
1672830 545
1672840 545
1672850 546
1672860 546
1672870 546
1672880 546
1672890 546
1672900 546
1672910 547
1672920 547
1672930 547
1672940 547
1672950 547
1672960 547
1672970 547
1672980 547
1672990 547
1673000 547
1673010 547
1673020 547
1673030 547
1673040 548
1673050 548
1673060 548
1673070 548
1673080 548
1673090 548
1673100 549
1673110 549
1673120 549
1673130 549
1673140 550
1673150 550
1673160 550
1673170 550
1673180 550
1673190 550
1673200 550
1673210 550
1673220 550
1673230 550
1673240 550
1673250 550
1673260 550
1673270 550
1673280 551
1673290 551
1673300 551
1673310 552
1673320 552
1673330 552
1673340 553
1673350 553
1673360 554
1673370 554
1673380 554
1673390 554
1673400 553
1673410 553
1673420 553
1673430 552
1673440 552
1673450 551
1673460 550
1673470 550
1673480 549
1673490 548
1673500 548
1673510 546
1673520 545
1673530 545
1673540 544
1673550 543
1673560 543
1673570 542
1673580 541
1673590 541
1673600 540
1673610 538
1673620 538
1673630 538
1673640 538
1673650 538
1673660 537
1673670 537
1673680 537
1673690 538
1673700 538
1673710 538
1673720 537
1673730 537
1673740 536
1673750 536
1673760 536
1673770 536
1673780 536
1673790 536
1673800 536
1673810 535
1673820 535
1673830 534
1673840 533
1673850 533
1673860 532
1673870 531
1673880 531
1673890 530
1673900 528
1673910 528
1673920 527
1673930 526
1673940 526
1673950 524
1673960 522
1673970 522
1673980 521
1673990 521
1674000 521
1674010 521
1674020 521
1674030 521
1674040 521
1674050 520
1674060 520
1674070 520
1674080 519
1674090 519
1674100 519
1674110 518
1674120 518
1674130 517
1674140 517
1674150 515
1674160 514
1674170 514
1674180 513
1674190 511
1674200 511
1674210 510
1674220 509
1674230 509
1674240 507
1674250 505
1674260 505
1674270 504
1674280 504
1674290 504
1674300 504
1674310 504
1674320 504
1674330 504
1674340 504
1674350 504
1674360 504
1674370 505
1674380 505
1674390 507
1674400 511
1674410 511
1674420 514
1674430 517
1674440 517
1674450 520
1674460 522
1674470 522
1674480 524
1674490 525
1674500 525
1674510 525
1674520 525
1674530 525
1674540 528
1674550 528
1674560 533
1674570 535
1674580 535
1674590 536
1674600 536
1674610 536
1674620 536
1674630 537
1674640 537
1674650 537
1674660 538
1674670 538
1674680 540
1674690 541
1674700 541
1674710 542
1674720 543
1674730 543
1674740 542
1674750 538
1674760 538
1674770 536
1674780 538
1674790 538
1674800 543
1674810 546
1674820 546
1674830 546
1674840 546
1674850 546
1674860 546
1674870 547
1674880 547
1674890 548
1674900 548
1674910 548
1674920 549
1674930 549
1674940 550
1674950 551
1674960 551
1674970 552
1674980 553
1674990 551
1675000 551
1675010 551
1675020 551
1675030 552
1675040 553
1675050 553
1675060 555
1675070 557
1675080 557
1675090 559
1675100 561
1675110 561
1675120 563
1675130 564
1675140 564
1675150 565
1675160 566
1675170 566
1675180 567
1675190 567
1675200 567
1675210 567
1675220 567
1675230 567
1675240 567
1675250 566
1675260 566
1675270 565
1675280 564
1675290 564
1675300 563
1675310 561
1675320 561
1675330 560
1675340 560
1675350 559
1675360 557
1675370 557
1675380 556
1675390 554
1675400 554
1675410 551
1675420 549
1675430 549
1675440 548
1675450 547
1675460 547
1675470 546
1675480 545
1675490 545
1675500 545
1675510 544
1675520 544
1675530 544
1675540 544
1675550 544
1675560 543
1675570 543
1675580 543
1675590 543
1675600 544
1675610 544
1675620 544
1675630 544
1675640 544
1675650 544
1675660 545
1675670 545
1675680 544
1675690 545
1675700 545
1675710 545
1675720 545
1675730 545
1675740 544
1675750 544
1675760 545
1675770 545
1675780 545
1675790 545
1675800 545
1675810 545
1675820 546
1675830 546
1675840 546
1675850 546
1675860 546
1675870 546
1675880 547
1675890 548
1675900 548
1675910 548
1675920 548
1675930 548
1675940 548
1675950 549
1675960 549
1675970 549
1675980 550
1675990 550
1676000 550
1676010 551
1676020 551
1676030 552
1676040 553
1676050 553
1676060 553
1676070 554
1676080 554
1676090 555
1676100 555
1676110 555
1676120 555
1676130 555
1676140 555
1676150 556
1676160 556
1676170 556
1676180 556
1676190 556
1676200 557
1676210 557
1676220 557
1676230 558
1676240 558
1676250 558
1676260 559
1676270 559
1676280 559
1676290 560
1676300 560
1676310 560
1676320 561
1676330 562
1676340 562
1676350 562
1676360 563
1676370 563
1676380 564
1676390 565
1676400 565
1676410 566
1676420 567
1676430 567
1676440 568
1676450 568
1676460 568
1676470 569
1676480 569
1676490 569
1676500 570
1676510 570
1676520 569
1676530 569
1676540 569
1676550 569
1676560 568
1676570 568
1676580 568
1676590 568
1676600 568
1676610 568
1676620 568
1676630 568
1676640 567
1676650 567
1676660 567
1676670 568
1676680 568
1676690 568
1676700 569
1676710 569
1676720 569
1676730 570
1676740 571
1676750 571
1676760 571
1676770 572
1676780 572
1676790 573
1676800 574
1676810 574
1676820 575
1676830 576
1676840 576
1676850 577
1676860 578
1676870 578
1676880 578
1676890 579
1676900 579
1676910 580
1676920 580
1676930 581
1676940 581
1676950 581
1676960 582
1676970 583
1676980 583
1676990 583
1677000 584
1677010 584
1677020 585
1677030 586
1677040 586
1677050 587
1677060 587
1677070 587
1677080 588
1677090 588
1677100 588
1677110 589
1677120 589
1677130 589
1677140 590
1677150 591
1677160 591
1677170 591
1677180 592
1677190 592
1677200 592
1677210 593
1677220 593
1677230 594
1677240 594
1677250 594
1677260 595
1677270 596
1677280 596
1677290 596
1677300 596
1677310 596
1677320 596
1677330 596
1677340 595
1677350 595
1677360 595
1677370 595
1677380 595
1677390 595
1677400 595
1677410 595
1677420 595
1677430 595
1677440 595
1677450 595
1677460 595
1677470 595
1677480 595
1677490 595
1677500 595
1677510 595
1677520 594
1677530 594
1677540 594
1677550 594
1677560 594
1677570 594
1677580 594
1677590 594
1677600 594
1677610 594
1677620 594
1677630 594
1677640 594
1677650 593
1677660 593
1677670 593
1677680 593
1677690 593
1677700 593
1677710 593
1677720 593
1677730 593
1677740 593
1677750 593
1677760 593
1677770 593
1677780 593
1677790 593
1677800 593
1677810 593
1677820 593
1677830 593
1677840 593
1677850 593
1677860 593
1677870 593
1677880 592
1677890 592
1677900 592
1677910 592
1677920 592
1677930 592
1677940 592
1677950 592
1677960 592
1677970 592
1677980 592
1677990 591
1678000 591
1678010 591
1678020 591
1678030 591
1678040 591
1678050 591
1678060 591
1678070 591
1678080 591
1678090 591
1678100 591
1678110 591
1678120 591
1678130 591
1678140 591
1678150 591
1678160 590
1678170 586
1678180 586
1678190 583
1678200 582
1678210 582
1678220 582
1678230 582
1678240 582
1678250 583
1678260 587
1678270 587
1678280 590
1678290 592
1678300 592
1678310 593
1678320 594
1678330 594
1678340 595
1678350 595
1678360 595
1678370 595
1678380 596
1678390 596
1678400 596
1678410 597
1678420 597
1678430 598
1678440 598
1678450 598
1678460 598
1678470 598
1678480 598
1678490 599
1678500 599
1678510 599
1678520 600
1678530 600
1678540 600
1678550 600
1678560 600
1678570 601
1678580 601
1678590 601
1678600 601
1678610 601
1678620 601
1678630 601
1678640 601
1678650 601
1678660 602
1678670 602
1678680 602
1678690 602
1678700 602
1678710 602
1678720 602
1678730 602
1678740 602
1678750 602
1678760 602
1678770 602
1678780 601
1678790 600
1678800 600
1678810 600
1678820 599
1678830 599
1678840 597
1678850 596
1678860 596
1678870 595
1678880 595
1678890 595
1678900 594
1678910 594
1678920 593
1678930 592
1678940 592
1678950 592
1678960 591
1678970 591
1678980 590
1678990 590
1679000 590
1679010 589
1679020 588
1679030 588
1679040 588
1679050 588
1679060 588
1679070 587
1679080 587
1679090 588
1679100 587
1679110 587
1679120 587
1679130 586
1679140 586
1679150 586
1679160 586
1679170 585
1679180 585
1679190 585
1679200 584
1679210 584
1679220 584
1679230 583
1679240 583
1679250 583
1679260 583
1679270 583
1679280 582
1679290 581
1679300 581
1679310 579
1679320 579
1679330 578
1679340 578
1679350 578
1679360 578
1679370 580
1679380 580
1679390 582
1679400 583
1679410 583
1679420 583
1679430 584
1679440 584
1679450 584
1679460 583
1679470 583
1679480 583
1679490 583
1679500 583
1679510 582
1679520 581
1679530 581
1679540 579
1679550 578
1679560 578
1679570 580
1679580 581
1679590 581
1679600 580
1679610 580
1679620 580
1679630 579
1679640 579
1679650 579
1679660 578
1679670 577
1679680 577
1679690 576
1679700 576
1679710 575
1679720 575
1679730 575
1679740 577
1679750 578
1679760 578
1679770 578
1679780 579
1679790 579
1679800 578
1679810 578
1679820 578
1679830 578
1679840 577
1679850 577
1679860 577
1679870 577
1679880 577
1679890 576
1679900 575
1679910 575
1679920 575
1679930 574
1679940 574
1679950 573
1679960 573
1679970 573
1679980 572
1679990 572
