1667420 486
1667430 485
1667440 485
1667450 483
1667460 482
1667470 482
1667480 484
1667490 485
1667500 485
1667510 486
1667520 487
1667530 487
1667540 487
1667550 487
1667560 487
1667570 486
1667580 486
1667590 487
1667600 487
1667610 487
1667620 488
1667630 488
1667640 488
1667650 488
1667660 488
1667670 488
1667680 488
1667690 487
1667700 487
1667710 486
1667720 485
1667730 485
1667740 484
1667750 485
1667760 485
1667770 487
1667780 489
1667790 489
1667800 490
1667810 490
1667820 490
1667830 490
1667840 490
1667850 490
1667860 491
1667870 491
1667880 491
1667890 491
1667900 491
1667910 491
1667920 492
1667930 492
1667940 492
1667950 492
1667960 492
1667970 493
1667980 493
1667990 493
1668000 492
1668010 492
1668020 492
1668030 492
1668040 492
1668050 492
1668060 492
1668070 492
1668080 492
1668090 493
1668100 493
1668110 493
1668120 493
1668130 493
1668140 493
1668150 493
1668160 494
1668170 494
1668180 494
1668190 494
1668200 494
1668210 495
1668220 496
1668230 496
1668240 496
1668250 496
1668260 496
1668270 496
1668280 497
1668290 497
1668300 497
1668310 497
1668320 498
1668330 499
1668340 499
1668350 500
1668360 501
1668370 501
1668380 501
1668390 502
1668400 502
1668410 503
1668420 502
1668430 502
1668440 503
1668450 503
1668460 503
1668470 503
1668480 503
1668490 503
1668500 504
1668510 504
1668520 504
1668530 503
1668540 502
1668550 502
1668560 503
1668570 504
1668580 504
1668590 503
1668600 502
1668610 502
1668620 502
1668630 502
1668640 502
1668650 503
1668660 503
1668670 503
1668680 503
1668690 502
1668700 502
1668710 502
1668720 502
1668730 502
1668740 502
1668750 502
1668760 502
1668770 502
1668780 502
1668790 502
1668800 501
1668810 501
1668820 501
1668830 501
1668840 501
1668850 500
1668860 500
1668870 500
1668880 500
1668890 499
1668900 499
1668910 499
1668920 499
1668930 499
1668940 499
1668950 498
1668960 498
1668970 498
1668980 498
1668990 498
1669000 498
1669010 497
1669020 497
1669030 497
1669040 497
1669050 497
1669060 497
1669070 498
1669080 498
1669090 498
1669100 498
1669110 498
1669120 499
1669130 499
1669140 499
1669150 499
1669160 499
1669170 499
1669180 499
1669190 499
1669200 500
1669210 500
1669220 500
1669230 501
1669240 501
1669250 501
1669260 501
1669270 502
1669280 502
1669290 502
1669300 502
1669310 502
1669320 503
1669330 503
1669340 503
1669350 503
1669360 503
1669370 503
1669380 503
1669390 504
1669400 504
1669410 504
1669420 504
1669430 504
1669440 505
1669450 505
1669460 505
1669470 505
1669480 505
1669490 505
1669500 506
1669510 506
1669520 506
1669530 506
1669540 506
1669550 506
1669560 506
1669570 506
1669580 506
1669590 506
1669600 506
1669610 506
1669620 506
1669630 506
1669640 506
1669650 506
1669660 506
1669670 506
1669680 506
1669690 506
1669700 506
1669710 505
1669720 505
1669730 505
1669740 505
1669750 505
1669760 505
1669770 506
1669780 506
1669790 506
1669800 506
1669810 506
1669820 507
1669830 507
1669840 507
1669850 508
1669860 508
1669870 508
1669880 508
1669890 508
1669900 509
1669910 509
1669920 509
1669930 509
1669940 510
1669950 510
1669960 510
1669970 510
1669980 510
1669990 511
1670000 512
1670010 512
1670020 512
1670030 513
1670040 513
1670050 514
1670060 514
1670070 514
1670080 514
1670090 514
1670100 514
1670110 514
1670120 515
1670130 515
1670140 515
1670150 515
1670160 515
1670170 516
1670180 517
1670190 517
1670200 518
1670210 519
1670220 519
1670230 520
1670240 522
1670250 522
1670260 522
1670270 522
1670280 523
1670290 524
1670300 524
1670310 525
1670320 526
1670330 526
1670340 527
1670350 527
1670360 527
1670370 526
1670380 525
1670390 525
1670400 524
1670410 525
1670420 524
1670430 524
1670440 524
1670450 524
1670460 525
1670470 525
1670480 525
1670490 526
1670500 526
1670510 526
1670520 528
1670530 528
1670540 528
1670550 529
1670560 529
1670570 529
1670580 530
1670590 530
1670600 530
1670610 530
1670620 530
1670630 530
1670640 529
1670650 529
1670660 529
1670670 530
1670680 530
1670690 530
1670700 530
1670710 530
1670720 529
1670730 528
1670740 528
1670750 527
1670760 526
1670770 526
1670780 526
1670790 525
1670800 525
1670810 525
1670820 525
1670830 525
1670840 525
1670850 525
1670860 525
1670870 525
1670880 526
1670890 526
1670900 526
1670910 526
1670920 526
1670930 526
1670940 525
1670950 525
1670960 525
1670970 525
1670980 525
1670990 524
1671000 524
1671010 524
1671020 523
1671030 523
1671040 522
1671050 522
1671060 522
1671070 522
1671080 523
1671090 523
1671100 523
1671110 524
1671120 524
1671130 525
1671140 526
1671150 526
1671160 527
1671170 527
1671180 527
1671190 528
1671200 530
1671210 530
1671220 531
1671230 532
1671240 532
1671250 533
1671260 534
1671270 534
1671280 535
1671290 536
1671300 536
1671310 536
1671320 536
1671330 536
1671340 536
1671350 535
1671360 535
1671370 535
1671380 534
1671390 534
1671400 534
1671410 534
1671420 534
1671430 534
1671440 534
1671450 534
1671460 534
1671470 534
1671480 534
1671490 534
1671500 534
1671510 535
1671520 535
1671530 535
1671540 535
1671550 536
1671560 536
1671570 536
1671580 536
1671590 536
1671600 537
1671610 538
1671620 538
1671630 538
1671640 539
1671650 539
1671660 539
1671670 540
1671680 540
1671690 541
1671700 542
1671710 542
1671720 543
1671730 544
1671740 544
1671750 545
1671760 546
1671770 546
1671780 548
1671790 550
1671800 550
1671810 552
1671820 552
1671830 554
1671840 556
1671850 556
1671860 557
1671870 557
1671880 557
1671890 557
1671900 558
1671910 558
1671920 559
1671930 560
1671940 560
1671950 561
1671960 562
1671970 562
1671980 563
1671990 563
1672000 563
1672010 563
1672020 562
1672030 562
1672040 561
1672050 561
1672060 561
1672070 561
1672080 562
1672090 562
1672100 563
1672110 565
1672120 565
1672130 567
1672140 569
1672150 569
1672160 569
1672170 571
1672180 571
1672190 572
1672200 572
1672210 574
1672220 575
1672230 575
1672240 575
1672250 576
1672260 576
1672270 576
1672280 576
1672290 576
1672300 576
1672310 576
1672320 576
1672330 576
1672340 576
1672350 576
1672360 576
1672370 576
1672380 576
1672390 576
1672400 575
1672410 575
1672420 574
1672430 574
1672440 574
1672450 575
1672460 575
1672470 575
1672480 575
1672490 575
1672500 575
1672510 574
1672520 573
1672530 574
1672540 572
1672550 571
1672560 571
1672570 570
1672580 570
1672590 568
1672600 567
1672610 567
1672620 564
1672630 563
1672640 563
1672650 562
1672660 562
1672670 562
1672680 561
1672690 560
1672700 560
1672710 559
1672720 557
1672730 557
1672740 557
1672750 558
1672760 558
1672770 557
1672780 557
1672790 557
1672800 557
1672810 556
1672820 556
1672830 555
1672840 555
1672850 555
1672860 554
1672870 553
1672880 553
1672890 553
1672900 552
1672910 552
1672920 551
1672930 550
1672940 550
1672950 548
1672960 547
1672970 547
1672980 546
1672990 546
1673000 545
1673010 546
1673020 546
1673030 546
1673040 545
1673050 545
1673060 544
1673070 542
1673080 542
1673090 541
1673100 540
1673110 540
1673120 539
1673130 539
1673140 539
1673150 539
1673160 538
1673170 538
1673180 538
1673190 538
1673200 538
1673210 538
1673220 539
1673230 539
1673240 540
1673250 541
1673260 541
1673270 542
1673280 543
1673290 543
1673300 544
1673310 545
1673320 545
1673330 546
1673340 547
1673350 547
1673360 547
1673370 547
1673380 548
1673390 548
1673400 548
1673410 548
1673420 548
1673430 548
1673440 548
1673450 548
1673460 548
1673470 548
1673480 547
1673490 547
1673500 546
1673510 545
1673520 545
1673530 543
1673540 542
1673550 542
1673560 540
1673570 539
1673580 539
1673590 538
1673600 536
1673610 536
1673620 535
1673630 533
1673640 533
1673650 531
1673660 530
1673670 530
1673680 529
1673690 528
1673700 528
1673710 527
1673720 526
1673730 526
1673740 525
1673750 525
1673760 524
1673770 523
1673780 523
1673790 522
1673800 521
1673810 521
1673820 521
1673830 520
1673840 520
1673850 519
1673860 519
1673870 519
1673880 518
1673890 517
1673900 517
1673910 516
1673920 515
1673930 516
1673940 515
1673950 514
1673960 514
1673970 513
1673980 512
1673990 512
1674000 511
1674010 510
1674020 510
1674030 509
1674040 508
1674050 508
1674060 507
1674070 507
1674080 507
1674090 508
1674100 509
1674110 509
1674120 510
1674130 510
1674140 513
1674150 516
1674160 516
1674170 519
1674180 522
1674190 522
1674200 525
1674210 527
1674220 527
1674230 529
1674240 530
1674250 530
1674260 531
1674270 532
1674280 532
1674290 532
1674300 533
1674310 533
1674320 533
1674330 533
1674340 533
1674350 533
1674360 533
1674370 533
1674380 532
1674390 531
1674400 531
1674410 529
1674420 527
1674430 527
1674440 526
1674450 526
1674460 526
1674470 526
1674480 527
1674490 527
1674500 528
1674510 530
1674520 530
1674530 531
1674540 531
1674550 531
1674560 531
1674570 531
1674580 531
1674590 531
1674600 531
1674610 531
1674620 533
1674630 533
1674640 533
1674650 533
1674660 533
1674670 534
1674680 534
1674690 534
1674700 534
1674710 534
1674720 534
1674730 534
1674740 535
1674750 535
1674760 536
1674770 536
1674780 536
1674790 539
1674800 543
1674810 543
1674820 545
1674830 546
1674840 546
1674850 548
1674860 549
1674870 549
1674880 550
1674890 551
1674900 551
1674910 552
1674920 552
1674930 553
1674940 553
1674950 553
1674960 554
1674970 554
1674980 554
1674990 554
1675000 553
1675010 553
1675020 553
1675030 552
1675040 552
1675050 552
1675060 551
1675070 551
1675080 551
1675090 551
1675100 551
1675110 550
1675120 550
1675130 550
1675140 551
1675150 551
1675160 551
1675170 551
1675180 551
1675190 551
1675200 551
1675210 551
1675220 551
1675230 551
1675240 551
1675250 551
1675260 551
1675270 551
1675280 551
1675290 551
1675300 551
1675310 552
1675320 552
1675330 552
1675340 552
1675350 552
1675360 552
1675370 553
1675380 553
1675390 553
1675400 553
1675410 553
1675420 553
1675430 553
1675440 554
1675450 554
1675460 554
1675470 554
1675480 554
1675490 554
1675500 555
1675510 555
1675520 555
1675530 555
1675540 555
1675550 556
1675560 556
1675570 556
1675580 556
1675590 557
1675600 557
1675610 557
1675620 557
1675630 557
1675640 557
1675650 557
1675660 557
1675670 557
1675680 557
1675690 558
1675700 558
1675710 558
1675720 559
1675730 559
1675740 559
1675750 559
1675760 559
1675770 559
1675780 559
1675790 559
1675800 559
1675810 559
1675820 560
1675830 560
1675840 560
1675850 560
1675860 560
1675870 560
1675880 560
1675890 560
1675900 560
1675910 561
1675920 561
1675930 561
1675940 561
1675950 561
1675960 561
1675970 561
1675980 561
1675990 562
1676000 562
1676010 562
1676020 562
1676030 562
1676040 562
1676050 562
1676060 562
1676070 562
1676080 562
1676090 562
1676100 563
1676110 563
1676120 563
1676130 563
1676140 563
1676150 563
1676160 563
1676170 563
1676180 563
1676190 563
1676200 563
1676210 563
1676220 563
1676230 563
1676240 563
1676250 563
1676260 563
1676270 563
1676280 564
1676290 564
1676300 564
1676310 564
1676320 564
1676330 564
1676340 564
1676350 563
1676360 563
1676370 563
1676380 563
1676390 563
1676400 563
1676410 563
1676420 563
1676430 563
1676440 563
1676450 563
1676460 563
1676470 563
1676480 562
1676490 562
1676500 562
1676510 562
1676520 561
1676530 561
1676540 561
1676550 561
1676560 561
1676570 560
1676580 560
1676590 560
1676600 560
1676610 560
1676620 560
1676630 559
1676640 559
1676650 559
1676660 559
1676670 558
1676680 558
1676690 558
1676700 558
1676710 558
1676720 558
1676730 558
1676740 558
1676750 558
1676760 558
1676770 558
1676780 558
1676790 558
1676800 558
1676810 558
1676820 557
1676830 557
1676840 557
1676850 557
1676860 557
1676870 557
1676880 557
1676890 557
1676900 557
1676910 557
1676920 557
1676930 557
1676940 557
1676950 557
1676960 557
1676970 557
1676980 558
1676990 558
1677000 558
1677010 559
1677020 560
1677030 560
1677040 560
1677050 561
1677060 561
1677070 561
1677080 562
1677090 562
1677100 562
1677110 563
1677120 563
1677130 563
1677140 564
1677150 564
1677160 564
1677170 564
1677180 564
1677190 565
1677200 565
1677210 565
1677220 565
1677230 565
1677240 566
1677250 566
1677260 566
1677270 567
1677280 567
1677290 567
1677300 568
1677310 568
1677320 568
1677330 569
1677340 569
1677350 569
1677360 569
1677370 569
1677380 569
1677390 571
1677400 571
1677410 571
1677420 572
1677430 572
1677440 572
1677450 572
1677460 573
1677470 573
1677480 573
1677490 573
1677500 573
1677510 573
1677520 573
1677530 573
1677540 573
1677550 572
1677560 572
1677570 572
1677580 572
1677590 572
1677600 572
1677610 572
1677620 572
1677630 572
1677640 572
1677650 572
1677660 572
1677670 572
1677680 572
1677690 572
1677700 572
1677710 572
1677720 573
1677730 573
1677740 574
1677750 574
1677760 574
1677770 575
1677780 576
1677790 576
1677800 576
1677810 577
1677820 577
1677830 577
1677840 578
1677850 578
1677860 578
1677870 578
1677880 578
1677890 579
1677900 580
1677910 580
1677920 580
1677930 581
1677940 581
1677950 581
1677960 581
1677970 581
1677980 582
1677990 582
1678000 582
1678010 582
1678020 582
1678030 582
1678040 582
1678050 582
1678060 582
1678070 582
1678080 582
1678090 582
1678100 583
1678110 583
1678120 583
1678130 583
1678140 583
1678150 584
1678160 585
1678170 585
1678180 586
1678190 586
1678200 586
1678210 587
1678220 587
1678230 587
1678240 588
1678250 588
1678260 588
1678270 588
1678280 587
1678290 587
1678300 587
1678310 587
1678320 587
1678330 587
1678340 587
1678350 587
1678360 587
1678370 587
1678380 587
1678390 588
1678400 588
1678410 588
1678420 588
1678430 588
1678440 589
1678450 589
1678460 589
1678470 589
1678480 589
1678490 589
1678500 590
1678510 590
1678520 590
1678530 590
1678540 590
1678550 590
1678560 590
1678570 590
1678580 590
1678590 591
1678600 591
1678610 591
1678620 591
1678630 590
1678640 590
1678650 590
1678660 590
1678670 590
1678680 590
1678690 590
1678700 590
1678710 590
1678720 589
1678730 589
1678740 589
1678750 589
1678760 589
1678770 589
1678780 589
1678790 589
1678800 588
1678810 588
1678820 588
1678830 588
1678840 588
1678850 587
1678860 587
1678870 587
1678880 587
1678890 586
1678900 586
1678910 586
1678920 585
1678930 585
1678940 585
1678950 585
1678960 585
1678970 584
1678980 584
1678990 584
1679000 583
1679010 583
1679020 583
1679030 582
1679040 582
1679050 582
1679060 581
1679070 581
1679080 581
1679090 580
1679100 580
1679110 580
1679120 579
1679130 578
1679140 578
1679150 578
1679160 577
1679170 577
1679180 577
1679190 577
1679200 576
1679210 576
1679220 576
1679230 575
1679240 575
1679250 575
1679260 575
1679270 575
1679280 575
1679290 574
1679300 574
1679310 574
1679320 574
1679330 573
1679340 573
1679350 573
1679360 573
1679370 573
1679380 572
1679390 572
1679400 572
1679410 572
1679420 571
1679430 571
1679440 571
1679450 571
1679460 571
1679470 570
1679480 570
1679490 570
1679500 569
1679510 569
1679520 569
1679530 569
1679540 568
1679550 568
1679560 568
1679570 568
1679580 567
1679590 567
1679600 567
1679610 566
1679620 566
1679630 566
1679640 565
1679650 566
1679660 566
1679670 567
1679680 568
1679690 568
1679700 569
1679710 570
1679720 570
1679730 570
1679740 571
1679750 571
1679760 571
1679770 571
1679780 571
1679790 570
1679800 570
1679810 570
1679820 569
1679830 569
1679840 569
1679850 569
1679860 569
1679870 569
1679880 568
1679890 568
1679900 568
1679910 568
1679920 567
1679930 567
1679940 567
1679950 567
1679960 566
1679970 565
1679980 565
1679990 564
