1667520 486
1667530 486
1667540 486
1667550 486
1667560 486
1667570 486
1667580 486
1667590 486
1667600 486
1667610 485
1667620 485
1667630 485
1667640 485
1667650 485
1667660 485
1667670 485
1667680 485
1667690 484
1667700 484
1667710 484
1667720 483
1667730 483
1667740 483
1667750 483
1667760 482
1667770 482
1667780 481
1667790 481
1667800 480
1667810 479
1667820 479
1667830 479
1667840 479
1667850 479
1667860 479
1667870 479
1667880 479
1667890 479
1667900 479
1667910 479
1667920 479
1667930 479
1667940 479
1667950 479
1667960 480
1667970 480
1667980 480
1667990 481
1668000 481
1668010 482
1668020 483
1668030 483
1668040 483
1668050 483
1668060 483
1668070 483
1668080 483
1668090 483
1668100 483
1668110 483
1668120 483
1668130 484
1668140 484
1668150 484
1668160 484
1668170 484
1668180 484
1668190 485
1668200 485
1668210 486
1668220 487
1668230 487
1668240 489
1668250 491
1668260 491
1668270 492
1668280 492
1668290 492
1668300 492
1668310 493
1668320 493
1668330 494
1668340 494
1668350 494
1668360 495
1668370 495
1668380 495
1668390 496
1668400 497
1668410 497
1668420 498
1668430 500
1668440 500
1668450 501
1668460 501
1668470 501
1668480 502
1668490 503
1668500 503
1668510 505
1668520 505
1668530 505
1668540 505
1668550 506
1668560 506
1668570 508
1668580 508
1668590 509
1668600 510
1668610 510
1668620 510
1668630 511
1668640 511
1668650 512
1668660 513
1668670 513
1668680 515
1668690 515
1668700 515
1668710 515
1668720 515
1668730 515
1668740 515
1668750 515
1668760 515
1668770 515
1668780 515
1668790 515
1668800 515
1668810 515
1668820 515
1668830 514
1668840 513
1668850 513
1668860 513
1668870 512
1668880 512
1668890 511
1668900 510
1668910 510
1668920 509
1668930 508
1668940 508
1668950 507
1668960 507
1668970 506
1668980 505
1668990 505
1669000 505
1669010 504
1669020 504
1669030 503
1669040 503
1669050 503
1669060 502
1669070 502
1669080 502
1669090 502
1669100 501
1669110 501
1669120 501
1669130 501
1669140 501
1669150 501
1669160 501
1669170 501
1669180 501
1669190 501
1669200 501
1669210 501
1669220 502
1669230 502
1669240 502
1669250 502
1669260 502
1669270 503
1669280 503
1669290 503
1669300 504
1669310 504
1669320 504
1669330 505
1669340 505
1669350 505
1669360 506
1669370 506
1669380 506
1669390 507
1669400 507
1669410 507
1669420 508
1669430 508
1669440 509
1669450 508
1669460 508
1669470 509
1669480 509
1669490 509
1669500 509
1669510 509
1669520 509
1669530 509
1669540 508
1669550 508
1669560 509
1669570 510
1669580 510
1669590 510
1669600 511
1669610 511
1669620 512
1669630 513
1669640 513
1669650 512
1669660 512
1669670 512
1669680 512
1669690 511
1669700 511
1669710 511
1669720 511
1669730 511
1669740 511
1669750 511
1669760 511
1669770 511
1669780 511
1669790 511
1669800 511
1669810 511
1669820 511
1669830 511
1669840 511
1669850 512
1669860 512
1669870 512
1669880 512
1669890 513
1669900 513
1669910 514
1669920 514
1669930 514
1669940 514
1669950 515
1669960 515
1669970 515
1669980 516
1669990 516
1670000 516
1670010 517
1670020 517
1670030 517
1670040 517
1670050 517
1670060 517
1670070 517
1670080 517
1670090 517
1670100 517
1670110 517
1670120 517
1670130 517
1670140 517
1670150 516
1670160 516
1670170 516
1670180 516
1670190 516
1670200 516
1670210 516
1670220 516
1670230 516
1670240 515
1670250 515
1670260 515
1670270 516
1670280 516
1670290 516
1670300 516
1670310 516
1670320 516
1670330 516
1670340 516
1670350 516
1670360 516
1670370 516
1670380 516
1670390 516
1670400 516
1670410 516
1670420 516
1670430 516
1670440 516
1670450 516
1670460 516
1670470 516
1670480 516
1670490 516
1670500 516
1670510 516
1670520 516
1670530 516
1670540 516
1670550 516
1670560 516
1670570 516
1670580 516
1670590 517
1670600 516
1670610 517
1670620 518
1670630 518
1670640 518
1670650 519
1670660 519
1670670 519
1670680 520
1670690 520
1670700 521
1670710 522
1670720 522
1670730 523
1670740 523
1670750 523
1670760 523
1670770 524
1670780 524
1670790 524
1670800 524
1670810 524
1670820 524
1670830 525
1670840 525
1670850 526
1670860 526
1670870 526
1670880 526
1670890 526
1670900 526
1670910 526
1670920 526
1670930 527
1670940 528
1670950 528
1670960 530
1670970 532
1670980 532
1670990 533
1671000 534
1671010 534
1671020 535
1671030 536
1671040 536
1671050 538
1671060 538
1671070 538
1671080 539
1671090 540
1671100 540
1671110 541
1671120 541
1671130 541
1671140 542
1671150 543
1671160 543
1671170 544
1671180 545
1671190 545
1671200 545
1671210 546
1671220 546
1671230 545
1671240 545
1671250 545
1671260 544
1671270 544
1671280 545
1671290 546
1671300 546
1671310 549
1671320 550
1671330 550
1671340 551
1671350 552
1671360 552
1671370 553
1671380 555
1671390 555
1671400 557
1671410 558
1671420 558
1671430 559
1671440 560
1671450 560
1671460 561
1671470 562
1671480 562
1671490 563
1671500 564
1671510 564
1671520 565
1671530 566
1671540 566
1671550 566
1671560 566
1671570 566
1671580 567
1671590 568
1671600 568
1671610 569
1671620 569
1671630 569
1671640 570
1671650 570
1671660 571
1671670 571
1671680 571
1671690 571
1671700 571
1671710 571
1671720 571
1671730 571
1671740 571
1671750 571
1671760 571
1671770 571
1671780 571
1671790 571
1671800 571
1671810 572
1671820 572
1671830 572
1671840 573
1671850 573
1671860 573
1671870 573
1671880 572
1671890 572
1671900 572
1671910 571
1671920 571
1671930 572
1671940 572
1671950 572
1671960 572
1671970 573
1671980 573
1671990 575
1672000 576
1672010 577
1672020 578
1672030 578
1672040 578
1672050 579
1672060 579
1672070 578
1672080 578
1672090 578
1672100 577
1672110 577
1672120 577
1672130 577
1672140 577
1672150 577
1672160 577
1672170 578
1672180 578
1672190 578
1672200 578
1672210 578
1672220 579
1672230 580
1672240 580
1672250 580
1672260 581
1672270 581
1672280 581
1672290 582
1672300 582
1672310 582
1672320 582
1672330 582
1672340 581
1672350 581
1672360 581
1672370 581
1672380 580
1672390 580
1672400 580
1672410 580
1672420 580
1672430 580
1672440 580
1672450 580
1672460 581
1672470 581
1672480 581
1672490 582
1672500 582
1672510 582
1672520 582
1672530 582
1672540 581
1672550 580
1672560 580
1672570 580
1672580 580
1672590 580
1672600 581
1672610 581
1672620 581
1672630 581
1672640 580
1672650 580
1672660 580
1672670 579
1672680 579
1672690 579
1672700 579
1672710 580
1672720 579
1672730 579
1672740 579
1672750 578
1672760 577
1672770 577
1672780 575
1672790 574
1672800 574
1672810 573
1672820 573
1672830 571
1672840 570
1672850 570
1672860 569
1672870 568
1672880 568
1672890 567
1672900 565
1672910 565
1672920 564
1672930 563
1672940 563
1672950 562
1672960 561
1672970 561
1672980 560
1672990 559
1673000 559
1673010 559
1673020 558
1673030 558
1673040 558
1673050 557
1673060 557
1673070 557
1673080 557
1673090 557
1673100 557
1673110 557
1673120 557
1673130 558
1673140 558
1673150 558
1673160 558
1673170 558
1673180 558
1673190 559
1673200 559
1673210 559
1673220 560
1673230 560
1673240 560
1673250 560
1673260 560
1673270 561
1673280 560
1673290 560
1673300 560
1673310 560
1673320 560
1673330 560
1673340 559
1673350 559
1673360 559
1673370 558
1673380 558
1673390 558
1673400 557
1673410 556
1673420 555
1673430 555
1673440 555
1673450 554
1673460 553
1673470 553
1673480 552
1673490 551
1673500 551
1673510 550
1673520 549
1673530 549
1673540 548
1673550 547
1673560 547
1673570 546
1673580 546
1673590 545
1673600 545
1673610 545
1673620 544
1673630 543
1673640 543
1673650 542
1673660 541
1673670 541
1673680 539
1673690 538
1673700 538
1673710 537
1673720 535
1673730 535
1673740 533
1673750 531
1673760 531
1673770 529
1673780 527
1673790 527
1673800 526
1673810 522
1673820 522
1673830 519
1673840 517
1673850 517
1673860 516
1673870 516
1673880 516
1673890 515
1673900 512
1673910 512
1673920 511
1673930 511
1673940 511
1673950 510
1673960 510
1673970 510
1673980 510
1673990 510
1674000 510
1674010 509
1674020 509
1674030 510
1674040 509
1674050 509
1674060 509
1674070 509
1674080 509
1674090 509
1674100 510
1674110 510
1674120 510
1674130 510
1674140 510
1674150 510
1674160 511
1674170 511
1674180 511
1674190 512
1674200 512
1674210 516
1674220 520
1674230 520
1674240 524
1674250 527
1674260 527
1674270 529
1674280 531
1674290 531
1674300 533
1674310 535
1674320 535
1674330 537
1674340 538
1674350 538
1674360 540
1674370 540
1674380 542
1674390 543
1674400 543
1674410 544
1674420 546
1674430 546
1674440 547
1674450 549
1674460 549
1674470 550
1674480 551
1674490 551
1674500 551
1674510 552
1674520 552
1674530 552
1674540 553
1674550 553
1674560 554
1674570 555
1674580 555
1674590 555
1674600 556
1674610 556
1674620 557
1674630 557
1674640 557
1674650 557
1674660 557
1674670 557
1674680 558
1674690 558
1674700 558
1674710 558
1674720 559
1674730 559
1674740 559
1674750 559
1674760 560
1674770 560
1674780 560
1674790 560
1674800 561
1674810 561
1674820 561
1674830 560
1674840 560
1674850 560
1674860 560
1674870 560
1674880 560
1674890 559
1674900 559
1674910 559
1674920 558
1674930 558
1674940 557
1674950 556
1674960 556
1674970 555
1674980 554
1674990 554
1675000 553
1675010 552
1675020 552
1675030 551
1675040 550
1675050 550
1675060 550
1675070 550
1675080 550
1675090 549
1675100 549
1675110 549
1675120 548
1675130 548
1675140 547
1675150 548
1675160 548
1675170 549
1675180 550
1675190 550
1675200 550
1675210 551
1675220 551
1675230 552
1675240 553
1675250 553
1675260 553
1675270 554
1675280 554
1675290 554
1675300 555
1675310 555
1675320 556
1675330 556
1675340 556
1675350 557
1675360 557
1675370 557
1675380 557
1675390 558
1675400 558
1675410 558
1675420 558
1675430 558
1675440 558
1675450 558
1675460 558
1675470 558
1675480 559
1675490 559
1675500 559
1675510 559
1675520 559
1675530 560
1675540 560
1675550 560
1675560 560
1675570 560
1675580 561
1675590 561
1675600 561
1675610 561
1675620 562
1675630 562
1675640 562
1675650 562
1675660 562
1675670 563
1675680 563
1675690 563
1675700 563
1675710 564
1675720 564
1675730 564
1675740 564
1675750 564
1675760 564
1675770 565
1675780 565
1675790 565
1675800 565
1675810 565
1675820 565
1675830 565
1675840 565
1675850 565
1675860 565
1675870 565
1675880 565
1675890 565
1675900 565
1675910 565
1675920 565
1675930 565
1675940 565
1675950 565
1675960 565
1675970 565
1675980 565
1675990 566
1676000 566
1676010 566
1676020 566
1676030 566
1676040 566
1676050 566
1676060 566
1676070 566
1676080 566
1676090 567
1676100 567
1676110 567
1676120 567
1676130 567
1676140 567
1676150 567
1676160 567
1676170 568
1676180 568
1676190 568
1676200 568
1676210 568
1676220 568
1676230 569
1676240 569
1676250 569
1676260 569
1676270 570
1676280 570
1676290 570
1676300 570
1676310 570
1676320 570
1676330 570
1676340 570
1676350 570
1676360 570
1676370 570
1676380 569
1676390 569
1676400 569
1676410 569
1676420 569
1676430 569
1676440 569
1676450 569
1676460 569
1676470 569
1676480 569
1676490 569
1676500 569
1676510 569
1676520 570
1676530 570
1676540 570
1676550 570
1676560 570
1676570 570
1676580 570
1676590 569
1676600 569
1676610 569
1676620 569
1676630 569
1676640 569
1676650 569
1676660 569
1676670 569
1676680 569
1676690 569
1676700 569
1676710 569
1676720 569
1676730 568
1676740 568
1676750 568
1676760 568
1676770 568
1676780 567
1676790 567
1676800 567
1676810 567
1676820 567
1676830 567
1676840 567
1676850 568
1676860 568
1676870 568
1676880 568
1676890 568
1676900 568
1676910 568
1676920 568
1676930 568
1676940 568
1676950 568
1676960 568
1676970 568
1676980 568
1676990 568
1677000 568
1677010 568
1677020 568
1677030 568
1677040 568
1677050 568
1677060 568
1677070 568
1677080 569
1677090 569
1677100 569
1677110 569
1677120 569
1677130 569
1677140 569
1677150 569
1677160 569
1677170 569
1677180 569
1677190 569
1677200 569
1677210 569
1677220 570
1677230 570
1677240 570
1677250 569
1677260 569
1677270 569
1677280 568
1677290 568
1677300 568
1677310 568
1677320 568
1677330 568
1677340 568
1677350 568
1677360 568
1677370 569
1677380 569
1677390 569
1677400 569
1677410 570
1677420 570
1677430 570
1677440 570
1677450 571
1677460 571
1677470 571
1677480 572
1677490 573
1677500 573
1677510 573
1677520 574
1677530 574
1677540 575
1677550 575
1677560 575
1677570 576
1677580 577
1677590 577
1677600 577
1677610 578
1677620 578
1677630 579
1677640 580
1677650 580
1677660 582
1677670 583
1677680 583
1677690 584
1677700 584
1677710 584
1677720 584
1677730 585
1677740 585
1677750 585
1677760 585
1677770 585
1677780 586
1677790 586
1677800 586
1677810 586
1677820 586
1677830 586
1677840 586
1677850 586
1677860 586
1677870 587
1677880 587
1677890 587
1677900 587
1677910 587
1677920 587
1677930 587
1677940 587
1677950 588
1677960 588
1677970 588
1677980 589
1677990 589
1678000 589
1678010 590
1678020 590
1678030 590
1678040 591
1678050 591
1678060 591
1678070 592
1678080 592
1678090 592
1678100 593
1678110 593
1678120 593
1678130 594
1678140 594
1678150 594
1678160 594
1678170 594
1678180 594
1678190 594
1678200 592
1678210 592
1678220 591
1678230 591
1678240 592
1678250 593
1678260 593
1678270 594
1678280 595
1678290 595
1678300 596
1678310 597
1678320 597
1678330 598
1678340 598
1678350 598
1678360 599
1678370 599
1678380 599
1678390 600
1678400 601
1678410 601
1678420 601
1678430 602
1678440 602
1678450 602
1678460 602
1678470 602
1678480 602
1678490 602
1678500 602
1678510 602
1678520 602
1678530 602
1678540 601
1678550 601
1678560 601
1678570 601
1678580 600
1678590 600
1678600 599
1678610 599
1678620 598
1678630 597
1678640 597
1678650 596
1678660 595
1678670 595
1678680 594
1678690 593
1678700 593
1678710 592
1678720 591
1678730 591
1678740 590
1678750 589
1678760 589
1678770 588
1678780 587
1678790 587
1678800 587
1678810 586
1678820 586
1678830 585
1678840 584
1678850 584
1678860 583
1678870 583
1678880 583
1678890 582
1678900 581
1678910 581
1678920 580
1678930 579
1678940 579
1678950 579
1678960 578
1678970 578
1678980 578
1678990 578
1679000 577
1679010 577
1679020 577
1679030 576
1679040 575
1679050 575
1679060 575
1679070 575
1679080 575
1679090 574
1679100 574
1679110 574
1679120 574
1679130 573
1679140 573
1679150 573
1679160 572
1679170 572
1679180 572
1679190 572
1679200 572
1679210 571
1679220 571
1679230 571
1679240 571
1679250 570
1679260 570
1679270 569
1679280 569
1679290 569
1679300 568
1679310 568
1679320 568
1679330 567
1679340 567
1679350 567
1679360 566
1679370 566
1679380 566
1679390 566
1679400 566
1679410 566
1679420 565
1679430 565
1679440 565
1679450 565
1679460 565
1679470 565
1679480 565
1679490 565
1679500 564
1679510 564
1679520 564
1679530 564
1679540 563
1679550 563
1679560 562
1679570 561
1679580 561
1679590 561
1679600 561
1679610 561
1679620 561
1679630 561
1679640 561
1679650 562
1679660 563
1679670 563
1679680 563
1679690 563
1679700 563
1679710 562
1679720 562
1679730 562
1679740 562
1679750 562
1679760 563
1679770 563
1679780 563
1679790 564
1679800 564
1679810 564
1679820 564
1679830 565
1679840 565
1679850 564
1679860 565
1679870 565
1679880 565
1679890 565
1679900 565
1679910 566
1679920 566
1679930 566
1679940 567
1679950 567
1679960 567
1679970 567
1679980 568
1679990 568
