1667420 479
1667430 479
1667440 479
1667450 479
1667460 479
1667470 479
1667480 479
1667490 479
1667500 480
1667510 480
1667520 480
1667530 480
1667540 480
1667550 480
1667560 481
1667570 481
1667580 481
1667590 482
1667600 482
1667610 482
1667620 483
1667630 483
1667640 484
1667650 485
1667660 485
1667670 485
1667680 486
1667690 486
1667700 487
1667710 487
1667720 487
1667730 488
1667740 489
1667750 489
1667760 490
1667770 491
1667780 491
1667790 494
1667800 498
1667810 498
1667820 500
1667830 501
1667840 501
1667850 500
1667860 500
1667870 500
1667880 500
1667890 500
1667900 500
1667910 501
1667920 501
1667930 501
1667940 501
1667950 501
1667960 502
1667970 502
1667980 502
1667990 503
1668000 504
1668010 504
1668020 505
1668030 506
1668040 506
1668050 507
1668060 508
1668070 508
1668080 508
1668090 508
1668100 508
1668110 509
1668120 509
1668130 509
1668140 509
1668150 510
1668160 510
1668170 511
1668180 512
1668190 512
1668200 512
1668210 513
1668220 513
1668230 513
1668240 514
1668250 514
1668260 515
1668270 515
1668280 515
1668290 516
1668300 516
1668310 517
1668320 518
1668330 518
1668340 518
1668350 518
1668360 518
1668370 517
1668380 516
1668390 516
1668400 516
1668410 517
1668420 517
1668430 518
1668440 518
1668450 518
1668460 518
1668470 518
1668480 518
1668490 518
1668500 518
1668510 518
1668520 518
1668530 518
1668540 518
1668550 518
1668560 518
1668570 518
1668580 517
1668590 518
1668600 518
1668610 517
1668620 516
1668630 516
1668640 515
1668650 514
1668660 514
1668670 513
1668680 513
1668690 512
1668700 511
1668710 511
1668720 511
1668730 512
1668740 512
1668750 513
1668760 513
1668770 513
1668780 513
1668790 513
1668800 513
1668810 513
1668820 512
1668830 512
1668840 511
1668850 511
1668860 511
1668870 510
1668880 510
1668890 510
1668900 511
1668910 511
1668920 511
1668930 512
1668940 513
1668950 513
1668960 515
1668970 516
1668980 516
1668990 516
1669000 516
1669010 516
1669020 515
1669030 515
1669040 515
1669050 515
1669060 515
1669070 514
1669080 514
1669090 514
1669100 514
1669110 514
1669120 514
1669130 515
1669140 515
1669150 515
1669160 516
1669170 516
1669180 516
1669190 517
1669200 517
1669210 517
1669220 518
1669230 519
1669240 519
1669250 520
1669260 521
1669270 521
1669280 522
1669290 523
1669300 523
1669310 523
1669320 523
1669330 523
1669340 523
1669350 524
1669360 524
1669370 525
1669380 526
1669390 526
1669400 526
1669410 525
1669420 525
1669430 525
1669440 525
1669450 525
1669460 525
1669470 525
1669480 524
1669490 524
1669500 524
1669510 524
1669520 524
1669530 524
1669540 524
1669550 523
1669560 523
1669570 522
1669580 521
1669590 521
1669600 521
1669610 522
1669620 522
1669630 522
1669640 522
1669650 522
1669660 522
1669670 521
1669680 521
1669690 521
1669700 521
1669710 521
1669720 521
1669730 521
1669740 521
1669750 521
1669760 521
1669770 521
1669780 521
1669790 522
1669800 522
1669810 523
1669820 523
1669830 524
1669840 524
1669850 524
1669860 524
1669870 525
1669880 525
1669890 525
1669900 525
1669910 525
1669920 525
1669930 525
1669940 525
1669950 525
1669960 524
1669970 524
1669980 524
1669990 523
1670000 523
1670010 523
1670020 523
1670030 523
1670040 522
1670050 522
1670060 522
1670070 521
1670080 520
1670090 520
1670100 519
1670110 519
1670120 519
1670130 519
1670140 519
1670150 519
1670160 519
1670170 519
1670180 519
1670190 518
1670200 518
1670210 518
1670220 518
1670230 518
1670240 518
1670250 518
1670260 518
1670270 518
1670280 518
1670290 518
1670300 519
1670310 520
1670320 520
1670330 520
1670340 521
1670350 521
1670360 522
1670370 523
1670380 523
1670390 524
1670400 525
1670410 525
1670420 526
1670430 526
1670440 526
1670450 527
1670460 528
1670470 528
1670480 529
1670490 529
1670500 529
1670510 528
1670520 528
1670530 528
1670540 528
1670550 528
1670560 528
1670570 528
1670580 528
1670590 527
1670600 527
1670610 527
1670620 527
1670630 526
1670640 526
1670650 526
1670660 526
1670670 526
1670680 525
1670690 525
1670700 525
1670710 525
1670720 525
1670730 525
1670740 524
1670750 525
1670760 525
1670770 526
1670780 526
1670790 526
1670800 526
1670810 527
1670820 527
1670830 527
1670840 528
1670850 528
1670860 528
1670870 528
1670880 528
1670890 529
1670900 529
1670910 529
1670920 530
1670930 532
1670940 532
1670950 532
1670960 532
1670970 532
1670980 531
1670990 531
1671000 531
1671010 531
1671020 531
1671030 531
1671040 531
1671050 531
1671060 531
1671070 531
1671080 531
1671090 531
1671100 531
1671110 531
1671120 531
1671130 531
1671140 531
1671150 532
1671160 532
1671170 532
1671180 532
1671190 532
1671200 532
1671210 532
1671220 532
1671230 532
1671240 531
1671250 531
1671260 531
1671270 531
1671280 531
1671290 531
1671300 532
1671310 532
1671320 532
1671330 532
1671340 532
1671350 533
1671360 534
1671370 534
1671380 535
1671390 535
1671400 535
1671410 536
1671420 536
1671430 536
1671440 536
1671450 536
1671460 536
1671470 536
1671480 535
1671490 535
1671500 535
1671510 536
1671520 536
1671530 536
1671540 536
1671550 536
1671560 536
1671570 537
1671580 537
1671590 537
1671600 537
1671610 537
1671620 538
1671630 538
1671640 538
1671650 538
1671660 538
1671670 538
1671680 539
1671690 539
1671700 539
1671710 539
1671720 539
1671730 539
1671740 539
1671750 539
1671760 540
1671770 540
1671780 540
1671790 540
1671800 540
1671810 540
1671820 540
1671830 540
1671840 540
1671850 540
1671860 540
1671870 540
1671880 540
1671890 541
1671900 541
1671910 541
1671920 542
1671930 542
1671940 542
1671950 542
1671960 542
1671970 543
1671980 543
1671990 543
1672000 544
1672010 545
1672020 545
1672030 546
1672040 546
1672050 546
1672060 547
1672070 547
1672080 548
1672090 549
1672100 549
1672110 549
1672120 549
1672130 549
1672140 550
1672150 550
1672160 550
1672170 551
1672180 553
1672190 553
1672200 554
1672210 555
1672220 555
1672230 556
1672240 558
1672250 558
1672260 559
1672270 561
1672280 561
1672290 562
1672300 563
1672310 563
1672320 564
1672330 566
1672340 566
1672350 567
1672360 568
1672370 568
1672380 569
1672390 570
1672400 570
1672410 570
1672420 570
1672430 570
1672440 571
1672450 571
1672460 571
1672470 571
1672480 571
1672490 571
1672500 571
1672510 571
1672520 571
1672530 571
1672540 571
1672550 571
1672560 572
1672570 572
1672580 571
1672590 571
1672600 571
1672610 571
1672620 571
1672630 571
1672640 571
1672650 572
1672660 572
1672670 572
1672680 572
1672690 572
1672700 572
1672710 572
1672720 572
1672730 573
1672740 573
1672750 573
1672760 573
1672770 574
1672780 574
1672790 574
1672800 574
1672810 574
1672820 574
1672830 574
1672840 575
1672850 575
1672860 575
1672870 575
1672880 575
1672890 575
1672900 575
1672910 576
1672920 576
1672930 576
1672940 576
1672950 576
1672960 576
1672970 576
1672980 576
1672990 576
1673000 576
1673010 576
1673020 575
1673030 575
1673040 575
1673050 575
1673060 575
1673070 575
1673080 574
1673090 574
1673100 574
1673110 574
1673120 573
1673130 573
1673140 573
1673150 573
1673160 573
1673170 573
1673180 572
1673190 572
1673200 572
1673210 572
1673220 572
1673230 572
1673240 572
1673250 572
1673260 573
1673270 573
1673280 573
1673290 573
1673300 573
1673310 573
1673320 574
1673330 574
1673340 574
1673350 574
1673360 574
1673370 574
1673380 575
1673390 575
1673400 575
1673410 575
1673420 575
1673430 575
1673440 575
1673450 575
1673460 576
1673470 576
1673480 576
1673490 576
1673500 576
1673510 576
1673520 577
1673530 577
1673540 577
1673550 578
1673560 579
1673570 579
1673580 580
1673590 580
1673600 580
1673610 581
1673620 581
1673630 583
1673640 584
1673650 584
1673660 584
1673670 584
1673680 584
1673690 584
1673700 584
1673710 584
1673720 584
1673730 584
1673740 584
1673750 584
1673760 584
1673770 584
1673780 583
1673790 583
1673800 583
1673810 583
1673820 582
1673830 582
1673840 581
1673850 579
1673860 579
1673870 578
1673880 576
1673890 576
1673900 575
1673910 573
1673920 573
1673930 571
1673940 569
1673950 569
1673960 567
1673970 567
1673980 565
1673990 563
1674000 563
1674010 561
1674020 559
1674030 559
1674040 558
1674050 555
1674060 555
1674070 554
1674080 552
1674090 552
1674100 550
1674110 548
1674120 548
1674130 547
1674140 542
1674150 542
1674160 540
1674170 539
1674180 539
1674190 535
1674200 532
1674210 532
1674220 531
1674230 532
1674240 532
1674250 532
1674260 531
1674270 531
1674280 531
1674290 530
1674300 530
1674310 530
1674320 528
1674330 528
1674340 527
1674350 527
1674360 527
1674370 526
1674380 526
1674390 525
1674400 524
1674410 524
1674420 523
1674430 522
1674440 522
1674450 521
1674460 521
1674470 521
1674480 521
1674490 521
1674500 521
1674510 520
1674520 521
1674530 521
1674540 522
1674550 522
1674560 522
1674570 523
1674580 524
1674590 524
1674600 524
1674610 524
1674620 524
1674630 525
1674640 525
1674650 525
1674660 525
1674670 525
1674680 525
1674690 524
1674700 524
1674710 524
1674720 523
1674730 523
1674740 518
1674750 517
1674760 517
1674770 517
1674780 517
1674790 517
1674800 517
1674810 517
1674820 517
1674830 517
1674840 517
1674850 517
1674860 517
1674870 519
1674880 519
1674890 524
1674900 529
1674910 529
1674920 534
1674930 535
1674940 535
1674950 536
1674960 538
1674970 538
1674980 539
1674990 540
1675000 540
1675010 541
1675020 541
1675030 541
1675040 544
1675050 545
1675060 545
1675070 545
1675080 545
1675090 545
1675100 545
1675110 545
1675120 545
1675130 545
1675140 545
1675150 545
1675160 545
1675170 545
1675180 544
1675190 544
1675200 544
1675210 543
1675220 543
1675230 543
1675240 542
1675250 541
1675260 541
1675270 540
1675280 539
1675290 539
1675300 539
1675310 538
1675320 538
1675330 538
1675340 538
1675350 538
1675360 538
1675370 536
1675380 536
1675390 534
1675400 534
1675410 534
1675420 536
1675430 537
1675440 537
1675450 537
1675460 534
1675470 534
1675480 533
1675490 533
1675500 533
1675510 533
1675520 533
1675530 533
1675540 533
1675550 533
1675560 533
1675570 536
1675580 536
1675590 541
1675600 545
1675610 545
1675620 547
1675630 548
1675640 548
1675650 549
1675660 549
1675670 549
1675680 550
1675690 550
1675700 550
1675710 551
1675720 551
1675730 551
1675740 551
1675750 551
1675760 551
1675770 551
1675780 551
1675790 551
1675800 552
1675810 552
1675820 552
1675830 552
1675840 553
1675850 553
1675860 553
1675870 553
1675880 553
1675890 553
1675900 553
1675910 553
1675920 554
1675930 554
1675940 554
1675950 555
1675960 555
1675970 556
1675980 556
1675990 556
1676000 557
1676010 558
1676020 558
1676030 558
1676040 559
1676050 559
1676060 559
1676070 560
1676080 560
1676090 560
1676100 561
1676110 561
1676120 562
1676130 563
1676140 563
1676150 563
1676160 564
1676170 564
1676180 565
1676190 566
1676200 566
1676210 566
1676220 566
1676230 566
1676240 566
1676250 566
1676260 566
1676270 567
1676280 567
1676290 567
1676300 567
1676310 567
1676320 567
1676330 567
1676340 567
1676350 567
1676360 567
1676370 567
1676380 567
1676390 567
1676400 567
1676410 567
1676420 568
1676430 568
1676440 568
1676450 568
1676460 568
1676470 568
1676480 568
1676490 568
1676500 568
1676510 568
1676520 568
1676530 568
1676540 568
1676550 568
1676560 568
1676570 568
1676580 568
1676590 568
1676600 568
1676610 567
1676620 567
1676630 567
1676640 567
1676650 567
1676660 567
1676670 567
1676680 567
1676690 567
1676700 566
1676710 566
1676720 566
1676730 566
1676740 566
1676750 566
1676760 566
1676770 566
1676780 566
1676790 566
1676800 566
1676810 566
1676820 566
1676830 566
1676840 566
1676850 567
1676860 567
1676870 567
1676880 569
1676890 570
1676900 570
1676910 571
1676920 572
1676930 572
1676940 573
1676950 574
1676960 574
1676970 574
1676980 574
1676990 574
1677000 575
1677010 575
1677020 574
1677030 575
1677040 575
1677050 575
1677060 575
1677070 575
1677080 575
1677090 576
1677100 576
1677110 576
1677120 576
1677130 576
1677140 576
1677150 577
1677160 577
1677170 577
1677180 577
1677190 577
1677200 577
1677210 577
1677220 577
1677230 578
1677240 578
1677250 578
1677260 578
1677270 579
1677280 579
1677290 579
1677300 579
1677310 579
1677320 580
1677330 580
1677340 580
1677350 580
1677360 580
1677370 580
1677380 580
1677390 580
1677400 581
1677410 581
1677420 581
1677430 581
1677440 581
1677450 581
1677460 582
1677470 582
1677480 582
1677490 582
1677500 582
1677510 582
1677520 583
1677530 583
1677540 583
1677550 583
1677560 584
1677570 584
1677580 584
1677590 584
1677600 584
1677610 584
1677620 585
1677630 585
1677640 585
1677650 586
1677660 586
1677670 586
1677680 586
1677690 586
1677700 587
1677710 587
1677720 587
1677730 588
1677740 588
1677750 589
1677760 589
1677770 589
1677780 590
1677790 591
1677800 591
1677810 592
1677820 593
1677830 593
1677840 594
1677850 595
1677860 595
1677870 596
1677880 597
1677890 597
1677900 598
1677910 598
1677920 598
1677930 599
1677940 600
1677950 600
1677960 600
1677970 601
1677980 601
1677990 601
1678000 601
1678010 601
1678020 601
1678030 601
1678040 601
1678050 602
1678060 602
1678070 602
1678080 602
1678090 602
1678100 602
1678110 601
1678120 601
1678130 601
1678140 601
1678150 601
1678160 601
1678170 601
1678180 601
1678190 601
1678200 601
1678210 601
1678220 601
1678230 601
1678240 601
1678250 601
1678260 602
1678270 602
1678280 602
1678290 602
1678300 602
1678310 602
1678320 602
1678330 602
1678340 602
1678350 602
1678360 602
1678370 602
1678380 602
1678390 602
1678400 602
1678410 602
1678420 602
1678430 602
1678440 602
1678450 602
1678460 602
1678470 602
1678480 602
1678490 602
1678500 602
1678510 602
1678520 601
1678530 601
1678540 601
1678550 601
1678560 601
1678570 601
1678580 600
1678590 600
1678600 600
1678610 600
1678620 600
1678630 600
1678640 599
1678650 599
1678660 599
1678670 599
1678680 599
1678690 599
1678700 598
1678710 598
1678720 598
1678730 598
1678740 598
1678750 598
1678760 598
1678770 598
1678780 597
1678790 597
1678800 597
1678810 597
1678820 597
1678830 597
1678840 596
1678850 596
1678860 596
1678870 596
1678880 596
1678890 596
1678900 596
1678910 596
1678920 596
1678930 595
1678940 596
1678950 596
1678960 595
1678970 595
1678980 595
1678990 595
1679000 595
1679010 595
1679020 594
1679030 594
1679040 594
1679050 594
1679060 594
1679070 593
1679080 593
1679090 593
1679100 593
1679110 592
1679120 592
1679130 592
1679140 592
1679150 592
1679160 591
1679170 591
1679180 591
1679190 590
1679200 590
1679210 590
1679220 590
1679230 590
1679240 590
1679250 589
1679260 589
1679270 589
1679280 589
1679290 589
1679300 588
1679310 588
1679320 588
1679330 587
1679340 587
1679350 587
1679360 587
1679370 587
1679380 587
1679390 587
1679400 587
1679410 587
1679420 587
1679430 587
1679440 587
1679450 587
1679460 588
1679470 588
1679480 587
1679490 587
1679500 587
1679510 587
1679520 586
1679530 586
1679540 586
1679550 585
1679560 585
1679570 584
1679580 583
1679590 583
1679600 582
1679610 581
1679620 580
1679630 579
1679640 579
1679650 578
1679660 580
1679670 580
1679680 580
1679690 578
1679700 578
1679710 578
1679720 578
1679730 578
1679740 580
1679750 581
1679760 581
1679770 582
1679780 584
1679790 584
1679800 585
1679810 586
1679820 586
1679830 587
1679840 587
1679850 587
1679860 588
1679870 588
1679880 588
1679890 588
1679900 588
1679910 588
1679920 588
1679930 588
1679940 588
1679950 589
1679960 589
1679970 589
1679980 589
1679990 589
