1667060 471
1667070 471
1667080 471
1667090 472
1667100 472
1667110 472
1667120 472
1667130 472
1667140 472
1667150 473
1667160 473
1667170 473
1667180 473
1667190 473
1667200 473
1667210 474
1667220 474
1667230 474
1667240 475
1667250 475
1667260 475
1667270 476
1667280 476
1667290 477
1667300 478
1667310 478
1667320 479
1667330 480
1667340 480
1667350 480
1667360 480
1667370 480
1667380 481
1667390 482
1667400 482
1667410 482
1667420 482
1667430 482
1667440 482
1667450 483
1667460 483
1667470 483
1667480 484
1667490 484
1667500 484
1667510 484
1667520 484
1667530 484
1667540 484
1667550 485
1667560 485
1667570 485
1667580 485
1667590 485
1667600 485
1667610 486
1667620 486
1667630 486
1667640 486
1667650 487
1667660 487
1667670 487
1667680 487
1667690 487
1667700 487
1667710 487
1667720 487
1667730 487
1667740 487
1667750 487
1667760 487
1667770 488
1667780 488
1667790 488
1667800 489
1667810 489
1667820 489
1667830 490
1667840 490
1667850 490
1667860 491
1667870 491
1667880 491
1667890 491
1667900 491
1667910 492
1667920 492
1667930 492
1667940 492
1667950 492
1667960 493
1667970 493
1667980 493
1667990 493
1668000 493
1668010 493
1668020 493
1668030 493
1668040 493
1668050 493
1668060 494
1668070 494
1668080 494
1668090 494
1668100 494
1668110 494
1668120 494
1668130 494
1668140 494
1668150 494
1668160 494
1668170 494
1668180 494
1668190 494
1668200 494
1668210 494
1668220 494
1668230 494
1668240 494
1668250 494
1668260 494
1668270 494
1668280 494
1668290 494
1668300 494
1668310 494
1668320 494
1668330 494
1668340 494
1668350 494
1668360 494
1668370 494
1668380 494
1668390 494
1668400 494
1668410 495
1668420 495
1668430 495
1668440 495
1668450 495
1668460 495
1668470 495
1668480 495
1668490 496
1668500 496
1668510 496
1668520 496
1668530 496
1668540 496
1668550 496
1668560 497
1668570 497
1668580 497
1668590 496
1668600 496
1668610 496
1668620 496
1668630 496
1668640 497
1668650 498
1668660 498
1668670 498
1668680 498
1668690 499
1668700 499
1668710 499
1668720 500
1668730 500
1668740 500
1668750 501
1668760 502
1668770 502
1668780 503
1668790 504
1668800 504
1668810 504
1668820 504
1668830 504
1668840 504
1668850 503
1668860 503
1668870 502
1668880 501
1668890 501
1668900 500
1668910 499
1668920 499
1668930 499
1668940 499
1668950 499
1668960 498
1668970 498
1668980 498
1668990 498
1669000 498
1669010 498
1669020 500
1669030 500
1669040 500
1669050 501
1669060 501
1669070 501
1669080 502
1669090 502
1669100 503
1669110 504
1669120 504
1669130 505
1669140 506
1669150 506
1669160 508
1669170 509
1669180 509
1669190 509
1669200 510
1669210 510
1669220 509
1669230 509
1669240 509
1669250 510
1669260 510
1669270 510
1669280 511
1669290 512
1669300 512
1669310 513
1669320 515
1669330 515
1669340 516
1669350 517
1669360 517
1669370 518
1669380 518
1669390 518
1669400 517
1669410 517
1669420 517
1669430 515
1669440 515
1669450 515
1669460 515
1669470 515
1669480 516
1669490 516
1669500 516
1669510 517
1669520 518
1669530 518
1669540 519
1669550 520
1669560 520
1669570 521
1669580 523
1669590 523
1669600 524
1669610 525
1669620 525
1669630 526
1669640 527
1669650 527
1669660 528
1669670 529
1669680 529
1669690 529
1669700 529
1669710 529
1669720 530
1669730 530
1669740 530
1669750 529
1669760 528
1669770 528
1669780 528
1669790 528
1669800 527
1669810 527
1669820 527
1669830 526
1669840 526
1669850 526
1669860 525
1669870 525
1669880 525
1669890 526
1669900 526
1669910 526
1669920 525
1669930 525
1669940 525
1669950 524
1669960 524
1669970 524
1669980 523
1669990 523
1670000 523
1670010 522
1670020 522
1670030 522
1670040 521
1670050 520
1670060 520
1670070 516
1670080 513
1670090 513
1670100 513
1670110 514
1670120 514
1670130 518
1670140 520
1670150 520
1670160 521
1670170 521
1670180 522
1670190 523
1670200 523
1670210 523
1670220 523
1670230 523
1670240 524
1670250 524
1670260 524
1670270 525
1670280 525
1670290 525
1670300 526
1670310 526
1670320 526
1670330 526
1670340 526
1670350 526
1670360 527
1670370 527
1670380 527
1670390 528
1670400 529
1670410 529
1670420 529
1670430 530
1670440 530
1670450 530
1670460 530
1670470 530
1670480 531
1670490 531
1670500 531
1670510 531
1670520 531
1670530 531
1670540 531
1670550 531
1670560 531
1670570 531
1670580 531
1670590 531
1670600 530
1670610 530
1670620 530
1670630 530
1670640 530
1670650 530
1670660 530
1670670 530
1670680 530
1670690 530
1670700 530
1670710 530
1670720 530
1670730 530
1670740 530
1670750 530
1670760 530
1670770 530
1670780 531
1670790 531
1670800 532
1670810 534
1670820 534
1670830 535
1670840 535
1670850 535
1670860 534
1670870 534
1670880 534
1670890 533
1670900 533
1670910 533
1670920 533
1670930 533
1670940 533
1670950 533
1670960 533
1670970 534
1670980 536
1670990 536
1671000 536
1671010 536
1671020 536
1671030 538
1671040 539
1671050 539
1671060 540
1671070 540
1671080 540
1671090 541
1671100 542
1671110 542
1671120 543
1671130 544
1671140 544
1671150 545
1671160 546
1671170 546
1671180 546
1671190 547
1671200 547
1671210 548
1671220 549
1671230 549
1671240 549
1671250 549
1671260 549
1671270 550
1671280 550
1671290 550
1671300 550
1671310 550
1671320 551
1671330 551
1671340 551
1671350 551
1671360 552
1671370 552
1671380 552
1671390 553
1671400 553
1671410 553
1671420 554
1671430 554
1671440 555
1671450 557
1671460 557
1671470 558
1671480 560
1671490 560
1671500 561
1671510 562
1671520 562
1671530 562
1671540 563
1671550 563
1671560 564
1671570 564
1671580 564
1671590 565
1671600 564
1671610 564
1671620 564
1671630 563
1671640 563
1671650 563
1671660 563
1671670 562
1671680 562
1671690 562
1671700 562
1671710 562
1671720 562
1671730 562
1671740 563
1671750 563
1671760 563
1671770 562
1671780 562
1671790 562
1671800 562
1671810 562
1671820 562
1671830 562
1671840 562
1671850 563
1671860 564
1671870 564
1671880 565
1671890 567
1671900 567
1671910 569
1671920 570
1671930 570
1671940 571
1671950 572
1671960 572
1671970 572
1671980 573
1671990 573
1672000 574
1672010 574
1672020 574
1672030 574
1672040 574
1672050 575
1672060 575
1672070 575
1672080 575
1672090 575
1672100 575
1672110 576
1672120 576
1672130 576
1672140 576
1672150 576
1672160 576
1672170 576
1672180 576
1672190 576
1672200 576
1672210 577
1672220 577
1672230 577
1672240 577
1672250 577
1672260 576
1672270 576
1672280 576
1672290 576
1672300 576
1672310 576
1672320 576
1672330 575
1672340 575
1672350 574
1672360 573
1672370 573
1672380 573
1672390 573
1672400 573
1672410 573
1672420 573
1672430 572
1672440 571
1672450 571
1672460 571
1672470 570
1672480 570
1672490 570
1672500 570
1672510 570
1672520 570
1672530 569
1672540 569
1672550 569
1672560 569
1672570 569
1672580 569
1672590 569
1672600 569
1672610 568
1672620 568
1672630 568
1672640 568
1672650 568
1672660 568
1672670 568
1672680 568
1672690 568
1672700 568
1672710 568
1672720 568
1672730 569
1672740 569
1672750 569
1672760 569
1672770 569
1672780 570
1672790 571
1672800 571
1672810 571
1672820 572
1672830 572
1672840 573
1672850 573
1672860 573
1672870 574
1672880 574
1672890 574
1672900 575
1672910 576
1672920 576
1672930 577
1672940 577
1672950 577
1672960 577
1672970 577
1672980 577
1672990 577
1673000 577
1673010 577
1673020 577
1673030 576
1673040 576
1673050 577
1673060 577
1673070 577
1673080 577
1673090 577
1673100 577
1673110 578
1673120 578
1673130 578
1673140 578
1673150 578
1673160 578
1673170 578
1673180 578
1673190 578
1673200 578
1673210 578
1673220 578
1673230 578
1673240 578
1673250 577
1673260 577
1673270 577
1673280 577
1673290 577
1673300 577
1673310 576
1673320 576
1673330 576
1673340 575
1673350 575
1673360 575
1673370 575
1673380 574
1673390 574
1673400 574
1673410 574
1673420 574
1673430 574
1673440 574
1673450 574
1673460 573
1673470 573
1673480 573
1673490 573
1673500 572
1673510 572
1673520 572
1673530 572
1673540 571
1673550 571
1673560 571
1673570 571
1673580 570
1673590 570
1673600 569
1673610 569
1673620 569
1673630 568
1673640 567
1673650 567
1673660 566
1673670 565
1673680 565
1673690 564
1673700 564
1673710 564
1673720 563
1673730 562
1673740 562
1673750 561
1673760 560
1673770 560
1673780 560
1673790 559
1673800 559
1673810 558
1673820 558
1673830 558
1673840 558
1673850 558
1673860 558
1673870 558
1673880 558
1673890 558
1673900 559
1673910 559
1673920 559
1673930 559
1673940 559
1673950 560
1673960 561
1673970 561
1673980 562
1673990 562
1674000 562
1674010 563
1674020 564
1674030 564
1674040 563
1674050 563
1674060 563
1674070 563
1674080 563
1674090 563
1674100 563
1674110 564
1674120 564
1674130 563
1674140 563
1674150 563
1674160 563
1674170 562
1674180 562
1674190 562
1674200 562
1674210 562
1674220 561
1674230 561
1674240 561
1674250 560
1674260 560
1674270 560
1674280 559
1674290 559
1674300 558
1674310 558
1674320 558
1674330 556
1674340 555
1674350 555
1674360 555
1674370 554
1674380 554
1674390 553
1674400 553
1674410 553
1674420 552
1674430 550
1674440 550
1674450 548
1674460 546
1674470 546
1674480 544
1674490 542
1674500 542
1674510 540
1674520 539
1674530 539
1674540 538
1674550 537
1674560 537
1674570 536
1674580 534
1674590 534
1674600 533
1674610 532
1674620 532
1674630 532
1674640 532
1674650 531
1674660 531
1674670 531
1674680 531
1674690 531
1674700 531
1674710 530
1674720 530
1674730 530
1674740 529
1674750 529
1674760 529
1674770 528
1674780 527
1674790 527
1674800 526
1674810 525
1674820 525
1674830 524
1674840 523
1674850 523
1674860 523
1674870 522
1674880 522
1674890 521
1674900 521
1674910 521
1674920 520
1674930 519
1674940 519
1674950 518
1674960 517
1674970 517
1674980 517
1674990 517
1675000 517
1675010 517
1675020 517
1675030 517
1675040 517
1675050 517
1675060 517
1675070 517
1675080 517
1675090 517
1675100 517
1675110 517
1675120 517
1675130 518
1675140 518
1675150 523
1675160 525
1675170 525
1675180 527
1675190 529
1675200 529
1675210 531
1675220 535
1675230 535
1675240 536
1675250 538
1675260 538
1675270 541
1675280 543
1675290 543
1675300 545
1675310 547
1675320 547
1675330 548
1675340 549
1675350 549
1675360 550
1675370 551
1675380 551
1675390 551
1675400 551
1675410 552
1675420 553
1675430 553
1675440 554
1675450 555
1675460 555
1675470 556
1675480 558
1675490 558
1675500 559
1675510 561
1675520 561
1675530 562
1675540 563
1675550 563
1675560 564
1675570 565
1675580 565
1675590 566
1675600 566
1675610 566
1675620 565
1675630 564
1675640 564
1675650 564
1675660 564
1675670 564
1675680 564
1675690 564
1675700 564
1675710 564
1675720 564
1675730 564
1675740 563
1675750 563
1675760 563
1675770 563
1675780 563
1675790 563
1675800 563
1675810 563
1675820 563
1675830 563
1675840 563
1675850 563
1675860 563
1675870 563
1675880 563
1675890 563
1675900 563
1675910 564
1675920 564
1675930 564
1675940 563
1675950 563
1675960 563
1675970 563
1675980 563
1675990 563
1676000 563
1676010 563
1676020 563
1676030 563
1676040 563
1676050 563
1676060 563
1676070 564
1676080 564
1676090 564
1676100 564
1676110 564
1676120 564
1676130 564
1676140 565
1676150 565
1676160 565
1676170 565
1676180 565
1676190 565
1676200 565
1676210 566
1676220 566
1676230 566
1676240 565
1676250 565
1676260 566
1676270 566
1676280 566
1676290 567
1676300 568
1676310 568
1676320 569
1676330 568
1676340 568
1676350 569
1676360 569
1676370 569
1676380 569
1676390 570
1676400 570
1676410 570
1676420 570
1676430 570
1676440 571
1676450 571
1676460 571
1676470 571
1676480 572
1676490 572
1676500 572
1676510 572
1676520 572
1676530 572
1676540 572
1676550 573
1676560 573
1676570 573
1676580 573
1676590 574
1676600 574
1676610 574
1676620 575
1676630 575
1676640 575
1676650 576
1676660 576
1676670 576
1676680 577
1676690 577
1676700 577
1676710 578
1676720 578
1676730 578
1676740 579
1676750 579
1676760 580
1676770 581
1676780 581
1676790 582
1676800 583
1676810 583
1676820 584
1676830 585
1676840 585
1676850 586
1676860 587
1676870 587
1676880 588
1676890 588
1676900 589
1676910 589
1676920 589
1676930 591
1676940 591
1676950 591
1676960 592
1676970 592
1676980 592
1676990 592
1677000 592
1677010 592
1677020 592
1677030 593
1677040 593
1677050 593
1677060 593
1677070 593
1677080 593
1677090 593
1677100 593
1677110 593
1677120 594
1677130 594
1677140 594
1677150 594
1677160 594
1677170 594
1677180 594
1677190 594
1677200 594
1677210 594
1677220 594
1677230 594
1677240 594
1677250 594
1677260 594
1677270 594
1677280 593
1677290 593
1677300 593
1677310 593
1677320 593
1677330 593
1677340 592
1677350 592
1677360 592
1677370 591
1677380 591
1677390 591
1677400 591
1677410 591
1677420 591
1677430 591
1677440 590
1677450 590
1677460 590
1677470 590
1677480 590
1677490 590
1677500 590
1677510 590
1677520 590
1677530 589
1677540 589
1677550 589
1677560 589
1677570 589
1677580 589
1677590 589
1677600 589
1677610 588
1677620 588
1677630 588
1677640 588
1677650 588
1677660 588
1677670 588
1677680 588
1677690 588
1677700 588
1677710 588
1677720 587
1677730 587
1677740 587
1677750 587
1677760 587
1677770 587
1677780 588
1677790 588
1677800 588
1677810 588
1677820 588
1677830 588
1677840 589
1677850 589
1677860 589
1677870 590
1677880 590
1677890 590
1677900 590
1677910 591
1677920 591
1677930 591
1677940 591
1677950 591
1677960 592
1677970 592
1677980 592
1677990 592
1678000 592
1678010 593
1678020 593
1678030 593
1678040 594
1678050 594
1678060 594
1678070 595
1678080 596
1678090 596
1678100 596
1678110 597
1678120 597
1678130 598
1678140 599
1678150 599
1678160 600
1678170 600
1678180 600
1678190 601
1678200 602
1678210 602
1678220 603
1678230 603
1678240 603
1678250 604
1678260 604
1678270 604
1678280 605
1678290 605
1678300 605
1678310 605
1678320 605
1678330 605
1678340 605
1678350 605
1678360 605
1678370 605
1678380 605
1678390 605
1678400 605
1678410 605
1678420 605
1678430 605
1678440 605
1678450 606
1678460 606
1678470 606
1678480 606
1678490 607
1678500 607
1678510 607
1678520 607
1678530 607
1678540 607
1678550 607
1678560 607
1678570 607
1678580 607
1678590 607
1678600 607
1678610 607
1678620 607
1678630 607
1678640 607
1678650 607
1678660 608
1678670 607
1678680 607
1678690 607
1678700 607
1678710 607
1678720 607
1678730 607
1678740 607
1678750 607
1678760 607
1678770 607
1678780 607
1678790 607
1678800 607
1678810 607
1678820 607
1678830 606
1678840 606
1678850 606
1678860 606
1678870 605
1678880 605
1678890 605
1678900 604
1678910 604
1678920 604
1678930 603
1678940 603
1678950 603
1678960 602
1678970 602
1678980 602
1678990 601
1679000 601
1679010 601
1679020 601
1679030 601
1679040 601
1679050 600
1679060 600
1679070 600
1679080 600
1679090 600
1679100 600
1679110 600
1679120 601
1679130 602
1679140 602
1679150 602
1679160 603
1679170 603
1679180 604
1679190 605
1679200 605
1679210 606
1679220 606
1679230 606
1679240 605
1679250 605
1679260 605
1679270 605
1679280 605
1679290 605
1679300 605
1679310 604
1679320 605
1679330 605
1679340 605
1679350 605
1679360 604
1679370 604
1679380 604
1679390 604
1679400 605
1679410 605
1679420 605
1679430 605
1679440 605
1679450 606
1679460 606
1679470 606
1679480 607
1679490 607
1679500 607
1679510 607
1679520 607
1679530 607
1679540 607
1679550 607
1679560 606
1679570 605
1679580 605
1679590 604
1679600 603
1679610 603
1679620 603
1679630 602
1679640 602
1679650 601
1679660 600
1679670 600
1679680 599
1679690 599
1679700 599
1679710 598
1679720 598
1679730 598
1679740 598
1679750 597
1679760 597
1679770 597
1679780 595
1679790 595
1679800 591
1679810 590
1679820 590
1679830 590
1679840 589
1679850 589
1679860 589
1679870 589
1679880 590
1679890 593
1679900 593
1679910 598
1679920 601
1679930 601
1679940 602
1679950 602
1679960 602
1679970 603
1679980 603
1679990 603
