1667200 475
1667210 475
1667220 475
1667230 475
1667240 475
1667250 475
1667260 475
1667270 475
1667280 475
1667290 475
1667300 475
1667310 475
1667320 475
1667330 476
1667340 476
1667350 476
1667360 477
1667370 477
1667380 477
1667390 478
1667400 478
1667410 478
1667420 478
1667430 478
1667440 479
1667450 479
1667460 480
1667470 480
1667480 480
1667490 481
1667500 482
1667510 482
1667520 482
1667530 484
1667540 484
1667550 486
1667560 486
1667570 486
1667580 486
1667590 487
1667600 487
1667610 487
1667620 488
1667630 488
1667640 489
1667650 489
1667660 489
1667670 490
1667680 491
1667690 491
1667700 493
1667710 494
1667720 494
1667730 495
1667740 493
1667750 493
1667760 492
1667770 488
1667780 488
1667790 487
1667800 487
1667810 486
1667820 485
1667830 485
1667840 485
1667850 485
1667860 485
1667870 485
1667880 486
1667890 486
1667900 486
1667910 487
1667920 487
1667930 487
1667940 488
1667950 488
1667960 489
1667970 489
1667980 489
1667990 489
1668000 488
1668010 488
1668020 487
1668030 486
1668040 486
1668050 486
1668060 485
1668070 485
1668080 485
1668090 485
1668100 485
1668110 484
1668120 484
1668130 484
1668140 485
1668150 485
1668160 485
1668170 484
1668180 484
1668190 483
1668200 482
1668210 482
1668220 483
1668230 483
1668240 483
1668250 485
1668260 486
1668270 486
1668280 488
1668290 488
1668300 488
1668310 489
1668320 489
1668330 489
1668340 491
1668350 492
1668360 492
1668370 493
1668380 494
1668390 494
1668400 494
1668410 494
1668420 494
1668430 493
1668440 493
1668450 493
1668460 493
1668470 494
1668480 494
1668490 495
1668500 496
1668510 496
1668520 498
1668530 499
1668540 499
1668550 500
1668560 500
1668570 502
1668580 503
1668590 503
1668600 504
1668610 504
1668620 504
1668630 504
1668640 505
1668650 505
1668660 505
1668670 506
1668680 506
1668690 506
1668700 506
1668710 506
1668720 507
1668730 507
1668740 507
1668750 506
1668760 507
1668770 507
1668780 507
1668790 507
1668800 507
1668810 508
1668820 508
1668830 508
1668840 509
1668850 509
1668860 509
1668870 510
1668880 510
1668890 510
1668900 510
1668910 510
1668920 511
1668930 512
1668940 512
1668950 512
1668960 513
1668970 513
1668980 515
1668990 516
1669000 516
1669010 516
1669020 516
1669030 516
1669040 516
1669050 516
1669060 516
1669070 516
1669080 517
1669090 517
1669100 518
1669110 519
1669120 519
1669130 520
1669140 520
1669150 520
1669160 521
1669170 521
1669180 521
1669190 521
1669200 521
1669210 521
1669220 520
1669230 520
1669240 520
1669250 519
1669260 519
1669270 519
1669280 519
1669290 519
1669300 518
1669310 517
1669320 517
1669330 516
1669340 516
1669350 516
1669360 515
1669370 514
1669380 514
1669390 512
1669400 511
1669410 511
1669420 510
1669430 510
1669440 510
1669450 510
1669460 510
1669470 510
1669480 512
1669490 511
1669500 511
1669510 510
1669520 510
1669530 510
1669540 514
1669550 517
1669560 517
1669570 518
1669580 518
1669590 518
1669600 519
1669610 520
1669620 520
1669630 521
1669640 521
1669650 521
1669660 522
1669670 522
1669680 523
1669690 523
1669700 523
1669710 524
1669720 524
1669730 524
1669740 525
1669750 526
1669760 526
1669770 527
1669780 528
1669790 528
1669800 528
1669810 528
1669820 528
1669830 527
1669840 527
1669850 527
1669860 526
1669870 525
1669880 525
1669890 526
1669900 528
1669910 528
1669920 527
1669930 526
1669940 526
1669950 525
1669960 523
1669970 523
1669980 522
1669990 522
1670000 522
1670010 522
1670020 522
1670030 522
1670040 521
1670050 521
1670060 521
1670070 522
1670080 522
1670090 523
1670100 524
1670110 524
1670120 525
1670130 526
1670140 526
1670150 527
1670160 526
1670170 526
1670180 525
1670190 522
1670200 522
1670210 520
1670220 518
1670230 518
1670240 517
1670250 515
1670260 515
1670270 514
1670280 513
1670290 513
1670300 512
1670310 511
1670320 511
1670330 510
1670340 509
1670350 509
1670360 509
1670370 510
1670380 510
1670390 510
1670400 510
1670410 510
1670420 511
1670430 511
1670440 511
1670450 512
1670460 511
1670470 511
1670480 513
1670490 513
1670500 513
1670510 513
1670520 513
1670530 514
1670540 514
1670550 514
1670560 515
1670570 514
1670580 514
1670590 514
1670600 514
1670610 514
1670620 515
1670630 515
1670640 515
1670650 516
1670660 517
1670670 517
1670680 517
1670690 518
1670700 518
1670710 520
1670720 520
1670730 520
1670740 520
1670750 520
1670760 520
1670770 521
1670780 521
1670790 522
1670800 522
1670810 522
1670820 523
1670830 523
1670840 523
1670850 523
1670860 523
1670870 523
1670880 523
1670890 524
1670900 524
1670910 523
1670920 522
1670930 522
1670940 522
1670950 522
1670960 522
1670970 522
1670980 522
1670990 522
1671000 522
1671010 522
1671020 522
1671030 522
1671040 522
1671050 522
1671060 522
1671070 523
1671080 523
1671090 523
1671100 524
1671110 524
1671120 524
1671130 524
1671140 524
1671150 524
1671160 524
1671170 523
1671180 523
1671190 523
1671200 523
1671210 524
1671220 524
1671230 524
1671240 524
1671250 524
1671260 524
1671270 524
1671280 524
1671290 524
1671300 524
1671310 524
1671320 524
1671330 524
1671340 524
1671350 525
1671360 525
1671370 525
1671380 525
1671390 525
1671400 525
1671410 525
1671420 525
1671430 525
1671440 526
1671450 526
1671460 526
1671470 526
1671480 526
1671490 526
1671500 526
1671510 526
1671520 526
1671530 527
1671540 527
1671550 527
1671560 527
1671570 527
1671580 527
1671590 528
1671600 528
1671610 528
1671620 528
1671630 528
1671640 528
1671650 529
1671660 529
1671670 529
1671680 529
1671690 529
1671700 529
1671710 529
1671720 529
1671730 530
1671740 530
1671750 530
1671760 530
1671770 530
1671780 530
1671790 531
1671800 531
1671810 531
1671820 531
1671830 532
1671840 532
1671850 532
1671860 532
1671870 532
1671880 532
1671890 532
1671900 533
1671910 533
1671920 533
1671930 533
1671940 533
1671950 533
1671960 534
1671970 534
1671980 534
1671990 534
1672000 534
1672010 534
1672020 535
1672030 536
1672040 536
1672050 536
1672060 537
1672070 537
1672080 538
1672090 538
1672100 538
1672110 538
1672120 538
1672130 538
1672140 538
1672150 539
1672160 539
1672170 541
1672180 543
1672190 543
1672200 545
1672210 547
1672220 547
1672230 549
1672240 551
1672250 551
1672260 554
1672270 554
1672280 555
1672290 556
1672300 556
1672310 557
1672320 557
1672330 557
1672340 557
1672350 557
1672360 557
1672370 557
1672380 557
1672390 557
1672400 557
1672410 558
1672420 558
1672430 559
1672440 560
1672450 560
1672460 560
1672470 561
1672480 561
1672490 562
1672500 562
1672510 562
1672520 563
1672530 565
1672540 565
1672550 567
1672560 568
1672570 569
1672580 571
1672590 573
1672600 573
1672610 573
1672620 573
1672630 574
1672640 574
1672650 574
1672660 574
1672670 575
1672680 575
1672690 576
1672700 577
1672710 577
1672720 578
1672730 578
1672740 578
1672750 578
1672760 578
1672770 578
1672780 578
1672790 578
1672800 578
1672810 578
1672820 577
1672830 577
1672840 577
1672850 577
1672860 577
1672870 577
1672880 576
1672890 576
1672900 576
1672910 576
1672920 576
1672930 576
1672940 575
1672950 575
1672960 575
1672970 574
1672980 574
1672990 574
1673000 574
1673010 574
1673020 574
1673030 574
1673040 574
1673050 574
1673060 574
1673070 574
1673080 574
1673090 574
1673100 574
1673110 574
1673120 574
1673130 574
1673140 574
1673150 574
1673160 574
1673170 574
1673180 574
1673190 574
1673200 574
1673210 574
1673220 575
1673230 575
1673240 575
1673250 575
1673260 575
1673270 575
1673280 575
1673290 575
1673300 575
1673310 576
1673320 576
1673330 576
1673340 576
1673350 577
1673360 577
1673370 577
1673380 577
1673390 578
1673400 579
1673410 579
1673420 580
1673430 581
1673440 581
1673450 581
1673460 582
1673470 582
1673480 583
1673490 583
1673500 583
1673510 583
1673520 584
1673530 584
1673540 584
1673550 585
1673560 585
1673570 585
1673580 586
1673590 586
1673600 586
1673610 586
1673620 586
1673630 586
1673640 585
1673650 585
1673660 584
1673670 584
1673680 584
1673690 584
1673700 584
1673710 584
1673720 583
1673730 583
1673740 583
1673750 581
1673760 581
1673770 580
1673780 578
1673790 578
1673800 576
1673810 575
1673820 575
1673830 573
1673840 571
1673850 571
1673860 569
1673870 568
1673880 568
1673890 567
1673900 566
1673910 566
1673920 566
1673930 565
1673940 565
1673950 564
1673960 564
1673970 564
1673980 563
1673990 563
1674000 563
1674010 562
1674020 562
1674030 562
1674040 562
1674050 561
1674060 561
1674070 561
1674080 561
1674090 561
1674100 561
1674110 561
1674120 561
1674130 561
1674140 561
1674150 561
1674160 562
1674170 562
1674180 561
1674190 561
1674200 561
1674210 560
1674220 559
1674230 559
1674240 558
1674250 557
1674260 557
1674270 556
1674280 556
1674290 556
1674300 555
1674310 554
1674320 554
1674330 554
1674340 553
1674350 553
1674360 552
1674370 552
1674380 552
1674390 551
1674400 551
1674410 551
1674420 551
1674430 551
1674440 551
1674450 551
1674460 551
1674470 551
1674480 551
1674490 551
1674500 551
1674510 551
1674520 551
1674530 551
1674540 551
1674550 551
1674560 551
1674570 550
1674580 550
1674590 550
1674600 550
1674610 550
1674620 551
1674630 551
1674640 551
1674650 551
1674660 552
1674670 552
1674680 551
1674690 551
1674700 551
1674710 551
1674720 550
1674730 550
1674740 550
1674750 549
1674760 549
1674770 548
1674780 547
1674790 547
1674800 546
1674810 545
1674820 545
1674830 543
1674840 542
1674850 542
1674860 541
1674870 541
1674880 539
1674890 537
1674900 537
1674910 536
1674920 534
1674930 534
1674940 533
1674950 532
1674960 532
1674970 531
1674980 531
1674990 531
1675000 532
1675010 532
1675020 532
1675030 533
1675040 533
1675050 533
1675060 533
1675070 532
1675080 532
1675090 531
1675100 527
1675110 527
1675120 522
1675130 519
1675140 519
1675150 519
1675160 518
1675170 518
1675180 518
1675190 519
1675200 519
1675210 520
1675220 520
1675230 525
1675240 530
1675250 530
1675260 531
1675270 531
1675280 531
1675290 532
1675300 533
1675310 533
1675320 533
1675330 534
1675340 534
1675350 533
1675360 533
1675370 533
1675380 533
1675390 532
1675400 532
1675410 531
1675420 531
1675430 531
1675440 529
1675450 528
1675460 528
1675470 528
1675480 528
1675490 528
1675500 528
1675510 529
1675520 529
1675530 529
1675540 530
1675550 530
1675560 530
1675570 530
1675580 530
1675590 531
1675600 531
1675610 531
1675620 532
1675630 532
1675640 533
1675650 534
1675660 534
1675670 534
1675680 535
1675690 535
1675700 537
1675710 538
1675720 538
1675730 539
1675740 541
1675750 541
1675760 542
1675770 544
1675780 544
1675790 545
1675800 546
1675810 546
1675820 547
1675830 548
1675840 548
1675850 549
1675860 549
1675870 549
1675880 550
1675890 550
1675900 550
1675910 551
1675920 551
1675930 551
1675940 551
1675950 551
1675960 551
1675970 551
1675980 551
1675990 550
1676000 551
1676010 551
1676020 551
1676030 551
1676040 550
1676050 551
1676060 551
1676070 551
1676080 552
1676090 553
1676100 553
1676110 553
1676120 553
1676130 553
1676140 554
1676150 554
1676160 554
1676170 554
1676180 555
1676190 555
1676200 555
1676210 555
1676220 555
1676230 555
1676240 555
1676250 555
1676260 555
1676270 555
1676280 555
1676290 554
1676300 554
1676310 554
1676320 554
1676330 554
1676340 555
1676350 555
1676360 555
1676370 555
1676380 555
1676390 555
1676400 555
1676410 555
1676420 555
1676430 555
1676440 556
1676450 556
1676460 558
1676470 559
1676480 559
1676490 560
1676500 561
1676510 561
1676520 562
1676530 562
1676540 562
1676550 563
1676560 565
1676570 565
1676580 567
1676590 568
1676600 568
1676610 570
1676620 571
1676630 571
1676640 572
1676650 573
1676660 573
1676670 573
1676680 574
1676690 574
1676700 576
1676710 576
1676720 576
1676730 578
1676740 578
1676750 578
1676760 579
1676770 579
1676780 580
1676790 580
1676800 580
1676810 580
1676820 581
1676830 581
1676840 581
1676850 581
1676860 581
1676870 581
1676880 581
1676890 581
1676900 581
1676910 581
1676920 581
1676930 581
1676940 581
1676950 581
1676960 581
1676970 581
1676980 581
1676990 581
1677000 581
1677010 581
1677020 581
1677030 582
1677040 582
1677050 582
1677060 582
1677070 582
1677080 583
1677090 583
1677100 583
1677110 583
1677120 583
1677130 583
1677140 584
1677150 584
1677160 584
1677170 584
1677180 584
1677190 584
1677200 584
1677210 584
1677220 585
1677230 585
1677240 585
1677250 585
1677260 585
1677270 585
1677280 586
1677290 586
1677300 586
1677310 587
1677320 587
1677330 587
1677340 587
1677350 588
1677360 588
1677370 588
1677380 589
1677390 589
1677400 589
1677410 590
1677420 590
1677430 590
1677440 590
1677450 590
1677460 590
1677470 590
1677480 590
1677490 590
1677500 590
1677510 590
1677520 590
1677530 590
1677540 591
1677550 591
1677560 591
1677570 592
1677580 592
1677590 592
1677600 592
1677610 592
1677620 592
1677630 593
1677640 593
1677650 593
1677660 593
1677670 594
1677680 594
1677690 594
1677700 595
1677710 595
1677720 596
1677730 596
1677740 596
1677750 597
1677760 598
1677770 598
1677780 598
1677790 599
1677800 599
1677810 600
1677820 600
1677830 600
1677840 601
1677850 601
1677860 601
1677870 601
1677880 601
1677890 601
1677900 601
1677910 601
1677920 601
1677930 601
1677940 601
1677950 602
1677960 602
1677970 602
1677980 602
1677990 603
1678000 603
1678010 603
1678020 604
1678030 604
1678040 604
1678050 605
1678060 605
1678070 605
1678080 606
1678090 605
1678100 606
1678110 606
1678120 606
1678130 606
1678140 606
1678150 606
1678160 606
1678170 606
1678180 606
1678190 606
1678200 606
1678210 607
1678220 607
1678230 607
1678240 608
1678250 608
1678260 608
1678270 608
1678280 608
1678290 608
1678300 608
1678310 608
1678320 608
1678330 609
1678340 609
1678350 609
1678360 608
1678370 608
1678380 608
1678390 608
1678400 608
1678410 608
1678420 609
1678430 609
1678440 609
1678450 610
1678460 611
1678470 611
1678480 612
1678490 612
1678500 612
1678510 612
1678520 612
1678530 612
1678540 612
1678550 612
1678560 610
1678570 609
1678580 609
1678590 609
1678600 608
1678610 608
1678620 607
1678630 606
1678640 606
1678650 606
1678660 605
1678670 605
1678680 604
1678690 603
1678700 603
1678710 602
1678720 600
1678730 600
1678740 599
1678750 599
1678760 599
1678770 598
1678780 598
1678790 598
1678800 598
1678810 599
1678820 599
1678830 600
1678840 601
1678850 601
1678860 602
1678870 603
1678880 603
1678890 604
1678900 604
1678910 604
1678920 605
1678930 605
1678940 605
1678950 605
1678960 605
1678970 606
1678980 606
1678990 606
1679000 607
1679010 607
1679020 607
1679030 607
1679040 608
1679050 608
1679060 608
1679070 609
1679080 609
1679090 609
1679100 610
1679110 610
1679120 610
1679130 610
1679140 610
1679150 610
1679160 611
1679170 611
1679180 611
1679190 611
1679200 611
1679210 611
1679220 612
1679230 612
1679240 612
1679250 612
1679260 612
1679270 612
1679280 612
1679290 612
1679300 612
1679310 612
1679320 612
1679330 613
1679340 613
1679350 613
1679360 613
1679370 613
1679380 613
1679390 613
1679400 613
1679410 614
1679420 614
1679430 614
1679440 614
1679450 614
1679460 614
1679470 613
1679480 613
1679490 613
1679500 612
1679510 612
1679520 612
1679530 611
1679540 610
1679550 610
1679560 609
1679570 605
1679580 605
1679590 602
1679600 599
1679610 599
1679620 598
1679630 597
1679640 597
1679650 597
1679660 597
1679670 597
1679680 599
1679690 599
1679700 601
1679710 605
1679720 605
1679730 606
1679740 606
1679750 606
1679760 606
1679770 605
1679780 605
1679790 605
1679800 604
1679810 604
1679820 604
1679830 604
1679840 604
1679850 603
1679860 603
1679870 603
1679880 602
1679890 602
1679900 602
1679910 601
1679920 601
1679930 601
1679940 601
1679950 600
1679960 600
1679970 600
1679980 599
1679990 599
