1667200 476
1667210 475
1667220 475
1667230 475
1667240 475
1667250 475
1667260 475
1667270 475
1667280 475
1667290 475
1667300 475
1667310 475
1667320 476
1667330 476
1667340 476
1667350 476
1667360 476
1667370 476
1667380 476
1667390 476
1667400 476
1667410 477
1667420 477
1667430 478
1667440 478
1667450 478
1667460 478
1667470 478
1667480 478
1667490 479
1667500 479
1667510 479
1667520 480
1667530 480
1667540 480
1667550 481
1667560 481
1667570 481
1667580 482
1667590 483
1667600 483
1667610 483
1667620 483
1667630 483
1667640 483
1667650 484
1667660 484
1667670 483
1667680 483
1667690 483
1667700 483
1667710 483
1667720 483
1667730 483
1667740 483
1667750 483
1667760 483
1667770 483
1667780 483
1667790 483
1667800 483
1667810 482
1667820 482
1667830 482
1667840 482
1667850 482
1667860 482
1667870 482
1667880 483
1667890 483
1667900 483
1667910 483
1667920 483
1667930 484
1667940 484
1667950 484
1667960 484
1667970 483
1667980 483
1667990 483
1668000 483
1668010 483
1668020 482
1668030 482
1668040 482
1668050 482
1668060 482
1668070 482
1668080 481
1668090 481
1668100 481
1668110 481
1668120 481
1668130 481
1668140 481
1668150 481
1668160 482
1668170 482
1668180 482
1668190 482
1668200 483
1668210 483
1668220 484
1668230 485
1668240 485
1668250 486
1668260 486
1668270 486
1668280 487
1668290 488
1668300 488
1668310 488
1668320 489
1668330 489
1668340 489
1668350 490
1668360 490
1668370 491
1668380 492
1668390 493
1668400 493
1668410 493
1668420 494
1668430 495
1668440 495
1668450 496
1668460 498
1668470 498
1668480 499
1668490 501
1668500 501
1668510 503
1668520 504
1668530 504
1668540 505
1668550 505
1668560 505
1668570 505
1668580 505
1668590 505
1668600 505
1668610 505
1668620 505
1668630 504
1668640 505
1668650 505
1668660 506
1668670 507
1668680 507
1668690 507
1668700 507
1668710 507
1668720 507
1668730 507
1668740 507
1668750 508
1668760 508
1668770 508
1668780 508
1668790 508
1668800 509
1668810 509
1668820 509
1668830 510
1668840 510
1668850 510
1668860 510
1668870 510
1668880 510
1668890 511
1668900 511
1668910 511
1668920 512
1668930 512
1668940 512
1668950 513
1668960 514
1668970 514
1668980 514
1668990 514
1669000 514
1669010 514
1669020 515
1669030 515
1669040 515
1669050 515
1669060 515
1669070 516
1669080 517
1669090 517
1669100 518
1669110 519
1669120 519
1669130 520
1669140 520
1669150 520
1669160 520
1669170 520
1669180 520
1669190 519
1669200 519
1669210 519
1669220 518
1669230 518
1669240 518
1669250 517
1669260 517
1669270 517
1669280 518
1669290 518
1669300 517
1669310 517
1669320 517
1669330 517
1669340 517
1669350 517
1669360 517
1669370 517
1669380 517
1669390 516
1669400 516
1669410 516
1669420 516
1669430 516
1669440 516
1669450 515
1669460 515
1669470 515
1669480 516
1669490 517
1669500 517
1669510 517
1669520 517
1669530 517
1669540 518
1669550 518
1669560 518
1669570 518
1669580 518
1669590 518
1669600 520
1669610 520
1669620 521
1669630 521
1669640 521
1669650 522
1669660 523
1669670 523
1669680 524
1669690 525
1669700 525
1669710 526
1669720 527
1669730 527
1669740 528
1669750 528
1669760 528
1669770 529
1669780 530
1669790 530
1669800 531
1669810 531
1669820 532
1669830 531
1669840 531
1669850 531
1669860 531
1669870 532
1669880 532
1669890 533
1669900 533
1669910 533
1669920 532
1669930 532
1669940 531
1669950 531
1669960 531
1669970 532
1669980 533
1669990 533
1670000 533
1670010 533
1670020 533
1670030 533
1670040 532
1670050 532
1670060 532
1670070 531
1670080 531
1670090 530
1670100 530
1670110 530
1670120 529
1670130 528
1670140 528
1670150 528
1670160 527
1670170 527
1670180 527
1670190 526
1670200 526
1670210 525
1670220 524
1670230 524
1670240 524
1670250 523
1670260 523
1670270 522
1670280 522
1670290 522
1670300 521
1670310 521
1670320 521
1670330 520
1670340 520
1670350 516
1670360 513
1670370 513
1670380 514
1670390 517
1670400 517
1670410 519
1670420 520
1670430 520
1670440 521
1670450 521
1670460 521
1670470 521
1670480 521
1670490 521
1670500 521
1670510 522
1670520 522
1670530 524
1670540 524
1670550 524
1670560 524
1670570 523
1670580 523
1670590 523
1670600 522
1670610 522
1670620 522
1670630 522
1670640 523
1670650 523
1670660 523
1670670 524
1670680 524
1670690 524
1670700 524
1670710 524
1670720 524
1670730 524
1670740 524
1670750 524
1670760 524
1670770 525
1670780 525
1670790 526
1670800 528
1670810 528
1670820 528
1670830 528
1670840 528
1670850 527
1670860 528
1670870 528
1670880 528
1670890 527
1670900 527
1670910 526
1670920 526
1670930 526
1670940 526
1670950 526
1670960 526
1670970 525
1670980 525
1670990 525
1671000 524
1671010 524
1671020 524
1671030 523
1671040 523
1671050 523
1671060 523
1671070 523
1671080 523
1671090 522
1671100 522
1671110 522
1671120 522
1671130 522
1671140 522
1671150 523
1671160 523
1671170 523
1671180 523
1671190 523
1671200 523
1671210 523
1671220 523
1671230 523
1671240 524
1671250 524
1671260 524
1671270 524
1671280 524
1671290 524
1671300 524
1671310 524
1671320 524
1671330 524
1671340 524
1671350 525
1671360 525
1671370 525
1671380 525
1671390 525
1671400 525
1671410 525
1671420 525
1671430 526
1671440 526
1671450 526
1671460 526
1671470 526
1671480 526
1671490 526
1671500 527
1671510 527
1671520 527
1671530 527
1671540 527
1671550 527
1671560 527
1671570 527
1671580 528
1671590 528
1671600 528
1671610 528
1671620 529
1671630 529
1671640 529
1671650 529
1671660 529
1671670 529
1671680 529
1671690 529
1671700 529
1671710 529
1671720 529
1671730 529
1671740 529
1671750 530
1671760 530
1671770 530
1671780 530
1671790 530
1671800 530
1671810 530
1671820 531
1671830 531
1671840 531
1671850 531
1671860 531
1671870 531
1671880 532
1671890 532
1671900 532
1671910 532
1671920 532
1671930 532
1671940 534
1671950 534
1671960 535
1671970 537
1671980 537
1671990 537
1672000 537
1672010 537
1672020 537
1672030 537
1672040 537
1672050 537
1672060 537
1672070 537
1672080 538
1672090 539
1672100 539
1672110 540
1672120 540
1672130 540
1672140 541
1672150 541
1672160 541
1672170 541
1672180 541
1672190 542
1672200 543
1672210 543
1672220 544
1672230 544
1672240 544
1672250 545
1672260 546
1672270 546
1672280 547
1672290 549
1672300 549
1672310 550
1672320 550
1672330 550
1672340 551
1672350 552
1672360 552
1672370 553
1672380 554
1672390 554
1672400 555
1672410 556
1672420 556
1672430 557
1672440 558
1672450 558
1672460 559
1672470 561
1672480 561
1672490 564
1672500 564
1672510 569
1672520 572
1672530 572
1672540 574
1672550 575
1672560 575
1672570 577
1672580 577
1672590 577
1672600 578
1672610 578
1672620 578
1672630 578
1672640 578
1672650 578
1672660 578
1672670 579
1672680 579
1672690 580
1672700 581
1672710 581
1672720 582
1672730 583
1672740 583
1672750 584
1672760 585
1672770 585
1672780 585
1672790 584
1672800 584
1672810 583
1672820 583
1672830 583
1672840 582
1672850 582
1672860 582
1672870 581
1672880 581
1672890 580
1672900 579
1672910 579
1672920 578
1672930 578
1672940 578
1672950 577
1672960 576
1672970 576
1672980 576
1672990 576
1673000 576
1673010 576
1673020 576
1673030 576
1673040 576
1673050 576
1673060 576
1673070 577
1673080 577
1673090 577
1673100 577
1673110 577
1673120 577
1673130 576
1673140 576
1673150 576
1673160 576
1673170 576
1673180 576
1673190 576
1673200 576
1673210 576
1673220 576
1673230 576
1673240 576
1673250 576
1673260 576
1673270 576
1673280 576
1673290 576
1673300 576
1673310 576
1673320 576
1673330 576
1673340 577
1673350 577
1673360 577
1673370 578
1673380 578
1673390 578
1673400 579
1673410 579
1673420 579
1673430 580
1673440 580
1673450 580
1673460 580
1673470 580
1673480 580
1673490 580
1673500 580
1673510 581
1673520 581
1673530 581
1673540 581
1673550 580
1673560 580
1673570 580
1673580 580
1673590 580
1673600 579
1673610 579
1673620 579
1673630 578
1673640 578
1673650 578
1673660 577
1673670 577
1673680 577
1673690 576
1673700 576
1673710 575
1673720 574
1673730 574
1673740 573
1673750 572
1673760 572
1673770 572
1673780 571
1673790 571
1673800 570
1673810 569
1673820 569
1673830 568
1673840 568
1673850 568
1673860 567
1673870 566
1673880 566
1673890 566
1673900 565
1673910 565
1673920 565
1673930 564
1673940 564
1673950 564
1673960 564
1673970 563
1673980 563
1673990 563
1674000 563
1674010 562
1674020 562
1674030 562
1674040 562
1674050 562
1674060 562
1674070 563
1674080 563
1674090 563
1674100 563
1674110 563
1674120 563
1674130 563
1674140 563
1674150 563
1674160 562
1674170 562
1674180 562
1674190 561
1674200 561
1674210 560
1674220 559
1674230 559
1674240 558
1674250 558
1674260 558
1674270 557
1674280 557
1674290 557
1674300 557
1674310 557
1674320 557
1674330 557
1674340 557
1674350 556
1674360 557
1674370 557
1674380 557
1674390 557
1674400 557
1674410 557
1674420 557
1674430 557
1674440 557
1674450 557
1674460 557
1674470 556
1674480 556
1674490 556
1674500 556
1674510 556
1674520 556
1674530 556
1674540 556
1674550 556
1674560 555
1674570 555
1674580 555
1674590 555
1674600 555
1674610 555
1674620 554
1674630 554
1674640 554
1674650 553
1674660 552
1674670 552
1674680 551
1674690 550
1674700 550
1674710 548
1674720 548
1674730 546
1674740 544
1674750 544
1674760 542
1674770 540
1674780 540
1674790 537
1674800 535
1674810 535
1674820 533
1674830 532
1674840 532
1674850 530
1674860 528
1674870 528
1674880 528
1674890 527
1674900 527
1674910 527
1674920 526
1674930 526
1674940 527
1674950 527
1674960 527
1674970 527
1674980 527
1674990 527
1675000 527
1675010 527
1675020 527
1675030 525
1675040 523
1675050 523
1675060 523
1675070 523
1675080 522
1675090 522
1675100 522
1675110 521
1675120 519
1675130 519
1675140 519
1675150 519
1675160 519
1675170 519
1675180 519
1675190 519
1675200 520
1675210 520
1675220 520
1675230 522
1675240 524
1675250 524
1675260 525
1675270 525
1675280 525
1675290 526
1675300 526
1675310 526
1675320 526
1675330 526
1675340 526
1675350 526
1675360 527
1675370 527
1675380 527
1675390 527
1675400 527
1675410 526
1675420 526
1675430 526
1675440 526
1675450 526
1675460 526
1675470 526
1675480 526
1675490 526
1675500 526
1675510 526
1675520 526
1675530 526
1675540 526
1675550 527
1675560 527
1675570 527
1675580 527
1675590 528
1675600 528
1675610 528
1675620 528
1675630 528
1675640 528
1675650 529
1675660 529
1675670 529
1675680 530
1675690 530
1675700 531
1675710 531
1675720 531
1675730 532
1675740 533
1675750 533
1675760 534
1675770 535
1675780 535
1675790 536
1675800 536
1675810 536
1675820 536
1675830 536
1675840 537
1675850 538
1675860 538
1675870 539
1675880 541
1675890 541
1675900 543
1675910 544
1675920 544
1675930 542
1675940 543
1675950 543
1675960 543
1675970 544
1675980 544
1675990 544
1676000 544
1676010 544
1676020 543
1676030 543
1676040 543
1676050 545
1676060 545
1676070 545
1676080 546
1676090 546
1676100 546
1676110 547
1676120 548
1676130 548
1676140 548
1676150 549
1676160 549
1676170 550
1676180 550
1676190 550
1676200 550
1676210 550
1676220 551
1676230 551
1676240 551
1676250 551
1676260 551
1676270 551
1676280 552
1676290 552
1676300 552
1676310 553
1676320 553
1676330 553
1676340 554
1676350 555
1676360 555
1676370 556
1676380 556
1676390 556
1676400 557
1676410 558
1676420 558
1676430 558
1676440 560
1676450 560
1676460 561
1676470 561
1676480 561
1676490 562
1676500 563
1676510 563
1676520 564
1676530 565
1676540 565
1676550 566
1676560 566
1676570 566
1676580 567
1676590 567
1676600 568
1676610 568
1676620 568
1676630 569
1676640 570
1676650 570
1676660 571
1676670 572
1676680 572
1676690 573
1676700 574
1676710 574
1676720 575
1676730 576
1676740 576
1676750 577
1676760 577
1676770 577
1676780 578
1676790 577
1676800 577
1676810 576
1676820 576
1676830 576
1676840 576
1676850 576
1676860 576
1676870 577
1676880 577
1676890 577
1676900 576
1676910 576
1676920 576
1676930 577
1676940 577
1676950 577
1676960 578
1676970 578
1676980 579
1676990 580
1677000 580
1677010 581
1677020 582
1677030 582
1677040 583
1677050 583
1677060 583
1677070 584
1677080 584
1677090 584
1677100 584
1677110 584
1677120 584
1677130 584
1677140 584
1677150 584
1677160 584
1677170 584
1677180 584
1677190 585
1677200 585
1677210 585
1677220 585
1677230 585
1677240 585
1677250 585
1677260 586
1677270 586
1677280 586
1677290 586
1677300 586
1677310 587
1677320 587
1677330 588
1677340 588
1677350 588
1677360 588
1677370 589
1677380 589
1677390 589
1677400 589
1677410 589
1677420 589
1677430 589
1677440 589
1677450 589
1677460 589
1677470 589
1677480 589
1677490 589
1677500 589
1677510 589
1677520 589
1677530 589
1677540 589
1677550 590
1677560 590
1677570 590
1677580 590
1677590 590
1677600 591
1677610 591
1677620 591
1677630 592
1677640 592
1677650 592
1677660 593
1677670 593
1677680 593
1677690 594
1677700 594
1677710 594
1677720 595
1677730 595
1677740 596
1677750 596
1677760 596
1677770 597
1677780 597
1677790 597
1677800 598
1677810 598
1677820 598
1677830 599
1677840 599
1677850 599
1677860 600
1677870 600
1677880 600
1677890 600
1677900 600
1677910 600
1677920 600
1677930 600
1677940 600
1677950 600
1677960 601
1677970 601
1677980 601
1677990 601
1678000 601
1678010 602
1678020 602
1678030 602
1678040 602
1678050 602
1678060 603
1678070 603
1678080 603
1678090 603
1678100 604
1678110 604
1678120 604
1678130 604
1678140 604
1678150 604
1678160 604
1678170 604
1678180 605
1678190 605
1678200 605
1678210 604
1678220 604
1678230 604
1678240 604
1678250 604
1678260 604
1678270 604
1678280 604
1678290 604
1678300 604
1678310 604
1678320 604
1678330 603
1678340 604
1678350 604
1678360 604
1678370 605
1678380 605
1678390 605
1678400 605
1678410 606
1678420 606
1678430 606
1678440 608
1678450 609
1678460 609
1678470 611
1678480 611
1678490 611
1678500 611
1678510 610
1678520 610
1678530 608
1678540 606
1678550 606
1678560 604
1678570 602
1678580 602
1678590 599
1678600 598
1678610 598
1678620 598
1678630 597
1678640 597
1678650 597
1678660 597
1678670 597
1678680 597
1678690 597
1678700 597
1678710 597
1678720 597
1678730 597
1678740 598
1678750 598
1678760 598
1678770 598
1678780 598
1678790 599
1678800 600
1678810 600
1678820 600
1678830 601
1678840 601
1678850 602
1678860 603
1678870 603
1678880 604
1678890 606
1678900 606
1678910 607
1678920 608
1678930 608
1678940 609
1678950 611
1678960 611
1678970 612
1678980 613
1678990 613
1679000 614
1679010 616
1679020 616
1679030 617
1679040 618
1679050 618
1679060 618
1679070 618
1679080 618
1679090 617
1679100 617
1679110 617
1679120 617
1679130 618
1679140 618
1679150 619
1679160 619
1679170 619
1679180 619
1679190 619
1679200 619
1679210 619
1679220 619
1679230 619
1679240 619
1679250 619
1679260 618
1679270 618
1679280 618
1679290 618
1679300 617
1679310 617
1679320 617
1679330 617
1679340 617
1679350 617
1679360 617
1679370 617
1679380 617
1679390 616
1679400 616
1679410 616
1679420 616
1679430 616
1679440 615
1679450 615
1679460 615
1679470 614
1679480 613
1679490 613
1679500 612
1679510 612
1679520 610
1679530 609
1679540 609
1679550 606
1679560 604
1679570 604
1679580 601
1679590 599
1679600 599
1679610 597
1679620 595
1679630 595
1679640 594
1679650 593
1679660 593
1679670 594
1679680 595
1679690 595
1679700 598
1679710 602
1679720 602
1679730 605
1679740 606
1679750 606
1679760 606
1679770 607
1679780 607
1679790 606
1679800 606
1679810 606
1679820 606
1679830 605
1679840 605
1679850 605
1679860 604
1679870 604
1679880 603
1679890 603
1679900 603
1679910 602
1679920 602
1679930 601
1679940 600
1679950 600
1679960 600
1679970 600
1679980 600
1679990 599
