1667450 470
1667460 470
1667470 470
1667480 470
1667490 470
1667500 470
1667510 470
1667520 470
1667530 470
1667540 470
1667550 470
1667560 470
1667570 470
1667580 470
1667590 470
1667600 470
1667610 471
1667620 471
1667630 471
1667640 472
1667650 472
1667660 472
1667670 473
1667680 473
1667690 473
1667700 473
1667710 474
1667720 474
1667730 474
1667740 474
1667750 474
1667760 474
1667770 474
1667780 474
1667790 474
1667800 474
1667810 474
1667820 474
1667830 474
1667840 475
1667850 475
1667860 475
1667870 475
1667880 476
1667890 476
1667900 476
1667910 476
1667920 476
1667930 477
1667940 477
1667950 477
1667960 477
1667970 478
1667980 478
1667990 479
1668000 479
1668010 479
1668020 480
1668030 481
1668040 481
1668050 481
1668060 483
1668070 483
1668080 484
1668090 485
1668100 485
1668110 486
1668120 486
1668130 486
1668140 486
1668150 487
1668160 487
1668170 487
1668180 487
1668190 487
1668200 488
1668210 488
1668220 488
1668230 488
1668240 488
1668250 488
1668260 488
1668270 488
1668280 488
1668290 488
1668300 488
1668310 488
1668320 488
1668330 488
1668340 488
1668350 488
1668360 488
1668370 488
1668380 488
1668390 488
1668400 487
1668410 487
1668420 487
1668430 487
1668440 487
1668450 487
1668460 488
1668470 488
1668480 488
1668490 488
1668500 488
1668510 488
1668520 489
1668530 490
1668540 490
1668550 490
1668560 490
1668570 491
1668580 491
1668590 491
1668600 492
1668610 492
1668620 492
1668630 493
1668640 494
1668650 494
1668660 494
1668670 494
1668680 494
1668690 495
1668700 495
1668710 495
1668720 495
1668730 496
1668740 496
1668750 496
1668760 496
1668770 497
1668780 497
1668790 498
1668800 498
1668810 498
1668820 498
1668830 498
1668840 499
1668850 499
1668860 499
1668870 500
1668880 500
1668890 500
1668900 500
1668910 500
1668920 501
1668930 501
1668940 501
1668950 501
1668960 501
1668970 501
1668980 501
1668990 502
1669000 502
1669010 503
1669020 503
1669030 503
1669040 504
1669050 505
1669060 505
1669070 506
1669080 506
1669090 506
1669100 508
1669110 509
1669120 509
1669130 510
1669140 512
1669150 512
1669160 513
1669170 514
1669180 514
1669190 515
1669200 515
1669210 515
1669220 516
1669230 517
1669240 517
1669250 517
1669260 517
1669270 518
1669280 520
1669290 520
1669300 521
1669310 521
1669320 521
1669330 522
1669340 522
1669350 522
1669360 523
1669370 524
1669380 524
1669390 525
1669400 526
1669410 526
1669420 527
1669430 528
1669440 528
1669450 528
1669460 529
1669470 529
1669480 530
1669490 533
1669500 533
1669510 534
1669520 535
1669530 535
1669540 536
1669550 537
1669560 537
1669570 538
1669580 539
1669590 539
1669600 538
1669610 537
1669620 537
1669630 537
1669640 537
1669650 537
1669660 538
1669670 538
1669680 538
1669690 537
1669700 537
1669710 537
1669720 536
1669730 536
1669740 535
1669750 534
1669760 534
1669770 532
1669780 530
1669790 530
1669800 529
1669810 529
1669820 529
1669830 528
1669840 528
1669850 528
1669860 528
1669870 529
1669880 529
1669890 528
1669900 527
1669910 527
1669920 527
1669930 527
1669940 527
1669950 527
1669960 527
1669970 527
1669980 528
1669990 528
1670000 528
1670010 528
1670020 528
1670030 529
1670040 529
1670050 529
1670060 530
1670070 530
1670080 530
1670090 530
1670100 531
1670110 531
1670120 531
1670130 531
1670140 531
1670150 532
1670160 532
1670170 532
1670180 533
1670190 534
1670200 535
1670210 535
1670220 534
1670230 534
1670240 534
1670250 533
1670260 533
1670270 533
1670280 531
1670290 531
1670300 530
1670310 529
1670320 529
1670330 529
1670340 529
1670350 529
1670360 529
1670370 529
1670380 529
1670390 528
1670400 528
1670410 527
1670420 526
1670430 526
1670440 525
1670450 524
1670460 524
1670470 523
1670480 522
1670490 522
1670500 521
1670510 520
1670520 520
1670530 519
1670540 519
1670550 519
1670560 518
1670570 518
1670580 518
1670590 517
1670600 517
1670610 517
1670620 516
1670630 516
1670640 516
1670650 516
1670660 516
1670670 516
1670680 516
1670690 516
1670700 516
1670710 516
1670720 516
1670730 516
1670740 516
1670750 516
1670760 516
1670770 516
1670780 516
1670790 516
1670800 517
1670810 517
1670820 517
1670830 517
1670840 517
1670850 518
1670860 518
1670870 518
1670880 518
1670890 519
1670900 519
1670910 519
1670920 520
1670930 520
1670940 520
1670950 521
1670960 521
1670970 521
1670980 522
1670990 522
1671000 522
1671010 522
1671020 522
1671030 523
1671040 523
1671050 523
1671060 524
1671070 524
1671080 524
1671090 525
1671100 525
1671110 525
1671120 527
1671130 527
1671140 527
1671150 527
1671160 527
1671170 528
1671180 528
1671190 528
1671200 529
1671210 529
1671220 529
1671230 529
1671240 530
1671250 530
1671260 531
1671270 531
1671280 531
1671290 532
1671300 532
1671310 532
1671320 532
1671330 532
1671340 532
1671350 533
1671360 533
1671370 533
1671380 533
1671390 534
1671400 534
1671410 534
1671420 534
1671430 534
1671440 535
1671450 535
1671460 535
1671470 536
1671480 536
1671490 537
1671500 538
1671510 538
1671520 539
1671530 540
1671540 540
1671550 540
1671560 541
1671570 541
1671580 541
1671590 541
1671600 541
1671610 541
1671620 541
1671630 541
1671640 542
1671650 542
1671660 542
1671670 543
1671680 543
1671690 543
1671700 544
1671710 545
1671720 545
1671730 545
1671740 545
1671750 545
1671760 545
1671770 545
1671780 545
1671790 545
1671800 545
1671810 545
1671820 546
1671830 546
1671840 546
1671850 546
1671860 546
1671870 545
1671880 545
1671890 545
1671900 546
1671910 546
1671920 546
1671930 545
1671940 545
1671950 545
1671960 545
1671970 546
1671980 546
1671990 546
1672000 547
1672010 547
1672020 548
1672030 549
1672040 549
1672050 550
1672060 551
1672070 551
1672080 551
1672090 552
1672100 552
1672110 553
1672120 553
1672130 553
1672140 554
1672150 554
1672160 554
1672170 555
1672180 555
1672190 556
1672200 557
1672210 557
1672220 556
1672230 555
1672240 555
1672250 554
1672260 553
1672270 553
1672280 553
1672290 553
1672300 553
1672310 554
1672320 556
1672330 556
1672340 558
1672350 559
1672360 559
1672370 559
1672380 560
1672390 560
1672400 560
1672410 561
1672420 561
1672430 561
1672440 562
1672450 562
1672460 562
1672470 563
1672480 563
1672490 564
1672500 564
1672510 565
1672520 566
1672530 566
1672540 566
1672550 565
1672560 565
1672570 565
1672580 565
1672590 565
1672600 564
1672610 564
1672620 564
1672630 564
1672640 564
1672650 564
1672660 564
1672670 564
1672680 564
1672690 565
1672700 565
1672710 565
1672720 566
1672730 566
1672740 566
1672750 566
1672760 567
1672770 567
1672780 568
1672790 569
1672800 569
1672810 570
1672820 571
1672830 571
1672840 572
1672850 572
1672860 573
1672870 574
1672880 574
1672890 575
1672900 576
1672910 576
1672920 577
1672930 578
1672940 578
1672950 579
1672960 580
1672970 580
1672980 580
1672990 581
1673000 581
1673010 582
1673020 582
1673030 582
1673040 583
1673050 583
1673060 583
1673070 583
1673080 583
1673090 583
1673100 584
1673110 584
1673120 584
1673130 584
1673140 584
1673150 584
1673160 584
1673170 583
1673180 583
1673190 582
1673200 582
1673210 582
1673220 581
1673230 581
1673240 581
1673250 580
1673260 580
1673270 580
1673280 580
1673290 580
1673300 581
1673310 581
1673320 581
1673330 581
1673340 581
1673350 581
1673360 581
1673370 581
1673380 581
1673390 581
1673400 581
1673410 581
1673420 581
1673430 582
1673440 582
1673450 581
1673460 580
1673470 580
1673480 580
1673490 580
1673500 580
1673510 580
1673520 579
1673530 579
1673540 578
1673550 578
1673560 578
1673570 577
1673580 577
1673590 576
1673600 575
1673610 575
1673620 574
1673630 573
1673640 573
1673650 572
1673660 572
1673670 572
1673680 571
1673690 571
1673700 571
1673710 571
1673720 570
1673730 570
1673740 570
1673750 570
1673760 570
1673770 570
1673780 570
1673790 570
1673800 569
1673810 569
1673820 569
1673830 569
1673840 569
1673850 569
1673860 569
1673870 569
1673880 569
1673890 569
1673900 568
1673910 568
1673920 568
1673930 568
1673940 568
1673950 568
1673960 568
1673970 567
1673980 567
1673990 567
1674000 567
1674010 566
1674020 566
1674030 566
1674040 566
1674050 566
1674060 566
1674070 567
1674080 567
1674090 567
1674100 567
1674110 567
1674120 568
1674130 568
1674140 568
1674150 568
1674160 568
1674170 568
1674180 568
1674190 569
1674200 569
1674210 569
1674220 569
1674230 569
1674240 569
1674250 569
1674260 569
1674270 569
1674280 569
1674290 569
1674300 569
1674310 569
1674320 569
1674330 569
1674340 569
1674350 569
1674360 569
1674370 569
1674380 568
1674390 568
1674400 568
1674410 568
1674420 568
1674430 568
1674440 568
1674450 568
1674460 568
1674470 568
1674480 568
1674490 568
1674500 567
1674510 567
1674520 567
1674530 567
1674540 567
1674550 567
1674560 567
1674570 567
1674580 567
1674590 567
1674600 567
1674610 567
1674620 567
1674630 566
1674640 566
1674650 566
1674660 566
1674670 566
1674680 566
1674690 566
1674700 566
1674710 565
1674720 565
1674730 565
1674740 565
1674750 565
1674760 565
1674770 565
1674780 565
1674790 565
1674800 564
1674810 564
1674820 564
1674830 564
1674840 564
1674850 564
1674860 564
1674870 564
1674880 564
1674890 563
1674900 563
1674910 563
1674920 563
1674930 563
1674940 563
1674950 563
1674960 563
1674970 563
1674980 563
1674990 563
1675000 563
1675010 563
1675020 563
1675030 563
1675040 563
1675050 563
1675060 562
1675070 562
1675080 562
1675090 562
1675100 562
1675110 562
1675120 562
1675130 562
1675140 562
1675150 561
1675160 561
1675170 561
1675180 560
1675190 560
1675200 560
1675210 559
1675220 559
1675230 559
1675240 559
1675250 559
1675260 559
1675270 559
1675280 559
1675290 558
1675300 558
1675310 558
1675320 558
1675330 558
1675340 558
1675350 557
1675360 557
1675370 557
1675380 557
1675390 557
1675400 557
1675410 557
1675420 557
1675430 557
1675440 557
1675450 557
1675460 557
1675470 558
1675480 558
1675490 558
1675500 557
1675510 557
1675520 557
1675530 556
1675540 556
1675550 555
1675560 556
1675570 556
1675580 556
1675590 558
1675600 558
1675610 559
1675620 561
1675630 561
1675640 562
1675650 563
1675660 563
1675670 564
1675680 565
1675690 565
1675700 565
1675710 566
1675720 566
1675730 566
1675740 566
1675750 567
1675760 568
1675770 568
1675780 569
1675790 570
1675800 570
1675810 570
1675820 571
1675830 571
1675840 571
1675850 571
1675860 571
1675870 572
1675880 572
1675890 572
1675900 573
1675910 574
1675920 574
1675930 575
1675940 575
1675950 575
1675960 577
1675970 576
1675980 576
1675990 577
1676000 577
1676010 577
1676020 578
1676030 579
1676040 579
1676050 580
1676060 581
1676070 581
1676080 581
1676090 581
1676100 582
1676110 582
1676120 582
1676130 583
1676140 583
1676150 583
1676160 582
1676170 583
1676180 583
1676190 583
1676200 584
1676210 584
1676220 584
1676230 585
1676240 585
1676250 585
1676260 586
1676270 586
1676280 586
1676290 586
1676300 586
1676310 587
1676320 587
1676330 587
1676340 587
1676350 587
1676360 587
1676370 588
1676380 588
1676390 588
1676400 588
1676410 588
1676420 588
1676430 588
1676440 587
1676450 587
1676460 587
1676470 587
1676480 587
1676490 587
1676500 587
1676510 586
1676520 586
1676530 586
1676540 586
1676550 585
1676560 585
1676570 585
1676580 585
1676590 585
1676600 584
1676610 583
1676620 583
1676630 582
1676640 582
1676650 582
1676660 583
1676670 583
1676680 583
1676690 582
1676700 582
1676710 582
1676720 580
1676730 578
1676740 578
1676750 577
1676760 578
1676770 578
1676780 579
1676790 580
1676800 580
1676810 581
1676820 581
1676830 581
1676840 581
1676850 581
1676860 581
1676870 581
1676880 581
1676890 582
1676900 582
1676910 582
1676920 581
1676930 582
1676940 582
1676950 582
1676960 583
1676970 583
1676980 583
1676990 583
1677000 583
1677010 583
1677020 583
1677030 583
1677040 582
1677050 582
1677060 582
1677070 581
1677080 581
1677090 581
1677100 580
1677110 580
1677120 580
1677130 579
1677140 579
1677150 579
1677160 579
1677170 579
1677180 578
1677190 578
1677200 578
1677210 577
1677220 576
1677230 576
1677240 575
1677250 575
1677260 575
1677270 575
1677280 574
1677290 574
1677300 574
1677310 573
1677320 573
1677330 572
1677340 571
1677350 571
1677360 570
1677370 569
1677380 569
1677390 568
1677400 568
1677410 568
1677420 567
1677430 566
1677440 566
1677450 565
1677460 564
1677470 564
1677480 564
1677490 563
1677500 563
1677510 562
1677520 561
1677530 561
1677540 561
1677550 561
1677560 560
1677570 558
1677580 558
1677590 558
1677600 555
1677610 555
1677620 552
1677630 551
1677640 551
1677650 551
1677660 550
1677670 550
1677680 549
1677690 549
1677700 549
1677710 549
1677720 549
1677730 549
1677740 550
1677750 552
1677760 552
1677770 553
1677780 554
1677790 554
1677800 555
1677810 555
1677820 555
1677830 556
1677840 556
1677850 556
1677860 557
1677870 558
1677880 558
1677890 558
1677900 558
1677910 559
1677920 559
1677930 559
1677940 560
1677950 561
1677960 561
1677970 561
1677980 562
1677990 562
1678000 562
1678010 562
1678020 562
1678030 563
1678040 563
1678050 563
1678060 563
1678070 564
1678080 564
1678090 564
1678100 564
1678110 564
1678120 564
1678130 563
1678140 563
1678150 563
1678160 563
1678170 563
1678180 562
1678190 562
1678200 562
1678210 561
1678220 561
1678230 561
1678240 560
1678250 560
1678260 559
1678270 559
1678280 559
1678290 559
1678300 559
1678310 559
1678320 559
1678330 559
1678340 559
1678350 558
1678360 558
1678370 558
1678380 557
1678390 556
1678400 556
1678410 555
1678420 555
1678430 555
1678440 554
1678450 554
1678460 554
1678470 553
1678480 553
1678490 553
1678500 553
1678510 552
1678520 552
1678530 551
1678540 550
1678550 550
1678560 549
1678570 549
1678580 549
1678590 549
1678600 549
1678610 549
1678620 550
1678630 550
1678640 551
1678650 552
1678660 552
1678670 553
1678680 554
1678690 554
1678700 556
1678710 558
1678720 558
1678730 560
1678740 560
1678750 560
1678760 560
1678770 561
1678780 561
1678790 561
1678800 563
1678810 563
1678820 564
1678830 565
1678840 565
1678850 566
1678860 567
1678870 567
1678880 568
1678890 568
1678900 568
1678910 568
1678920 569
1678930 569
1678940 569
1678950 569
1678960 569
1678970 569
1678980 569
1678990 569
1679000 569
1679010 569
1679020 569
1679030 570
1679040 570
1679050 569
1679060 569
1679070 569
1679080 569
1679090 568
1679100 568
1679110 568
1679120 566
1679130 566
1679140 565
1679150 563
1679160 563
1679170 560
1679180 558
1679190 558
1679200 558
1679210 556
1679220 556
1679230 555
1679240 553
1679250 553
1679260 552
1679270 551
1679280 551
1679290 551
1679300 551
1679310 551
1679320 551
1679330 551
1679340 551
1679350 551
1679360 551
1679370 551
1679380 551
1679390 551
1679400 551
1679410 551
1679420 551
1679430 551
1679440 552
1679450 552
1679460 552
1679470 552
1679480 552
1679490 552
1679500 553
1679510 553
1679520 553
1679530 553
1679540 553
1679550 554
1679560 555
1679570 555
1679580 555
1679590 556
1679600 556
1679610 557
1679620 558
1679630 558
1679640 558
1679650 559
1679660 559
1679670 560
1679680 560
1679690 561
1679700 562
1679710 562
1679720 563
1679730 564
1679740 564
1679750 565
1679760 566
1679770 566
1679780 567
1679790 568
1679800 568
1679810 570
1679820 571
1679830 571
1679840 571
1679850 572
1679860 572
1679870 574
1679880 574
1679890 574
1679900 575
1679910 576
1679920 576
1679930 577
1679940 577
1679950 577
1679960 577
1679970 578
1679980 578
1679990 578
