1669340 471
1669350 471
1669360 471
1669370 471
1669380 471
1669390 471
1669400 472
1669410 472
1669420 472
1669430 473
1669440 473
1669450 473
1669460 474
1669470 474
1669480 474
1669490 475
1669500 476
1669510 476
1669520 476
1669530 477
1669540 477
1669550 478
1669560 479
1669570 479
1669580 480
1669590 481
1669600 481
1669610 482
1669620 482
1669630 482
1669640 483
1669650 483
1669660 484
1669670 484
1669680 484
1669690 485
1669700 486
1669710 486
1669720 487
1669730 488
1669740 488
1669750 490
1669760 491
1669770 491
1669780 492
1669790 493
1669800 493
1669810 494
1669820 494
1669830 494
1669840 495
1669850 495
1669860 495
1669870 496
1669880 498
1669890 498
1669900 499
1669910 500
1669920 500
1669930 500
1669940 501
1669950 501
1669960 501
1669970 501
1669980 502
1669990 502
1670000 502
1670010 503
1670020 503
1670030 503
1670040 504
1670050 504
1670060 504
1670070 504
1670080 504
1670090 504
1670100 505
1670110 505
1670120 505
1670130 505
1670140 505
1670150 505
1670160 505
1670170 505
1670180 505
1670190 506
1670200 506
1670210 506
1670220 506
1670230 507
1670240 507
1670250 507
1670260 507
1670270 507
1670280 508
1670290 508
1670300 508
1670310 507
1670320 507
1670330 507
1670340 505
1670350 505
1670360 505
1670370 507
1670380 507
1670390 509
1670400 510
1670410 510
1670420 512
1670430 513
1670440 513
1670450 514
1670460 516
1670470 516
1670480 517
1670490 519
1670500 519
1670510 520
1670520 522
1670530 522
1670540 524
1670550 525
1670560 525
1670570 527
1670580 529
1670590 529
1670600 530
1670610 532
1670620 532
1670630 534
1670640 534
1670650 534
1670660 535
1670670 535
1670680 535
1670690 535
1670700 535
1670710 535
1670720 535
1670730 535
1670740 535
1670750 536
1670760 536
1670770 536
1670780 536
1670790 536
1670800 536
1670810 536
1670820 536
1670830 536
1670840 536
1670850 536
1670860 536
1670870 536
1670880 536
1670890 536
1670900 536
1670910 536
1670920 536
1670930 536
1670940 536
1670950 536
1670960 536
1670970 536
1670980 536
1670990 536
1671000 536
1671010 536
1671020 536
1671030 536
1671040 536
1671050 536
1671060 536
1671070 536
1671080 536
1671090 536
1671100 536
1671110 536
1671120 537
1671130 537
1671140 537
1671150 538
1671160 538
1671170 538
1671180 539
1671190 539
1671200 539
1671210 540
1671220 541
1671230 541
1671240 542
1671250 543
1671260 543
1671270 544
1671280 545
1671290 545
1671300 546
1671310 546
1671320 546
1671330 546
1671340 546
1671350 546
1671360 547
1671370 547
1671380 547
1671390 547
1671400 547
1671410 548
1671420 549
1671430 549
1671440 550
1671450 550
1671460 550
1671470 551
1671480 551
1671490 551
1671500 551
1671510 552
1671520 552
1671530 552
1671540 552
1671550 552
1671560 553
1671570 554
1671580 554
1671590 555
1671600 555
1671610 555
1671620 555
1671630 555
1671640 555
1671650 554
1671660 554
1671670 554
1671680 555
1671690 555
1671700 555
1671710 556
1671720 556
1671730 556
1671740 557
1671750 557
1671760 557
1671770 558
1671780 558
1671790 558
1671800 559
1671810 559
1671820 559
1671830 558
1671840 558
1671850 558
1671860 559
1671870 559
1671880 559
1671890 560
1671900 560
1671910 560
1671920 560
1671930 560
1671940 561
1671950 561
1671960 561
1671970 562
1671980 562
1671990 562
1672000 562
1672010 562
1672020 562
1672030 562
1672040 562
1672050 562
1672060 563
1672070 563
1672080 564
1672090 564
1672100 564
1672110 564
1672120 564
1672130 564
1672140 564
1672150 564
1672160 564
1672170 565
1672180 565
1672190 565
1672200 566
1672210 566
1672220 566
1672230 565
1672240 565
1672250 565
1672260 564
1672270 564
1672280 564
1672290 563
1672300 562
1672310 562
1672320 562
1672330 561
1672340 561
1672350 561
1672360 560
1672370 560
1672380 560
1672390 560
1672400 560
1672410 559
1672420 559
1672430 559
1672440 558
1672450 558
1672460 557
1672470 556
1672480 556
1672490 555
1672500 555
1672510 555
1672520 554
1672530 553
1672540 553
1672550 552
1672560 551
1672570 551
1672580 551
1672590 551
1672600 551
1672610 551
1672620 551
1672630 551
1672640 550
1672650 550
1672660 550
1672670 550
1672680 550
1672690 550
1672700 550
1672710 550
1672720 550
1672730 550
1672740 550
1672750 550
1672760 550
1672770 550
1672780 550
1672790 551
1672800 551
1672810 551
1672820 551
1672830 551
1672840 551
1672850 551
1672860 551
1672870 551
1672880 549
1672890 549
1672900 549
1672910 550
1672920 550
1672930 551
1672940 551
1672950 551
1672960 552
1672970 553
1672980 553
1672990 555
1673000 555
1673010 555
1673020 556
1673030 556
1673040 556
1673050 556
1673060 556
1673070 556
1673080 555
1673090 555
1673100 555
1673110 555
1673120 555
1673130 555
1673140 556
1673150 556
1673160 556
1673170 557
1673180 557
1673190 558
1673200 558
1673210 558
1673220 559
1673230 559
1673240 559
1673250 560
1673260 560
1673270 560
1673280 560
1673290 560
1673300 560
1673310 560
1673320 559
1673330 559
1673340 559
1673350 559
1673360 559
1673370 559
1673380 559
1673390 559
1673400 559
1673410 558
1673420 558
1673430 559
1673440 559
1673450 559
1673460 560
1673470 560
1673480 560
1673490 561
1673500 561
1673510 562
1673520 563
1673530 563
1673540 564
1673550 565
1673560 565
1673570 566
1673580 567
1673590 567
1673600 567
1673610 568
1673620 568
1673630 569
1673640 569
1673650 569
1673660 569
1673670 569
1673680 569
1673690 569
1673700 569
1673710 569
1673720 569
1673730 570
1673740 570
1673750 571
1673760 571
1673770 571
1673780 571
1673790 572
1673800 572
1673810 572
1673820 572
1673830 573
1673840 574
1673850 574
1673860 574
1673870 573
1673880 573
1673890 572
1673900 571
1673910 571
1673920 571
1673930 570
1673940 570
1673950 569
1673960 568
1673970 568
1673980 568
1673990 567
1674000 567
1674010 567
1674020 567
1674030 567
1674040 568
1674050 568
1674060 568
1674070 569
1674080 569
1674090 569
1674100 569
1674110 569
1674120 569
1674130 570
1674140 570
1674150 570
1674160 570
1674170 570
1674180 570
1674190 570
1674200 570
1674210 569
1674220 569
1674230 569
1674240 569
1674250 568
1674260 568
1674270 568
1674280 567
1674290 567
1674300 567
1674310 566
1674320 566
1674330 566
1674340 564
1674350 564
1674360 562
1674370 562
1674380 562
1674390 561
1674400 561
1674410 561
1674420 562
1674430 563
1674440 563
1674450 565
1674460 566
1674470 566
1674480 567
1674490 567
1674500 567
1674510 569
1674520 569
1674530 570
1674540 571
1674550 571
1674560 572
1674570 572
1674580 572
1674590 573
1674600 573
1674610 573
1674620 573
1674630 573
1674640 573
1674650 573
1674660 571
1674670 571
1674680 571
1674690 571
1674700 571
1674710 571
1674720 571
1674730 571
1674740 572
1674750 572
1674760 572
1674770 572
1674780 572
1674790 572
1674800 573
1674810 573
1674820 573
1674830 573
1674840 574
1674850 574
1674860 575
1674870 575
1674880 575
1674890 576
1674900 576
1674910 577
1674920 577
1674930 577
1674940 578
1674950 578
1674960 578
1674970 579
1674980 579
1674990 579
1675000 579
1675010 580
1675020 580
1675030 580
1675040 581
1675050 581
1675060 581
1675070 581
1675080 581
1675090 582
1675100 583
1675110 583
1675120 583
1675130 584
1675140 584
1675150 585
1675160 586
1675170 586
1675180 586
1675190 587
1675200 587
1675210 588
1675220 589
1675230 589
1675240 590
1675250 590
1675260 591
1675270 591
1675280 591
1675290 592
1675300 592
1675310 592
1675320 593
1675330 595
1675340 595
1675350 596
1675360 597
1675370 597
1675380 597
1675390 596
1675400 596
1675410 596
1675420 596
1675430 596
1675440 596
1675450 595
1675460 595
1675470 596
1675480 595
1675490 595
1675500 594
1675510 593
1675520 593
1675530 592
1675540 592
1675550 592
1675560 592
1675570 591
1675580 591
1675590 591
1675600 591
1675610 591
1675620 591
1675630 591
1675640 591
1675650 590
1675660 590
1675670 590
1675680 590
1675690 590
1675700 590
1675710 590
1675720 590
1675730 589
1675740 589
1675750 589
1675760 589
1675770 589
1675780 589
1675790 589
1675800 589
1675810 589
1675820 588
1675830 588
1675840 588
1675850 587
1675860 586
1675870 586
1675880 586
1675890 585
1675900 585
1675910 585
1675920 584
1675930 584
1675940 584
1675950 584
1675960 583
1675970 582
1675980 582
1675990 581
1676000 581
1676010 581
1676020 580
1676030 580
1676040 580
1676050 580
1676060 578
1676070 578
1676080 578
1676090 577
1676100 577
1676110 577
1676120 576
1676130 576
1676140 576
1676150 575
1676160 575
1676170 574
1676180 574
1676190 574
1676200 572
1676210 570
1676220 570
1676230 569
1676240 568
1676250 568
1676260 568
1676270 567
1676280 567
1676290 567
1676300 567
1676310 568
1676320 568
1676330 568
1676340 569
1676350 570
1676360 570
1676370 573
1676380 575
1676390 575
1676400 575
1676410 576
1676420 576
1676430 576
1676440 576
1676450 576
1676460 577
1676470 578
1676480 578
1676490 579
1676500 579
1676510 579
1676520 579
1676530 580
1676540 580
1676550 580
1676560 580
1676570 580
1676580 580
1676590 580
1676600 580
1676610 580
1676620 579
1676630 579
1676640 578
1676650 578
1676660 579
1676670 581
1676680 581
1676690 583
1676700 583
1676710 583
1676720 583
1676730 584
1676740 584
1676750 585
1676760 587
1676770 587
1676780 588
1676790 589
1676800 589
1676810 590
1676820 591
1676830 591
1676840 592
1676850 593
1676860 593
1676870 594
1676880 595
1676890 595
1676900 596
1676910 597
1676920 597
1676930 598
1676940 599
1676950 599
1676960 600
1676970 601
1676980 601
1676990 602
1677000 602
1677010 602
1677020 602
1677030 602
1677040 601
1677050 600
1677060 600
1677070 599
1677080 599
1677090 599
1677100 600
1677110 601
1677120 601
1677130 601
1677140 601
1677150 601
1677160 601
1677170 600
1677180 600
1677190 600
1677200 602
1677210 602
1677220 605
1677230 607
1677240 607
1677250 608
1677260 609
1677270 609
1677280 610
1677290 611
1677300 611
1677310 612
1677320 613
1677330 613
1677340 614
1677350 614
1677360 615
1677370 616
1677380 616
1677390 617
1677400 617
1677410 617
1677420 618
1677430 618
1677440 618
1677450 619
1677460 621
1677470 621
1677480 621
1677490 620
1677500 620
1677510 618
1677520 617
1677530 617
1677540 615
1677550 614
1677560 614
1677570 613
1677580 612
1677590 611
1677600 610
1677610 609
1677620 609
1677630 609
1677640 609
1677650 609
1677660 609
1677670 609
1677680 609
1677690 609
1677700 609
1677710 609
1677720 609
1677730 609
1677740 609
1677750 608
1677760 608
1677770 608
1677780 607
1677790 607
1677800 606
1677810 605
1677820 605
1677830 605
1677840 605
1677850 605
1677860 604
1677870 604
1677880 604
1677890 603
1677900 603
1677910 603
1677920 603
1677930 602
1677940 602
1677950 602
1677960 601
1677970 601
1677980 601
1677990 601
1678000 601
1678010 601
1678020 601
1678030 601
1678040 600
1678050 600
1678060 600
1678070 600
1678080 600
1678090 600
1678100 600
1678110 600
1678120 600
1678130 600
1678140 600
1678150 600
1678160 600
1678170 600
1678180 600
1678190 599
1678200 599
1678210 599
1678220 599
1678230 599
1678240 599
1678250 599
1678260 599
1678270 599
1678280 600
1678290 600
1678300 600
1678310 600
1678320 600
1678330 600
1678340 600
1678350 600
1678360 601
1678370 601
1678380 601
1678390 601
1678400 601
1678410 601
1678420 601
1678430 601
1678440 602
1678450 602
1678460 602
1678470 602
1678480 602
1678490 602
1678500 602
1678510 602
1678520 602
1678530 602
1678540 602
1678550 602
1678560 602
1678570 603
1678580 603
1678590 603
1678600 603
1678610 603
1678620 604
1678630 604
1678640 604
1678650 604
1678660 605
1678670 605
1678680 605
1678690 606
1678700 606
1678710 605
1678720 604
1678730 604
1678740 603
1678750 603
1678760 602
1678770 601
1678780 601
1678790 601
1678800 600
1678810 600
1678820 598
1678830 597
1678840 597
1678850 596
1678860 595
1678870 595
1678880 594
1678890 592
1678900 592
1678910 591
1678920 590
1678930 590
1678940 589
1678950 587
1678960 587
1678970 586
1678980 585
1678990 585
1679000 583
1679010 581
1679020 581
1679030 579
1679040 576
1679050 576
1679060 575
1679070 573
1679080 573
1679090 571
1679100 571
1679110 570
1679120 569
1679130 569
1679140 569
1679150 569
1679160 569
1679170 569
1679180 568
1679190 568
1679200 567
1679210 567
1679220 567
1679230 568
1679240 571
1679250 571
1679260 575
1679270 579
1679280 579
1679290 581
1679300 582
1679310 582
1679320 583
1679330 583
1679340 583
1679350 584
1679360 585
1679370 585
1679380 585
1679390 585
1679400 585
1679410 586
1679420 586
1679430 586
1679440 586
1679450 586
1679460 586
1679470 586
1679480 586
1679490 586
1679500 586
1679510 587
1679520 587
1679530 587
1679540 587
1679550 587
1679560 587
1679570 587
1679580 587
1679590 587
1679600 588
1679610 588
1679620 588
1679630 589
1679640 589
1679650 589
1679660 589
1679670 589
1679680 589
1679690 589
1679700 589
1679710 589
1679720 589
1679730 589
1679740 589
1679750 590
1679760 590
1679770 590
1679780 591
1679790 591
1679800 591
1679810 591
1679820 591
1679830 592
1679840 592
1679850 592
1679860 592
1679870 592
1679880 592
1679890 592
1679900 592
1679910 592
1679920 592
1679930 592
1679940 592
1679950 592
1679960 592
1679970 592
1679980 592
1679990 592
