1669610 470
1669620 470
1669630 470
1669640 470
1669650 470
1669660 470
1669670 470
1669680 470
1669690 470
1669700 470
1669710 470
1669720 470
1669730 470
1669740 470
1669750 470
1669760 471
1669770 472
1669780 472
1669790 475
1669800 476
1669810 476
1669820 476
1669830 476
1669840 476
1669850 477
1669860 477
1669870 477
1669880 478
1669890 478
1669900 479
1669910 479
1669920 479
1669930 479
1669940 480
1669950 480
1669960 478
1669970 475
1669980 475
1669990 475
1670000 476
1670010 476
1670020 476
1670030 478
1670040 478
1670050 480
1670060 481
1670070 481
1670080 480
1670090 479
1670100 479
1670110 478
1670120 477
1670130 477
1670140 477
1670150 477
1670160 477
1670170 478
1670180 478
1670190 478
1670200 481
1670210 484
1670220 484
1670230 485
1670240 483
1670250 485
1670260 485
1670270 485
1670280 485
1670290 485
1670300 485
1670310 486
1670320 486
1670330 486
1670340 486
1670350 486
1670360 486
1670370 486
1670380 487
1670390 487
1670400 488
1670410 489
1670420 489
1670430 491
1670440 494
1670450 494
1670460 496
1670470 497
1670480 497
1670490 498
1670500 499
1670510 499
1670520 501
1670530 502
1670540 502
1670550 504
1670560 505
1670570 505
1670580 506
1670590 506
1670600 508
1670610 509
1670620 509
1670630 510
1670640 512
1670650 512
1670660 513
1670670 514
1670680 514
1670690 515
1670700 516
1670710 516
1670720 518
1670730 519
1670740 519
1670750 521
1670760 522
1670770 522
1670780 524
1670790 525
1670800 525
1670810 526
1670820 528
1670830 528
1670840 529
1670850 530
1670860 530
1670870 531
1670880 531
1670890 531
1670900 532
1670910 532
1670920 532
1670930 532
1670940 532
1670950 532
1670960 532
1670970 532
1670980 532
1670990 531
1671000 531
1671010 531
1671020 531
1671030 531
1671040 532
1671050 532
1671060 532
1671070 532
1671080 533
1671090 533
1671100 533
1671110 533
1671120 533
1671130 533
1671140 532
1671150 532
1671160 533
1671170 533
1671180 533
1671190 534
1671200 534
1671210 534
1671220 535
1671230 535
1671240 535
1671250 536
1671260 536
1671270 536
1671280 536
1671290 536
1671300 535
1671310 535
1671320 535
1671330 535
1671340 535
1671350 535
1671360 535
1671370 535
1671380 535
1671390 535
1671400 535
1671410 535
1671420 535
1671430 535
1671440 535
1671450 535
1671460 535
1671470 535
1671480 536
1671490 536
1671500 536
1671510 536
1671520 536
1671530 536
1671540 536
1671550 536
1671560 536
1671570 536
1671580 536
1671590 536
1671600 537
1671610 537
1671620 537
1671630 537
1671640 537
1671650 538
1671660 538
1671670 538
1671680 538
1671690 539
1671700 539
1671710 539
1671720 540
1671730 540
1671740 541
1671750 541
1671760 541
1671770 542
1671780 543
1671790 543
1671800 543
1671810 544
1671820 544
1671830 545
1671840 546
1671850 546
1671860 547
1671870 547
1671880 547
1671890 548
1671900 548
1671910 548
1671920 549
1671930 549
1671940 549
1671950 550
1671960 550
1671970 551
1671980 552
1671990 552
1672000 553
1672010 554
1672020 554
1672030 555
1672040 557
1672050 557
1672060 558
1672070 558
1672080 558
1672090 559
1672100 560
1672110 560
1672120 561
1672130 561
1672140 561
1672150 561
1672160 562
1672170 562
1672180 563
1672190 563
1672200 563
1672210 564
1672220 565
1672230 565
1672240 565
1672250 565
1672260 565
1672270 566
1672280 566
1672290 566
1672300 567
1672310 567
1672320 568
1672330 569
1672340 569
1672350 569
1672360 570
1672370 570
1672380 570
1672390 570
1672400 570
1672410 571
1672420 571
1672430 571
1672440 571
1672450 571
1672460 571
1672470 571
1672480 571
1672490 571
1672500 572
1672510 572
1672520 572
1672530 571
1672540 571
1672550 571
1672560 570
1672570 570
1672580 570
1672590 570
1672600 570
1672610 570
1672620 570
1672630 570
1672640 570
1672650 570
1672660 570
1672670 570
1672680 570
1672690 570
1672700 570
1672710 570
1672720 570
1672730 570
1672740 570
1672750 570
1672760 570
1672770 570
1672780 570
1672790 570
1672800 571
1672810 571
1672820 571
1672830 571
1672840 571
1672850 571
1672860 571
1672870 571
1672880 571
1672890 571
1672900 571
1672910 571
1672920 571
1672930 571
1672940 571
1672950 571
1672960 571
1672970 572
1672980 572
1672990 572
1673000 572
1673010 572
1673020 572
1673030 571
1673040 571
1673050 571
1673060 571
1673070 571
1673080 571
1673090 571
1673100 571
1673110 570
1673120 570
1673130 570
1673140 569
1673150 568
1673160 568
1673170 568
1673180 568
1673190 568
1673200 567
1673210 567
1673220 567
1673230 567
1673240 566
1673250 566
1673260 566
1673270 566
1673280 566
1673290 565
1673300 565
1673310 565
1673320 564
1673330 564
1673340 564
1673350 564
1673360 564
1673370 563
1673380 563
1673390 563
1673400 563
1673410 562
1673420 562
1673430 562
1673440 562
1673450 562
1673460 561
1673470 561
1673480 561
1673490 561
1673500 561
1673510 561
1673520 561
1673530 561
1673540 561
1673550 561
1673560 561
1673570 561
1673580 561
1673590 561
1673600 561
1673610 561
1673620 561
1673630 561
1673640 561
1673650 562
1673660 562
1673670 563
1673680 563
1673690 563
1673700 564
1673710 564
1673720 564
1673730 565
1673740 565
1673750 566
1673760 567
1673770 567
1673780 567
1673790 567
1673800 567
1673810 567
1673820 567
1673830 567
1673840 566
1673850 566
1673860 566
1673870 566
1673880 565
1673890 565
1673900 564
1673910 563
1673920 563
1673930 562
1673940 562
1673950 562
1673960 561
1673970 559
1673980 559
1673990 558
1674000 557
1674010 557
1674020 556
1674030 555
1674040 555
1674050 554
1674060 554
1674070 554
1674080 554
1674090 554
1674100 553
1674110 552
1674120 552
1674130 552
1674140 551
1674150 551
1674160 550
1674170 549
1674180 549
1674190 550
1674200 551
1674210 551
1674220 551
1674230 552
1674240 552
1674250 552
1674260 553
1674270 553
1674280 553
1674290 554
1674300 554
1674310 555
1674320 557
1674330 557
1674340 558
1674350 559
1674360 559
1674370 560
1674380 560
1674390 560
1674400 561
1674410 561
1674420 561
1674430 562
1674440 562
1674450 564
1674460 564
1674470 564
1674480 564
1674490 564
1674500 564
1674510 565
1674520 566
1674530 566
1674540 566
1674550 567
1674560 567
1674570 567
1674580 567
1674590 567
1674600 568
1674610 568
1674620 568
1674630 568
1674640 569
1674650 569
1674660 569
1674670 570
1674680 570
1674690 570
1674700 570
1674710 570
1674720 571
1674730 572
1674740 572
1674750 572
1674760 572
1674770 572
1674780 573
1674790 573
1674800 575
1674810 576
1674820 576
1674830 578
1674840 578
1674850 578
1674860 579
1674870 580
1674880 580
1674890 581
1674900 581
1674910 581
1674920 582
1674930 583
1674940 583
1674950 583
1674960 583
1674970 583
1674980 583
1674990 584
1675000 584
1675010 585
1675020 586
1675030 586
1675040 586
1675050 586
1675060 586
1675070 587
1675080 587
1675090 587
1675100 587
1675110 587
1675120 588
1675130 588
1675140 588
1675150 588
1675160 589
1675170 589
1675180 590
1675190 590
1675200 590
1675210 591
1675220 591
1675230 591
1675240 592
1675250 592
1675260 592
1675270 593
1675280 594
1675290 594
1675300 594
1675310 596
1675320 596
1675330 596
1675340 597
1675350 597
1675360 598
1675370 599
1675380 599
1675390 600
1675400 600
1675410 600
1675420 599
1675430 599
1675440 599
1675450 599
1675460 599
1675470 599
1675480 600
1675490 600
1675500 600
1675510 599
1675520 599
1675530 599
1675540 600
1675550 600
1675560 600
1675570 601
1675580 601
1675590 601
1675600 600
1675610 600
1675620 601
1675630 601
1675640 601
1675650 600
1675660 600
1675670 600
1675680 600
1675690 599
1675700 599
1675710 599
1675720 599
1675730 599
1675740 599
1675750 598
1675760 598
1675770 598
1675780 597
1675790 597
1675800 597
1675810 597
1675820 596
1675830 597
1675840 597
1675850 597
1675860 596
1675870 596
1675880 596
1675890 596
1675900 596
1675910 596
1675920 596
1675930 596
1675940 596
1675950 595
1675960 595
1675970 594
1675980 594
1675990 594
1676000 594
1676010 594
1676020 594
1676030 594
1676040 594
1676050 594
1676060 593
1676070 593
1676080 593
1676090 592
1676100 592
1676110 592
1676120 592
1676130 593
1676140 593
1676150 593
1676160 593
1676170 592
1676180 592
1676190 592
1676200 591
1676210 591
1676220 591
1676230 590
1676240 590
1676250 590
1676260 589
1676270 588
1676280 588
1676290 587
1676300 586
1676310 586
1676320 586
1676330 586
1676340 586
1676350 586
1676360 586
1676370 586
1676380 585
1676390 585
1676400 585
1676410 584
1676420 584
1676430 584
1676440 584
1676450 584
1676460 584
1676470 584
1676480 584
1676490 584
1676500 585
1676510 585
1676520 586
1676530 587
1676540 587
1676550 587
1676560 587
1676570 587
1676580 587
1676590 588
1676600 588
1676610 588
1676620 588
1676630 588
1676640 588
1676650 588
1676660 588
1676670 588
1676680 588
1676690 588
1676700 587
1676710 587
1676720 587
1676730 587
1676740 587
1676750 587
1676760 586
1676770 586
1676780 586
1676790 585
1676800 584
1676810 584
1676820 583
1676830 583
1676840 583
1676850 582
1676860 582
1676870 581
1676880 578
1676890 578
1676900 576
1676910 576
1676920 576
1676930 576
1676940 576
1676950 576
1676960 576
1676970 576
1676980 576
1676990 576
1677000 578
1677010 578
1677020 580
1677030 582
1677040 582
1677050 584
1677060 585
1677070 585
1677080 586
1677090 586
1677100 586
1677110 587
1677120 588
1677130 588
1677140 588
1677150 588
1677160 588
