1671360 478
1671370 477
1671380 477
1671390 477
1671400 476
1671410 476
1671420 476
1671430 477
1671440 477
1671450 477
1671460 476
1671470 476
1671480 477
1671490 477
1671500 477
1671510 478
1671520 480
1671530 480
1671540 482
1671550 482
1671560 482
1671570 482
1671580 482
1671590 482
1671600 481
1671610 481
1671620 481
1671630 481
1671640 481
1671650 482
1671660 482
1671670 482
1671680 482
1671690 482
1671700 482
1671710 482
1671720 482
1671730 482
1671740 483
1671750 483
1671760 483
1671770 483
1671780 484
1671790 484
1671800 484
1671810 484
1671820 484
1671830 485
1671840 486
1671850 486
1671860 486
1671870 486
1671880 487
1671890 487
1671900 487
1671910 488
1671920 489
1671930 489
1671940 489
1671950 490
1671960 490
1671970 491
1671980 492
1671990 492
1672000 493
1672010 493
1672020 493
1672030 494
1672040 494
1672050 494
1672060 495
1672070 495
1672080 495
1672090 495
1672100 496
1672110 496
1672120 496
1672130 496
1672140 496
1672150 496
1672160 496
1672170 496
1672180 497
1672190 497
1672200 497
1672210 498
1672220 498
1672230 498
1672240 499
1672250 499
1672260 499
1672270 500
1672280 500
1672290 500
1672300 500
1672310 500
1672320 501
1672330 501
1672340 501
1672350 501
1672360 501
1672370 501
1672380 501
1672390 502
1672400 502
1672410 502
1672420 503
1672430 503
1672440 503
1672450 503
1672460 503
1672470 503
1672480 503
1672490 503
1672500 503
1672510 503
1672520 503
1672530 502
1672540 502
1672550 502
1672560 502
1672570 502
1672580 501
1672590 501
1672600 501
1672610 501
1672620 500
1672630 500
1672640 500
1672650 499
1672660 499
1672670 499
1672680 499
1672690 499
1672700 498
1672710 498
1672720 498
1672730 497
1672740 497
1672750 497
1672760 496
1672770 495
1672780 495
1672790 495
1672800 494
1672810 494
1672820 494
1672830 493
1672840 493
1672850 493
1672860 492
1672870 492
1672880 491
1672890 491
1672900 488
1672910 486
1672920 486
1672930 486
1672940 486
1672950 486
1672960 486
1672970 488
1672980 488
1672990 490
1673000 491
1673010 491
1673020 492
1673030 493
1673040 493
1673050 494
1673060 495
1673070 495
1673080 497
1673090 498
1673100 498
1673110 499
1673120 500
1673130 500
